Destination,Origin,2015 Combined,2020 Combined,2015 Males,2020 Males,2015 Females,2020 Females
Burundi,Micronesia,0,0,0,0,0,0
Burundi,Belgium,605,718,288,343,317,375
Burundi,Democratic Republic of the Congo,175768,199585,89489,101757,86279,97828
Burundi,France,302,358,145,174,157,184
Burundi,Kenya,1032,1226,582,693,450,533
Burundi,Rwanda,64363,76567,29140,34728,35223,41839
Burundi,Uganda,891,1058,520,619,371,439
Burundi,United Republic of Tanzania,28008,33318,13037,15535,14971,17783
Burundi,Other,27330,31937,13769,16276,13561,15661
Comoros,Micronesia,0,0,0,0,0,0
Comoros,France,482,479,277,276,205,203
Comoros,Kenya,76,74,34,34,42,40
Comoros,Madagascar,9651,9605,4539,4519,5112,5086
Comoros,Réunion,850,845,455,453,395,392
Comoros,United Republic of Tanzania,145,143,71,71,74,72
Comoros,Other,1351,1350,695,691,656,659
Djibouti,Micronesia,0,0,0,0,0,0
Djibouti,Ethiopia,11676,12578,5185,5562,6491,7016
Djibouti,Somalia,88152,94976,47358,50876,40794,44100
Djibouti,Yemen,6157,5322,2974,2595,3183,2727
Djibouti,Other,6366,6862,3564,3830,2802,3032
Eritrea,Micronesia,0,0,0,0,0,0
Eritrea,Angola,346,301,202,178,144,123
Eritrea,Burundi,1044,913,559,496,485,417
Eritrea,China,135,117,122,106,13,11
Eritrea,Comoros,192,166,101,89,91,77
Eritrea,Democratic Republic of the Congo,1685,1474,922,818,763,656
Eritrea,Ethiopia,108,94,58,52,50,42
Eritrea,France,436,380,229,203,207,177
Eritrea,India,119,103,46,41,73,62
Eritrea,Kenya,351,305,203,179,148,126
Eritrea,Malawi,771,673,428,379,343,294
Eritrea,Mozambique,1105,966,456,408,649,558
Eritrea,Rwanda,467,407,220,196,247,211
Eritrea,Somalia,2485,2156,1296,1135,1189,1021
Eritrea,South Africa,122,106,69,61,53,45
Eritrea,Zimbabwe,324,282,229,202,95,80
Eritrea,South Sudan,1487,1300,971,856,516,444
Eritrea,Sudan,208,181,136,120,72,61
Eritrea,Uganda,1521,1331,998,881,523,450
Eritrea,United Kingdom,56,48,21,19,35,29
Eritrea,United Republic of Tanzania,525,459,271,242,254,217
Eritrea,Zambia,241,209,156,137,85,72
Eritrea,Other,2213,1963,1140,1017,1073,946
Ethiopia,Micronesia,0,0,0,0,0,0
Ethiopia,Burundi,180,166,90,81,90,85
Ethiopia,Democratic Republic of the Congo,1581,1468,798,721,783,747
Ethiopia,Eritrea,205821,191256,103940,93794,101881,97462
Ethiopia,Djibouti,3702,3439,1887,1704,1815,1735
Ethiopia,Rwanda,150,138,76,68,74,70
Ethiopia,Somalia,442461,411152,225596,203686,216865,207466
Ethiopia,South Sudan,394801,409890,209090,205655,185711,204235
Ethiopia,Sudan,39499,41959,19991,19609,19508,22350
Ethiopia,Uganda,218,202,111,101,107,101
Ethiopia,Yemen,1324,2053,676,1035,648,1018
Ethiopia,Other,71905,23794,29154,10353,42751,13441
Kenya,Micronesia,0,0,0,0,0,0
Kenya,Burundi,8312,15098,4156,7629,4156,7469
Kenya,Democratic Republic of the Congo,24738,43577,12369,22012,12369,21565
Kenya,Ethiopia,36889,32115,20032,17590,16857,14525
Kenya,Eritrea,2127,1851,1057,929,1070,922
Kenya,Mozambique,601,523,298,263,303,260
Kenya,Namibia,68,58,33,29,35,29
Kenya,Rwanda,6330,5510,3142,2765,3188,2745
Kenya,Somalia,488470,425284,250295,220021,238175,205263
Kenya,South Africa,112,96,54,47,58,49
Kenya,South Sudan,95765,121553,47883,61402,47882,60151
Kenya,Sudan,10266,9926,5133,5016,5133,4910
Kenya,Uganda,333789,290597,157796,138939,175993,151658
Kenya,United Republic of Tanzania,39935,34767,19823,17437,20112,17330
Kenya,Other,79484,69192,40838,35896,38646,33296
Madagascar,Micronesia,0,0,0,0,0,0
Madagascar,China,1979,2193,1112,1234,867,959
Madagascar,Comoros,10953,12153,6238,6917,4715,5236
Madagascar,France,8950,9922,5102,5658,3848,4264
Madagascar,India,1581,1751,900,998,681,753
Madagascar,Other,8612,9544,4918,5455,3694,4089
Malawi,Micronesia,0,0,0,0,0,0
Malawi,Burundi,6659,10079,3581,5869,3078,4210
Malawi,Congo,1216,1033,655,562,561,471
Malawi,Democratic Republic of the Congo,11896,27773,6293,14928,5603,12845
Malawi,India,2083,1770,1112,954,971,816
Malawi,Mozambique,47220,40131,24353,20897,22867,19234
Malawi,Rwanda,5582,6280,2915,3231,2667,3049
Malawi,Somalia,74,102,41,58,33,44
Malawi,South Africa,7124,6054,3140,2703,3984,3351
Malawi,United Kingdom,1272,1081,650,558,622,523
Malawi,United Republic of Tanzania,8285,7041,3626,3123,4659,3918
Malawi,Zambia,36918,31375,14802,12773,22116,18602
Malawi,Zimbabwe,32030,27221,13773,11865,18257,15356
Malawi,Other,36969,31422,18748,16091,18221,15331
Mauritius,Micronesia,0,0,0,0,0,0
Mauritius,Bangladesh,8327,8415,3103,3118,5224,5297
Mauritius,Belgium,118,118,93,94,25,24
Mauritius,Canada,36,35,20,20,16,15
Mauritius,Sri Lanka,1126,1137,299,303,827,834
Mauritius,China,2951,2981,1187,1199,1764,1782
Mauritius,France,1505,1519,909,918,596,601
Mauritius,Germany,136,136,71,72,65,64
Mauritius,"China, Hong Kong SAR",23,22,16,16,7,6
Mauritius,India,8651,8778,7235,7334,1416,1444
Mauritius,Ireland,50,49,28,28,22,21
Mauritius,Italy,146,146,86,87,60,59
Mauritius,Japan,9,8,4,4,5,4
Mauritius,Madagascar,2277,2301,1247,1261,1030,1040
Mauritius,Malaysia,61,60,29,29,32,31
Mauritius,Pakistan,187,187,81,82,106,105
Mauritius,Russian Federation,49,48,22,22,27,26
Mauritius,Seychelles,124,124,46,47,78,77
Mauritius,South Africa,622,627,285,288,337,339
Mauritius,Spain,27,26,18,18,9,8
Mauritius,Switzerland,105,104,77,77,28,27
Mauritius,United Kingdom,454,458,229,232,225,226
Mauritius,United States of America,49,48,24,24,25,24
Mauritius,Other,1552,1566,723,730,829,836
Mayotte,Micronesia,0,0,0,0,0,0
Mayotte,Comoros,63225,86652,29252,40089,33973,46563
Mayotte,France,10624,14560,4916,6738,5708,7822
Mayotte,Madagascar,5850,8017,2707,3710,3143,4307
Mayotte,Other,1687,2311,782,1072,905,1239
Mozambique,Micronesia,0,0,0,0,0,0
Mozambique,Angola,37206,39092,17974,19087,19232,20005
Mozambique,Burundi,5954,8388,2880,4099,3074,4289
Mozambique,Cabo Verde,6491,6819,3310,3511,3181,3308
Mozambique,Democratic Republic of the Congo,9958,11458,4813,5597,5145,5861
Mozambique,India,2338,2455,1448,1529,890,926
Mozambique,Kenya,23584,24779,11174,11870,12410,12909
Mozambique,Lesotho,7465,7842,3219,3425,4246,4417
Mozambique,Malawi,59620,62643,29444,31253,30176,31390
Mozambique,Nigeria,5100,5356,2392,2540,2708,2816
Mozambique,Pakistan,1345,1412,832,879,513,533
Mozambique,Portugal,4331,4549,2778,2935,1553,1614
Mozambique,Seychelles,16123,16940,7252,7713,8871,9227
Mozambique,South Africa,19198,20171,9485,10068,9713,10103
Mozambique,Zimbabwe,92671,97379,43649,46377,49022,51002
Mozambique,United Republic of Tanzania,7067,7423,3625,3843,3442,3580
Mozambique,Zambia,5059,5315,2391,2541,2668,2774
Mozambique,Other,18284,16829,8844,8223,9440,8606
Réunion,Micronesia,0,0,0,0,0,0
Réunion,Comoros,2215,2294,1045,1083,1170,1211
Réunion,France,84056,87069,46102,47756,37954,39313
Réunion,Madagascar,16763,17363,7899,8182,8864,9181
Réunion,Mauritius,5059,5240,2384,2470,2675,2770
Réunion,Mayotte,6507,6740,3173,3287,3334,3453
Réunion,Other,12609,13063,3934,4074,8675,8989
Rwanda,Micronesia,0,0,0,0,0,0
Rwanda,Burundi,134501,131063,68378,66047,66123,65016
Rwanda,Democratic Republic of the Congo,233744,236657,112178,117125,121566,119532
Rwanda,Kenya,2581,2575,1498,1511,1083,1064
Rwanda,Uganda,92195,92061,47755,48366,44440,43695
Rwanda,United Republic of Tanzania,42776,42713,21461,21755,21315,20958
Rwanda,Other,8850,8838,5057,5103,3793,3735
Seychelles,Micronesia,0,0,0,0,0,0
Seychelles,Australia,51,50,27,27,24,23
Seychelles,Bangladesh,220,223,176,180,44,43
Seychelles,Belgium,38,37,14,14,24,23
Seychelles,Sri Lanka,598,609,427,436,171,173
Seychelles,China,510,519,449,459,61,60
Seychelles,Cuba,43,42,19,19,24,23
Seychelles,France,239,242,122,124,117,118
Seychelles,Germany,85,85,38,39,47,46
Seychelles,India,6482,6628,4726,4821,1756,1807
Seychelles,Indonesia,141,143,102,105,39,38
Seychelles,Italy,122,123,75,77,47,46
Seychelles,Kenya,409,415,154,157,255,258
Seychelles,Madagascar,801,816,647,660,154,156
Seychelles,Maldives,38,37,25,25,13,12
Seychelles,Mauritius,554,564,410,418,144,146
Seychelles,Nepal,175,177,155,158,20,19
Seychelles,Nigeria,136,137,43,44,93,93
Seychelles,Pakistan,24,23,19,19,5,4
Seychelles,Philippines,705,718,526,537,179,181
Seychelles,Russian Federation,96,97,39,41,57,56
Seychelles,Somalia,64,63,42,42,22,21
Seychelles,South Africa,255,258,155,157,100,101
Seychelles,Spain,24,23,6,6,18,17
Seychelles,Thailand,239,242,120,122,119,120
Seychelles,Uganda,28,27,14,14,14,13
Seychelles,United Kingdom,290,295,156,160,134,135
Seychelles,Other,424,457,268,275,156,182
Somalia,Micronesia,0,0,0,0,0,0
Somalia,Ethiopia,13641,21764,6821,11554,6820,10210
Somalia,Eritrea,34,36,19,21,15,15
Somalia,Yemen,5883,13285,2991,7083,2892,6202
Somalia,Other,21432,23505,11753,13627,9679,9878
South Sudan,Micronesia,0,0,0,0,0,0
South Sudan,Central African Republic,4574,4690,2650,2717,1924,1973
South Sudan,Chad,5184,5315,3122,3200,2062,2115
South Sudan,Democratic Republic of the Congo,87755,93982,48538,50750,39217,43232
South Sudan,Egypt,5145,5275,3099,3177,2046,2098
South Sudan,Eritrea,3318,3402,1999,2049,1319,1353
South Sudan,Ethiopia,12786,13110,6784,6953,6002,6157
South Sudan,India,1414,1449,852,873,562,576
South Sudan,Kenya,9558,9800,5757,5901,3801,3899
South Sudan,Libya,153,156,86,88,67,68
South Sudan,Mali,203,208,122,125,81,83
South Sudan,Nigeria,3537,3626,2131,2184,1406,1442
South Sudan,Sudan,562381,587668,277121,285944,285260,301724
South Sudan,Uganda,145607,151003,77180,77903,68427,73100
South Sudan,Other,2497,2568,1503,1541,994,1027
Uganda,Micronesia,0,0,0,0,0,0
Uganda,Algeria,0,0,0,0,0,0
Uganda,Bangladesh,126,117,18,16,108,101
Uganda,Belgium,38,35,19,18,19,17
Uganda,Burundi,44379,50652,23154,25675,21225,24977
Uganda,Canada,239,221,134,124,105,97
Uganda,China,366,341,231,215,135,126
Uganda,Democratic Republic of the Congo,286214,397638,138217,187992,147997,209646
Uganda,Cuba,16,15,15,15,1,0
Uganda,Denmark,154,143,74,69,80,74
Uganda,Ethiopia,2507,3009,1248,1458,1259,1551
Uganda,Eritrea,9250,14499,4598,7010,4652,7489
Uganda,France,222,207,136,127,86,80
Uganda,Gambia,0,0,0,0,0,0
Uganda,Germany,209,194,107,99,102,95
Uganda,Ghana,0,0,0,0,0,0
Uganda,Greece,35,32,16,15,19,17
Uganda,Hungary,8,7,0,0,8,7
Uganda,India,3520,3277,2202,2043,1318,1234
Uganda,Italy,362,337,329,307,33,30
Uganda,Côte d'Ivoire,56,52,2,2,54,50
Uganda,Japan,183,170,119,111,64,59
Uganda,Kenya,38254,34241,16315,14376,21939,19865
Uganda,Dem. People's Republic of Korea,131,121,100,92,31,29
Uganda,Republic of Korea,154,143,28,26,126,117
Uganda,Libya,0,0,0,0,0,0
Uganda,Malawi,6,5,5,5,1,0
Uganda,Mauritania,0,0,0,0,0,0
Uganda,Mozambique,26,24,14,13,12,11
Uganda,Netherlands,191,178,92,86,99,92
Uganda,Nigeria,3,2,3,2,0,0
Uganda,Norway,7,6,7,6,0,0
Uganda,Pakistan,1004,995,655,634,349,361
Uganda,Russian Federation,272,253,111,102,161,151
Uganda,Rwanda,72393,65676,35609,31945,36784,33731
Uganda,Senegal,0,0,0,0,0,0
Uganda,Somalia,35224,37960,17511,18356,17713,19604
Uganda,Zimbabwe,2,1,2,1,0,0
Uganda,Spain,53,49,17,16,36,33
Uganda,South Sudan,262321,1022433,131537,496575,130784,525858
Uganda,Sudan,66853,62670,30213,28093,36640,34577
Uganda,Sweden,25,23,25,23,0,0
Uganda,Togo,3,2,3,2,0,0
Uganda,Egypt,0,0,0,0,0,0
Uganda,United Kingdom,1072,998,567,525,505,473
Uganda,United Republic of Tanzania,21916,20438,10629,9838,11287,10600
Uganda,United States of America,859,806,425,393,434,413
Uganda,Zambia,6,5,4,4,2,1
Uganda,Other,2516,2338,1354,1255,1162,1083
United Republic of Tanzania,Micronesia,0,0,0,0,0,0
United Republic of Tanzania,Angola,1249,1115,751,669,498,446
United Republic of Tanzania,Botswana,141,125,99,89,42,36
United Republic of Tanzania,Burundi,175325,222115,87663,113303,87662,108812
United Republic of Tanzania,Canada,294,261,178,158,116,103
United Republic of Tanzania,Comoros,596,533,360,322,236,211
United Republic of Tanzania,Congo,25017,22287,12399,10983,12618,11304
United Republic of Tanzania,Democratic Republic of the Congo,59508,70736,28415,33637,31093,37099
United Republic of Tanzania,Germany,967,861,473,419,494,442
United Republic of Tanzania,India,8010,7135,4583,4065,3427,3070
United Republic of Tanzania,Italy,575,511,333,295,242,216
United Republic of Tanzania,Kenya,27247,24274,11734,10376,15513,13898
United Republic of Tanzania,Lesotho,149,132,74,66,75,66
United Republic of Tanzania,Malawi,6907,6153,3751,3326,3156,2827
United Republic of Tanzania,Mauritius,192,170,104,92,88,78
United Republic of Tanzania,Mozambique,14651,13052,7363,6523,7288,6529
United Republic of Tanzania,Namibia,644,573,393,349,251,224
United Republic of Tanzania,Pakistan,668,595,399,355,269,240
United Republic of Tanzania,Rwanda,581,517,379,335,202,182
United Republic of Tanzania,Seychelles,374,332,258,220,116,112
United Republic of Tanzania,Somalia,2967,2642,1552,1375,1415,1267
United Republic of Tanzania,South Africa,712,633,433,384,279,249
United Republic of Tanzania,Eswatini,88,77,58,54,30,23
United Republic of Tanzania,Uganda,4857,4326,2542,2253,2315,2073
United Republic of Tanzania,United Kingdom,1061,944,448,396,613,548
United Republic of Tanzania,United States of America,1291,1149,664,588,627,561
United Republic of Tanzania,Zambia,8573,7637,4261,3775,4312,3862
United Republic of Tanzania,Zimbabwe,852,759,344,304,508,455
United Republic of Tanzania,Other,41071,36373,20606,18296,20465,18077
Zambia,Micronesia,0,0,0,0,0,0
Zambia,Angola,27864,31424,14033,16083,13831,15341
Zambia,Australia,232,323,119,170,113,153
Zambia,Botswana,808,1130,371,537,437,593
Zambia,Burundi,4856,7018,2519,3734,2337,3284
Zambia,Cameroon,214,299,114,164,100,135
Zambia,Canada,176,246,83,120,93,126
Zambia,China,887,1241,617,874,270,367
Zambia,Congo,7471,10460,3741,5390,3730,5070
Zambia,Democratic Republic of the Congo,26440,50661,13374,26500,13066,24161
Zambia,France,61,84,25,36,36,48
Zambia,Germany,245,341,132,188,113,153
Zambia,Ghana,154,214,105,150,49,64
Zambia,India,4078,5709,2211,3171,1867,2538
Zambia,Japan,88,123,44,64,44,59
Zambia,Kenya,472,660,259,372,213,288
Zambia,Malawi,10363,13422,5115,6817,5248,6605
Zambia,Mali,191,267,125,179,66,88
Zambia,Mozambique,1146,1603,585,842,561,761
Zambia,Namibia,554,774,246,357,308,417
Zambia,Nigeria,447,625,250,358,197,267
Zambia,Rwanda,6573,9202,3387,4872,3186,4330
Zambia,Senegal,125,175,95,135,30,40
Zambia,South Africa,2706,3788,1372,1975,1334,1813
Zambia,Zimbabwe,13175,16816,5874,7737,7301,9079
Zambia,Uganda,401,559,245,349,156,210
Zambia,Egypt,144,200,91,129,53,71
Zambia,United Kingdom,1132,1584,597,858,535,726
Zambia,United Republic of Tanzania,4726,6617,2176,3151,2550,3466
Zambia,United States of America,836,1169,441,634,395,535
Zambia,Other,15542,21221,8305,11610,7237,9611
Zimbabwe,Micronesia,0,0,0,0,0,0
Zimbabwe,Botswana,3725,3865,2099,2193,1626,1672
Zimbabwe,Malawi,104247,108491,58915,61830,45332,46661
Zimbabwe,Mozambique,118442,122923,66675,69837,51767,53086
Zimbabwe,South Africa,19013,19731,10714,11210,8299,8521
Zimbabwe,United Kingdom,12243,12705,6896,7203,5347,5502
Zimbabwe,Zambia,30538,31692,17105,17969,13433,13723
Zimbabwe,Other,112274,116734,63249,66319,49025,50415
Angola,Micronesia,0,0,0,0,0,0
Angola,Cabo Verde,8662,9215,4138,4612,4524,4603
Angola,Chad,31,1889,13,1126,18,763
Angola,Congo,997,1059,392,445,605,614
Angola,Democratic Republic of the Congo,75667,90444,36585,53856,39082,36588
Angola,Guinea,9252,18142,3798,10804,5454,7338
Angola,Côte d'Ivoire,6448,12644,3505,7530,2943,5114
Angola,Mozambique,235,248,112,124,123,124
Angola,Namibia,839,890,392,437,447,453
Angola,Portugal,5867,5292,2936,2616,2931,2676
Angola,Rwanda,1186,1260,495,559,691,701
Angola,Sao Tome and Principe,6441,6852,2964,3315,3477,3537
Angola,South Africa,5917,6295,2752,3075,3165,3220
Angola,Zambia,290,307,100,116,190,191
Angola,Other,510346,501897,246453,242786,263893,259111
Cameroon,Micronesia,0,0,0,0,0,0
Cameroon,Angola,2555,2976,1125,1313,1430,1663
Cameroon,Canada,178,207,83,98,95,109
Cameroon,Central African Republic,271319,303005,137017,152849,134302,150156
Cameroon,Chad,33968,27852,17974,14739,15994,13113
Cameroon,Congo,2953,3439,1339,1561,1614,1878
Cameroon,Democratic Republic of the Congo,4078,4750,1960,2285,2118,2465
Cameroon,Benin,2400,2795,1250,1458,1150,1337
Cameroon,Equatorial Guinea,3357,3911,1441,1682,1916,2229
Cameroon,France,4615,5376,2260,2636,2355,2740
Cameroon,Gabon,1055,1228,487,569,568,659
Cameroon,Germany,294,340,137,158,157,182
Cameroon,Greece,191,220,121,140,70,80
Cameroon,Guinea,4577,5331,2007,2340,2570,2991
Cameroon,Italy,508,590,273,318,235,272
Cameroon,Liberia,4255,4956,1843,2150,2412,2806
Cameroon,Mali,8202,9556,5516,6430,2686,3126
Cameroon,Netherlands,159,184,89,104,70,80
Cameroon,Niger,10503,12236,6577,7666,3926,4570
Cameroon,Nigeria,131616,169602,59156,76219,72460,93383
Cameroon,Senegal,3153,3673,2494,2907,659,766
Cameroon,United Kingdom,255,295,139,162,116,133
Cameroon,United States of America,819,952,383,446,436,506
Cameroon,Other,17336,15735,7640,8024,9696,7711
Central African Republic,Micronesia,0,0,0,0,0,0
Central African Republic,Australia,10,10,5,6,5,4
Central African Republic,Austria,21,22,14,16,7,6
Central African Republic,Canada,186,195,94,97,92,98
Central African Republic,Chad,10026,10608,5592,5864,4434,4744
Central African Republic,Democratic Republic of the Congo,17213,18212,8128,8489,9085,9723
Central African Republic,Cyprus,7,6,3,3,4,3
Central African Republic,Denmark,2,1,0,0,2,1
Central African Republic,France,9580,10135,4918,5147,4662,4988
Central African Republic,Ireland,10,10,4,5,6,5
Central African Republic,Italy,66,70,39,42,27,28
Central African Republic,Mali,301,317,161,168,140,149
Central African Republic,Netherlands,33,34,17,18,16,16
Central African Republic,Russian Federation,136,143,74,77,62,66
Central African Republic,Sao Tome and Principe,73,77,34,37,39,40
Central African Republic,Slovenia,43,44,24,24,19,20
Central African Republic,South Africa,52,53,40,41,12,12
Central African Republic,South Sudan,0,2236,0,1171,0,1065
Central African Republic,Sudan,19539,20695,10476,10974,9063,9721
Central African Republic,Sweden,12,12,6,7,6,5
Central African Republic,Switzerland,145,153,68,72,77,81
Central African Republic,Togo,9,8,5,5,4,3
Central African Republic,Turkey,7,6,2,2,5,4
Central African Republic,Egypt,38,39,17,17,21,22
Central African Republic,United States of America,548,579,475,502,73,77
Central African Republic,Other,23511,24881,12951,13573,10560,11308
Chad,Micronesia,0,0,0,0,0,0
Chad,Cameroon,30702,35635,13908,15927,16794,19708
Chad,Central African Republic,87583,101662,41143,47159,46440,54503
Chad,Congo,846,980,389,446,457,534
Chad,Democratic Republic of the Congo,304,351,140,160,164,191
Chad,France,1048,1216,482,553,566,663
Chad,Gabon,347,401,160,183,187,218
Chad,Libya,1297,1504,597,685,700,819
Chad,Niger,3092,3586,1424,1630,1668,1956
Chad,Nigeria,6531,13033,3008,5927,3523,7106
Chad,Sudan,320988,372594,146304,167570,174684,205024
Chad,Other,14230,16532,8085,9308,6145,7224
Congo,Micronesia,0,0,0,0,0,0
Congo,Angola,41238,40969,21453,21206,19785,19763
Congo,Cameroon,11300,11225,6727,6658,4573,4567
Congo,Central African Republic,32696,32481,16302,16105,16394,16376
Congo,Chad,10565,10494,6926,6860,3639,3634
Congo,China,924,917,852,846,72,71
Congo,Democratic Republic of the Congo,170368,169268,87000,85974,83368,83294
Congo,Cuba,536,531,167,164,369,367
Congo,Benin,15194,15094,8006,7915,7188,7179
Congo,Equatorial Guinea,1582,1570,861,851,721,719
Congo,France,10320,10251,5643,5580,4677,4671
Congo,Gabon,3163,3141,1544,1525,1619,1616
Congo,Germany,579,574,269,266,310,308
Congo,Lebanon,1167,1158,726,719,441,439
Congo,Mali,33918,33696,22703,22494,11215,11202
Congo,Mauritania,3149,3127,2426,2406,723,721
Congo,Portugal,1441,1431,833,824,608,607
Congo,Russian Federation,2576,2558,1018,1003,1558,1555
Congo,Rwanda,25119,24955,14246,14095,10873,10860
Congo,Senegal,13265,13178,10159,10077,3106,3101
Congo,Togo,2437,2419,1127,1111,1310,1308
Congo,United States of America,166,164,99,98,67,66
Congo,Other,8439,8405,4677,4626,3762,3779
Democratic Republic of the Congo,Micronesia,0,0,0,0,0,0
Democratic Republic of the Congo,Angola,181954,177028,92911,88955,89043,88073
Democratic Republic of the Congo,Burundi,38377,59145,16015,25896,22362,33249
Democratic Republic of the Congo,Central African Republic,253402,323269,132871,165120,120531,158149
Democratic Republic of the Congo,Congo,6431,6242,1163,1045,5268,5197
Democratic Republic of the Congo,Rwanda,275136,251333,136928,125262,138208,126071
Democratic Republic of the Congo,South Sudan,8596,90971,2317,41886,6279,49085
Democratic Republic of the Congo,Sudan,5523,5370,678,581,4845,4789
Democratic Republic of the Congo,Uganda,6115,5950,1114,1003,5001,4947
Democratic Republic of the Congo,Other,34484,33563,9969,9304,24515,24259
Equatorial Guinea,Micronesia,0,0,0,0,0,0
Equatorial Guinea,Cameroon,798,957,535,643,263,314
Equatorial Guinea,France,4561,5482,2121,2550,2440,2932
Equatorial Guinea,Gabon,256,307,146,175,110,132
Equatorial Guinea,Nigeria,359,430,195,234,164,196
Equatorial Guinea,Sao Tome and Principe,1493,1794,915,1101,578,693
Equatorial Guinea,Spain,1279,1536,765,920,514,616
Equatorial Guinea,Other,200865,220112,156850,172093,44015,48019
Gabon,Micronesia,0,0,0,0,0,0
Gabon,Algeria,100,108,65,72,35,36
Gabon,Angola,1011,1111,667,734,344,377
Gabon,Belgium,457,501,285,314,172,187
Gabon,Burundi,153,166,102,113,51,53
Gabon,Cameroon,46269,50906,26905,29575,19364,21331
Gabon,Canada,266,291,165,181,101,110
Gabon,Chad,4132,4543,2764,3038,1368,1505
Gabon,China,316,344,240,262,76,82
Gabon,Congo,14905,16396,8267,9085,6638,7311
Gabon,Democratic Republic of the Congo,8135,8949,5019,5518,3116,3431
Gabon,Benin,47682,52460,28069,30855,19613,21605
Gabon,Equatorial Guinea,79434,87411,45939,50494,33495,36917
Gabon,France,14678,16146,9373,10303,5305,5843
Gabon,Germany,80,86,51,56,29,30
Gabon,Ghana,5811,6392,5099,5609,712,783
Gabon,Guinea,4546,4999,3558,3913,988,1086
Gabon,Israel,15,14,11,11,4,3
Gabon,Côte d'Ivoire,3099,3408,2167,2382,932,1026
Gabon,Japan,29,29,18,19,11,10
Gabon,Dem. People's Republic of Korea,146,158,96,106,50,52
Gabon,Republic of Korea,177,193,120,131,57,62
Gabon,Lebanon,2284,2511,1705,1875,579,636
Gabon,Mali,50384,55434,35336,38858,15048,16576
Gabon,Morocco,653,717,377,415,276,302
Gabon,Nigeria,21840,24029,16850,18534,4990,5495
Gabon,Rwanda,191,209,112,124,79,85
Gabon,Sao Tome and Principe,5944,6539,3315,3645,2629,2894
Gabon,Senegal,27861,30652,23140,25454,4721,5198
Gabon,South Africa,12,11,12,11,0,0
Gabon,Syrian Arab Republic,26,27,16,18,10,9
Gabon,Togo,21023,23129,12218,13430,8805,9699
Gabon,Tunisia,204,223,128,141,76,82
Gabon,United States of America,502,550,311,340,191,210
Gabon,Burkina Faso,6386,7024,4271,4696,2115,2328
Gabon,Other,9935,10985,7011,7720,2924,3265
Sao Tome and Principe,Micronesia,0,0,0,0,0,0
Sao Tome and Principe,Angola,358,319,144,129,214,190
Sao Tome and Principe,Cabo Verde,1363,1220,655,584,708,636
Sao Tome and Principe,Equatorial Guinea,146,129,53,47,93,82
Sao Tome and Principe,Gabon,237,210,167,149,70,61
Sao Tome and Principe,Mozambique,116,102,95,84,21,18
Sao Tome and Principe,Portugal,118,104,61,55,57,49
Sao Tome and Principe,Other,56,55,22,19,34,36
Algeria,Micronesia,0,0,0,0,0,0
Algeria,France,523,543,225,233,298,310
Algeria,State of Palestine,29900,31097,15932,16553,13968,14544
Algeria,Germany,733,761,243,253,490,508
Algeria,Indonesia,1363,1416,998,1037,365,379
Algeria,Iraq,7156,7441,3404,3535,3752,3906
Algeria,Italy,698,725,268,278,430,447
Algeria,Jordan,2132,2216,1122,1165,1010,1051
Algeria,Kuwait,1129,1172,739,768,390,404
Algeria,Lebanon,1155,1199,444,461,711,738
Algeria,Libya,2195,2281,1152,1197,1043,1084
Algeria,Malaysia,827,859,568,591,259,268
Algeria,Russian Federation,757,785,314,325,443,460
Algeria,Saudi Arabia,3706,3852,2274,2361,1432,1491
Algeria,Somalia,10923,11361,5992,6227,4931,5134
Algeria,Sudan,1506,1566,795,828,711,738
Algeria,Western Sahara,156658,162952,82788,86018,73870,76934
Algeria,Syrian Arab Republic,6211,7757,3268,4080,2943,3677
Algeria,United Kingdom,754,782,315,326,439,456
Algeria,United States of America,1032,1072,483,502,549,570
Algeria,Yemen,2232,2320,1285,1335,947,985
Algeria,Other,7883,8221,3913,4069,3970,4152
Egypt,Micronesia,0,0,0,0,0,0
Egypt,Afghanistan,135,210,108,164,27,46
Egypt,Albania,77,119,51,75,26,44
Egypt,Algeria,569,889,245,318,324,571
Egypt,Angola,19,28,11,16,8,12
Egypt,Antigua and Barbuda,11,15,6,8,5,7
Egypt,Azerbaijan,21,31,21,31,0,0
Egypt,Argentina,161,251,106,155,55,96
Egypt,Australia,303,471,184,261,119,210
Egypt,Austria,389,607,201,277,188,330
Egypt,Bahamas,10,14,3,3,7,11
Egypt,Bahrain,259,404,144,203,115,201
Egypt,Bangladesh,164,255,147,227,17,28
Egypt,Armenia,103,160,48,64,55,96
Egypt,Belgium,362,564,203,286,159,278
Egypt,Bosnia and Herzegovina,40,61,23,33,17,28
Egypt,Brazil,85,130,42,56,43,74
Egypt,Brunei Darussalam,45,68,22,28,23,40
Egypt,Bulgaria,45,68,23,30,22,38
Egypt,Myanmar,8,11,8,11,0,0
Egypt,Burundi,24,35,23,34,1,1
Egypt,Belarus,180,279,90,121,90,158
Egypt,Cameroon,82,126,71,107,11,19
Egypt,Canada,408,636,245,349,163,287
Egypt,Central African Republic,37,57,24,35,13,22
Egypt,Sri Lanka,144,222,90,127,54,95
Egypt,Chad,215,334,148,216,67,118
Egypt,Chile,18,27,11,16,7,11
Egypt,China,495,771,356,528,139,243
Egypt,Colombia,37,57,29,45,8,12
Egypt,Comoros,585,913,493,753,92,160
Egypt,Congo,48,72,35,50,13,22
Egypt,Democratic Republic of the Congo,85,130,59,86,26,44
Egypt,Croatia,66,102,53,80,13,22
Egypt,Cyprus,56,86,34,48,22,38
Egypt,Czechia,130,201,66,89,64,112
Egypt,Benin,24,35,24,35,0,0
Egypt,Denmark,194,302,111,157,83,145
Egypt,Ecuador,8,11,3,4,5,7
Egypt,El Salvador,137,212,71,96,66,116
Egypt,Ethiopia,6931,16256,3467,7067,3464,9189
Egypt,Eritrea,3836,18232,1918,7924,1918,10308
Egypt,Estonia,17,25,10,14,7,11
Egypt,Finland,160,249,79,107,81,142
Egypt,France,1838,2874,1089,1551,749,1323
Egypt,Djibouti,239,371,157,228,82,143
Egypt,Gambia,19,28,14,21,5,7
Egypt,State of Palestine,96879,135932,60723,79148,36156,56784
Egypt,Germany,4970,7771,2975,4243,1995,3528
Egypt,Ghana,151,234,119,179,32,55
Egypt,Gibraltar,6,8,5,7,1,1
Egypt,Greece,822,1284,411,559,411,725
Egypt,Guatemala,6,8,4,5,2,3
Egypt,Guinea,93,143,86,132,7,11
Egypt,Hungary,86,133,42,57,44,76
Egypt,India,800,1249,547,804,253,445
Egypt,Indonesia,1854,2897,1481,2238,373,659
Egypt,Iran (Islamic Republic of),97,150,62,90,35,60
Egypt,Iraq,12817,20042,6474,8821,6343,11221
Egypt,Ireland,61,95,29,40,32,55
Egypt,Israel,456,710,297,432,159,278
Egypt,Italy,2691,4206,1586,2252,1105,1954
Egypt,Côte d'Ivoire,514,802,259,352,255,450
Egypt,Japan,742,1158,434,616,308,542
Egypt,Kazakhstan,137,212,83,117,54,95
Egypt,Jordan,3375,5277,2041,2917,1334,2360
Egypt,Kenya,89,137,64,94,25,43
Egypt,Dem. People's Republic of Korea,66,102,43,62,23,40
Egypt,Republic of Korea,193,299,136,200,57,99
Egypt,Kuwait,1925,3008,1308,1918,617,1090
Egypt,Kyrgyzstan,40,61,32,49,8,12
Egypt,Lebanon,2045,3197,1046,1431,999,1766
Egypt,Liberia,31,47,20,28,11,19
Egypt,Libya,3228,5047,1980,2840,1248,2207
Egypt,Madagascar,26,39,25,38,1,1
Egypt,Malawi,19,28,17,25,2,3
Egypt,Malaysia,1815,2836,1293,1913,522,923
Egypt,Maldives,19,28,14,21,5,7
Egypt,Mali,139,216,112,170,27,46
Egypt,Mauritania,100,154,77,114,23,40
Egypt,Mexico,42,64,19,24,23,40
Egypt,Monaco,53,82,30,42,23,40
Egypt,Mongolia,10,14,9,13,1,1
Egypt,Republic of Moldova,40,61,36,55,4,6
Egypt,Morocco,683,1066,236,276,447,790
Egypt,Mozambique,11,15,7,9,4,6
Egypt,Oman,350,544,246,361,104,183
Egypt,Namibia,172,268,75,97,97,171
Egypt,Netherlands,639,997,354,495,285,502
Egypt,New Zealand,60,93,42,63,18,30
Egypt,Niger,75,116,64,99,11,17
Egypt,Nigeria,1945,814,1480,596,465,218
Egypt,Norway,78,120,47,67,31,53
Egypt,Pakistan,398,619,278,408,120,211
Egypt,Philippines,705,1101,319,419,386,682
Egypt,Poland,244,380,136,190,108,190
Egypt,Portugal,29,44,15,21,14,23
Egypt,Guinea-Bissau,60,93,60,93,0,0
Egypt,Qatar,257,401,170,249,87,152
Egypt,Romania,157,243,79,107,78,136
Egypt,Russian Federation,4820,7536,2216,2930,2604,4606
Egypt,Rwanda,29,44,24,37,5,7
Egypt,Saudi Arabia,5268,8238,3591,5273,1677,2965
Egypt,Senegal,273,425,228,346,45,79
Egypt,Seychelles,13,19,9,13,4,6
Egypt,Sierra Leone,40,61,21,30,19,31
Egypt,Singapore,93,143,60,86,33,57
Egypt,Slovakia,40,61,19,26,21,35
Egypt,Somalia,13110,20501,8302,11996,4808,8505
Egypt,South Africa,144,222,90,129,54,93
Egypt,Zimbabwe,22,32,18,26,4,6
Egypt,Spain,267,416,155,219,112,197
Egypt,South Sudan,5762,19013,3367,9981,2395,9032
Egypt,Sudan,38410,60066,22443,31816,15967,28250
Egypt,Sweden,228,355,140,201,88,154
Egypt,Switzerland,878,1371,516,731,362,640
Egypt,Syrian Arab Republic,104635,125673,57334,61804,47301,63869
Egypt,Tajikistan,84,129,63,94,21,35
Egypt,Thailand,692,1080,577,879,115,201
Egypt,United Arab Emirates,460,719,296,430,164,289
Egypt,Tunisia,503,785,265,365,238,420
Egypt,Turkey,576,898,433,647,143,251
Egypt,Turkmenistan,31,47,24,36,7,11
Egypt,Uganda,56,86,48,74,8,12
Egypt,Ukraine,110,171,47,62,63,109
Egypt,North Macedonia,77,119,50,73,27,46
Egypt,United Kingdom,2023,3161,1206,1717,817,1444
Egypt,United Republic of Tanzania,94,144,75,113,19,31
Egypt,United States of America,3886,6075,2314,3295,1572,2780
Egypt,Burkina Faso,42,64,37,57,5,7
Egypt,Uzbekistan,73,112,60,90,13,22
Egypt,Venezuela (Bolivarian Republic of),22,32,11,13,11,19
Egypt,Yemen,3666,9158,2371,5465,1295,3693
Egypt,Zambia,17,25,12,18,5,7
Egypt,Other,6078,25312,3118,12750,2960,12562
Libya,Micronesia,0,0,0,0,0,0
Libya,Afghanistan,319,340,230,248,89,92
Libya,Albania,300,320,207,224,93,96
Libya,Algeria,3577,3830,2049,2231,1528,1599
Libya,Australia,746,797,521,564,225,233
Libya,Austria,750,801,402,437,348,364
Libya,Bahrain,965,1032,733,791,232,241
Libya,Bangladesh,1246,1334,1188,1275,58,59
Libya,Armenia,255,270,162,174,93,96
Libya,Belgium,673,720,405,440,268,280
Libya,Bosnia and Herzegovina,328,351,228,247,100,104
Libya,Brazil,255,270,155,166,100,104
Libya,Belarus,759,811,459,498,300,313
Libya,Canada,2841,3041,1924,2081,917,960
Libya,Sri Lanka,366,391,226,245,140,146
Libya,Chad,858,918,639,691,219,227
Libya,China,3064,3280,2206,2382,858,898
Libya,Comoros,4281,4584,3693,3968,588,616
Libya,Congo,401,429,301,325,100,104
Libya,Democratic Republic of the Congo,433,463,336,363,97,100
Libya,Denmark,768,821,523,567,245,254
Libya,El Salvador,706,754,457,495,249,259
Libya,Ethiopia,1825,1952,1165,1262,660,690
Libya,Eritrea,4646,5501,3173,3798,1473,1703
Libya,Finland,828,885,525,569,303,316
Libya,France,5010,5364,3271,3544,1739,1820
Libya,Djibouti,1421,1519,1044,1125,377,394
Libya,State of Palestine,285146,305476,204028,222145,81118,83331
Libya,Germany,7005,7503,4164,4528,2841,2975
Libya,Ghana,612,655,491,530,121,125
Libya,Greece,2608,2792,1552,1686,1056,1106
Libya,Hungary,337,360,183,200,154,160
Libya,India,4826,5167,3738,4029,1088,1138
Libya,Indonesia,13019,13944,10892,11717,2127,2227
Libya,Iran (Islamic Republic of),410,439,306,331,104,108
Libya,Iraq,68240,73093,46444,50260,21796,22833
Libya,Italy,6667,7141,4157,4513,2510,2628
Libya,Côte d'Ivoire,594,636,448,485,146,151
Libya,Japan,1002,1072,643,698,359,374
Libya,Kazakhstan,800,855,646,695,154,160
Libya,Jordan,20338,21783,14470,15637,5868,6146
Libya,Kenya,334,357,221,241,113,116
Libya,Republic of Korea,713,761,502,541,211,220
Libya,Kuwait,10763,11527,8487,9144,2276,2383
Libya,Lebanon,11029,11812,6906,7494,4123,4318
Libya,Malaysia,7894,8454,6377,6867,1517,1587
Libya,Mali,337,360,260,281,77,79
Libya,Mauritania,356,380,281,303,75,77
Libya,Monaco,276,293,188,202,88,91
Libya,Morocco,4883,5229,2475,2708,2408,2521
Libya,Oman,1688,1806,1344,1446,344,360
Libya,Netherlands,1764,1890,1009,1101,755,789
Libya,Niger,356,380,287,308,69,72
Libya,Nigeria,2841,3041,2191,2363,650,678
Libya,Norway,334,357,208,227,126,130
Libya,Pakistan,2451,2625,1836,1982,615,643
Libya,Philippines,4395,4707,2411,2630,1984,2077
Libya,Poland,676,723,319,350,357,373
Libya,Guinea-Bissau,309,329,308,329,1,0
Libya,Qatar,1410,1508,1096,1180,314,328
Libya,Romania,594,636,286,315,308,321
Libya,Russian Federation,7221,7734,4637,5029,2584,2705
Libya,Saudi Arabia,35352,37866,27026,29145,8326,8721
Libya,Senegal,1117,1195,971,1044,146,151
Libya,Sierra Leone,237,251,162,174,75,77
Libya,Singapore,667,714,481,521,186,193
Libya,Somalia,104178,111588,75539,81585,28639,30003
Libya,South Africa,645,690,457,495,188,195
Libya,Spain,724,774,449,487,275,287
Libya,South Sudan,1770,1896,1261,1365,509,531
Libya,Sudan,14379,15400,10242,11067,4137,4333
Libya,Sweden,746,797,504,546,242,251
Libya,Switzerland,929,993,538,585,391,408
Libya,Syrian Arab Republic,27666,44450,19671,31887,7995,12563
Libya,Tajikistan,676,723,530,572,146,151
Libya,Thailand,2841,3041,2386,2567,455,474
Libya,United Arab Emirates,2766,2961,1931,2087,835,874
Libya,Tunisia,3074,3292,1917,2082,1157,1210
Libya,Turkey,2527,2704,1895,2043,632,661
Libya,Turkmenistan,237,251,186,199,51,52
Libya,Ukraine,871,933,461,504,410,429
Libya,Egypt,20932,22420,14876,16076,6056,6344
Libya,United Kingdom,7207,7719,4645,5037,2562,2682
Libya,United Republic of Tanzania,264,281,197,211,67,70
Libya,United States of America,9851,10550,6656,7205,3195,3345
Libya,Uzbekistan,375,2122,329,1278,46,844
Libya,Yemen,21266,6323,15830,3830,5436,2493
Morocco,Micronesia,0,0,0,0,0,0
Morocco,Algeria,13194,14497,6622,7466,6572,7031
Morocco,Belgium,1377,1512,692,780,685,732
Morocco,Congo,1847,2028,928,1045,919,983
Morocco,France,34615,38063,17362,19575,17253,18488
Morocco,Germany,1415,1553,710,799,705,754
Morocco,Guinea,967,1061,486,547,481,514
Morocco,Iraq,1683,1849,846,954,837,895
Morocco,Italy,1862,2045,935,1054,927,991
Morocco,Lebanon,1326,1455,667,751,659,704
Morocco,Libya,1155,1268,580,654,575,614
Morocco,Mauritania,1564,1717,785,884,779,833
Morocco,Senegal,1774,1947,891,1004,883,943
Morocco,Spain,4025,4421,2021,2279,2004,2142
Morocco,Syrian Arab Republic,2619,3676,1316,1898,1303,1778
Morocco,Tunisia,2533,2781,1272,1433,1261,1348
Morocco,Egypt,1825,2005,917,1034,908,971
Morocco,United Kingdom,1192,1307,599,675,593,632
Morocco,United States of America,1795,1971,901,1016,894,955
Morocco,Other,15656,17202,7857,8859,7799,8343
Sudan,Micronesia,0,0,0,0,0,0
Sudan,Central African Republic,13489,25962,6908,13112,6581,12850
Sudan,Chad,74514,103065,37631,51295,36883,51770
Sudan,China,1111,1536,574,782,537,754
Sudan,Democratic Republic of the Congo,7445,10297,4549,6233,2896,4064
Sudan,Ethiopia,50734,70173,24232,32974,26502,37199
Sudan,Eritrea,159748,220960,81987,111810,77761,109150
Sudan,India,1277,1764,660,899,617,865
Sudan,Kenya,2575,3561,1327,1811,1248,1750
Sudan,Libya,1557,2153,804,1096,753,1057
Sudan,Mali,678,938,347,475,331,463
Sudan,Nigeria,14828,20508,7655,10440,7173,10068
Sudan,Somalia,130,179,64,88,66,91
Sudan,South Sudan,255959,867593,126321,428488,129638,439105
Sudan,Uganda,1250,1728,640,865,610,863
Sudan,Egypt,13423,18566,6930,9452,6493,9114
Sudan,Other,21805,30164,11256,15357,10549,14807
Tunisia,Micronesia,0,0,0,0,0,0
Tunisia,Algeria,10411,11060,5378,5778,5033,5282
Tunisia,Cameroon,715,758,369,396,346,362
Tunisia,France,8612,9151,4447,4781,4165,4370
Tunisia,State of Palestine,554,589,290,312,264,277
Tunisia,Germany,1448,1537,748,803,700,734
Tunisia,Iraq,636,675,332,357,304,318
Tunisia,Italy,2208,2345,1143,1228,1065,1117
Tunisia,Côte d'Ivoire,646,685,335,360,311,325
Tunisia,Libya,9119,9688,4709,5063,4410,4625
Tunisia,Mali,996,1058,507,546,489,512
Tunisia,Mauritania,528,560,273,293,255,267
Tunisia,Morocco,5785,6146,2987,3209,2798,2937
Tunisia,Nigeria,542,575,280,300,262,275
Tunisia,Senegal,409,433,211,226,198,207
Tunisia,Syrian Arab Republic,1228,1382,646,736,582,646
Tunisia,Egypt,1136,1206,587,630,549,576
Tunisia,United States of America,607,644,314,337,293,307
Tunisia,Other,10952,11653,5697,6119,5255,5534
Western Sahara,Micronesia,0,0,0,0,0,0
Western Sahara,Algeria,78,80,39,41,39,39
Western Sahara,France,268,279,136,142,132,137
Western Sahara,Guinea,954,998,619,649,335,349
Western Sahara,Mali,373,389,245,256,128,133
Western Sahara,Mauritania,542,566,418,438,124,128
Western Sahara,Guinea-Bissau,1007,1052,455,476,552,576
Western Sahara,Senegal,1745,1831,1019,1067,726,764
Western Sahara,Other,212,229,128,136,84,93
Botswana,Micronesia,0,0,0,0,0,0
Botswana,Angola,730,779,348,373,382,406
Botswana,Australia,367,391,177,190,190,201
Botswana,Canada,174,185,54,59,120,126
Botswana,Sri Lanka,926,988,479,513,447,475
Botswana,China,4466,4777,3561,3812,905,965
Botswana,Democratic Republic of the Congo,1056,1129,630,676,426,453
Botswana,Denmark,324,344,168,179,156,165
Botswana,Germany,316,336,142,151,174,185
Botswana,India,5282,5650,3080,3299,2202,2351
Botswana,Ireland,587,626,317,339,270,287
Botswana,Italy,511,545,328,352,183,193
Botswana,Kenya,1133,1210,762,816,371,394
Botswana,Lesotho,261,277,76,81,185,196
Botswana,Madagascar,525,560,304,326,221,234
Botswana,Malawi,1384,1478,861,920,523,558
Botswana,Mauritius,218,231,109,116,109,115
Botswana,Mozambique,566,604,326,349,240,255
Botswana,Namibia,926,988,642,686,284,302
Botswana,Netherlands,597,637,353,378,244,259
Botswana,Nigeria,1154,1233,598,640,556,593
Botswana,Norway,367,391,206,220,161,171
Botswana,Pakistan,436,464,229,245,207,219
Botswana,Portugal,436,464,265,282,171,182
Botswana,Seychelles,10,9,10,9,0,0
Botswana,South Africa,5359,5733,2896,3103,2463,2630
Botswana,Zimbabwe,60080,64301,34474,36924,25606,27377
Botswana,Eswatini,570,608,364,390,206,218
Botswana,Sweden,410,437,250,267,160,170
Botswana,Uganda,305,324,185,198,120,126
Botswana,United Kingdom,1231,1315,784,840,447,475
Botswana,United Republic of Tanzania,763,814,425,455,338,359
Botswana,United States of America,861,920,403,433,458,487
Botswana,Zambia,4128,4415,2296,2459,1832,1956
Botswana,Other,6594,7105,2549,2737,4045,4368
Eswatini,Micronesia,0,0,0,0,0,0
Eswatini,Angola,131,133,65,67,66,66
Eswatini,Australia,55,54,32,32,23,22
Eswatini,Botswana,41,39,14,13,27,26
Eswatini,Burundi,402,469,197,231,205,238
Eswatini,Canada,19,17,7,6,12,11
Eswatini,Congo,72,71,36,36,36,35
Eswatini,Democratic Republic of the Congo,570,675,282,336,288,339
Eswatini,Ethiopia,30,28,16,15,14,13
Eswatini,Lesotho,221,223,23,24,198,199
Eswatini,Liberia,46,44,22,21,24,23
Eswatini,Mozambique,9857,10011,5995,6089,3862,3922
Eswatini,New Zealand,25,23,17,16,8,7
Eswatini,Rwanda,342,387,170,194,172,193
Eswatini,Somalia,181,305,96,162,85,143
Eswatini,South Africa,12511,12712,4921,5013,7590,7699
Eswatini,Uganda,55,54,27,27,28,27
Eswatini,United States of America,256,259,102,104,154,155
Eswatini,Other,7538,7354,4605,4535,2933,2819
Lesotho,Micronesia,0,0,0,0,0,0
Lesotho,Botswana,151,198,69,88,82,110
Lesotho,China,168,221,97,126,71,95
Lesotho,Ghana,124,163,84,110,40,53
Lesotho,India,318,419,180,234,138,185
Lesotho,Malawi,51,67,32,42,19,25
Lesotho,Mozambique,32,42,23,30,9,12
Lesotho,Namibia,5,6,4,5,1,1
Lesotho,Pakistan,318,419,180,234,138,185
Lesotho,South Africa,3629,4782,1902,2465,1727,2317
Lesotho,Zimbabwe,97,127,53,68,44,59
Lesotho,Eswatini,51,67,25,33,26,34
Lesotho,Uganda,191,251,108,140,83,111
Lesotho,United Republic of Tanzania,118,155,61,79,57,76
Lesotho,United States of America,124,163,67,87,57,76
Lesotho,Zambia,97,127,53,68,44,59
Lesotho,Other,3678,4853,2099,2728,1579,2125
Namibia,Micronesia,0,0,0,0,0,0
Namibia,Afghanistan,42,44,18,19,24,25
Namibia,Algeria,473,505,225,241,248,264
Namibia,Angola,37350,40105,22031,23646,15319,16459
Namibia,Antigua and Barbuda,459,490,186,199,273,291
Namibia,Argentina,48,50,18,19,30,31
Namibia,Australia,524,560,204,220,320,340
Namibia,Austria,596,636,323,345,273,291
Namibia,Bahamas,48,50,12,12,36,38
Namibia,Bahrain,47,49,13,14,34,35
Namibia,Bangladesh,31,32,20,21,11,11
Namibia,Armenia,61,64,61,64,0,0
Namibia,Belgium,180,192,92,98,88,94
Namibia,Botswana,644,689,317,341,327,348
Namibia,Brazil,522,558,219,236,303,322
Namibia,Bulgaria,29,30,6,6,23,24
Namibia,Burundi,380,406,232,249,148,157
Namibia,Cameroon,115,122,95,101,20,21
Namibia,Canada,184,196,83,89,101,107
Namibia,Chile,31,32,23,24,8,8
Namibia,China,3039,3252,2183,2339,856,913
Namibia,Congo,1093,1168,637,683,456,485
Namibia,Democratic Republic of the Congo,3472,4334,1696,2124,1776,2210
Namibia,Cuba,665,710,272,291,393,419
Namibia,Czechia,74,78,25,27,49,51
Namibia,Benin,152,161,67,72,85,89
Namibia,Denmark,110,117,74,79,36,38
Namibia,Ethiopia,206,220,66,71,140,149
Namibia,Finland,77,81,23,24,54,57
Namibia,France,524,560,237,254,287,306
Namibia,Gambia,84,88,38,40,46,48
Namibia,Germany,8870,9494,3771,4051,5099,5443
Namibia,Ghana,139,148,82,88,57,60
Namibia,Guinea,51,53,31,32,20,21
Namibia,India,659,704,432,463,227,241
Namibia,Indonesia,88,94,34,37,54,57
Namibia,Iran (Islamic Republic of),29,30,18,19,11,11
Namibia,Ireland,58,61,28,30,30,31
Namibia,Israel,105,112,59,64,46,48
Namibia,Italy,806,863,363,391,443,472
Namibia,Côte d'Ivoire,29,30,21,22,8,8
Namibia,Japan,110,117,41,44,69,73
Namibia,Kenya,1086,1161,550,589,536,572
Namibia,Dem. People's Republic of Korea,98,104,98,104,0,0
Namibia,Republic of Korea,34,35,14,14,20,21
Namibia,Lebanon,45,47,28,30,17,17
Namibia,Lesotho,123,131,60,65,63,66
Namibia,Libya,34,35,17,18,17,17
Namibia,Luxembourg,42,44,19,20,23,24
Namibia,Malawi,361,386,194,210,167,176
Namibia,Mauritius,103,110,42,46,61,64
Namibia,Mozambique,134,142,77,82,57,60
Namibia,Netherlands,505,539,248,265,257,274
Namibia,New Zealand,48,50,28,29,20,21
Namibia,Nigeria,961,1029,590,634,371,395
Namibia,Norway,51,53,17,18,34,35
Namibia,Pakistan,162,173,145,156,17,17
Namibia,Philippines,240,256,89,97,151,159
Namibia,Poland,164,175,57,61,107,114
Namibia,Portugal,423,451,251,268,172,183
Namibia,Romania,29,30,16,17,13,13
Namibia,Russian Federation,444,474,261,280,183,194
Namibia,Rwanda,350,374,196,211,154,163
Namibia,Senegal,29,30,18,19,11,11
Namibia,Seychelles,54,57,20,22,34,35
Namibia,Sierra Leone,159,170,74,81,85,89
Namibia,Somalia,91,97,64,69,27,28
Namibia,South Africa,8300,8883,4152,4455,4148,4428
Namibia,Zimbabwe,14141,15135,7186,7709,6955,7426
Namibia,Spain,336,358,199,212,137,146
Namibia,Sudan,194,207,87,93,107,114
Namibia,Eswatini,191,204,87,93,104,111
Namibia,Sweden,98,104,46,49,52,55
Namibia,Switzerland,418,446,177,189,241,257
Namibia,Thailand,72,76,31,33,41,43
Namibia,Turkey,34,35,21,22,13,13
Namibia,Uganda,470,502,240,258,230,244
Namibia,Ukraine,251,267,217,232,34,35
Namibia,Egypt,170,180,104,111,66,69
Namibia,United Kingdom,1681,1798,713,765,968,1033
Namibia,United Republic of Tanzania,1074,1148,531,569,543,579
Namibia,United States of America,1027,1098,434,466,593,632
Namibia,Burkina Faso,69,73,33,35,36,38
Namibia,Zambia,2959,3167,1922,2060,1037,1107
Namibia,Other,2159,2272,1010,1079,1149,1193
South Africa,Micronesia,46,53,31,38,15,15
South Africa,Afghanistan,96,111,54,69,42,42
South Africa,Albania,168,195,67,92,101,103
South Africa,Algeria,463,537,340,412,123,125
South Africa,Angola,41296,47945,20572,26782,20724,21163
South Africa,Argentina,2459,2854,1102,1469,1357,1385
South Africa,Australia,4832,5771,2375,2833,2457,2938
South Africa,Austria,5595,6495,3038,3884,2557,2611
South Africa,Bahrain,170,197,94,120,76,77
South Africa,Bangladesh,22965,15565,16911,14266,6054,1299
South Africa,Barbados,29,33,17,21,12,12
South Africa,Belarus,247,286,113,150,134,136
South Africa,Belgium,8249,9577,4158,5400,4091,4177
South Africa,Benin,199,231,122,153,77,78
South Africa,Bermuda,61,70,38,47,23,23
South Africa,Bolivia (Plurinational State of),168,195,21,45,147,150
South Africa,Bosnia and Herzegovina,210,243,80,111,130,132
South Africa,Botswana,43461,50475,26473,33127,16988,17348
South Africa,Brazil,3045,3535,1339,1793,1706,1742
South Africa,British Virgin Islands,21,24,16,19,5,5
South Africa,Brunei Darussalam,21,24,9,12,12,12
South Africa,Bulgaria,4081,4738,2030,2644,2051,2094
South Africa,Burundi,6800,7894,2926,3938,3874,3956
South Africa,Cameroon,2562,2974,1749,2144,813,830
South Africa,Canada,5908,6859,2889,3776,3019,3083
South Africa,Central African Republic,121,140,94,113,27,27
South Africa,Chile,692,803,340,444,352,359
South Africa,China,7845,6914,4713,4397,3132,2517
South Africa,Colombia,615,714,201,292,414,422
South Africa,Comoros,202,234,174,206,28,28
South Africa,Congo,20425,23713,11554,14654,8871,9059
South Africa,Côte d'Ivoire,1199,1392,827,1013,372,379
South Africa,Croatia,1038,1205,521,678,517,527
South Africa,Cuba,1590,1846,886,1128,704,718
South Africa,Cyprus,5098,5918,2465,3230,2633,2688
South Africa,Czechia,2068,2401,1065,1377,1003,1024
South Africa,Dem. People's Republic of Korea,141,163,25,45,116,118
South Africa,Democratic Republic of the Congo,85380,63892,45036,34730,40344,29162
South Africa,Denmark,2622,3044,1312,1707,1310,1337
South Africa,Egypt,4793,5564,2461,3183,2332,2381
South Africa,Eritrea,593,688,329,419,264,269
South Africa,Estonia,149,172,121,144,28,28
South Africa,Ethiopia,66761,44181,40727,31459,26034,12722
South Africa,Fiji,46,53,26,33,20,20
South Africa,Finland,672,780,165,263,507,517
South Africa,France,7859,9124,3779,4958,4080,4166
South Africa,Gabon,322,373,176,224,146,149
South Africa,Germany,13896,16595,6803,8113,7093,8482
South Africa,Ghana,6920,8034,4528,5592,2392,2442
South Africa,Gibraltar,55,63,43,51,12,12
South Africa,Greece,9370,10878,4903,6317,4467,4561
South Africa,Guatemala,92,106,64,78,28,28
South Africa,Guinea,79,91,51,63,28,28
South Africa,Guinea-Bissau,29,33,10,14,19,19
South Africa,Guyana,58,67,26,35,32,32
South Africa,"China, Hong Kong SAR",1674,1943,800,1051,874,892
South Africa,Iceland,30,34,25,29,5,5
South Africa,India,34606,29935,19404,17461,15202,12474
South Africa,Indonesia,1262,1465,615,805,647,660
South Africa,Iran (Islamic Republic of),730,847,358,468,372,379
South Africa,Iraq,170,197,126,153,44,44
South Africa,Ireland,12560,14582,5212,7079,7348,7503
South Africa,Israel,4636,5382,2328,3026,2308,2356
South Africa,Italy,24222,28122,12441,16046,11781,12076
South Africa,Jamaica,199,231,73,103,126,128
South Africa,Japan,1814,2106,785,1056,1029,1050
South Africa,Jordan,58,67,35,44,23,23
South Africa,Kenya,17141,19901,7251,9802,9890,10099
South Africa,Kuwait,92,106,65,79,27,27
South Africa,Kyrgyzstan,37,42,14,19,23,23
South Africa,Lao People's Democratic Republic,30,34,18,22,12,12
South Africa,Latvia,434,503,287,353,147,150
South Africa,Lebanon,960,1114,493,638,467,476
South Africa,Lesotho,181832,192008,81977,85201,99855,106807
South Africa,Liberia,779,904,269,384,510,520
South Africa,Libya,168,195,136,163,32,32
South Africa,Lithuania,416,482,169,230,247,252
South Africa,Luxembourg,25,29,6,10,19,19
South Africa,Madagascar,444,515,176,242,268,273
South Africa,Malawi,92969,94119,63564,69342,29405,24777
South Africa,Malaysia,944,1096,197,334,747,762
South Africa,Maldives,58,67,39,48,19,19
South Africa,Mali,109,126,55,71,54,55
South Africa,Malta,352,408,103,154,249,254
South Africa,Mauritius,8823,10243,4307,5612,4516,4631
South Africa,Mexico,296,343,131,175,165,168
South Africa,Monaco,25,29,22,26,3,3
South Africa,Morocco,1126,1307,707,880,419,427
South Africa,Mozambique,315533,350463,202417,234401,113116,116062
South Africa,Myanmar,223,258,73,105,150,153
South Africa,Namibia,40708,36671,20194,18122,20514,18549
South Africa,Nauru,21,24,9,12,12,12
South Africa,Nepal,130,150,79,98,51,52
South Africa,Netherlands,8528,10186,4196,5006,4332,5180
South Africa,New Zealand,3245,3777,1592,2089,1653,1688
South Africa,Nicaragua,112,130,39,56,73,74
South Africa,Niger,20,23,13,16,7,7
South Africa,Nigeria,46037,36210,31071,28311,14966,7899
South Africa,Niue,20,23,15,18,5,5
South Africa,Northern Mariana Islands,25,29,22,26,3,3
South Africa,Norway,1163,1350,440,612,723,738
South Africa,State of Palestine,99,114,18,32,81,82
South Africa,Oman,31,35,19,23,12,12
South Africa,Pakistan,19360,13325,13079,10719,6281,2606
South Africa,Panama,59,68,31,40,28,28
South Africa,Papua New Guinea,59,68,27,36,32,32
South Africa,Paraguay,121,140,58,76,63,64
South Africa,Peru,210,243,111,142,99,101
South Africa,Philippines,1554,1804,582,812,972,992
South Africa,Poland,10233,11900,4932,6487,5301,5413
South Africa,Portugal,9931,11861,5014,5981,4917,5880
South Africa,Republic of Korea,1727,2005,817,1076,910,929
South Africa,Réunion,346,401,12,60,334,341
South Africa,Romania,1678,1948,749,1000,929,948
South Africa,Russian Federation,3523,4090,1606,2133,1917,1957
South Africa,Rwanda,4901,5690,1865,2590,3036,3100
South Africa,Saint Helena,232,269,76,110,156,159
South Africa,Saint Kitts and Nevis,25,29,16,20,9,9
South Africa,Saudi Arabia,641,744,333,430,308,314
South Africa,Senegal,2864,3325,2600,3056,264,269
South Africa,Serbia,4023,4670,1940,2543,2083,2127
South Africa,Seychelles,693,804,258,360,435,444
South Africa,Sierra Leone,513,595,330,409,183,186
South Africa,Singapore,944,1096,434,576,510,520
South Africa,Slovakia,437,507,314,382,123,125
South Africa,Somalia,76935,58491,39075,29954,37860,28537
South Africa,Spain,1522,1767,756,985,766,782
South Africa,Sri Lanka,1022,1186,510,664,512,522
South Africa,Sudan,3145,3651,1629,2103,1516,1548
South Africa,Eswatini,42038,45435,20503,22074,21535,23361
South Africa,Sweden,248,287,133,170,115,117
South Africa,Switzerland,2037,2365,885,1189,1152,1176
South Africa,Syrian Arab Republic,119,138,56,74,63,64
South Africa,Thailand,908,1054,176,307,732,747
South Africa,North Macedonia,124,143,96,115,28,28
South Africa,Trinidad and Tobago,25,29,13,17,12,12
South Africa,Tunisia,117,140,62,84,55,56
South Africa,Turkey,1171,1359,739,918,432,441
South Africa,Uganda,5032,5852,2884,3662,2148,2190
South Africa,Ukraine,3952,4588,1684,2272,2268,2316
South Africa,United Arab Emirates,185,214,88,115,97,99
South Africa,United Kingdom,61413,67382,29509,32219,31904,35163
South Africa,United Republic of Tanzania,9943,11544,6294,7818,3649,3726
South Africa,United States of America,6220,7429,3319,3960,2901,3469
South Africa,Uruguay,117,135,85,103,32,32
South Africa,Venezuela (Bolivarian Republic of),310,359,151,197,159,162
South Africa,Viet Nam,166,192,65,89,101,103
South Africa,Yemen,83,96,41,54,42,42
South Africa,Zambia,19527,22901,9376,10974,10151,11927
South Africa,Zimbabwe,676383,690243,369664,379965,306719,310278
South Africa,Other,1056160,643999,565594,349874,490566,294125
Benin,Micronesia,0,0,0,0,0,0
Benin,Chad,969,1042,607,655,362,387
Benin,Congo,3783,4071,1955,2109,1828,1962
Benin,France,1304,1402,659,711,645,691
Benin,Ghana,15076,16226,6410,6917,8666,9309
Benin,Côte d'Ivoire,31920,34358,14707,15867,17213,18491
Benin,Mali,3260,3508,1974,2128,1286,1380
Benin,Niger,72579,78124,40165,43303,32414,34821
Benin,Nigeria,80960,87145,40604,43793,40356,43352
Benin,Togo,105441,113502,38103,41158,67338,72344
Benin,Burkina Faso,12004,12920,6775,7305,5229,5615
Benin,Other,38988,41978,20097,21673,18891,20305
Burkina Faso,Micronesia,0,0,0,0,0,0
Burkina Faso,Benin,4178,4342,2124,2207,2054,2135
Burkina Faso,Ghana,32217,33487,11414,11854,20803,21633
Burkina Faso,Côte d'Ivoire,540779,562117,263936,274211,276843,287906
Burkina Faso,Mali,43815,37052,18118,14777,25697,22275
Burkina Faso,Niger,12757,13259,6621,6880,6136,6379
Burkina Faso,Nigeria,5170,5373,2401,2495,2769,2878
Burkina Faso,Senegal,4033,4191,2195,2280,1838,1911
Burkina Faso,Togo,15393,15999,5526,5739,9867,10260
Burkina Faso,Other,46334,48169,22993,23888,23341,24281
Cabo Verde,Micronesia,0,0,0,0,0,0
Cabo Verde,Angola,370,390,175,185,195,205
Cabo Verde,Argentina,4,3,1,1,3,2
Cabo Verde,Belgium,10,9,6,6,4,3
Cabo Verde,Brazil,286,301,135,143,151,158
Cabo Verde,China,23,23,10,11,13,12
Cabo Verde,Cuba,85,89,40,43,45,46
Cabo Verde,France,201,211,94,99,107,112
Cabo Verde,Gabon,8,7,5,5,3,2
Cabo Verde,Gambia,5,4,2,2,3,2
Cabo Verde,Germany,67,69,36,38,31,31
Cabo Verde,Ghana,42,43,20,21,22,22
Cabo Verde,Guinea,413,436,196,208,217,228
Cabo Verde,Italy,407,430,219,232,188,198
Cabo Verde,Côte d'Ivoire,7,6,4,4,3,2
Cabo Verde,Japan,1,0,1,0,0,0
Cabo Verde,Luxembourg,4,3,1,1,3,2
Cabo Verde,Mali,7,6,4,4,3,2
Cabo Verde,Mexico,3,2,3,2,0,0
Cabo Verde,Mozambique,26,26,11,12,15,14
Cabo Verde,Netherlands,37,37,19,20,18,17
Cabo Verde,Nigeria,670,708,314,333,356,375
Cabo Verde,Peru,3,2,3,2,0,0
Cabo Verde,Portugal,1159,1225,553,586,606,639
Cabo Verde,Guinea-Bissau,5015,5330,2780,2944,2235,2386
Cabo Verde,Timor-Leste,8,7,5,5,3,2
Cabo Verde,Russian Federation,698,737,320,339,378,398
Cabo Verde,Sao Tome and Principe,1712,1809,750,794,962,1015
Cabo Verde,Senegal,1478,1562,777,822,701,740
Cabo Verde,Sierra Leone,15,14,7,7,8,7
Cabo Verde,Spain,143,150,67,72,76,78
Cabo Verde,Switzerland,13,12,6,6,7,6
Cabo Verde,Ukraine,22,22,12,13,10,9
Cabo Verde,United Kingdom,52,53,26,27,26,26
Cabo Verde,United States of America,351,370,174,184,177,186
Cabo Verde,United States Virgin Islands,71,73,37,39,34,34
Cabo Verde,Other,1508,1619,734,775,774,844
Côte d'Ivoire,Micronesia,0,0,0,0,0,0
Côte d'Ivoire,Cabo Verde,361,374,201,208,160,166
Côte d'Ivoire,Benin,67983,70576,36915,38322,31068,32254
Côte d'Ivoire,Gambia,7164,7437,3752,3895,3412,3542
Côte d'Ivoire,Ghana,107604,111708,41922,43518,65682,68190
Côte d'Ivoire,Guinea,161361,167516,87024,90340,74337,77176
Côte d'Ivoire,Liberia,27101,28134,11941,12396,15160,15738
Côte d'Ivoire,Libya,6419,6663,3788,3932,2631,2731
Côte d'Ivoire,Mali,505532,522146,280040,289249,225492,232897
Côte d'Ivoire,Mauritania,12271,12739,9503,9866,2768,2873
Côte d'Ivoire,Niger,65679,68184,48976,50844,16703,17340
Côte d'Ivoire,Nigeria,43411,45066,21694,22520,21717,22546
Côte d'Ivoire,Guinea-Bissau,407,422,226,235,181,187
Côte d'Ivoire,Senegal,29253,30368,20376,21152,8877,9216
Côte d'Ivoire,Sierra Leone,822,853,455,472,367,381
Côte d'Ivoire,Togo,39983,41508,22119,22962,17864,18546
Côte d'Ivoire,Burkina Faso,1325777,1376350,741614,769878,584163,606472
Côte d'Ivoire,Other,69485,74813,37564,40459,31921,34354
Gambia,Micronesia,0,0,0,0,0,0
Gambia,Guinea,40369,45215,23347,26164,17022,19051
Gambia,Liberia,968,1082,511,572,457,510
Gambia,Mali,9251,10360,5849,6553,3402,3807
Gambia,Mauritania,3257,3646,2774,3107,483,539
Gambia,Guinea-Bissau,12328,13808,5958,6680,6370,7128
Gambia,Senegal,118452,132678,58468,65541,59984,67137
Gambia,Sierra Leone,2330,2608,1238,1387,1092,1221
Gambia,Other,5585,6262,3356,3762,2229,2500
Ghana,Micronesia,0,0,0,0,0,0
Ghana,Algeria,13,13,10,11,3,2
Ghana,Australia,33,37,14,17,19,20
Ghana,Brazil,13,13,7,8,6,5
Ghana,Cameroon,116,132,77,89,39,43
Ghana,Canada,283,323,135,154,148,169
Ghana,Sri Lanka,20,21,11,12,9,9
Ghana,Chad,15,15,12,13,3,2
Ghana,China,232,266,194,224,38,42
Ghana,Democratic Republic of the Congo,30,33,16,19,14,14
Ghana,Benin,17183,19736,9492,10923,7691,8813
Ghana,Ethiopia,30,33,16,19,14,14
Ghana,France,223,254,127,146,96,108
Ghana,Gambia,1645,1888,877,1010,768,878
Ghana,Guinea,140,159,89,102,51,57
Ghana,India,871,999,533,613,338,386
Ghana,Israel,46,51,27,31,19,20
Ghana,Italy,236,270,145,167,91,103
Ghana,Côte d'Ivoire,64621,74228,34439,39639,30182,34589
Ghana,Japan,56,63,37,43,19,20
Ghana,Kenya,15,15,12,13,3,2
Ghana,Lebanon,1006,1155,614,707,392,448
Ghana,Liberia,30418,34940,16211,18659,14207,16281
Ghana,Mali,5137,5900,3626,4170,1511,1730
Ghana,Mauritania,13,13,9,10,4,3
Ghana,Netherlands,187,213,105,120,82,93
Ghana,Niger,6048,6945,4342,4992,1706,1953
Ghana,Nigeria,70214,80652,40371,46452,29843,34200
Ghana,Pakistan,67,76,35,41,32,35
Ghana,Philippines,28,30,15,17,13,13
Ghana,Poland,47,52,22,25,25,27
Ghana,Russian Federation,67,76,29,34,38,42
Ghana,Rwanda,382,437,135,155,247,282
Ghana,Senegal,75,85,47,55,28,30
Ghana,Sierra Leone,2386,2740,1188,1369,1198,1371
Ghana,Sudan,25,27,19,22,6,5
Ghana,Switzerland,148,169,83,96,65,73
Ghana,Syrian Arab Republic,52,58,28,33,24,25
Ghana,Togo,90343,103799,48147,55414,42196,48385
Ghana,Egypt,39,43,22,25,17,18
Ghana,United Kingdom,1390,1595,677,780,713,815
Ghana,United Republic of Tanzania,8,8,4,5,4,3
Ghana,United States of America,625,716,291,334,334,382
Ghana,Burkina Faso,58704,67431,31286,36011,27418,31420
Ghana,Other,61514,70703,27450,31624,34064,39079
Guinea,Micronesia,39,29,24,22,15,7
Guinea,Afghanistan,3,1,3,1,0,0
Guinea,Albania,11,9,7,7,4,2
Guinea,Algeria,7044,6766,4305,4147,2739,2619
Guinea,Andorra,6,4,4,4,2,0
Guinea,Angola,115,109,74,71,41,38
Guinea,Antigua and Barbuda,4452,4276,2545,2453,1907,1823
Guinea,Azerbaijan,5,3,5,3,0,0
Guinea,Argentina,112,105,65,62,47,43
Guinea,Australia,10,8,7,7,3,1
Guinea,Austria,1,0,1,0,0,0
Guinea,Bahamas,13,11,6,6,7,5
Guinea,Bahrain,3,1,2,1,1,0
Guinea,Bangladesh,1,0,1,0,0,0
Guinea,Armenia,9,7,9,7,0,0
Guinea,Barbados,11,9,10,9,1,0
Guinea,Belgium,40,37,26,25,14,12
Guinea,Bhutan,3,1,2,1,1,0
Guinea,Bolivia (Plurinational State of),5,3,2,2,3,1
Guinea,Bosnia and Herzegovina,2,0,2,0,0,0
Guinea,Botswana,50,46,30,28,20,18
Guinea,Brazil,14,12,10,10,4,2
Guinea,Belize,2,0,2,0,0,0
Guinea,Solomon Islands,12,10,8,8,4,2
Guinea,Bulgaria,3,1,2,1,1,0
Guinea,Myanmar,2,0,2,0,0,0
Guinea,Burundi,39,36,26,25,13,11
Guinea,Cambodia,9,7,5,5,4,2
Guinea,Cameroon,196,187,142,136,54,51
Guinea,Canada,46,42,30,28,16,14
Guinea,Cabo Verde,34,31,21,20,13,11
Guinea,Central African Republic,18,16,14,14,4,2
Guinea,Sri Lanka,2,0,2,0,0,0
Guinea,Chad,389,372,275,265,114,107
Guinea,Chile,11,9,8,8,3,1
Guinea,China,169,161,134,129,35,32
Guinea,Colombia,2623,2519,1517,1463,1106,1056
Guinea,Comoros,761,730,475,459,286,271
Guinea,Congo,122,116,79,76,43,40
Guinea,Democratic Republic of the Congo,77,73,49,48,28,25
Guinea,Costa Rica,118,112,73,71,45,41
Guinea,Croatia,19,17,12,12,7,5
Guinea,Cuba,1786,1714,1064,1024,722,690
Guinea,Benin,408,391,280,270,128,121
Guinea,Denmark,66,63,38,38,28,25
Guinea,Dominica,13,11,4,4,9,7
Guinea,Dominican Republic,2,0,1,0,1,0
Guinea,Ecuador,2,0,2,0,0,0
Guinea,El Salvador,4,2,2,2,2,0
Guinea,Equatorial Guinea,10695,10274,6238,6012,4457,4262
Guinea,Ethiopia,12,10,7,7,5,3
Guinea,Eritrea,23,20,15,14,8,6
Guinea,Fiji,3,1,2,1,1,0
Guinea,Finland,6,4,4,4,2,0
Guinea,France,248,237,173,167,75,70
Guinea,Djibouti,18,16,14,14,4,2
Guinea,Gabon,74,70,47,46,27,24
Guinea,Gambia,281,268,170,163,111,105
Guinea,Germany,27,24,18,17,9,7
Guinea,Ghana,588,564,479,460,109,104
Guinea,Kiribati,3,1,3,1,0,0
Guinea,Haiti,25,22,13,12,12,10
Guinea,Honduras,298,285,166,161,132,124
Guinea,India,49,45,46,44,3,1
Guinea,Israel,11,9,7,7,4,2
Guinea,Italy,82,78,47,46,35,32
Guinea,Côte d'Ivoire,7968,7654,4702,4531,3266,3123
Guinea,Japan,54,50,33,31,21,19
Guinea,Jordan,2,0,2,0,0,0
Guinea,Kenya,1999,1920,1166,1124,833,796
Guinea,Dem. People's Republic of Korea,1232,1183,718,693,514,490
Guinea,Republic of Korea,426,407,276,266,150,141
Guinea,Lebanon,156,148,126,121,30,27
Guinea,Lesotho,32,29,22,21,10,8
Guinea,Latvia,23,20,12,11,11,9
Guinea,Liberia,2765,2655,1537,1481,1228,1174
Guinea,Libya,44,41,29,28,15,13
Guinea,Liechtenstein,4,2,1,1,3,1
Guinea,Madagascar,10,8,5,5,5,3
Guinea,Malawi,17,15,12,12,5,3
Guinea,Malaysia,1,0,1,0,0,0
Guinea,Mali,46991,45192,26278,25351,20713,19841
Guinea,Mauritania,1154,1107,776,747,378,360
Guinea,Mauritius,15,13,11,11,4,2
Guinea,Republic of Moldova,3,1,2,1,1,0
Guinea,Morocco,333,318,205,197,128,121
Guinea,Mozambique,19,17,13,13,6,4
Guinea,Namibia,3,1,2,1,1,0
Guinea,Nauru,18,16,12,12,6,4
Guinea,Nepal,25,22,19,18,6,4
Guinea,Netherlands,38,35,26,25,12,10
Guinea,New Zealand,2,0,2,0,0,0
Guinea,Nicaragua,5,3,3,3,2,0
Guinea,Niger,193,184,155,149,38,35
Guinea,Nigeria,381,364,314,302,67,62
Guinea,Norway,2,0,2,0,0,0
Guinea,Micronesia (Fed. States of),3,1,1,1,2,0
Guinea,Marshall Islands,6,4,3,3,3,1
Guinea,Palau,9,7,5,5,4,2
Guinea,Pakistan,19,17,15,15,4,2
Guinea,Papua New Guinea,16,14,12,12,4,2
Guinea,Philippines,3,1,3,1,0,0
Guinea,Poland,1,0,0,0,1,0
Guinea,Portugal,14,12,14,12,0,0
Guinea,Guinea-Bissau,4540,4361,2592,2499,1948,1862
Guinea,Romania,5,3,4,3,1,0
Guinea,Russian Federation,39,36,31,30,8,6
Guinea,Rwanda,39,36,23,22,16,14
Guinea,Saint Vincent and the Grenadines,30,27,19,18,11,9
Guinea,Sao Tome and Principe,33,30,20,19,13,11
Guinea,Saudi Arabia,31,28,20,19,11,9
Guinea,Senegal,2139,2053,1296,1248,843,805
Guinea,Serbia,2,0,1,0,1,0
Guinea,Seychelles,3,1,2,1,1,0
Guinea,Sierra Leone,8683,8342,5068,4886,3615,3456
Guinea,Viet Nam,5,3,4,3,1,0
Guinea,Slovenia,28,25,17,16,11,9
Guinea,Somalia,6,4,4,4,2,0
Guinea,South Africa,1251,1201,762,735,489,466
Guinea,Zimbabwe,4,2,3,2,1,0
Guinea,Spain,1187,1139,700,675,487,464
Guinea,South Sudan,3,1,2,1,1,0
Guinea,Sudan,7,5,5,5,2,0
Guinea,Eswatini,5,3,4,3,1,0
Guinea,Sweden,3,1,3,1,0,0
Guinea,Switzerland,17,15,11,11,6,4
Guinea,Syrian Arab Republic,8,6,7,6,1,0
Guinea,Tajikistan,1,0,1,0,0,0
Guinea,Thailand,51,47,31,29,20,18
Guinea,Togo,533,510,387,372,146,138
Guinea,Tonga,972,932,566,546,406,386
Guinea,Tunisia,533,510,297,286,236,224
Guinea,Turkey,35,32,24,23,11,9
Guinea,Tuvalu,1,0,1,0,0,0
Guinea,Uganda,1,0,1,0,0,0
Guinea,Ukraine,9,7,6,6,3,1
Guinea,Egypt,27,24,21,20,6,4
Guinea,United Kingdom,8,6,5,5,3,1
Guinea,United Republic of Tanzania,2,0,2,0,0,0
Guinea,United States of America,301,288,182,176,119,112
Guinea,Burkina Faso,588,564,518,499,70,65
Guinea,Uruguay,1,0,1,0,0,0
Guinea,Uzbekistan,1,0,1,0,0,0
Guinea,Samoa,28,25,17,16,11,9
Guinea,Other,10225,9753,6187,5870,4038,3883
Guinea-Bissau,Micronesia,0,0,0,0,0,0
Guinea-Bissau,Canada,57,41,24,18,33,23
Guinea-Bissau,Cabo Verde,552,403,215,163,337,240
Guinea-Bissau,France,110,79,77,56,33,23
Guinea-Bissau,Gambia,1495,1092,746,558,749,534
Guinea-Bissau,Guinea,4938,3612,2496,1867,2442,1745
Guinea-Bissau,Liberia,898,634,565,409,333,225
Guinea-Bissau,Mauritania,559,408,281,210,278,198
Guinea-Bissau,Portugal,823,601,398,298,425,303
Guinea-Bissau,Senegal,11087,9093,5158,4328,5929,4765
Guinea-Bissau,Sierra Leone,812,585,411,303,401,282
Guinea-Bissau,United States of America,311,226,130,98,181,128
Guinea-Bissau,Other,691,1171,325,559,366,612
Liberia,Micronesia,0,0,0,0,0,0
Liberia,Canada,56,42,25,20,31,22
Liberia,Benin,28,20,22,18,6,2
Liberia,France,67,51,30,24,37,27
Liberia,Gambia,816,630,452,354,364,276
Liberia,Germany,213,162,92,72,121,90
Liberia,Ghana,8113,7524,4687,4132,3426,3392
Liberia,Guinea,32482,26978,17918,14953,14564,12025
Liberia,India,817,631,691,537,126,94
Liberia,Italy,57,43,31,25,26,18
Liberia,Côte d'Ivoire,36541,19715,19538,10674,17003,9041
Liberia,Lebanon,999,771,712,554,287,217
Liberia,Mali,1454,1122,1045,656,409,466
Liberia,Netherlands,68,52,31,25,37,27
Liberia,Niger,259,199,102,81,157,118
Liberia,Nigeria,5649,4366,4384,3403,1265,963
Liberia,Guinea-Bissau,521,401,218,149,303,252
Liberia,Senegal,392,302,270,211,122,91
Liberia,Sierra Leone,14536,16853,7848,9212,6688,7641
Liberia,Spain,65,49,31,24,34,25
Liberia,Sweden,258,199,115,92,143,107
Liberia,Switzerland,34,25,17,13,17,12
Liberia,Togo,418,321,271,210,147,111
Liberia,United Kingdom,263,202,119,94,144,108
Liberia,United States of America,517,399,271,213,246,186
Liberia,Burkina Faso,253,195,186,145,67,50
Liberia,Other,7235,6695,4973,4803,2262,1892
Mali,Micronesia,0,0,0,0,0,0
Mali,Afghanistan,473,553,368,432,105,121
Mali,Albania,1264,1482,566,666,698,816
Mali,Algeria,473,553,302,355,171,198
Mali,American Samoa,395,462,185,218,210,244
Mali,Andorra,1027,1204,540,635,487,569
Mali,Angola,1542,1807,726,852,816,955
Mali,British Virgin Islands,500,585,211,247,289,338
Mali,Cameroon,1778,2084,907,1065,871,1019
Mali,Central African Republic,1200,1299,627,680,573,619
Mali,Chad,593,694,290,341,303,353
Mali,Chile,1528,1792,830,976,698,816
Mali,China,3439,4035,1909,2243,1530,1792
Mali,Congo,10473,12288,5462,6416,5011,5872
Mali,Democratic Republic of the Congo,2226,2611,1092,1283,1134,1328
Mali,Croatia,975,1142,620,727,355,415
Mali,Benin,1594,1869,921,1082,673,787
Mali,Equatorial Guinea,803,941,396,466,407,475
Mali,France,5362,6291,2844,3342,2518,2949
Mali,French Polynesia,341,398,170,200,171,198
Mali,Gabon,11817,13867,5960,7003,5857,6864
Mali,Gambia,1237,1451,605,713,632,738
Mali,Ghana,4993,5857,2790,3277,2203,2580
Mali,Grenada,369,431,159,187,210,244
Mali,Guadeloupe,935,1096,421,495,514,601
Mali,Guinea,35755,41960,18437,21662,17318,20298
Mali,Israel,1330,1559,711,835,619,724
Mali,Côte d'Ivoire,166367,195271,80904,95062,85463,100209
Mali,Japan,631,738,315,370,316,368
Mali,Kazakhstan,1830,2146,1052,1235,778,911
Mali,Dem. People's Republic of Korea,1764,2069,789,928,975,1141
Mali,Liberia,1119,1312,487,574,632,738
Mali,Libya,1080,1266,673,791,407,475
Mali,Mauritania,13539,24197,7413,13246,6126,10951
Mali,Morocco,777,910,315,370,462,540
Mali,Niger,11368,13340,6659,7822,4709,5518
Mali,Nigeria,3636,4265,1870,2195,1766,2070
Mali,Guinea-Bissau,355,414,118,138,237,276
Mali,Russian Federation,381,445,183,216,198,229
Mali,Rwanda,473,553,275,324,198,229
Mali,Saudi Arabia,1448,1698,632,743,816,955
Mali,Senegal,20671,24257,10304,12105,10367,12152
Mali,Sierra Leone,2107,2471,973,1143,1134,1328
Mali,Singapore,815,955,446,524,369,431
Mali,South Africa,553,646,368,431,185,215
Mali,Sudan,606,709,356,418,250,291
Mali,Thailand,447,523,171,202,276,321
Mali,Togo,3833,4498,2145,2520,1688,1978
Mali,United Arab Emirates,3030,3555,1580,1857,1450,1698
Mali,Turks and Caicos Islands,659,771,290,340,369,431
Mali,Egypt,724,848,342,403,382,445
Mali,United Republic of Tanzania,881,1033,341,401,540,632
Mali,United States of America,1421,1666,893,1049,528,617
Mali,United States Virgin Islands,461,540,224,264,237,276
Mali,Burkina Faso,53080,62291,28664,33673,24416,28618
Mali,Uruguay,500,585,236,278,264,307
Mali,Zambia,579,678,238,280,341,398
Mali,Other,32947,22868,15913,10008,17034,12860
Mauritania,Micronesia,0,0,0,0,0,0
Mauritania,Algeria,1634,1788,1085,1191,549,597
Mauritania,Argentina,66,71,42,46,24,25
Mauritania,Belgium,60,64,36,39,24,25
Mauritania,Brazil,159,173,102,112,57,61
Mauritania,Cameroon,392,428,256,280,136,148
Mauritania,Canada,50,53,36,39,14,14
Mauritania,Chad,51,54,34,37,17,17
Mauritania,China,158,172,55,62,103,110
Mauritania,Democratic Republic of the Congo,90,97,55,60,35,37
Mauritania,Benin,551,602,331,364,220,238
Mauritania,Gabon,84,90,51,55,33,35
Mauritania,State of Palestine,161,175,95,105,66,70
Mauritania,Ghana,206,223,94,102,112,121
Mauritania,Guinea,3105,3396,1477,1622,1628,1774
Mauritania,Iraq,112,122,67,75,45,47
Mauritania,Italy,54,58,32,36,22,22
Mauritania,Côte d'Ivoire,462,504,264,290,198,214
Mauritania,Republic of Korea,69,74,33,36,36,38
Mauritania,Kuwait,31,33,17,19,14,14
Mauritania,Lebanon,118,128,65,71,53,57
Mauritania,Libya,138,150,81,89,57,61
Mauritania,Mali,104491,114379,59758,65555,44733,48824
Mauritania,Morocco,342,373,204,223,138,150
Mauritania,Niger,150,162,80,87,70,75
Mauritania,Guinea-Bissau,1203,1316,548,604,655,712
Mauritania,Russian Federation,60,64,49,53,11,11
Mauritania,Saudi Arabia,305,332,187,204,118,128
Mauritania,Senegal,17630,19294,10435,11445,7195,7849
Mauritania,Spain,84,90,54,58,30,32
Mauritania,Western Sahara,28007,30652,14724,16161,13283,14491
Mauritania,Syrian Arab Republic,322,606,189,356,133,250
Mauritania,Togo,144,156,69,76,75,80
Mauritania,United Arab Emirates,68,73,38,41,30,32
Mauritania,Tunisia,248,270,140,154,108,116
Mauritania,Egypt,225,245,130,143,95,102
Mauritania,United States of America,108,116,66,72,42,44
Mauritania,Other,5414,5703,3091,3241,2323,2462
Niger,Micronesia,0,0,0,0,0,0
Niger,Algeria,460,587,278,353,182,234
Niger,Cameroon,417,531,183,228,234,303
Niger,Chad,756,1459,416,795,340,664
Niger,Benin,17908,22875,6589,8186,11319,14689
Niger,Ghana,1680,2145,654,815,1026,1330
Niger,Côte d'Ivoire,1419,1811,666,835,753,976
Niger,Libya,157,200,90,115,67,85
Niger,Mali,94640,108802,45793,51747,48847,57055
Niger,Nigeria,93179,154739,45658,74556,47521,80183
Niger,Senegal,1150,1468,715,904,435,564
Niger,Sudan,529,1771,221,724,308,1047
Niger,Togo,9702,12392,3039,3746,6663,8646
Niger,Burkina Faso,19323,24683,10681,13468,8642,11215
Niger,Other,11678,14593,4932,5547,6746,9046
Nigeria,Micronesia,0,0,0,0,0,0
Nigeria,Cameroon,26893,52489,14755,28631,12138,23858
Nigeria,Chad,29175,31261,16007,17050,13168,14211
Nigeria,Benin,351985,377169,193115,205701,158870,171468
Nigeria,Ghana,222377,238284,122006,129958,100371,108326
Nigeria,Liberia,20541,22009,11270,12005,9271,10004
Nigeria,Mali,160967,172481,88314,94070,72653,78411
Nigeria,Niger,112733,120797,61851,65882,50882,54915
Nigeria,Sierra Leone,4073,4363,2235,2380,1838,1983
Nigeria,Togo,147698,158262,81034,86314,66664,71948
Nigeria,Other,122673,131453,67300,71687,55373,59766
Saint Helena,Micronesia,0,0,0,0,0,0
Saint Helena,South Africa,66,76,42,52,24,24
Saint Helena,United Kingdom,247,287,168,203,79,84
Saint Helena,Other,64,74,41,51,23,23
Senegal,Micronesia,0,0,0,0,0,0
Senegal,Algeria,4204,4338,1574,1618,2630,2720
Senegal,Brazil,650,670,322,332,328,338
Senegal,Cameroon,1014,1050,403,417,611,633
Senegal,Central African Republic,668,723,344,372,324,351
Senegal,Democratic Republic of the Congo,295,362,152,187,143,175
Senegal,Benin,3621,3740,1890,1949,1731,1791
Senegal,France,13909,14357,6881,7085,7028,7272
Senegal,Gambia,5386,5622,2442,2546,2944,3076
Senegal,Germany,876,904,451,466,425,438
Senegal,Ghana,1790,1845,1397,1440,393,405
Senegal,Guinea,51711,53430,32997,34046,18714,19384
Senegal,Côte d'Ivoire,2850,2928,1535,1576,1315,1352
Senegal,Lebanon,1106,1140,723,745,383,395
Senegal,Liberia,439,448,226,231,213,217
Senegal,Mali,34245,35360,19185,19774,15060,15586
Senegal,Mauritania,45357,46376,24309,24819,21048,21557
Senegal,Morocco,4134,4268,2044,2107,2090,2161
Senegal,Niger,1697,1752,909,937,788,815
Senegal,Nigeria,829,848,619,635,210,213
Senegal,Guinea-Bissau,29591,30550,13281,13673,16310,16877
Senegal,Rwanda,283,282,146,145,137,137
Senegal,Saudi Arabia,1430,1476,697,719,733,757
Senegal,Sierra Leone,14963,15453,7130,7344,7833,8109
Senegal,Togo,1677,1739,1127,1167,550,572
Senegal,Turkey,0,87,0,46,0,41
Senegal,United States of America,802,826,400,411,402,415
Senegal,Other,42969,44355,20218,20804,22751,23551
Sierra Leone,Micronesia,0,0,0,0,0,0
Sierra Leone,Canada,19,16,12,12,7,4
Sierra Leone,Cabo Verde,43,88,27,68,16,20
Sierra Leone,Chad,0,0,0,0,0,0
Sierra Leone,China,195,187,120,42,75,145
Sierra Leone,Democratic Republic of the Congo,0,0,0,0,0,0
Sierra Leone,Benin,65,101,40,70,25,31
Sierra Leone,Equatorial Guinea,0,0,0,0,0,0
Sierra Leone,Eritrea,1,0,1,0,0,0
Sierra Leone,Gambia,705,524,432,316,273,208
Sierra Leone,Germany,36,32,23,20,13,12
Sierra Leone,Ghana,995,939,609,559,386,380
Sierra Leone,Guinea,39375,36058,22078,20374,17297,15684
Sierra Leone,India,855,959,523,470,332,489
Sierra Leone,Iraq,0,0,0,0,0,0
Sierra Leone,Côte d'Ivoire,154,118,94,76,60,42
Sierra Leone,Japan,1,0,1,0,0,0
Sierra Leone,Kenya,27,26,17,17,10,9
Sierra Leone,Dem. People's Republic of Korea,3,2,2,2,1,0
Sierra Leone,Republic of Korea,4,1,3,1,1,0
Sierra Leone,Lebanon,617,586,378,360,239,226
Sierra Leone,Liberia,10917,9097,5765,5009,5152,4088
Sierra Leone,Mali,323,262,199,148,124,114
Sierra Leone,Mauritania,97,89,60,56,37,33
Sierra Leone,Niger,53,47,33,31,20,16
Sierra Leone,Nigeria,2022,2176,1237,1295,785,881
Sierra Leone,Pakistan,94,86,58,53,36,33
Sierra Leone,Guinea-Bissau,377,650,231,389,146,261
Sierra Leone,Russian Federation,67,68,41,45,26,23
Sierra Leone,Rwanda,0,0,0,0,0,0
Sierra Leone,Senegal,353,306,216,175,137,131
Sierra Leone,Viet Nam,0,0,0,0,0,0
Sierra Leone,South Africa,85,77,52,47,33,30
Sierra Leone,Sudan,15,7,8,5,7,2
Sierra Leone,Togo,27,22,17,13,10,9
Sierra Leone,United Kingdom,167,141,103,89,64,52
Sierra Leone,United States of America,179,152,110,95,69,57
Sierra Leone,Burkina Faso,11,8,7,5,4,3
Sierra Leone,Zambia,18,17,12,12,6,5
Sierra Leone,Other,930,904,568,554,362,350
Togo,Micronesia,0,0,0,0,0,0
Togo,Belgium,65,64,44,44,21,20
Togo,Cameroon,697,702,446,452,251,250
Togo,Canada,48,47,31,31,17,16
Togo,Cabo Verde,40,39,22,22,18,17
Togo,Central African Republic,375,377,214,217,161,160
Togo,Chad,713,718,483,488,230,230
Togo,China,517,521,422,427,95,94
Togo,Congo,257,258,157,158,100,100
Togo,Democratic Republic of the Congo,651,656,320,325,331,331
Togo,Benin,71638,72330,34247,34849,37391,37481
Togo,Equatorial Guinea,107,107,67,68,40,39
Togo,France,792,798,438,445,354,353
Togo,Gabon,896,903,499,506,397,397
Togo,Gambia,1063,1071,603,611,460,460
Togo,Germany,200,201,94,95,106,106
Togo,Ghana,46794,47232,19245,19608,27549,27624
Togo,Guinea,3338,3367,1828,1855,1510,1512
Togo,Côte d'Ivoire,5746,5798,2850,2897,2896,2901
Togo,Liberia,168,168,85,86,83,82
Togo,Mali,8122,8196,4567,4634,3555,3562
Togo,Mauritania,145,144,65,65,80,79
Togo,Niger,65729,66332,36541,37085,29188,29247
Togo,Nigeria,31974,32266,18046,18311,13928,13955
Togo,Guinea-Bissau,130,130,57,58,73,72
Togo,Rwanda,665,669,321,325,344,344
Togo,Sao Tome and Principe,41,40,21,21,20,19
Togo,Senegal,1008,1016,568,576,440,440
Togo,Sierra Leone,105,105,49,50,56,55
Togo,United States of America,182,182,87,88,95,94
Togo,Burkina Faso,13641,13765,7443,7556,6198,6209
Togo,Other,21537,21734,9680,9854,11857,11880
Kazakhstan,Micronesia,0,0,0,0,0,0
Kazakhstan,Azerbaijan,48377,50912,27154,28578,21223,22334
Kazakhstan,Armenia,9144,9622,5403,5686,3741,3936
Kazakhstan,Belarus,69136,72761,34701,36522,34435,36239
Kazakhstan,China,2162,2274,1227,1291,935,983
Kazakhstan,Estonia,1113,1170,528,556,585,614
Kazakhstan,Georgia,3275,3445,2048,2155,1227,1290
Kazakhstan,Dem. People's Republic of Korea,61600,64829,31724,33389,29876,31440
Kazakhstan,Republic of Korea,31916,33588,16656,17529,15260,16059
Kazakhstan,Kyrgyzstan,6734,7085,3226,3395,3508,3690
Kazakhstan,Latvia,1113,1170,588,619,525,551
Kazakhstan,Lithuania,4386,4615,2398,2524,1988,2091
Kazakhstan,Republic of Moldova,12048,12678,6319,6650,5729,6028
Kazakhstan,Russian Federation,2352598,2476018,1144573,1204657,1208025,1271361
Kazakhstan,Tajikistan,15816,16644,8683,9139,7133,7505
Kazakhstan,Turkey,46894,49353,24971,26282,21923,23071
Kazakhstan,Turkmenistan,1050,1104,641,675,409,429
Kazakhstan,Ukraine,338022,355751,167131,175903,170891,179848
Kazakhstan,Uzbekistan,281713,296511,149326,157167,132387,139344
Kazakhstan,Other,258963,272543,130531,137380,128432,135163
Kyrgyzstan,Micronesia,0,0,0,0,0,0
Kyrgyzstan,Azerbaijan,4678,4554,2355,2293,2323,2261
Kyrgyzstan,Armenia,2380,2315,1215,1182,1165,1133
Kyrgyzstan,Belarus,9947,9684,3679,3583,6268,6101
Kyrgyzstan,China,271,262,136,132,135,130
Kyrgyzstan,Estonia,573,557,235,229,338,328
Kyrgyzstan,Finland,116,111,66,64,50,47
Kyrgyzstan,Georgia,3270,3183,1568,1527,1702,1656
Kyrgyzstan,Germany,1820,1771,755,736,1065,1035
Kyrgyzstan,Kazakhstan,12940,12599,4990,4860,7950,7739
Kyrgyzstan,Dem. People's Republic of Korea,1777,1729,783,763,994,966
Kyrgyzstan,Republic of Korea,233,225,106,103,127,122
Kyrgyzstan,Latvia,902,877,375,366,527,511
Kyrgyzstan,Lithuania,2649,2578,1090,1062,1559,1516
Kyrgyzstan,Republic of Moldova,2660,2588,1183,1151,1477,1437
Kyrgyzstan,Poland,3212,3126,1212,1180,2000,1946
Kyrgyzstan,Romania,482,468,217,212,265,256
Kyrgyzstan,Russian Federation,111753,108854,44251,43098,67502,65756
Kyrgyzstan,Viet Nam,107,102,68,65,39,37
Kyrgyzstan,Tajikistan,2205,2146,1065,1037,1140,1109
Kyrgyzstan,Turkey,1051,1021,497,484,554,537
Kyrgyzstan,Turkmenistan,1001,973,422,410,579,563
Kyrgyzstan,Ukraine,26771,26066,10431,10158,16340,15908
Kyrgyzstan,Uzbekistan,9183,8940,4015,3910,5168,5030
Kyrgyzstan,Other,4401,4282,1902,1851,2499,2431
Tajikistan,Micronesia,0,0,0,0,0,0
Tajikistan,Afghanistan,12393,12433,5550,5566,6843,6867
Tajikistan,Algeria,129,128,58,59,71,69
Tajikistan,Azerbaijan,169,168,64,65,105,103
Tajikistan,Austria,63,61,29,29,34,32
Tajikistan,Armenia,194,193,75,76,119,117
Tajikistan,Brunei Darussalam,23,21,12,12,11,9
Tajikistan,Belarus,680,680,277,277,403,403
Tajikistan,Canada,49,47,27,27,22,20
Tajikistan,China,48,46,31,31,17,15
Tajikistan,Denmark,130,129,79,80,51,49
Tajikistan,Georgia,664,664,341,342,323,322
Tajikistan,Germany,133,132,74,75,59,57
Tajikistan,India,617,618,386,388,231,230
Tajikistan,Iran (Islamic Republic of),1197,1200,630,633,567,567
Tajikistan,Iraq,62,60,34,34,28,26
Tajikistan,Kazakhstan,839,840,400,401,439,439
Tajikistan,Dem. People's Republic of Korea,155,154,93,94,62,60
Tajikistan,Kyrgyzstan,11301,11351,5767,5780,5534,5571
Tajikistan,Republic of Moldova,787,788,284,285,503,503
Tajikistan,Oman,36,34,18,18,18,16
Tajikistan,Netherlands,50,48,18,18,32,30
Tajikistan,New Zealand,109,107,52,52,57,55
Tajikistan,Niger,22,20,11,11,11,9
Tajikistan,Pakistan,105,103,54,54,51,49
Tajikistan,Poland,37,35,19,19,18,16
Tajikistan,Russian Federation,234154,234998,98688,99156,135466,135842
Tajikistan,Switzerland,52,50,29,29,23,21
Tajikistan,Turkey,776,777,415,417,361,360
Tajikistan,Turkmenistan,446,446,217,218,229,228
Tajikistan,Ukraine,1209,1212,737,740,472,472
Tajikistan,United Kingdom,314,313,232,233,82,80
Tajikistan,United States of America,274,273,146,146,128,127
Tajikistan,United States Virgin Islands,22,20,11,11,11,9
Tajikistan,Uzbekistan,7539,7563,3643,3659,3896,3904
Tajikistan,Zambia,23,21,12,12,11,9
Tajikistan,Other,300,298,126,127,174,171
Turkmenistan,Micronesia,0,0,0,0,0,0
Turkmenistan,Afghanistan,231,198,116,99,115,99
Turkmenistan,Azerbaijan,7654,7596,3732,3762,3922,3834
Turkmenistan,Armenia,7113,7058,3439,3465,3674,3593
Turkmenistan,Belarus,2059,2042,1323,1323,736,719
Turkmenistan,Germany,1038,1029,432,438,606,591
Turkmenistan,Iran (Islamic Republic of),1904,1887,930,936,974,951
Turkmenistan,Kazakhstan,20145,19994,9726,9804,10419,10190
Turkmenistan,Russian Federation,75153,74600,33534,33883,41619,40717
Turkmenistan,Tajikistan,1478,1465,739,732,739,733
Turkmenistan,Ukraine,8012,7952,4031,4059,3981,3893
Turkmenistan,Uzbekistan,67505,67003,31345,31641,36160,35362
Turkmenistan,Other,4084,4096,2184,2215,1900,1881
Uzbekistan,Micronesia,0,0,0,0,0,0
Uzbekistan,Azerbaijan,20357,20201,10745,10690,9612,9511
Uzbekistan,Armenia,5870,5824,3064,3049,2806,2775
Uzbekistan,Belarus,26532,26330,12881,12822,13651,13508
Uzbekistan,Germany,8610,8543,4069,4051,4541,4492
Uzbekistan,Kazakhstan,13194,13092,5969,5943,7225,7149
Uzbekistan,Kyrgyzstan,4894,4856,2221,2212,2673,2644
Uzbekistan,Russian Federation,877690,871047,403502,401787,474188,469260
Uzbekistan,Tajikistan,11496,11408,6060,6030,5436,5378
Uzbekistan,Turkmenistan,763,756,452,449,311,307
Uzbekistan,Ukraine,124602,123658,58553,58298,66049,65360
Uzbekistan,Other,76865,76292,38205,38033,38660,38259
China,Micronesia,0,0,0,0,0,0
China,Australia,3726,4052,2519,2739,1207,1313
China,Bangladesh,2865,3115,1551,1687,1314,1428
China,Brazil,52956,57602,34061,37050,18895,20552
China,Canada,6151,6691,4212,4584,1939,2107
China,Sri Lanka,3875,4214,1861,2024,2014,2190
China,"China, Hong Kong SAR",192643,209555,119930,130454,72713,79101
China,India,6393,6953,4259,4633,2134,2320
China,Indonesia,28325,30811,13648,14847,14677,15964
China,Japan,4866,5292,3332,3624,1534,1668
China,Republic of Korea,133146,144831,88090,95822,45056,49009
China,"China, Macao SAR",17393,18918,10011,10889,7382,8029
China,Malaysia,4370,4753,2893,3147,1477,1606
China,Pakistan,3140,3414,2105,2290,1035,1124
China,Peru,9612,10455,6183,6725,3429,3730
China,Philippines,52087,56657,28618,31130,23469,25527
China,Russian Federation,2113,2297,1373,1493,740,804
China,Viet Nam,300896,303095,184632,185982,116264,117113
China,Thailand,10830,11779,6348,6905,4482,4874
China,United Kingdom,6493,7061,4540,4938,1953,2123
China,United States of America,19088,20762,12762,13882,6326,6880
China,Other,117078,127368,67208,73107,49870,54261
"China, Hong Kong SAR",Micronesia,0,0,0,0,0,0
"China, Hong Kong SAR",Australia,9098,9486,4700,4745,4398,4741
"China, Hong Kong SAR",Bangladesh,444,462,270,275,174,187
"China, Hong Kong SAR",Canada,14672,15298,7856,7950,6816,7348
"China, Hong Kong SAR",China,2309769,2408447,990593,986206,1319176,1422241
"China, Hong Kong SAR","China, Macao SAR",71366,74414,30722,30595,40644,43819
"China, Hong Kong SAR",France,2196,2289,1392,1423,804,866
"China, Hong Kong SAR",Germany,1974,2058,1408,1448,566,610
"China, Hong Kong SAR",India,18019,18788,8181,8182,9838,10606
"China, Hong Kong SAR",Indonesia,134708,140463,9965,5975,124743,134488
"China, Hong Kong SAR",Ireland,695,724,383,388,312,336
"China, Hong Kong SAR",Italy,642,669,385,392,257,277
"China, Hong Kong SAR",Japan,14197,14803,6885,6920,7312,7883
"China, Hong Kong SAR",Malaysia,15286,15939,6831,6824,8455,9115
"China, Hong Kong SAR",Nepal,9342,9741,4270,4273,5072,5468
"China, Hong Kong SAR",Netherlands,1020,1063,637,651,383,412
"China, Hong Kong SAR",New Zealand,2249,2345,1405,1436,844,909
"China, Hong Kong SAR",Pakistan,7560,7882,4309,4378,3251,3504
"China, Hong Kong SAR",Philippines,118015,123056,2920,3045,115095,120011
"China, Hong Kong SAR",Portugal,109,113,45,44,64,69
"China, Hong Kong SAR",Republic of Korea,4836,5042,1840,1812,2996,3230
"China, Hong Kong SAR",Russian Federation,87,90,10,7,77,83
"China, Hong Kong SAR",Singapore,9887,10309,4171,4147,5716,6162
"China, Hong Kong SAR",Spain,401,418,190,191,211,227
"China, Hong Kong SAR",Sri Lanka,782,815,245,237,537,578
"China, Hong Kong SAR",Switzerland,726,757,492,505,234,252
"China, Hong Kong SAR",Thailand,19208,20028,1564,1006,17644,19022
"China, Hong Kong SAR",United Kingdom,17681,18436,10564,10763,7117,7673
"China, Hong Kong SAR",United States of America,13261,13827,7168,7258,6093,6569
"China, Hong Kong SAR",Viet Nam,10939,11406,3777,3685,7162,7721
"China, Hong Kong SAR",Other,31944,33324,7804,3209,24140,30115
"China, Macao SAR",Micronesia,0,0,0,0,0,0
"China, Macao SAR",China,280130,300567,131738,141345,148392,159222
"China, Macao SAR","China, Hong Kong SAR",20984,22512,12542,13456,8442,9056
"China, Macao SAR",Philippines,28124,30173,10308,11059,17816,19114
"China, Macao SAR",Portugal,1960,2101,1045,1120,915,981
"China, Macao SAR",Thailand,1519,1628,386,414,1133,1214
"China, Macao SAR",Other,43349,46509,18570,19927,24779,26582
"China, Taiwan Province of China",Micronesia,0,0,0,0,0,0
Dem. People's Republic of Korea,Micronesia,0,0,0,0,0,0
Dem. People's Republic of Korea,Australia,202,204,109,111,93,93
Dem. People's Republic of Korea,Bangladesh,152,153,60,61,92,92
Dem. People's Republic of Korea,Brazil,2780,2841,1397,1429,1383,1412
Dem. People's Republic of Korea,Canada,331,337,187,192,144,145
Dem. People's Republic of Korea,Sri Lanka,153,154,50,51,103,103
Dem. People's Republic of Korea,China,28594,29248,14741,15072,13853,14176
Dem. People's Republic of Korea,"China, Hong Kong SAR",164,166,110,112,54,54
Dem. People's Republic of Korea,India,363,370,189,194,174,176
Dem. People's Republic of Korea,Indonesia,1414,1444,365,372,1049,1072
Dem. People's Republic of Korea,Japan,210,214,115,119,95,95
Dem. People's Republic of Korea,Republic of Korea,5358,5477,2693,2754,2665,2723
Dem. People's Republic of Korea,Malaysia,196,198,102,104,94,94
Dem. People's Republic of Korea,Pakistan,170,172,86,88,84,84
Dem. People's Republic of Korea,Peru,522,533,263,270,259,263
Dem. People's Republic of Korea,Philippines,2925,2990,1132,1158,1793,1832
Dem. People's Republic of Korea,Russian Federation,145,146,77,78,68,68
Dem. People's Republic of Korea,Viet Nam,751,766,413,422,338,344
Dem. People's Republic of Korea,Thailand,563,574,238,243,325,331
Dem. People's Republic of Korea,United Kingdom,304,309,176,180,128,129
Dem. People's Republic of Korea,United States of America,1028,1049,549,560,479,489
Dem. People's Republic of Korea,Other,2133,2204,1058,1084,1075,1120
Japan,Micronesia,0,0,0,0,0,0
Japan,Argentina,2924,3629,1304,1619,1620,2010
Japan,Australia,9843,11572,4390,5162,5453,6410
Japan,Austria,548,680,245,305,303,375
Japan,Bangladesh,10835,15702,4834,7006,6001,8696
Japan,Belgium,685,850,307,381,378,469
Japan,Brazil,173437,204814,86902,102624,86535,102190
Japan,Cambodia,3383,4199,1509,1873,1874,2326
Japan,Canada,9538,10869,4254,4848,5284,6021
Japan,China,714570,775893,337804,366794,376766,409099
Japan,Denmark,574,712,257,319,317,393
Japan,Egypt,1747,1959,780,875,967,1084
Japan,Finland,678,841,303,376,375,465
Japan,France,10672,13550,4761,6045,5911,7505
Japan,Germany,6336,7477,2826,3335,3510,4142
Japan,Ghana,2005,2375,895,1061,1110,1314
Japan,India,26244,35936,11706,16030,14538,19906
Japan,Indonesia,35910,57169,16017,25500,19893,31669
Japan,Iran (Islamic Republic of),4359,5411,1944,2414,2415,2997
Japan,Ireland,1140,1415,509,632,631,783
Japan,Italy,3536,4494,1578,2006,1958,2488
Japan,Malaysia,8738,10519,3899,4694,4839,5825
Japan,Mexico,2141,2735,956,1222,1185,1513
Japan,Netherlands,1046,1298,468,581,578,717
Japan,New Zealand,3152,3552,1407,1586,1745,1966
Japan,Nigeria,2638,3069,1178,1371,1460,1698
Japan,Norway,456,566,204,254,252,312
Japan,Pakistan,12708,16434,5669,7332,7039,9102
Japan,Peru,47721,49068,21285,21886,26436,27182
Japan,Philippines,229595,275252,102406,122771,127189,152481
Japan,Poland,1653,1649,738,737,915,912
Japan,Portugal,467,579,209,260,258,319
Japan,Republic of Korea,457772,456203,225162,224391,232610,231812
Japan,Russian Federation,8092,9118,3610,4068,4482,5050
Japan,Singapore,2444,3033,1090,1353,1354,1680
Japan,Spain,2495,3417,1113,1525,1382,1892
Japan,Sri Lanka,13152,25781,5868,11503,7284,14278
Japan,Sweden,1805,1782,805,795,1000,987
Japan,Switzerland,1060,1315,473,587,587,728
Japan,Thailand,45379,53087,20240,23678,25139,29409
Japan,United Kingdom,15826,18205,7060,8122,8766,10083
Japan,United States of America,52271,58340,23315,26023,28956,32317
Japan,Viet Nam,146956,335668,70322,160626,76634,175042
Japan,Other,155658,280779,69468,172586,86190,108193
Mongolia,Micronesia,0,0,0,0,0,0
Mongolia,Australia,233,248,131,140,102,108
Mongolia,Austria,16,15,10,10,6,5
Mongolia,Bulgaria,16,15,12,12,4,3
Mongolia,Canada,154,164,113,122,41,42
Mongolia,China,10595,11419,8841,9516,1754,1903
Mongolia,Czechia,18,18,11,12,7,6
Mongolia,Finland,3,2,2,2,1,0
Mongolia,France,81,86,61,66,20,20
Mongolia,Germany,183,195,103,111,80,84
Mongolia,Hungary,11,10,5,5,6,5
Mongolia,India,111,117,67,72,44,45
Mongolia,Ireland,8,7,5,5,3,2
Mongolia,Italy,21,21,9,10,12,11
Mongolia,Japan,415,444,190,204,225,240
Mongolia,Kazakhstan,210,225,81,87,129,138
Mongolia,Dem. People's Republic of Korea,633,678,428,460,205,218
Mongolia,Republic of Korea,1853,1987,913,980,940,1007
Mongolia,Lao People's Democratic Republic,1,0,1,0,0,0
Mongolia,Pakistan,21,21,21,21,0,0
Mongolia,Philippines,170,181,126,136,44,45
Mongolia,Poland,13,12,9,9,4,3
Mongolia,Russian Federation,3012,3232,938,989,2074,2243
Mongolia,Slovakia,3,2,3,2,0,0
Mongolia,Viet Nam,278,297,263,283,15,14
Mongolia,Switzerland,21,21,6,7,15,14
Mongolia,Turkey,222,236,103,110,119,126
Mongolia,North Macedonia,3,2,3,2,0,0
Mongolia,United Kingdom,99,105,70,76,29,29
Mongolia,United States of America,799,856,369,397,430,459
Mongolia,Uruguay,1,0,1,0,0,0
Mongolia,Other,682,729,389,417,293,312
Republic of Korea,Micronesia,0,0,0,0,0,0
Republic of Korea,Australia,3542,5604,2624,4584,918,1020
Republic of Korea,Bangladesh,7432,12102,5526,6441,1906,5661
Republic of Korea,Cambodia,41049,54573,20448,26107,20601,28466
Republic of Korea,Canada,11589,19435,9234,13484,2355,5951
Republic of Korea,China,759204,803011,362953,376444,396251,426567
Republic of Korea,France,1857,2608,1148,1537,709,1071
Republic of Korea,Germany,1343,2121,986,1281,357,840
Republic of Korea,India,4505,6172,3044,3792,1461,2380
Republic of Korea,Indonesia,42084,50117,34691,40090,7393,10027
Republic of Korea,Japan,17632,22466,6534,5899,11098,16567
Republic of Korea,Kazakhstan,924,1712,457,915,467,797
Republic of Korea,Kyrgyzstan,851,2126,486,1216,365,910
Republic of Korea,Malaysia,1087,1684,594,919,493,765
Republic of Korea,Mongolia,24452,31107,14037,17507,10415,13600
Republic of Korea,Myanmar,18128,26922,10428,15671,7700,11251
Republic of Korea,Nepal,29131,40748,21409,24708,7722,16040
Republic of Korea,New Zealand,1725,3161,1410,2583,315,578
Republic of Korea,Nigeria,1052,1816,802,1385,250,431
Republic of Korea,Pakistan,4429,10720,4167,10087,262,633
Republic of Korea,Philippines,51632,64942,29748,36407,21884,28535
Republic of Korea,Russian Federation,3125,5472,873,1526,2252,3946
Republic of Korea,South Africa,1212,2160,510,909,702,1251
Republic of Korea,Sri Lanka,20085,32841,14860,25002,5225,7839
Republic of Korea,Thailand,77548,159264,58741,116630,18807,42634
Republic of Korea,United Kingdom,3818,5848,2831,4337,987,1511
Republic of Korea,United States of America,54530,68050,43151,53845,11379,14205
Republic of Korea,Uzbekistan,43648,55601,32280,41118,11368,14483
Republic of Korea,Viet Nam,124852,177274,66588,93947,58264,83327
Republic of Korea,Other,18439,58525,10397,29994,8042,28531
Brunei Darussalam,Micronesia,0,0,0,0,0,0
Brunei Darussalam,Australia,515,559,283,308,232,251
Brunei Darussalam,Bangladesh,1234,1343,1114,1213,120,130
Brunei Darussalam,Sri Lanka,1234,1343,484,527,750,816
Brunei Darussalam,China,2055,2238,1135,1237,920,1001
Brunei Darussalam,"China, Hong Kong SAR",515,559,263,286,252,273
Brunei Darussalam,India,3081,3357,2608,2843,473,514
Brunei Darussalam,Indonesia,6165,6717,1254,1367,4911,5350
Brunei Darussalam,Japan,204,220,123,133,81,87
Brunei Darussalam,Republic of Korea,153,165,82,89,71,76
Brunei Darussalam,Malaysia,48285,52628,27106,29540,21179,23088
Brunei Darussalam,Nepal,5344,5822,4142,4513,1202,1309
Brunei Darussalam,Netherlands,307,333,172,187,135,146
Brunei Darussalam,New Zealand,204,220,120,130,84,90
Brunei Darussalam,Pakistan,821,893,551,600,270,293
Brunei Darussalam,Philippines,13457,14664,5749,6265,7708,8399
Brunei Darussalam,Singapore,1541,1678,877,956,664,722
Brunei Darussalam,Thailand,14384,15674,10220,11137,4164,4537
Brunei Darussalam,United Kingdom,2055,2238,1209,1317,846,921
Brunei Darussalam,United States of America,153,165,108,118,45,47
Brunei Darussalam,Other,1026,1143,581,641,445,502
Cambodia,Micronesia,0,0,0,0,0,0
Cambodia,Australia,116,123,77,83,39,40
Cambodia,Myanmar,52,54,36,38,16,16
Cambodia,Canada,42,43,22,23,20,20
Cambodia,Sri Lanka,47,48,35,37,12,11
Cambodia,China,1518,1627,943,1011,575,616
Cambodia,France,275,294,187,201,88,93
Cambodia,Germany,38,39,24,26,14,13
Cambodia,"China, Hong Kong SAR",116,123,71,77,45,46
Cambodia,India,95,101,73,79,22,22
Cambodia,Indonesia,105,111,83,89,22,22
Cambodia,Italy,15,14,9,9,6,5
Cambodia,Japan,125,132,83,89,42,43
Cambodia,Dem. People's Republic of Korea,42,43,26,27,16,16
Cambodia,Republic of Korea,56,58,38,40,18,18
Cambodia,Lao People's Democratic Republic,260,278,155,167,105,111
Cambodia,Malaysia,172,182,137,146,35,36
Cambodia,Nepal,45,46,25,26,20,20
Cambodia,Netherlands,30,30,20,21,10,9
Cambodia,Pakistan,41,42,21,22,20,20
Cambodia,Philippines,152,162,86,92,66,70
Cambodia,Russian Federation,30,30,14,14,16,16
Cambodia,Singapore,123,130,84,90,39,40
Cambodia,Viet Nam,36436,39098,19175,20551,17261,18547
Cambodia,Thailand,30806,33048,16541,17743,14265,15305
Cambodia,United Kingdom,92,97,66,71,26,26
Cambodia,United States of America,195,208,119,128,76,80
Cambodia,Other,2938,3180,1704,1830,1234,1350
Indonesia,Micronesia,0,0,0,0,0,0
Indonesia,Australia,10844,11400,6456,6779,4388,4621
Indonesia,Canada,2144,2253,1122,1178,1022,1075
Indonesia,China,72302,76028,41236,43293,31066,32735
Indonesia,India,11976,12590,7098,7452,4878,5138
Indonesia,Japan,18909,19879,12391,13014,6518,6865
Indonesia,Jordan,11976,12590,7098,7452,4878,5138
Indonesia,Republic of Korea,31940,33580,18560,19487,13380,14093
Indonesia,Libya,2263,2378,1340,1407,923,971
Indonesia,Malaysia,2263,2378,1340,1407,923,971
Indonesia,Netherlands,6950,7306,4351,4570,2599,2736
Indonesia,Pakistan,8223,8645,4005,4203,4218,4442
Indonesia,Philippines,4025,4230,2335,2451,1690,1779
Indonesia,Timor-Leste,22525,23681,12896,13539,9629,10142
Indonesia,Saudi Arabia,2263,2378,1340,1407,923,971
Indonesia,Singapore,22525,23681,12896,13539,9629,10142
Indonesia,Syrian Arab Republic,2263,2378,1340,1407,923,971
Indonesia,Thailand,22525,23681,12896,13539,9629,10142
Indonesia,United Kingdom,31304,32911,16858,17694,14446,15217
Indonesia,United States of America,12077,12697,7007,7357,5070,5340
Indonesia,Other,38827,40841,24152,25363,14675,15478
Lao People's Democratic Republic,Micronesia,0,0,0,0,0,0
Lao People's Democratic Republic,Australia,205,218,144,155,61,63
Lao People's Democratic Republic,Myanmar,2835,3032,1530,1637,1305,1395
Lao People's Democratic Republic,Cambodia,3428,3667,1820,1948,1608,1719
Lao People's Democratic Republic,China,13400,14338,9555,10226,3845,4112
Lao People's Democratic Republic,Viet Nam,18938,20270,11362,12160,7576,8110
Lao People's Democratic Republic,Thailand,3293,3522,2637,2822,656,700
Lao People's Democratic Republic,Other,3439,3684,2287,2445,1152,1239
Malaysia,Micronesia,0,0,0,0,0,0
Malaysia,Afghanistan,545,2478,317,1364,228,1114
Malaysia,Australia,5811,6157,3122,3393,2689,2764
Malaysia,Bangladesh,392295,415717,228434,247285,163861,168432
Malaysia,Brunei Darussalam,6657,7054,4137,4464,2520,2590
Malaysia,Cambodia,15461,16384,9536,10294,5925,6090
Malaysia,China,11347,12024,6058,6588,5289,5436
Malaysia,India,139752,148096,81379,88095,58373,60001
Malaysia,Indonesia,1171677,1241634,731189,788858,440488,452776
Malaysia,Iraq,1244,1318,720,778,524,540
Malaysia,Japan,18004,19078,10772,11645,7232,7433
Malaysia,Myanmar,330851,350605,234312,251373,96539,99232
Malaysia,Nepal,552855,585864,319950,346462,232905,239402
Malaysia,New Zealand,2343,2482,1158,1264,1185,1218
Malaysia,Pakistan,80224,85013,46720,50575,33504,34438
Malaysia,Philippines,111343,117990,47346,52208,63997,65782
Malaysia,Republic of Korea,3747,3970,3058,3262,689,708
Malaysia,Singapore,87031,92227,46657,50727,40374,41500
Malaysia,Somalia,1510,3294,873,1402,637,1892
Malaysia,Sri Lanka,7260,7693,4985,5355,2275,2338
Malaysia,Viet Nam,95517,101220,60152,64869,35365,36351
Malaysia,Thailand,14901,15790,6465,7119,8436,8671
Malaysia,United Kingdom,10782,11425,7169,7712,3613,3713
Malaysia,Other,219524,229047,141711,151173,77813,77874
Myanmar,Micronesia,0,0,0,0,0,0
Myanmar,Bangladesh,1024,1066,797,830,227,236
Myanmar,China,33656,35104,17929,18698,15727,16406
Myanmar,India,26205,27325,13999,14599,12206,12726
Myanmar,Pakistan,2975,3101,2162,2255,813,846
Myanmar,Other,9449,9850,5291,5516,4158,4334
Philippines,Micronesia,1042,1106,466,498,576,608
Philippines,Afghanistan,1220,1297,579,617,641,680
Philippines,Albania,116,122,56,60,60,62
Philippines,Algeria,462,490,234,249,228,241
Philippines,Angola,76,79,35,37,41,42
Philippines,Argentina,148,155,89,94,59,61
Philippines,Australia,3993,4249,2264,2414,1729,1835
Philippines,Austria,503,533,275,292,228,241
Philippines,Bahrain,111,117,54,58,57,59
Philippines,Bangladesh,158,166,69,73,89,93
Philippines,Armenia,135,143,67,72,68,71
Philippines,Belgium,533,566,241,257,292,309
Philippines,Bolivia (Plurinational State of),35,36,18,20,17,16
Philippines,Brazil,162,171,79,85,83,86
Philippines,Brunei Darussalam,82,85,38,39,44,46
Philippines,Myanmar,421,447,195,208,226,239
Philippines,Cambodia,39,40,20,22,19,18
Philippines,Canada,5565,5922,3077,3280,2488,2642
Philippines,Cabo Verde,131,139,131,139,0,0
Philippines,Sri Lanka,172,182,139,148,33,34
Philippines,Chile,93,97,39,41,54,56
Philippines,China,35952,38269,17544,18719,18408,19550
Philippines,Colombia,125,131,90,95,35,36
Philippines,Congo,529,561,529,561,0,0
Philippines,Democratic Republic of the Congo,32,33,15,17,17,16
Philippines,Costa Rica,39,40,39,40,0,0
Philippines,Denmark,442,468,198,210,244,258
Philippines,Ecuador,459,487,227,242,232,245
Philippines,Finland,112,118,64,68,48,50
Philippines,France,1204,1280,643,686,561,594
Philippines,Germany,3786,4029,2319,2472,1467,1557
Philippines,Ghana,34,35,34,35,0,0
Philippines,Greece,153,161,87,92,66,69
Philippines,Guam,1008,1071,451,481,557,590
Philippines,Guatemala,34,35,13,15,21,20
Philippines,"China, Hong Kong SAR",256,272,127,136,129,136
Philippines,Hungary,244,258,192,204,52,54
Philippines,Iceland,53,55,42,45,11,10
Philippines,India,10639,11323,6120,6525,4519,4798
Philippines,Indonesia,3304,3515,1632,1741,1672,1774
Philippines,Iran (Islamic Republic of),586,622,250,267,336,355
Philippines,Iraq,71,75,71,75,0,0
Philippines,Ireland,431,457,250,266,181,191
Philippines,Israel,614,652,287,306,327,346
Philippines,Italy,1731,1841,838,893,893,948
Philippines,Japan,13749,14634,7992,8521,5757,6113
Philippines,Jordan,177,187,128,136,49,51
Philippines,Kenya,53,55,24,26,29,29
Philippines,Dem. People's Republic of Korea,5753,6123,2855,3046,2898,3077
Philippines,Republic of Korea,6906,7350,3647,3890,3259,3460
Philippines,Kuwait,171,181,90,97,81,84
Philippines,Lao People's Democratic Republic,287,304,147,157,140,147
Philippines,Lebanon,134,142,68,73,66,69
Philippines,Libya,48,50,29,32,19,18
Philippines,Malaysia,793,842,416,444,377,398
Philippines,Mexico,145,152,87,92,58,60
Philippines,Oman,408,433,203,217,205,216
Philippines,Nepal,68,72,37,41,31,31
Philippines,Netherlands,483,513,284,303,199,210
Philippines,Aruba,63,65,35,37,28,28
Philippines,New Zealand,383,407,221,236,162,171
Philippines,Nigeria,192,204,103,111,89,93
Philippines,Norway,653,693,334,355,319,338
Philippines,Palau,34,35,15,17,19,18
Philippines,Pakistan,499,530,248,266,251,264
Philippines,Papua New Guinea,60,62,27,28,33,34
Philippines,Peru,111,117,54,58,57,59
Philippines,Poland,110,116,33,36,77,80
Philippines,Portugal,60,62,29,31,31,31
Philippines,Timor-Leste,141,149,64,69,77,80
Philippines,Puerto Rico,51,53,23,25,28,28
Philippines,Qatar,120,126,60,64,60,62
Philippines,Romania,35,36,19,21,16,15
Philippines,Russian Federation,67,71,56,61,11,10
Philippines,Saudi Arabia,733,779,437,466,296,313
Philippines,Singapore,820,871,634,676,186,195
Philippines,Viet Nam,413,438,254,270,159,168
Philippines,South Africa,813,864,404,431,409,433
Philippines,Spain,1305,1388,526,562,779,826
Philippines,Sudan,62,64,54,57,8,7
Philippines,Suriname,125,131,62,67,63,64
Philippines,Sweden,605,643,409,436,196,207
Philippines,Switzerland,1033,1098,662,706,371,392
Philippines,Syrian Arab Republic,62,64,59,62,3,2
Philippines,Thailand,340,360,179,190,161,170
Philippines,United Arab Emirates,431,457,213,227,218,230
Philippines,Tunisia,568,603,265,282,303,321
Philippines,Turkey,879,934,436,466,443,468
Philippines,Egypt,161,170,76,82,85,88
Philippines,United Kingdom,4282,4556,2001,2135,2281,2421
Philippines,United States of America,35564,37857,18277,19498,17287,18359
Philippines,Other,55919,59660,27746,29606,28173,30054
Singapore,Micronesia,0,0,0,0,0,0
Singapore,Bangladesh,78584,79857,43426,44088,35158,35769
Singapore,China,419634,426434,172725,175232,246909,251202
Singapore,"China, Hong Kong SAR",64817,65867,28183,28596,36634,37271
Singapore,"China, Macao SAR",21462,21809,8835,8963,12627,12846
Singapore,India,142659,144970,76842,78009,65817,66961
Singapore,Sri Lanka,10587,10767,4610,4670,5977,6097
Singapore,Indonesia,157139,159685,53044,53780,104095,105905
Singapore,Malaysia,1114858,1132924,482401,489469,632457,643455
Singapore,Pakistan,124826,126848,67236,68257,57590,58591
Singapore,Philippines,14706,14944,2319,2342,12387,12602
Singapore,Thailand,17962,18253,2837,2865,15125,15388
Singapore,United States of America,16455,16721,8518,8646,7937,8075
Singapore,Canada,4375,4445,2265,2299,2110,2146
Singapore,Australia,9987,10148,5233,5312,4754,4836
Singapore,New Zealand,3884,3946,2032,2062,1852,1884
Singapore,Other,281470,286030,135888,137927,145582,148103
Thailand,Micronesia,0,0,0,0,0,0
Thailand,Afghanistan,1,1,1,1,0,0
Thailand,Australia,1405,1470,905,946,500,524
Thailand,Bangladesh,1393,1458,800,837,593,621
Thailand,Cambodia,666096,691776,310564,321877,355532,369899
Thailand,Canada,745,779,466,487,279,292
Thailand,China,73828,77280,47704,49899,26124,27381
Thailand,Côte d'Ivoire,16,16,9,9,7,7
Thailand,Democratic Republic of the Congo,16,16,9,9,7,7
Thailand,Denmark,636,665,447,467,189,198
Thailand,Ethiopia,2,2,1,1,1,1
Thailand,France,1308,1369,941,985,367,384
Thailand,Germany,2281,2387,1821,1905,460,482
Thailand,India,8832,9245,5186,5424,3646,3821
Thailand,Indonesia,666,697,369,386,297,311
Thailand,Iran (Islamic Republic of),13,13,7,7,6,6
Thailand,Iraq,81,84,40,42,41,42
Thailand,Italy,608,636,444,465,164,171
Thailand,Japan,8103,8481,5206,5445,2897,3036
Thailand,Lao People's Democratic Republic,899705,941309,395488,413070,504217,528239
Thailand,Liberia,1,1,1,1,0,0
Thailand,Malaysia,1304,1364,874,914,430,450
Thailand,Myanmar,1760543,1848270,948706,994684,811837,853586
Thailand,Nepal,11099,11618,4901,5122,6198,6496
Thailand,Netherlands,675,706,480,502,195,204
Thailand,New Zealand,1786,1869,823,860,963,1009
Thailand,Norway,712,745,384,402,328,343
Thailand,Pakistan,1593,2202,881,1161,712,1041
Thailand,Philippines,1301,1361,603,630,698,731
Thailand,Portugal,526,550,296,309,230,241
Thailand,Republic of Korea,902,944,570,597,332,347
Thailand,Rwanda,4,4,2,2,2,2
Thailand,Saudi Arabia,1,1,1,1,0,0
Thailand,Singapore,724,757,506,529,218,228
Thailand,Somalia,130,136,65,68,65,68
Thailand,Sri Lanka,7645,8002,3845,4020,3800,3982
Thailand,Sudan,1,1,1,1,0,0
Thailand,Sweden,692,724,445,466,247,258
Thailand,Switzerland,933,976,729,763,204,213
Thailand,Togo,2,2,1,1,1,1
Thailand,Turkey,1,1,1,1,0,0
Thailand,United Kingdom,2052,2147,1398,1462,654,685
Thailand,United States of America,4023,4211,2885,3019,1138,1192
Thailand,Viet Nam,6994,7322,3369,3525,3625,3797
Thailand,State of Palestine,15,15,8,8,7,7
Thailand,Zimbabwe,1,1,1,1,0,0
Thailand,Other,825,882,524,546,301,336
Timor-Leste,Micronesia,0,0,0,0,0,0
Timor-Leste,Australia,562,553,349,344,213,209
Timor-Leste,Bangladesh,69,67,53,53,16,14
Timor-Leste,Brazil,66,64,38,38,28,26
Timor-Leste,China,953,938,674,664,279,274
Timor-Leste,Cuba,29,27,17,17,12,10
Timor-Leste,Indonesia,4177,4113,2380,2340,1797,1773
Timor-Leste,Malaysia,65,63,42,42,23,21
Timor-Leste,New Zealand,72,70,46,46,26,24
Timor-Leste,Pakistan,306,301,199,197,107,104
Timor-Leste,Philippines,377,370,248,244,129,126
Timor-Leste,Portugal,276,271,156,154,120,117
Timor-Leste,Singapore,81,79,49,49,32,30
Timor-Leste,Thailand,62,60,28,28,34,32
Timor-Leste,United States of America,59,57,36,36,23,21
Timor-Leste,Viet Nam,208,204,124,123,84,81
Timor-Leste,Other,1158,1162,709,701,449,461
Viet Nam,Micronesia,0,0,0,0,0,0
Viet Nam,Australia,37,37,19,20,18,17
Viet Nam,Bangladesh,7895,8325,4306,4542,3589,3783
Viet Nam,Myanmar,11187,11796,6801,7172,4386,4624
Viet Nam,Cambodia,990,1043,574,606,416,437
Viet Nam,Canada,1454,1532,891,940,563,592
Viet Nam,Sri Lanka,79,82,47,50,32,32
Viet Nam,China,3005,3167,1753,1848,1252,1319
Viet Nam,France,205,215,146,155,59,60
Viet Nam,India,1938,2043,1142,1205,796,838
Viet Nam,Indonesia,7860,8288,4637,4891,3223,3397
Viet Nam,Japan,1843,1942,1178,1241,665,701
Viet Nam,Dem. People's Republic of Korea,1503,1584,847,894,656,690
Viet Nam,Republic of Korea,1805,1902,1067,1125,738,777
Viet Nam,Lao People's Democratic Republic,6956,7334,3965,4182,2991,3152
Viet Nam,Malaysia,128,133,105,110,23,23
Viet Nam,Nepal,2315,2440,1253,1321,1062,1119
Viet Nam,Pakistan,591,622,323,341,268,281
Viet Nam,Philippines,113,118,69,74,44,44
Viet Nam,Singapore,1751,1845,869,915,882,930
Viet Nam,Thailand,11552,12192,6708,7074,4844,5118
Viet Nam,United Kingdom,1119,1178,603,635,516,543
Viet Nam,United States of America,3164,3335,1838,1937,1326,1398
Viet Nam,Other,5303,5614,3027,3193,2276,2421
Afghanistan,Micronesia,0,0,0,0,0,0
Afghanistan,Pakistan,268369,102500,137935,49988,130434,52512
Afghanistan,Tajikistan,15031,4422,6364,1735,8667,2687
Afghanistan,Uzbekistan,751,219,318,86,433,133
Afghanistan,Other,55281,36957,26933,17380,28348,19577
Bangladesh,Micronesia,0,0,0,0,0,0
Bangladesh,Bahrain,30160,29574,16287,9136,13873,20438
Bangladesh,Brazil,14919,14628,8057,4518,6862,10110
Bangladesh,Myanmar,237369,907426,111564,724552,125805,182874
Bangladesh,Cambodia,19642,19259,10607,5949,9035,13310
Bangladesh,China,162772,159619,87897,49302,74875,110317
Bangladesh,India,34431,33762,18593,10428,15838,23334
Bangladesh,Indonesia,152862,149901,82546,46300,70316,103601
Bangladesh,Japan,13763,13494,7433,4168,6330,9326
Bangladesh,Lao People's Democratic Republic,88155,86447,47604,26701,40551,59746
Bangladesh,Malaysia,203561,199618,109923,61656,93638,137962
Bangladesh,Nepal,39059,38301,21092,11831,17967,26470
Bangladesh,Norway,14311,14032,7728,4335,6583,9697
Bangladesh,Singapore,9583,9396,5175,2902,4408,6494
Bangladesh,Viet Nam,27521,26986,14862,8336,12659,18650
Bangladesh,Thailand,10548,10343,5696,3196,4852,7147
Bangladesh,United Kingdom,33470,32820,18074,10137,15396,22683
Bangladesh,United States of America,46008,45115,24845,13935,21163,31180
Bangladesh,Other,284045,324687,153758,96596,130287,228091
Bhutan,Micronesia,0,0,0,0,0,0
Bhutan,Australia,27,27,22,23,5,4
Bhutan,Bangladesh,52,53,35,37,17,16
Bhutan,Myanmar,34,34,21,22,13,12
Bhutan,Canada,37,37,18,19,19,18
Bhutan,Sri Lanka,33,33,18,19,15,14
Bhutan,China,906,949,673,706,233,243
Bhutan,Denmark,38,38,25,26,13,12
Bhutan,France,30,30,15,16,15,14
Bhutan,Germany,27,27,15,16,12,11
Bhutan,India,44732,46974,38509,40408,6223,6566
Bhutan,Italy,13,12,9,9,4,3
Bhutan,Japan,127,132,81,86,46,46
Bhutan,Republic of Korea,33,33,16,17,17,16
Bhutan,Nepal,717,751,426,447,291,304
Bhutan,Netherlands,20,19,14,14,6,5
Bhutan,New Zealand,24,24,15,16,9,8
Bhutan,Pakistan,22,21,22,21,0,0
Bhutan,Philippines,19,18,15,15,4,3
Bhutan,Singapore,18,17,9,9,9,8
Bhutan,Sweden,23,22,13,13,10,9
Bhutan,Switzerland,24,24,19,20,5,4
Bhutan,Thailand,61,62,33,34,28,28
Bhutan,United Kingdom,36,36,15,16,21,20
Bhutan,United States of America,136,141,71,75,65,66
Bhutan,Other,3917,4098,3287,3440,630,658
India,Micronesia,0,0,0,0,0,0
India,Afghanistan,16851,16094,7982,7973,8869,8121
India,Australia,4099,3833,2029,1864,2070,1969
India,Bangladesh,2660632,2488471,1349706,1241322,1310926,1247149
India,Bhutan,10092,9438,4955,4551,5137,4887
India,Brunei Darussalam,25158,23530,15431,14277,9727,9253
India,Canada,4550,4255,2263,2080,2287,2175
India,China,110098,108008,56733,55657,53365,52351
India,Fiji,833,779,327,298,506,481
India,France,1856,1735,864,792,992,943
India,Germany,2547,2382,1212,1112,1335,1270
India,Indonesia,1408,1316,583,532,825,784
India,Iran (Islamic Republic of),2346,2194,1091,1001,1255,1193
India,Iraq,717,670,415,383,302,287
India,Japan,1922,1797,815,744,1107,1053
India,Kazakhstan,463,433,190,174,273,259
India,Kenya,8268,7733,3855,3535,4413,4198
India,Kuwait,12597,11781,6106,5606,6491,6175
India,Malaysia,14542,13601,5643,5135,8899,8466
India,Maldives,924,864,467,430,457,434
India,Mauritius,371,346,137,124,234,222
India,Myanmar,61103,57149,29258,26854,31845,30295
India,Nepal,784497,733734,267064,241475,517433,492259
India,Nigeria,966,903,570,527,396,376
India,Pakistan,890966,833314,455971,419482,434995,413832
India,Portugal,356,332,160,146,196,186
India,Saudi Arabia,15448,14448,8007,7370,7441,7078
India,Singapore,8199,7668,3301,3009,4898,4659
India,Sri Lanka,197564,184780,96724,88846,100840,95934
India,Turkey,140,130,72,66,68,64
India,Russian Federation,1335,1248,587,537,748,711
India,Uganda,48444,45309,16201,14635,32243,30674
India,United Arab Emirates,41132,38470,21039,19355,20093,19115
India,United Kingdom,11761,10999,5647,5183,6114,5816
India,United States of America,35141,32867,17700,16275,17441,16592
India,Viet Nam,1416,1324,535,486,881,838
India,Zambia,1552,1451,561,509,991,942
India,Other,230553,215318,90314,81567,140239,133751
Iran (Islamic Republic of),Micronesia,0,0,0,0,0,0
Iran (Islamic Republic of),Afghanistan,2621236,2710601,1429578,1471475,1191658,1239126
Iran (Islamic Republic of),Armenia,1185,989,578,486,607,503
Iran (Islamic Republic of),Azerbaijan,5744,4788,2794,2347,2950,2441
Iran (Islamic Republic of),Iraq,68735,54445,38198,30224,30537,24221
Iran (Islamic Republic of),Pakistan,16032,12575,9314,7306,6718,5269
Iran (Islamic Republic of),Turkey,910,384,538,231,372,153
Iran (Islamic Republic of),Turkmenistan,2344,1954,1388,1162,956,792
Iran (Islamic Republic of),Other,13753,11499,5015,4287,8738,7212
Maldives,Micronesia,0,0,0,0,0,0
Maldives,Australia,78,84,69,76,9,8
Maldives,Austria,23,23,20,21,3,2
Maldives,Bangladesh,37034,40390,36556,39871,478,519
Maldives,Canada,94,101,82,90,12,11
Maldives,Sri Lanka,6772,7383,5828,6356,944,1027
Maldives,France,115,124,101,110,14,14
Maldives,Germany,250,271,219,239,31,32
Maldives,India,13364,14596,9821,10698,3543,3898
Maldives,Italy,164,177,91,99,73,78
Maldives,Japan,109,118,26,29,83,89
Maldives,Lebanon,10,9,9,9,1,0
Maldives,Malaysia,101,108,60,65,41,43
Maldives,New Zealand,17,17,15,16,2,1
Maldives,Pakistan,303,329,244,266,59,63
Maldives,Philippines,910,991,303,331,607,660
Maldives,Singapore,77,82,68,74,9,8
Maldives,Sweden,36,37,32,34,4,3
Maldives,Switzerland,118,128,103,113,15,15
Maldives,Thailand,299,325,83,91,216,234
Maldives,Egypt,37,38,33,35,4,3
Maldives,United Kingdom,103,110,65,71,38,39
Maldives,United States of America,44,46,40,43,4,3
Maldives,Other,4215,4592,2477,2700,1738,1892
Nepal,Micronesia,0,0,0,0,0,0
Nepal,Bangladesh,233,222,118,113,115,109
Nepal,Bhutan,28740,27502,14760,14018,13980,13484
Nepal,Sri Lanka,46,42,20,19,26,23
Nepal,China,20302,19428,5946,5580,14356,13848
Nepal,India,446113,426941,127498,119572,318615,307369
Nepal,Pakistan,1268,1212,815,776,453,436
Nepal,Other,12769,12217,7204,6852,5565,5365
Pakistan,Micronesia,0,0,0,0,0,0
Pakistan,Afghanistan,1710378,1598223,810665,805362,899713,792861
Pakistan,Myanmar,2460,2297,1279,1257,1181,1040
Pakistan,Sri Lanka,578,539,286,283,292,256
Pakistan,China,334,311,194,188,140,123
Pakistan,India,1709217,1597134,988946,962407,720271,634727
Pakistan,Indonesia,408,380,230,224,178,156
Pakistan,Iran (Islamic Republic of),2301,2148,1272,1242,1029,906
Pakistan,Iraq,251,233,125,123,126,110
Pakistan,Other,80593,75315,42473,41718,38120,33597
Sri Lanka,Micronesia,0,0,0,0,0,0
Sri Lanka,Afghanistan,131,132,69,71,62,61
Sri Lanka,Australia,469,474,226,232,243,242
Sri Lanka,Bahrain,398,402,205,210,193,192
Sri Lanka,Bangladesh,665,673,491,500,174,173
Sri Lanka,Bhutan,231,233,129,132,102,101
Sri Lanka,Canada,250,251,129,131,121,120
Sri Lanka,China,2447,2481,2147,2181,300,300
Sri Lanka,Cyprus,250,251,128,130,122,121
Sri Lanka,Finland,61,60,20,20,41,40
Sri Lanka,France,297,300,156,159,141,141
Sri Lanka,Germany,554,560,302,309,252,251
Sri Lanka,Greece,90,89,50,50,40,39
Sri Lanka,Haiti,37,36,16,16,21,20
Sri Lanka,India,10658,10837,5475,5603,5183,5234
Sri Lanka,Indonesia,320,323,107,110,213,213
Sri Lanka,Iran (Islamic Republic of),104,104,65,66,39,38
Sri Lanka,Iraq,40,39,22,22,18,17
Sri Lanka,Israel,55,54,37,37,18,17
Sri Lanka,Italy,5096,5168,2449,2508,2647,2660
Sri Lanka,Japan,838,848,391,400,447,448
Sri Lanka,Jordan,274,276,126,128,148,148
Sri Lanka,Republic of Korea,603,611,294,301,309,310
Sri Lanka,Kuwait,1731,1753,816,834,915,919
Sri Lanka,Lebanon,732,741,345,353,387,388
Sri Lanka,Libya,40,39,25,25,15,14
Sri Lanka,Malaysia,912,925,360,372,552,553
Sri Lanka,Maldives,1390,1408,545,560,845,848
Sri Lanka,Oman,328,331,153,157,175,174
Sri Lanka,Nepal,340,343,225,229,115,114
Sri Lanka,New Zealand,111,111,54,55,57,56
Sri Lanka,Norway,117,117,59,60,58,57
Sri Lanka,Pakistan,1085,1083,595,600,490,483
Sri Lanka,Portugal,33,32,16,16,17,16
Sri Lanka,Qatar,273,275,149,152,124,123
Sri Lanka,Russian Federation,148,150,55,59,93,91
Sri Lanka,Saudi Arabia,1397,1416,739,755,658,661
Sri Lanka,Seychelles,25,24,13,13,12,11
Sri Lanka,Singapore,604,612,248,256,356,356
Sri Lanka,South Africa,260,262,104,106,156,156
Sri Lanka,Spain,35,34,15,15,20,19
Sri Lanka,Sweden,129,130,79,81,50,49
Sri Lanka,Switzerland,288,290,151,153,137,137
Sri Lanka,Syrian Arab Republic,73,72,35,35,38,37
Sri Lanka,Thailand,274,276,149,152,125,124
Sri Lanka,United Arab Emirates,1665,1688,828,848,837,840
Sri Lanka,Turkey,45,44,24,24,21,20
Sri Lanka,Egypt,130,131,87,89,43,42
Sri Lanka,United Kingdom,1177,1192,586,600,591,592
Sri Lanka,United States of America,605,613,305,313,300,300
Sri Lanka,Other,1891,1960,951,968,940,992
Armenia,Micronesia,0,0,0,0,0,0
Armenia,Azerbaijan,78908,78560,32661,32920,46247,45640
Armenia,Belarus,306,304,118,119,188,185
Armenia,Georgia,38094,37921,14694,14832,23400,23089
Armenia,Germany,635,631,316,317,319,314
Armenia,Greece,1021,1015,455,457,566,558
Armenia,Iran (Islamic Republic of),8135,8097,3956,3974,4179,4123
Armenia,Iraq,1033,1088,430,488,603,600
Armenia,Kazakhstan,791,786,255,258,536,528
Armenia,Lebanon,853,848,397,399,456,449
Armenia,Russian Federation,19170,19082,6191,6276,12979,12806
Armenia,Syrian Arab Republic,17538,17416,8353,8354,9185,9062
Armenia,Turkey,542,539,190,192,352,347
Armenia,Turkmenistan,816,811,307,310,509,501
Armenia,Ukraine,2464,2452,638,652,1826,1800
Armenia,Uzbekistan,989,983,339,343,650,640
Armenia,Other,19904,19816,8136,8194,11768,11622
Azerbaijan,Micronesia,0,0,0,0,0,0
Azerbaijan,Afghanistan,186,176,132,126,54,50
Azerbaijan,Armenia,148503,141756,75416,72072,73087,69684
Azerbaijan,Belarus,459,437,111,107,348,330
Azerbaijan,Estonia,486,462,231,220,255,242
Azerbaijan,Georgia,51141,48815,24733,23640,26408,25175
Azerbaijan,Germany,285,270,126,120,159,150
Azerbaijan,Iran (Islamic Republic of),1530,1460,970,927,560,533
Azerbaijan,Kazakhstan,3621,3456,1514,1449,2107,2007
Azerbaijan,Kyrgyzstan,2556,2438,1239,1184,1317,1254
Azerbaijan,Republic of Moldova,283,268,51,49,232,219
Azerbaijan,Russian Federation,28760,27452,9398,8994,19362,18458
Azerbaijan,Tajikistan,249,236,101,96,148,140
Azerbaijan,Turkey,2121,2023,1578,1507,543,516
Azerbaijan,Turkmenistan,1724,1644,761,727,963,917
Azerbaijan,Ukraine,2817,2687,763,730,2054,1957
Azerbaijan,Uzbekistan,17030,16254,8219,7856,8811,8398
Azerbaijan,Other,2608,2394,1313,1203,1295,1191
Bahrain,Micronesia,0,0,0,0,0,0
Bahrain,Afghanistan,664,860,457,601,207,259
Bahrain,Bangladesh,88813,115071,77164,100469,11649,14602
Bahrain,Sri Lanka,9777,12667,5412,7196,4365,5471
Bahrain,Chad,434,562,300,395,134,167
Bahrain,Ethiopia,895,1159,615,809,280,350
Bahrain,Eritrea,1569,2032,1079,1418,490,614
Bahrain,France,1475,1911,928,1226,547,685
Bahrain,State of Palestine,4731,6129,3252,4276,1479,1853
Bahrain,India,281787,365098,216192,282874,65595,82224
Bahrain,Indonesia,25851,33493,9124,12526,16727,20967
Bahrain,Jordan,13715,17769,8929,11770,4786,5999
Bahrain,Kuwait,5479,7098,3752,4934,1727,2164
Bahrain,Lebanon,3406,4413,2341,3078,1065,1335
Bahrain,Morocco,725,939,498,655,227,284
Bahrain,Nepal,2271,2942,1563,2055,708,887
Bahrain,Netherlands,255,330,156,206,99,124
Bahrain,Nigeria,1278,1655,877,1153,401,502
Bahrain,Pakistan,80807,104698,62775,82095,18032,22603
Bahrain,Philippines,45839,59391,34444,45108,11395,14283
Bahrain,Qatar,217,281,80,110,137,171
Bahrain,Saudi Arabia,533,690,371,487,162,203
Bahrain,Somalia,788,1020,541,711,247,309
Bahrain,South Sudan,1290,1671,839,1106,451,565
Bahrain,Sudan,10792,13982,7012,9244,3780,4738
Bahrain,Syrian Arab Republic,4286,5553,2945,3873,1341,1680
Bahrain,Thailand,1040,1347,715,940,325,407
Bahrain,United Arab Emirates,6139,7954,3316,4416,2823,3538
Bahrain,Tunisia,477,618,328,432,149,186
Bahrain,Turkey,3093,4007,2125,2794,968,1213
Bahrain,Egypt,73043,94638,48738,64172,24305,30466
Bahrain,United Kingdom,2364,3062,1559,2053,805,1009
Bahrain,United States of America,1267,1641,870,1144,397,497
Bahrain,Yemen,16675,21605,11459,15067,5216,6538
Bahrain,Other,30712,39808,18790,24845,11922,14963
Cyprus,Micronesia,0,0,0,0,0,0
Cyprus,Afghanistan,7,6,6,6,1,0
Cyprus,Albania,266,274,153,159,113,115
Cyprus,Algeria,34,34,18,18,16,16
Cyprus,Argentina,80,81,46,46,34,35
Cyprus,Armenia,1130,1166,591,614,539,552
Cyprus,Australia,2870,2961,1394,1448,1476,1513
Cyprus,Austria,340,349,143,147,197,202
Cyprus,Azerbaijan,34,34,14,14,20,20
Cyprus,Bahrain,103,104,57,57,46,47
Cyprus,Bangladesh,626,1526,615,1502,11,24
Cyprus,Belarus,326,336,71,74,255,262
Cyprus,Belgium,250,256,117,120,133,136
Cyprus,Benin,7,6,7,6,0,0
Cyprus,Bolivia (Plurinational State of),9,8,7,7,2,1
Cyprus,Bosnia and Herzegovina,64,65,30,30,34,35
Cyprus,Botswana,7,6,5,5,2,1
Cyprus,Brazil,55,55,21,20,34,35
Cyprus,Brunei Darussalam,2,1,0,0,2,1
Cyprus,Bulgaria,5930,6121,1744,1829,4186,4292
Cyprus,Burundi,2,1,2,1,0,0
Cyprus,Cameroon,54,1885,30,1044,24,841
Cyprus,Canada,1449,1494,681,707,768,787
Cyprus,Central African Republic,13,13,6,7,7,6
Cyprus,Chile,45,46,18,18,27,28
Cyprus,China,1541,1591,753,784,788,807
Cyprus,Colombia,120,123,30,32,90,91
Cyprus,Costa Rica,2,1,0,0,2,1
Cyprus,Croatia,80,81,34,34,46,47
Cyprus,Cuba,34,34,18,18,16,16
Cyprus,Czechia,649,669,219,229,430,440
Cyprus,Dem. People's Republic of Korea,31,31,11,11,20,20
Cyprus,Democratic Republic of the Congo,657,678,296,308,361,370
Cyprus,Denmark,161,164,68,71,93,93
Cyprus,Djibouti,2,1,0,0,2,1
Cyprus,Dominican Republic,9,8,2,2,7,6
Cyprus,Ecuador,7,6,5,5,2,1
Cyprus,Egypt,4995,5156,2899,3007,2096,2149
Cyprus,El Salvador,9,8,7,7,2,1
Cyprus,Eritrea,2,1,0,0,2,1
Cyprus,Estonia,26,26,6,6,20,20
Cyprus,Ethiopia,77,78,31,31,46,47
Cyprus,Fiji,2,1,0,0,2,1
Cyprus,Finland,474,489,117,124,357,365
Cyprus,France,881,908,351,365,530,543
Cyprus,Georgia,14727,15201,7737,8034,6990,7167
Cyprus,Germany,2501,2582,1069,1114,1432,1468
Cyprus,Ghana,80,81,42,42,38,39
Cyprus,Gibraltar,2,1,2,1,0,0
Cyprus,Greece,22844,23581,12736,13215,10108,10366
Cyprus,Haiti,2,1,0,0,2,1
Cyprus,Honduras,2,1,2,1,0,0
Cyprus,Hungary,332,342,130,135,202,207
Cyprus,Iceland,31,31,7,6,24,25
Cyprus,India,2648,2732,1552,1608,1096,1124
Cyprus,Indonesia,165,169,20,20,145,149
Cyprus,Iran (Islamic Republic of),1158,1194,712,738,446,456
Cyprus,Iraq,1234,1274,673,699,561,575
Cyprus,Ireland,747,770,247,257,500,513
Cyprus,Israel,368,379,202,208,166,171
Cyprus,Italy,463,477,224,232,239,245
Cyprus,Jamaica,13,13,6,7,7,6
Cyprus,Japan,80,81,34,34,46,47
Cyprus,Jordan,425,437,267,275,158,162
Cyprus,Kazakhstan,227,232,87,88,140,144
Cyprus,Kenya,80,81,42,42,38,39
Cyprus,Kuwait,223,229,127,132,96,97
Cyprus,Kyrgyzstan,22,22,11,11,11,11
Cyprus,Lao People's Democratic Republic,2,1,0,0,2,1
Cyprus,Latvia,157,161,44,46,113,115
Cyprus,Lebanon,2651,2736,1440,1494,1211,1242
Cyprus,Libya,219,224,126,131,93,93
Cyprus,Lithuania,89,91,18,18,71,73
Cyprus,Luxembourg,9,8,2,2,7,6
Cyprus,Madagascar,7,6,5,5,2,1
Cyprus,Malawi,7,6,5,5,2,1
Cyprus,Malaysia,43,44,16,16,27,28
Cyprus,Malta,31,31,20,20,11,11
Cyprus,Mauritius,9,8,7,7,2,1
Cyprus,Mexico,59,60,21,21,38,39
Cyprus,Morocco,59,60,32,32,27,28
Cyprus,Mozambique,9,8,2,2,7,6
Cyprus,Myanmar,43,44,11,12,32,32
Cyprus,Namibia,2,1,2,1,0,0
Cyprus,Nepal,54,54,47,48,7,6
Cyprus,Netherlands,463,477,187,195,276,282
Cyprus,New Zealand,89,91,34,35,55,56
Cyprus,Nicaragua,9,8,7,7,2,1
Cyprus,Niger,7,6,5,5,2,1
Cyprus,Nigeria,292,299,163,167,129,132
Cyprus,North Macedonia,18,18,7,7,11,11
Cyprus,Norway,191,196,67,69,124,127
Cyprus,Oman,59,60,35,35,24,25
Cyprus,Pakistan,499,1374,465,1285,34,89
Cyprus,Panama,18,18,16,17,2,1
Cyprus,Paraguay,7,6,0,0,7,6
Cyprus,Peru,31,31,11,11,20,20
Cyprus,Philippines,6941,7165,449,508,6492,6657
Cyprus,Poland,680,701,164,172,516,529
Cyprus,Portugal,59,60,16,16,43,44
Cyprus,Puerto Rico,2,1,2,1,0,0
Cyprus,Qatar,9,8,7,7,2,1
Cyprus,Republic of Korea,7,6,0,0,7,6
Cyprus,Republic of Moldova,905,933,168,177,737,756
Cyprus,Romania,5209,5377,1462,1536,3747,3841
Cyprus,Russian Federation,12530,12935,5099,5315,7431,7620
Cyprus,Saudi Arabia,223,229,120,125,103,104
Cyprus,Senegal,7,6,5,5,2,1
Cyprus,Serbia,2439,2518,1111,1156,1328,1362
Cyprus,Seychelles,7,6,5,5,2,1
Cyprus,Sierra Leone,2,1,2,1,0,0
Cyprus,Singapore,31,31,7,6,24,25
Cyprus,Slovakia,131,135,50,52,81,83
Cyprus,Slovenia,13,13,6,7,7,6
Cyprus,Somalia,9,8,7,7,2,1
Cyprus,South Africa,4784,4937,2143,2230,2641,2707
Cyprus,Spain,149,153,41,43,108,110
Cyprus,Sri Lanka,9514,9821,1794,1906,7720,7915
Cyprus,State of Palestine,2202,2389,1130,1252,1072,1137
Cyprus,Sudan,499,514,244,252,255,262
Cyprus,Suriname,2,1,0,0,2,1
Cyprus,Sweden,878,905,296,309,582,596
Cyprus,Switzerland,362,373,126,130,236,243
Cyprus,Syrian Arab Republic,6949,11446,3705,6221,3244,5225
Cyprus,Tajikistan,7,6,5,5,2,1
Cyprus,Thailand,250,256,40,41,210,215
Cyprus,Trinidad and Tobago,13,13,2,2,11,11
Cyprus,Tunisia,34,34,23,23,11,11
Cyprus,Turkey,587,605,274,285,313,320
Cyprus,Turkmenistan,9,8,2,2,7,6
Cyprus,Uganda,18,18,16,17,2,1
Cyprus,Ukraine,3156,3257,1012,1058,2144,2199
Cyprus,United Arab Emirates,145,149,87,90,58,59
Cyprus,United Kingdom,34762,35876,15620,16301,19142,19575
Cyprus,United Republic of Tanzania,138,142,67,69,71,73
Cyprus,United States of America,3063,3161,1445,1503,1618,1658
Cyprus,Uruguay,2,1,0,0,2,1
Cyprus,Uzbekistan,69,70,31,31,38,39
Cyprus,Venezuela (Bolivarian Republic of),59,60,25,25,34,35
Cyprus,Viet Nam,59,60,8,8,51,52
Cyprus,Yemen,13,13,6,7,7,6
Cyprus,Zambia,131,135,46,47,85,88
Cyprus,Zimbabwe,292,299,119,123,173,176
Cyprus,Other,2374,2611,1023,1098,1351,1513
Georgia,Micronesia,0,0,0,0,0,0
Georgia,Afghanistan,40,40,22,23,18,17
Georgia,Albania,10,9,4,4,6,5
Georgia,Algeria,17,16,7,7,10,9
Georgia,Azerbaijan,5821,6023,1998,2079,3823,3944
Georgia,Argentina,15,14,8,8,7,6
Georgia,Austria,25,24,14,14,11,10
Georgia,Armenia,12358,12789,6771,7025,5587,5764
Georgia,Belgium,22,21,9,9,13,12
Georgia,Bulgaria,225,231,102,106,123,125
Georgia,Belarus,1066,1101,203,213,863,888
Georgia,China,73,74,36,37,37,37
Georgia,Cuba,12,11,7,7,5,4
Georgia,Czechia,33,33,13,14,20,19
Georgia,Estonia,119,121,38,39,81,82
Georgia,Finland,11,10,3,3,8,7
Georgia,France,39,39,13,14,26,25
Georgia,Germany,610,629,275,285,335,344
Georgia,Greece,159,163,84,87,75,76
Georgia,Hungary,48,48,21,22,27,26
Georgia,India,31,30,19,19,12,11
Georgia,Iran (Islamic Republic of),119,121,67,69,52,52
Georgia,Israel,31,30,20,20,11,10
Georgia,Italy,17,16,11,11,6,5
Georgia,Kazakhstan,1662,1718,940,975,722,743
Georgia,Kyrgyzstan,242,249,80,83,162,166
Georgia,Lebanon,9,8,4,4,5,4
Georgia,Latvia,199,205,69,71,130,134
Georgia,Lithuania,204,210,47,50,157,160
Georgia,Mongolia,28,27,8,8,20,19
Georgia,Republic of Moldova,468,483,87,91,381,392
Georgia,Nepal,17,16,17,16,0,0
Georgia,Netherlands,11,10,4,4,7,6
Georgia,Pakistan,85,86,79,81,6,5
Georgia,Peru,20,19,2,2,18,17
Georgia,Poland,175,180,50,52,125,128
Georgia,Romania,214,220,53,56,161,164
Georgia,Russian Federation,35936,37267,15346,15955,20590,21312
Georgia,Spain,18,17,9,9,9,8
Georgia,Switzerland,14,13,7,7,7,6
Georgia,Tajikistan,144,148,53,56,91,92
Georgia,Turkey,457,472,318,330,139,142
Georgia,Turkmenistan,197,203,69,72,128,131
Georgia,Ukraine,11792,12203,5069,5267,6723,6936
Georgia,United Kingdom,33,33,24,25,9,8
Georgia,United States of America,107,109,67,69,40,40
Georgia,Uzbekistan,740,765,262,274,478,491
Georgia,Other,3012,3114,1161,1207,1851,1907
Iraq,Micronesia,0,0,0,0,0,0
Iraq,Afghanistan,312,314,178,170,134,144
Iraq,Eritrea,806,812,568,555,238,257
Iraq,State of Palestine,12051,12164,6749,6411,5302,5753
Iraq,India,232,234,149,144,83,90
Iraq,Iran (Islamic Republic of),14405,14540,8251,7864,6154,6676
Iraq,Jordan,10336,10432,7507,7363,2829,3069
Iraq,Kuwait,400,403,280,275,120,128
Iraq,Lebanon,1522,1536,939,904,583,632
Iraq,Mauritania,200,201,152,149,48,52
Iraq,Morocco,586,591,383,372,203,219
Iraq,Pakistan,682,688,516,508,166,180
Iraq,Russian Federation,273,274,195,191,78,83
Iraq,Saudi Arabia,674,680,498,489,176,191
Iraq,Somalia,414,417,307,302,107,115
Iraq,South Sudan,295,297,259,259,36,38
Iraq,Sudan,3792,3826,3329,3325,463,501
Iraq,Syrian Arab Republic,252036,254441,140161,133031,111875,121410
Iraq,United Arab Emirates,288,289,226,223,62,66
Iraq,Tunisia,312,314,270,269,42,45
Iraq,Turkey,17514,20677,9808,10895,7706,9782
Iraq,Egypt,14363,14498,11847,11769,2516,2729
Iraq,Yemen,2001,2020,1621,1608,380,412
Iraq,Other,25858,26118,15024,14351,10834,11767
Israel,Micronesia,0,0,0,0,0,0
Israel,Afghanistan,2539,2464,1208,1173,1331,1291
Israel,Algeria,45680,44358,20896,20292,24784,24066
Israel,Azerbaijan,13529,13136,6323,6140,7206,6996
Israel,Argentina,39343,38204,18465,17931,20878,20273
Israel,Australia,3266,3170,1569,1523,1697,1647
Israel,Austria,5064,4916,2252,2187,2812,2729
Israel,Belgium,5993,5818,2658,2580,3335,3238
Israel,Brazil,8932,8673,3863,3752,5069,4921
Israel,Bulgaria,16633,16151,7318,7107,9315,9044
Israel,Belarus,23119,22449,10038,9749,13081,12700
Israel,Canada,8132,7896,3801,3692,4331,4204
Israel,Chile,3386,3286,1553,1507,1833,1779
Israel,China,600,581,265,258,335,323
Israel,Colombia,2762,2680,1133,1100,1629,1580
Israel,Denmark,1916,1859,617,598,1299,1261
Israel,Ethiopia,80474,78146,39760,38611,40714,39535
Israel,Finland,308,297,80,77,228,220
Israel,France,41847,40636,18859,18314,22988,22322
Israel,Georgia,9317,9046,4317,4192,5000,4854
Israel,Germany,23656,22971,10193,9898,13463,13073
Israel,Greece,3085,2994,1388,1347,1697,1647
Israel,Hungary,12495,12133,5515,5357,6980,6776
Israel,India,18965,18415,9021,8760,9944,9655
Israel,Iran (Islamic Republic of),52322,50808,25292,24562,27030,26246
Israel,Iraq,67791,65830,31964,31040,35827,34790
Israel,Italy,5225,5073,2302,2236,2923,2837
Israel,Kazakhstan,13632,13237,6160,5982,7472,7255
Israel,Kyrgyzstan,2519,2444,1100,1068,1419,1376
Israel,Lebanon,6232,6051,2682,2605,3550,3446
Israel,Latvia,3931,3815,1710,1660,2221,2155
Israel,Libya,17273,16773,7764,7540,9509,9233
Israel,Lithuania,3869,3756,1618,1571,2251,2185
Israel,Mexico,2601,2525,1250,1215,1351,1310
Israel,Republic of Moldova,10911,10594,4899,4757,6012,5837
Israel,Morocco,163113,158396,76790,74571,86323,83825
Israel,Netherlands,5110,4961,2098,2037,3012,2924
Israel,Peru,2440,2368,1109,1077,1331,1291
Israel,Poland,59286,57570,25835,25088,33451,32482
Israel,Romania,103678,100679,45507,44192,58171,56487
Israel,Russian Federation,114630,111316,48912,47500,65718,63816
Israel,South Africa,11721,11381,5374,5219,6347,6162
Israel,Spain,1890,1833,822,798,1068,1035
Israel,Sweden,688,667,273,265,415,402
Israel,Switzerland,3853,3740,1585,1539,2268,2201
Israel,Syrian Arab Republic,9483,9207,4273,4149,5210,5058
Israel,Tajikistan,1885,1830,869,844,1016,986
Israel,Tunisia,23543,22860,10947,10629,12596,12231
Israel,Turkey,27960,27150,13198,12816,14762,14334
Israel,Turkmenistan,2301,2233,1080,1049,1221,1184
Israel,Ukraine,135112,131205,59587,57865,75525,73340
Israel,Egypt,21100,20489,9894,9609,11206,10880
Israel,United Kingdom,21869,21235,9973,9684,11896,11551
Israel,United States of America,79082,76794,37776,36684,41306,40110
Israel,Uruguay,6378,6193,2938,2854,3440,3339
Israel,Uzbekistan,22316,21669,10360,10061,11956,11608
Israel,Venezuela (Bolivarian Republic of),373,361,166,161,207,200
Israel,Yemen,30869,29975,13647,13253,17222,16722
Israel,Other,605700,588278,272053,264192,333647,324086
Jordan,Micronesia,0,0,0,0,0,0
Jordan,Afghanistan,49,61,30,37,19,24
Jordan,Algeria,267,345,108,139,159,206
Jordan,Australia,194,251,96,125,98,126
Jordan,Austria,91,116,52,67,39,49
Jordan,Bahrain,330,427,199,259,131,168
Jordan,Bangladesh,9021,11693,6454,8358,2567,3335
Jordan,Armenia,21,25,6,7,15,18
Jordan,Belgium,57,71,28,35,29,36
Jordan,Bosnia and Herzegovina,47,59,21,27,26,32
Jordan,Brazil,82,105,39,50,43,55
Jordan,Brunei Darussalam,20,24,1,1,19,23
Jordan,Bulgaria,39,49,16,21,23,28
Jordan,Myanmar,19,23,19,23,0,0
Jordan,Canada,253,326,134,173,119,153
Jordan,Sri Lanka,9689,12559,902,1136,8787,11423
Jordan,Chad,21,25,17,20,4,5
Jordan,China,16121,20896,4321,5556,11800,15340
Jordan,Colombia,20,24,8,9,12,15
Jordan,Croatia,21,25,6,6,15,19
Jordan,Cyprus,102,131,48,62,54,69
Jordan,Czechia,19,23,7,8,12,15
Jordan,Denmark,39,49,20,26,19,23
Jordan,Ethiopia,60,75,5,5,55,70
Jordan,Eritrea,58,73,32,41,26,32
Jordan,France,307,396,157,202,150,194
Jordan,State of Palestine,2117361,2272411,1056617,1144177,1060744,1128234
Jordan,Germany,556,719,293,378,263,341
Jordan,Ghana,21,26,14,18,7,8
Jordan,Greece,48,60,17,21,31,39
Jordan,"China, Hong Kong SAR",30,37,18,22,12,15
Jordan,Hungary,456,589,196,253,260,336
Jordan,India,4587,5945,3999,5180,588,765
Jordan,Indonesia,14677,19024,2758,3529,11919,15495
Jordan,Iran (Islamic Republic of),73,93,36,47,37,46
Jordan,Iraq,158951,206047,83699,108206,75252,97841
Jordan,Ireland,41,51,18,22,23,29
Jordan,Israel,1219,1578,811,1050,408,528
Jordan,Italy,240,309,113,145,127,164
Jordan,Japan,81,103,53,68,28,35
Jordan,Kazakhstan,16,19,5,6,11,13
Jordan,Dem. People's Republic of Korea,65,83,46,59,19,24
Jordan,Republic of Korea,73,93,40,52,33,41
Jordan,Kuwait,584,755,415,536,169,219
Jordan,Lebanon,1427,1849,631,815,796,1034
Jordan,Libya,15094,19564,9883,12791,5211,6773
Jordan,Malaysia,220,282,117,150,103,132
Jordan,Mauritania,54,69,42,54,12,15
Jordan,Republic of Moldova,29,35,1,0,28,35
Jordan,Morocco,465,601,101,130,364,471
Jordan,Oman,494,639,236,306,258,333
Jordan,Nepal,141,182,81,106,60,76
Jordan,Netherlands,155,199,76,98,79,101
Jordan,New Zealand,49,62,23,30,26,32
Jordan,Nigeria,21,25,14,17,7,8
Jordan,Norway,34,43,15,20,19,23
Jordan,Pakistan,2526,3273,1488,1924,1038,1349
Jordan,Philippines,2983,3866,222,278,2761,3588
Jordan,Poland,64,80,25,31,39,49
Jordan,Qatar,173,224,127,166,46,58
Jordan,Romania,210,270,43,54,167,216
Jordan,Russian Federation,463,599,118,153,345,446
Jordan,Saudi Arabia,3908,5064,2625,3397,1283,1667
Jordan,Serbia,45,57,7,9,38,48
Jordan,Slovakia,18,22,6,7,12,15
Jordan,Somalia,591,764,329,424,262,340
Jordan,South Africa,45,57,30,38,15,19
Jordan,Spain,237,306,96,125,141,181
Jordan,South Sudan,215,277,139,179,76,98
Jordan,Sudan,4145,6010,2305,3331,1840,2679
Jordan,Sweden,70,89,30,39,40,50
Jordan,Switzerland,155,199,78,100,77,99
Jordan,Syrian Arab Republic,674705,698701,337853,353095,336852,345606
Jordan,Thailand,81,103,50,64,31,39
Jordan,United Arab Emirates,163,211,95,124,68,87
Jordan,Tunisia,201,259,101,131,100,128
Jordan,Turkey,797,1031,595,771,202,260
Jordan,Ukraine,308,397,43,55,265,342
Jordan,North Macedonia,69,87,20,25,49,62
Jordan,Egypt,78178,101340,51190,66253,26988,35087
Jordan,United Kingdom,628,813,357,462,271,351
Jordan,United States of America,2032,2633,1137,1472,895,1161
Jordan,Venezuela (Bolivarian Republic of),25,30,13,15,12,15
Jordan,Yemen,22918,29708,13876,17952,9042,11756
Jordan,Other,16799,21878,8716,11284,8083,10594
Kuwait,Micronesia,0,0,0,0,0,0
Kuwait,Afghanistan,2669,2896,1612,1750,1057,1146
Kuwait,Bahrain,1297,1407,357,387,940,1020
Kuwait,Bangladesh,350229,380046,292017,316858,58212,63188
Kuwait,Sri Lanka,36556,39667,15875,17219,20681,22448
Kuwait,Chad,1305,1414,788,854,517,560
Kuwait,Ethiopia,3595,3899,2171,2355,1424,1544
Kuwait,Eritrea,4725,5127,2853,3096,1872,2031
Kuwait,France,4810,5218,2554,2771,2256,2447
Kuwait,State of Palestine,14253,15465,8605,9335,5648,6130
Kuwait,India,1061758,1152175,748549,812171,313209,340004
Kuwait,Indonesia,99485,107953,17914,19409,81571,88544
Kuwait,Jordan,50399,54688,28119,30504,22280,24184
Kuwait,Lebanon,11532,12512,6962,7553,4570,4959
Kuwait,Morocco,2795,3032,1687,1831,1108,1201
Kuwait,Nepal,22678,24607,13683,14844,8995,9763
Kuwait,Netherlands,980,1062,500,543,480,519
Kuwait,Nigeria,4441,4817,2681,2908,1760,1909
Kuwait,Pakistan,312434,339033,224082,243128,88352,95905
Kuwait,Philippines,181462,196910,124304,134867,57158,62043
Kuwait,Qatar,623,674,121,131,502,543
Kuwait,Saudi Arabia,2077,2252,1277,1385,800,867
Kuwait,Somalia,3168,3436,1914,2076,1254,1360
Kuwait,South Sudan,1726,1871,960,1040,766,831
Kuwait,Sudan,45525,49399,25316,27464,20209,21935
Kuwait,Syrian Arab Republic,21340,23156,12880,13974,8460,9182
Kuwait,Thailand,3755,4073,2267,2459,1488,1614
Kuwait,United Arab Emirates,24662,26760,10294,11166,14368,15594
Kuwait,Tunisia,1784,1935,1077,1169,707,766
Kuwait,Turkey,12297,13342,7423,8054,4874,5288
Kuwait,Egypt,387993,421025,224387,243432,163606,177593
Kuwait,United Kingdom,9394,10191,5335,5787,4059,4404
Kuwait,United States of America,4763,5167,2876,3120,1887,2047
Kuwait,Yemen,65129,70672,39310,42647,25819,28025
Kuwait,Other,114497,124278,71105,77143,43392,47135
Lebanon,Micronesia,0,0,0,0,0,0
Lebanon,Bahrain,108,93,52,47,56,46
Lebanon,Bangladesh,2957,2582,1416,1262,1541,1320
Lebanon,Sri Lanka,3176,2771,1521,1353,1655,1418
Lebanon,China,2358,2058,1130,1006,1228,1052
Lebanon,France,101,87,48,43,53,44
Lebanon,State of Palestine,500579,476033,239765,232450,260814,243583
Lebanon,Germany,183,159,87,78,96,81
Lebanon,Hungary,150,129,72,63,78,66
Lebanon,India,1503,1311,720,641,783,670
Lebanon,Indonesia,2650,2312,1269,1129,1381,1183
Lebanon,Iraq,117164,102319,56119,49970,61045,52349
Lebanon,Israel,400,348,192,171,208,177
Lebanon,Jordan,468,408,224,200,244,208
Lebanon,Kuwait,192,166,93,82,99,84
Lebanon,Libya,248,214,119,104,129,110
Lebanon,Morocco,153,132,74,65,79,67
Lebanon,Oman,163,140,78,68,85,72
Lebanon,Pakistan,827,721,396,352,431,369
Lebanon,Philippines,978,853,468,417,510,436
Lebanon,Russian Federation,153,132,74,65,79,67
Lebanon,Saudi Arabia,1280,1116,612,545,668,571
Lebanon,South Sudan,70,61,34,31,36,30
Lebanon,Sudan,2055,2201,984,1084,1071,1117
Lebanon,Syrian Arab Republic,1194049,1042785,575741,512527,618308,530258
Lebanon,Turkey,261,226,126,111,135,115
Lebanon,Ukraine,101,87,48,43,53,44
Lebanon,Egypt,80893,70643,38746,34500,42147,36143
Lebanon,United Kingdom,206,179,99,89,107,90
Lebanon,United States of America,666,579,319,283,347,296
Lebanon,Yemen,606,528,290,259,316,269
Lebanon,Other,1561,1389,745,668,816,721
Oman,Micronesia,0,0,0,0,0,0
Oman,Bahrain,893,1140,559,714,334,426
Oman,Bangladesh,247568,316467,231922,296473,15646,19994
Oman,Sri Lanka,23519,30063,13165,16832,10354,13231
Oman,France,2642,3377,1976,2527,666,850
Oman,India,1076151,1375667,942362,1204672,133789,170995
Oman,Indonesia,58468,74739,19197,24551,39271,50188
Oman,Iraq,9610,12283,6404,8188,3206,4095
Oman,Jordan,17108,21868,11800,15085,5308,6783
Oman,Kuwait,668,852,556,711,112,141
Oman,Netherlands,1264,1614,986,1260,278,354
Oman,Pakistan,195644,250092,177125,226426,18519,23666
Oman,Philippines,36168,46233,18136,23188,18032,23045
Oman,Qatar,386,492,321,410,65,82
Oman,Saudi Arabia,1673,2137,1270,1623,403,514
Oman,South Sudan,317,405,214,273,103,132
Oman,Sudan,15552,19879,10459,13372,5093,6507
Oman,United Arab Emirates,14848,18978,9439,12067,5409,6911
Oman,Egypt,69046,88261,48744,62316,20302,25945
Oman,United Kingdom,9369,11975,6804,8698,2565,3277
Oman,Other,75332,96314,50561,64639,24771,31675
Qatar,Micronesia,0,0,0,0,0,0
Qatar,Afghanistan,1571,1599,1280,1283,291,316
Qatar,Bahrain,764,777,506,497,258,280
Qatar,Bangladesh,160183,261672,147723,241854,12460,19818
Qatar,Sri Lanka,54731,154078,40243,110379,14488,43699
Qatar,Chad,512,520,418,419,94,101
Qatar,Ethiopia,1667,1697,1359,1362,308,335
Qatar,Eritrea,1854,5881,1511,4717,343,1164
Qatar,France,1061,1079,829,827,232,252
Qatar,State of Palestine,5595,5696,4558,4566,1037,1130
Qatar,India,645577,702013,556448,604194,89129,97819
Qatar,Indonesia,43049,43839,26529,25815,16520,18024
Qatar,Jordan,32217,32808,25552,25538,6665,7270
Qatar,Kuwait,6494,6612,5280,5289,1214,1323
Qatar,Lebanon,8274,8425,6740,6752,1534,1673
Qatar,Morocco,1437,1462,1171,1173,266,289
Qatar,Nepal,151314,253940,123207,205400,28107,48540
Qatar,Netherlands,450,456,348,346,102,110
Qatar,Nigeria,4071,4145,3316,3322,755,823
Qatar,Pakistan,133212,235505,115582,203257,17630,32248
Qatar,Philippines,148496,170052,126604,133099,21892,36953
Qatar,Saudi Arabia,897,911,735,736,162,175
Qatar,Somalia,1243,1264,1013,1014,230,250
Qatar,South Sudan,2033,2069,1611,1610,422,459
Qatar,Sudan,18583,23415,14723,18204,3860,5211
Qatar,Syrian Arab Republic,7148,24749,5823,19836,1325,4913
Qatar,Thailand,2291,2331,1867,1870,424,461
Qatar,United Arab Emirates,9682,9558,7042,6767,2640,2791
Qatar,Tunisia,978,994,798,799,180,195
Qatar,Turkey,5046,5137,4111,4119,935,1018
Qatar,Egypt,163569,183544,131290,145720,32279,37824
Qatar,United Kingdom,3841,6868,3065,5382,776,1486
Qatar,United States of America,2280,4317,1857,3461,423,856
Qatar,Yemen,34877,35517,28410,28462,6467,7055
Qatar,Other,32643,33262,24812,24716,7831,8546
Saudi Arabia,Micronesia,0,0,0,0,0,0
Saudi Arabia,Afghanistan,385241,481215,266864,330299,118377,150916
Saudi Arabia,Bangladesh,1022812,1277624,777664,965089,245148,312535
Saudi Arabia,Myanmar,214371,267776,148499,183797,65872,83979
Saudi Arabia,Sri Lanka,423765,529336,292548,362050,131217,167286
Saudi Arabia,Ethiopia,131493,164250,91518,113287,39975,50963
Saudi Arabia,India,2003256,2502337,1406156,1741093,597100,761244
Saudi Arabia,Indonesia,1368407,1709318,947919,1173243,420488,536075
Saudi Arabia,Iraq,4865,6075,2765,3400,2100,2675
Saudi Arabia,Jordan,192620,240606,133432,165149,59188,75457
Saudi Arabia,Lebanon,123277,153988,85397,105697,37880,48291
Saudi Arabia,Nepal,403005,503404,316320,392892,86685,110512
Saudi Arabia,Pakistan,1187817,1483737,844721,1046329,343096,437408
Saudi Arabia,Philippines,516223,644828,285263,350381,230960,294447
Saudi Arabia,Sudan,385241,481215,266864,330299,118377,150916
Saudi Arabia,Syrian Arab Republic,659067,823261,393766,485033,265301,338228
Saudi Arabia,Egypt,770483,962432,533727,660595,236756,301837
Saudi Arabia,Yemen,616386,769945,415997,514474,200389,255471
Saudi Arabia,Other,363037,453495,252082,312023,110955,141472
State of Palestine,Micronesia,0,0,0,0,0,0
State of Palestine,Bahrain,7911,7900,3839,3840,4072,4060
State of Palestine,Israel,62895,62927,26351,26333,36544,36594
State of Palestine,Jordan,60127,59543,22645,22164,37482,37379
State of Palestine,Kuwait,18541,19605,9258,10348,9283,9257
State of Palestine,Lebanon,2217,2213,1062,1062,1155,1151
State of Palestine,Oman,11667,11984,5494,5928,6173,6056
State of Palestine,Qatar,9348,9335,4535,4536,4813,4799
State of Palestine,Saudi Arabia,24094,24951,11398,12340,12696,12611
State of Palestine,Syrian Arab Republic,5739,5731,2622,2623,3117,3108
State of Palestine,United Arab Emirates,14045,14087,6898,6860,7147,7227
State of Palestine,Tunisia,803,801,357,357,446,444
State of Palestine,Egypt,21218,21588,11779,12175,9439,9413
State of Palestine,United States of America,7992,8179,3799,4048,4193,4131
State of Palestine,Yemen,1407,1413,723,731,684,682
State of Palestine,Other,25159,22527,13950,11392,11209,11135
Syrian Arab Republic,Micronesia,0,0,0,0,0,0
Syrian Arab Republic,Afghanistan,1487,1143,779,585,708,558
Syrian Arab Republic,State of Palestine,573436,596357,291535,295220,281901,301137
Syrian Arab Republic,Iraq,195204,203003,99561,100838,95643,102165
Syrian Arab Republic,Somalia,1040,1079,545,552,495,527
Syrian Arab Republic,Sudan,203,209,107,108,96,101
Syrian Arab Republic,Other,64346,66920,34440,34976,29906,31944
Turkey,Micronesia,0,0,0,0,0,0
Turkey,Afghanistan,94002,117595,51608,60583,42394,57012
Turkey,Albania,3261,4554,1540,1972,1721,2582
Turkey,Algeria,636,887,451,612,185,275
Turkey,Azerbaijan,16529,23090,8000,10286,8529,12804
Turkey,Argentina,138,190,66,84,72,106
Turkey,Australia,2890,4036,1188,1483,1702,2553
Turkey,Austria,14115,19717,6535,8337,7580,11380
Turkey,Bangladesh,323,450,295,410,28,40
Turkey,Armenia,781,1090,259,308,522,782
Turkey,Belgium,8617,12035,3782,4776,4835,7259
Turkey,Bosnia and Herzegovina,2330,3253,1073,1368,1257,1885
Turkey,Brazil,338,471,117,141,221,330
Turkey,British Virgin Islands,74,102,31,41,43,61
Turkey,Bulgaria,473482,661438,169207,204551,304275,456887
Turkey,Myanmar,37,50,28,37,9,13
Turkey,Belarus,295,410,55,51,240,359
Turkey,Canada,1404,1959,630,798,774,1161
Turkey,Sri Lanka,51,70,39,53,12,17
Turkey,Chile,43,58,13,14,30,44
Turkey,China,1730,2415,798,1017,932,1398
Turkey,Colombia,46,61,14,15,32,46
Turkey,Democratic Republic of the Congo,72,99,45,60,27,39
Turkey,Costa Rica,52,72,26,35,26,37
Turkey,Croatia,218,303,87,108,131,195
Turkey,Cuba,42,56,21,26,21,30
Turkey,Cyprus,10231,14291,4362,5479,5869,8812
Turkey,Czechia,1115,1557,521,668,594,889
Turkey,Denmark,3313,4627,1482,1880,1831,2747
Turkey,Ethiopia,148,204,72,91,76,113
Turkey,Estonia,110,153,37,44,73,109
Turkey,Finland,1645,2295,702,881,943,1414
Turkey,France,15730,21973,7164,9112,8566,12861
Turkey,Georgia,6410,8952,2468,3034,3942,5918
Turkey,State of Palestine,1698,1013,1398,822,300,191
Turkey,Germany,269361,376288,102137,125191,167224,251097
Turkey,Ghana,142,196,126,173,16,23
Turkey,Greece,58312,81457,24456,30621,33856,50836
Turkey,Guadeloupe,46,61,21,25,25,36
Turkey,"China, Hong Kong SAR",55,76,24,31,31,45
Turkey,Hungary,511,713,194,238,317,475
Turkey,Iceland,42,56,19,23,23,33
Turkey,India,511,713,307,409,204,304
Turkey,Indonesia,176,244,55,64,121,180
Turkey,Iran (Islamic Republic of),38569,84270,23140,44603,15429,39667
Turkey,Iraq,139629,233288,83770,39413,55859,193875
Turkey,Ireland,529,737,243,310,286,427
Turkey,Israel,2677,3738,1301,1673,1376,2065
Turkey,Italy,2798,3908,1490,1946,1308,1962
Turkey,Japan,1970,2750,812,1013,1158,1737
Turkey,Kazakhstan,4918,6869,2020,2520,2898,4349
Turkey,Jordan,901,1257,554,738,347,519
Turkey,Kenya,170,236,105,140,65,96
Turkey,Dem. People's Republic of Korea,28,37,15,19,13,18
Turkey,Republic of Korea,503,700,198,244,305,456
Turkey,Kuwait,281,391,177,236,104,155
Turkey,Kyrgyzstan,1931,2697,1042,1364,889,1333
Turkey,Lebanon,1113,1554,517,661,596,893
Turkey,Latvia,62,86,17,21,45,65
Turkey,Libya,3023,4220,1635,2136,1388,2084
Turkey,Lithuania,255,355,90,110,165,245
Turkey,Luxembourg,44,59,19,23,25,36
Turkey,Malaysia,259,361,135,177,124,184
Turkey,Malta,42,56,13,15,29,41
Turkey,Mexico,151,208,68,86,83,122
Turkey,Mongolia,187,259,85,108,102,151
Turkey,Republic of Moldova,2296,3206,232,109,2064,3097
Turkey,Morocco,472,659,271,359,201,300
Turkey,Oman,24,32,10,13,14,19
Turkey,Netherlands,21488,30017,9885,12596,11603,17421
Turkey,New Zealand,285,397,108,134,177,263
Turkey,Nigeria,863,1204,574,772,289,432
Turkey,Norway,3498,4886,1593,2027,1905,2859
Turkey,Pakistan,2015,1599,1158,868,857,731
Turkey,Peru,51,70,18,22,33,48
Turkey,Philippines,574,801,178,208,396,593
Turkey,Poland,3362,4695,1474,1862,1888,2833
Turkey,Portugal,220,305,99,125,121,180
Turkey,Qatar,30,40,19,25,11,15
Turkey,Romania,20418,28522,7447,9048,12971,19474
Turkey,Russian Federation,19557,27319,6862,8259,12695,19060
Turkey,Saudi Arabia,4331,6049,2143,2766,2188,3283
Turkey,Senegal,64,88,38,51,26,37
Turkey,Singapore,194,269,59,69,135,200
Turkey,Slovakia,308,428,134,169,174,259
Turkey,Viet Nam,29,39,12,15,17,24
Turkey,Slovenia,144,199,63,79,81,120
Turkey,Somalia,3962,2980,2267,1610,1695,1370
Turkey,South Africa,290,403,141,181,149,222
Turkey,Spain,1190,1661,525,664,665,997
Turkey,Sudan,393,546,262,351,131,195
Turkey,Eswatini,75,103,24,29,51,74
Turkey,Sweden,5252,7335,2254,2835,2998,4500
Turkey,Switzerland,10209,14260,4508,5700,5701,8560
Turkey,Syrian Arab Republic,2714774,3792505,1655872,2301270,1058902,1491235
Turkey,Tajikistan,272,378,200,272,72,106
Turkey,Thailand,144,199,71,90,73,109
Turkey,United Arab Emirates,43,58,28,36,15,22
Turkey,Tunisia,507,708,297,394,210,314
Turkey,Turkmenistan,2001,2793,1405,1900,596,893
Turkey,Ukraine,4114,5745,1045,1138,3069,4607
Turkey,North Macedonia,141740,198004,80733,106400,61007,91604
Turkey,Egypt,773,1079,434,572,339,507
Turkey,United Kingdom,18624,26016,8015,10088,10609,15928
Turkey,United Republic of Tanzania,218,303,194,268,24,35
Turkey,United States of America,13370,18675,6951,9038,6419,9637
Turkey,Uruguay,43,58,22,28,21,30
Turkey,Uzbekistan,7842,10954,3517,4462,4325,6492
Turkey,Venezuela (Bolivarian Republic of),39,52,17,21,22,31
Turkey,Yemen,99,136,56,75,43,61
Turkey,Other,148898,139511,80052,63659,68846,75852
United Arab Emirates,Micronesia,0,0,0,0,0,0
United Arab Emirates,Afghanistan,7515,8191,5176,5640,2339,2551
United Arab Emirates,Bahrain,1834,1998,788,858,1046,1140
United Arab Emirates,Bangladesh,1004611,1095231,873398,952077,131213,143154
United Arab Emirates,Sri Lanka,110523,120491,61346,66839,49177,53652
United Arab Emirates,Chad,4909,5350,3386,3689,1523,1661
United Arab Emirates,Ethiopia,10136,11049,6981,7609,3155,3440
United Arab Emirates,Eritrea,17735,19334,12211,13309,5524,6025
United Arab Emirates,France,16642,18141,10508,11451,6134,6690
United Arab Emirates,State of Palestine,53484,58308,36823,40132,16661,18176
United Arab Emirates,India,3184043,3471300,2445963,2666029,738080,805271
United Arab Emirates,Indonesia,292432,318809,104016,113244,188416,205565
United Arab Emirates,Jordan,154989,168968,101149,110229,53840,58739
United Arab Emirates,Kuwait,61939,67525,42494,46312,19445,21213
United Arab Emirates,Lebanon,38446,41913,26469,28847,11977,13066
United Arab Emirates,Morocco,8204,8942,5650,6157,2554,2785
United Arab Emirates,Nepal,25580,27886,17614,19196,7966,8690
United Arab Emirates,Netherlands,2896,3155,1779,1939,1117,1216
United Arab Emirates,Nigeria,14399,15697,9913,10804,4486,4893
United Arab Emirates,Pakistan,913855,996288,710779,774730,203076,221558
United Arab Emirates,Philippines,518041,564769,389810,424868,128231,139901
United Arab Emirates,Qatar,2452,2671,898,977,1554,1694
United Arab Emirates,Saudi Arabia,6036,6579,4206,4584,1830,1995
United Arab Emirates,Somalia,8930,9734,6150,6702,2780,3032
United Arab Emirates,South Sudan,14607,15922,9512,10365,5095,5557
United Arab Emirates,Sudan,122204,133226,79574,86717,42630,46509
United Arab Emirates,Syrian Arab Republic,48547,52925,33359,36356,15188,16569
United Arab Emirates,Thailand,11760,12819,8097,8825,3663,3994
United Arab Emirates,Tunisia,5389,5874,3712,4046,1677,1828
United Arab Emirates,Turkey,35027,38186,24117,26284,10910,11902
United Arab Emirates,Egypt,825178,899612,551748,601297,273430,298315
United Arab Emirates,United Kingdom,26777,29191,17663,19249,9114,9942
United Arab Emirates,United States of America,14329,15620,9865,10751,4464,4869
United Arab Emirates,Yemen,188606,205618,129846,141511,58760,64107
United Arab Emirates,Other,243071,265010,145170,158169,97901,106841
Yemen,Micronesia,0,0,0,0,0,0
Yemen,Ethiopia,15740,16039,9153,10070,6587,5969
Yemen,Eritrea,1902,1937,1184,1288,718,649
Yemen,State of Palestine,3757,3826,1926,2168,1831,1658
Yemen,Iran (Islamic Republic of),7,6,4,4,3,2
Yemen,Iraq,9801,9987,5068,5698,4733,4289
Yemen,Viet Nam,15,14,8,8,7,6
Yemen,Somalia,275683,280940,145260,162717,130423,118223
Yemen,South Sudan,541,551,282,317,259,234
Yemen,Sudan,26541,27044,13831,15525,12710,11519
Yemen,Syrian Arab Republic,3943,4013,2050,2298,1893,1715
Yemen,Egypt,7596,7739,3943,4429,3653,3310
Yemen,Other,34356,35017,16681,18990,17675,16027
Belarus,Micronesia,0,0,0,0,0,0
Belarus,Afghanistan,282,277,192,190,90,87
Belarus,Algeria,53,51,44,44,9,7
Belarus,Azerbaijan,13493,13294,7781,7667,5712,5627
Belarus,Argentina,102,99,35,34,67,65
Belarus,Australia,28,26,12,12,16,14
Belarus,Austria,59,57,18,18,41,39
Belarus,Armenia,5728,5643,3434,3384,2294,2259
Belarus,Belgium,36,34,21,21,15,13
Belarus,Brazil,94,91,26,25,68,66
Belarus,Bulgaria,61,59,31,31,30,28
Belarus,Canada,155,152,58,58,97,94
Belarus,Cuba,44,42,41,41,3,1
Belarus,Czechia,96,93,29,28,67,65
Belarus,Denmark,199,195,118,117,81,78
Belarus,Ethiopia,25,23,24,23,1,0
Belarus,Estonia,3243,3194,1104,1087,2139,2107
Belarus,Finland,2111,2079,979,965,1132,1114
Belarus,Georgia,8507,8381,4911,4839,3596,3542
Belarus,Germany,66,64,35,35,31,29
Belarus,Greece,108,105,35,34,73,71
Belarus,Hungary,342,335,128,125,214,210
Belarus,India,48,46,39,39,9,7
Belarus,Iran (Islamic Republic of),49,47,39,39,10,8
Belarus,Ireland,24,22,8,8,16,14
Belarus,Israel,387,380,179,176,208,204
Belarus,Italy,24,22,21,21,3,1
Belarus,Kazakhstan,69957,68934,33739,33246,36218,35688
Belarus,Jordan,30,28,29,28,1,0
Belarus,Dem. People's Republic of Korea,60,58,19,19,41,39
Belarus,Republic of Korea,29,27,14,14,15,13
Belarus,Kyrgyzstan,5234,5156,2532,2495,2702,2661
Belarus,Lebanon,65,63,65,63,0,0
Belarus,Latvia,10486,10332,3087,3043,7399,7289
Belarus,Lithuania,17385,17130,4592,4525,12793,12605
Belarus,Mongolia,168,164,43,42,125,122
Belarus,Republic of Moldova,7608,7496,4089,4030,3519,3466
Belarus,Norway,61,59,34,34,27,25
Belarus,Pakistan,47,45,47,45,0,0
Belarus,Poland,478,470,221,218,257,252
Belarus,Romania,23,21,10,10,13,11
Belarus,Russian Federation,682362,672481,305167,300709,377195,371772
Belarus,Serbia,35,33,22,22,13,11
Belarus,Slovakia,27,25,9,9,18,16
Belarus,Viet Nam,366,359,172,169,194,190
Belarus,Spain,35,33,16,16,19,17
Belarus,Sweden,340,333,177,174,163,159
Belarus,Switzerland,29,27,13,13,16,14
Belarus,Syrian Arab Republic,83,80,83,80,0,0
Belarus,Tajikistan,5679,5595,2905,2863,2774,2732
Belarus,United Arab Emirates,23,21,11,11,12,10
Belarus,Turkey,25,23,24,23,1,0
Belarus,Turkmenistan,5464,5382,2667,2627,2797,2755
Belarus,Ukraine,225734,222436,109228,107632,116506,114804
Belarus,United Kingdom,461,453,171,168,290,285
Belarus,United States of America,87,84,37,36,50,48
Belarus,Uruguay,28,26,4,4,24,22
Belarus,Uzbekistan,14788,14570,7152,7047,7636,7523
Belarus,Yemen,33,31,27,27,6,4
Belarus,Other,311,304,213,210,98,94
Bulgaria,Micronesia,7,4,5,2,2,2
Bulgaria,Afghanistan,3438,426,2563,298,875,128
Bulgaria,Albania,990,1351,520,777,470,574
Bulgaria,Algeria,347,460,194,283,153,177
Bulgaria,Andorra,0,0,0,0,0,0
Bulgaria,Angola,8,15,2,5,6,10
Bulgaria,Anguilla,29,30,19,22,10,8
Bulgaria,Antigua and Barbuda,5,4,4,3,1,1
Bulgaria,Argentina,99,127,44,65,55,62
Bulgaria,Armenia,1371,1802,576,809,795,993
Bulgaria,Aruba,5,3,4,2,1,1
Bulgaria,Australia,200,295,110,164,90,131
Bulgaria,Austria,804,1938,441,1064,363,874
Bulgaria,Azerbaijan,1652,1930,688,862,964,1068
Bulgaria,Bahamas,4,3,0,0,4,3
Bulgaria,Bahrain,14,28,5,14,9,14
Bulgaria,Bangladesh,478,539,235,288,243,251
Bulgaria,Barbados,4,3,1,0,3,3
Bulgaria,Belarus,704,1110,148,300,556,810
Bulgaria,Belgium,1297,2606,662,1377,635,1229
Bulgaria,Belize,2,0,0,0,2,0
Bulgaria,Benin,24,27,13,16,11,11
Bulgaria,Bermuda,1,1,0,0,1,1
Bulgaria,Bhutan,21,23,12,14,9,9
Bulgaria,Bolivia (Plurinational State of),16,22,9,12,7,10
Bulgaria,Bosnia and Herzegovina,102,164,65,111,37,53
Bulgaria,Botswana,23,26,13,16,10,10
Bulgaria,Brazil,120,210,44,89,76,121
Bulgaria,British Virgin Islands,59,60,36,35,23,25
Bulgaria,Brunei Darussalam,1,1,1,1,0,0
Bulgaria,Burkina Faso,11,13,7,9,4,4
Bulgaria,Burundi,15,18,7,10,8,8
Bulgaria,Cabo Verde,6,5,4,3,2,2
Bulgaria,Cambodia,11,13,0,0,11,13
Bulgaria,Cameroon,13,24,11,18,2,6
Bulgaria,Canada,484,753,246,402,238,351
Bulgaria,Cayman Islands,3,3,2,1,1,2
Bulgaria,Chad,5,4,4,3,1,1
Bulgaria,Chile,20,27,12,16,8,11
Bulgaria,China,1083,1550,525,742,558,808
Bulgaria,Colombia,36,68,19,32,17,36
Bulgaria,Congo,10,26,4,11,6,15
Bulgaria,Costa Rica,7,8,7,6,0,2
Bulgaria,Côte d'Ivoire,12,15,7,9,5,6
Bulgaria,Croatia,95,125,54,73,41,52
Bulgaria,Cuba,241,301,142,186,99,115
Bulgaria,Cyprus,883,1479,461,804,422,675
Bulgaria,Czechia,1039,1533,425,688,614,845
Bulgaria,Dem. People's Republic of Korea,29,37,10,14,19,23
Bulgaria,Democratic Republic of the Congo,13,13,11,11,2,2
Bulgaria,Denmark,201,555,123,314,78,241
Bulgaria,Djibouti,3,2,3,2,0,0
Bulgaria,Dominica,0,0,0,0,0,0
Bulgaria,Dominican Republic,41,56,15,25,26,31
Bulgaria,Ecuador,15,28,2,8,13,20
Bulgaria,Egypt,210,358,154,262,56,96
Bulgaria,El Salvador,8,11,5,8,3,3
Bulgaria,Eritrea,3,13,2,12,1,1
Bulgaria,Estonia,64,103,19,34,45,69
Bulgaria,Eswatini,2,1,0,0,2,1
Bulgaria,Ethiopia,50,63,37,44,13,19
Bulgaria,Fiji,1,0,1,0,0,0
Bulgaria,Finland,129,211,64,107,65,104
Bulgaria,France,1560,3021,821,1668,739,1353
Bulgaria,Gabon,10,8,3,3,7,5
Bulgaria,Gambia,8,9,3,4,5,5
Bulgaria,Georgia,354,492,145,221,209,271
Bulgaria,Germany,4846,12588,2517,6655,2329,5933
Bulgaria,Ghana,15,29,7,19,8,10
Bulgaria,Gibraltar,6,9,2,2,4,7
Bulgaria,Greece,6276,8061,3329,4507,2947,3554
Bulgaria,Greenland,2,1,2,1,0,0
Bulgaria,Guatemala,4,4,2,1,2,3
Bulgaria,Guinea,9,9,8,8,1,1
Bulgaria,Guinea-Bissau,4,3,2,1,2,2
Bulgaria,Guyana,4,3,3,2,1,1
Bulgaria,Haiti,5,4,4,3,1,1
Bulgaria,Holy See,1,0,1,0,0,0
Bulgaria,Honduras,2,4,1,0,1,4
Bulgaria,Hungary,312,391,124,174,188,217
Bulgaria,Iceland,15,29,7,14,8,15
Bulgaria,India,251,553,166,363,85,190
Bulgaria,Indonesia,38,63,11,14,27,49
Bulgaria,Iran (Islamic Republic of),303,475,216,334,87,141
Bulgaria,Iraq,4850,1389,3548,971,1302,418
Bulgaria,Ireland,214,385,111,209,103,176
Bulgaria,Isle of Man,2,18,0,12,2,6
Bulgaria,Israel,486,824,296,518,190,306
Bulgaria,Italy,2479,3994,1463,2401,1016,1593
Bulgaria,Jamaica,5,5,2,1,3,4
Bulgaria,Japan,159,220,68,99,91,121
Bulgaria,Jordan,201,293,148,213,53,80
Bulgaria,Kazakhstan,1327,2308,399,815,928,1493
Bulgaria,Kenya,16,28,6,12,10,16
Bulgaria,Kiribati,4,3,2,1,2,2
Bulgaria,Kuwait,100,227,66,155,34,72
Bulgaria,Kyrgyzstan,145,237,41,90,104,147
Bulgaria,Lao People's Democratic Republic,1,0,0,0,1,0
Bulgaria,Latvia,148,218,31,52,117,166
Bulgaria,Lebanon,662,1026,478,736,184,290
Bulgaria,Liberia,5,6,4,4,1,2
Bulgaria,Libya,210,294,107,170,103,124
Bulgaria,Liechtenstein,2,1,1,0,1,1
Bulgaria,Lithuania,118,158,22,44,96,114
Bulgaria,Luxembourg,64,109,28,56,36,53
Bulgaria,Madagascar,2,1,2,1,0,0
Bulgaria,Malawi,1,2,1,2,0,0
Bulgaria,Malaysia,3,20,2,14,1,6
Bulgaria,Maldives,1,0,0,0,1,0
Bulgaria,Mali,5,3,3,1,2,2
Bulgaria,Malta,63,165,32,91,31,74
Bulgaria,Marshall Islands,1,0,1,0,0,0
Bulgaria,Mauritania,2,2,2,2,0,0
Bulgaria,Mauritius,4,5,2,1,2,4
Bulgaria,Mexico,54,97,25,49,29,48
Bulgaria,Monaco,8,12,3,6,5,6
Bulgaria,Mongolia,79,101,27,37,52,64
Bulgaria,Montenegro,24,41,12,23,12,18
Bulgaria,Morocco,93,156,48,89,45,67
Bulgaria,Mozambique,31,38,17,22,14,16
Bulgaria,Namibia,5,8,2,4,3,4
Bulgaria,Nauru,2,1,2,1,0,0
Bulgaria,Nepal,8,16,8,11,0,5
Bulgaria,Netherlands,911,1772,499,977,412,795
Bulgaria,New Zealand,42,63,25,37,17,26
Bulgaria,Nicaragua,28,38,25,33,3,5
Bulgaria,Niger,1,0,1,0,0,0
Bulgaria,Nigeria,124,246,102,183,22,63
Bulgaria,North Macedonia,2402,4614,1287,2934,1115,1680
Bulgaria,Norway,230,545,114,283,116,262
Bulgaria,Oman,4,9,4,9,0,0
Bulgaria,Pakistan,137,290,85,182,52,108
Bulgaria,Panama,7,7,6,5,1,2
Bulgaria,Papua New Guinea,2,1,2,1,0,0
Bulgaria,Paraguay,2,3,2,2,0,1
Bulgaria,Peru,26,33,15,18,11,15
Bulgaria,Philippines,72,155,5,19,67,136
Bulgaria,Poland,1444,1946,437,683,1007,1263
Bulgaria,Portugal,339,569,159,285,180,284
Bulgaria,Qatar,29,58,20,40,9,18
Bulgaria,Republic of Korea,140,230,64,108,76,122
Bulgaria,Republic of Moldova,2070,3144,693,1232,1377,1912
Bulgaria,Romania,4039,3519,1501,1445,2538,2074
Bulgaria,Russian Federation,21381,32789,5327,10489,16054,22300
Bulgaria,Rwanda,2,1,1,0,1,1
Bulgaria,Samoa,5,5,1,1,4,4
Bulgaria,San Marino,6,4,1,0,5,4
Bulgaria,Saudi Arabia,56,139,37,97,19,42
Bulgaria,Senegal,11,14,7,10,4,4
Bulgaria,Serbia,1944,3245,918,1756,1026,1489
Bulgaria,Seychelles,0,1,0,0,0,1
Bulgaria,Sierra Leone,1,1,1,1,0,0
Bulgaria,Singapore,15,33,8,15,7,18
Bulgaria,Slovakia,299,394,71,121,228,273
Bulgaria,Slovenia,83,129,43,76,40,53
Bulgaria,Somalia,16,23,8,12,8,11
Bulgaria,South Africa,188,335,90,168,98,167
Bulgaria,Spain,4589,7450,2301,3943,2288,3507
Bulgaria,Sri Lanka,12,20,10,14,2,6
Bulgaria,State of Palestine,37,83,23,52,14,31
Bulgaria,Sudan,41,48,33,40,8,8
Bulgaria,Suriname,1,2,1,2,0,0
Bulgaria,Sweden,274,514,139,264,135,250
Bulgaria,Switzerland,347,600,191,332,156,268
Bulgaria,Syrian Arab Republic,15502,17848,10126,10976,5376,6872
Bulgaria,Tajikistan,133,169,54,66,79,103
Bulgaria,Thailand,30,57,2,9,28,48
Bulgaria,Togo,1,3,0,0,1,3
Bulgaria,Tokelau,0,0,0,0,0,0
Bulgaria,Tonga,1,0,0,0,1,0
Bulgaria,Trinidad and Tobago,4,4,4,4,0,0
Bulgaria,Tunisia,97,150,73,112,24,38
Bulgaria,Turkey,8130,14454,5682,9507,2448,4947
Bulgaria,Turkmenistan,250,317,82,116,168,201
Bulgaria,Turks and Caicos Islands,3,1,3,1,0,0
Bulgaria,Tuvalu,2,0,1,0,1,0
Bulgaria,Uganda,7,9,5,6,2,3
Bulgaria,Ukraine,6164,11275,1412,3856,4752,7419
Bulgaria,United Arab Emirates,133,347,67,192,66,155
Bulgaria,United Kingdom,5901,11981,3115,6338,2786,5643
Bulgaria,United Republic of Tanzania,10,13,9,12,1,1
Bulgaria,United States of America,2129,3454,1079,1881,1050,1573
Bulgaria,Uruguay,16,17,11,12,5,5
Bulgaria,Uzbekistan,675,925,218,315,457,610
Bulgaria,Vanuatu,15,15,10,10,5,5
Bulgaria,Venezuela (Bolivarian Republic of),34,52,14,24,20,28
Bulgaria,Viet Nam,557,709,362,431,195,278
Bulgaria,Wallis and Futuna Islands,1,0,0,0,1,0
Bulgaria,Yemen,46,93,34,66,12,27
Bulgaria,Zambia,10,13,5,7,5,6
Bulgaria,Zimbabwe,27,41,17,23,10,18
Bulgaria,Other,398,557,240,364,158,193
Czechia,Micronesia,1,0,0,0,1,0
Czechia,Afghanistan,418,484,268,333,150,151
Czechia,Albania,309,487,209,299,100,188
Czechia,Algeria,686,805,583,675,103,130
Czechia,Andorra,0,0,0,0,0,0
Czechia,Angola,168,161,140,138,28,23
Czechia,Antigua and Barbuda,0,0,0,0,0,0
Czechia,Argentina,199,366,116,234,83,132
Czechia,Armenia,1865,2096,1018,1151,847,945
Czechia,Aruba,0,0,0,0,0,0
Czechia,Australia,551,701,347,464,204,237
Czechia,Austria,2618,3002,2210,2531,408,471
Czechia,Azerbaijan,1142,1596,663,972,479,624
Czechia,Bahamas,2,1,1,0,1,1
Czechia,Bahrain,14,25,9,19,5,6
Czechia,Bangladesh,183,718,160,666,23,52
Czechia,Barbados,1,1,1,1,0,0
Czechia,Belarus,4097,5864,1710,2851,2387,3013
Czechia,Belgium,613,819,468,621,145,198
Czechia,Belize,0,1,0,1,0,0
Czechia,Benin,43,39,31,27,12,12
Czechia,Bermuda,4,2,2,1,2,1
Czechia,Bhutan,2,3,1,1,1,2
Czechia,Bolivia (Plurinational State of),78,99,54,67,24,32
Czechia,Bosnia and Herzegovina,2504,3178,1661,2239,843,939
Czechia,Botswana,97,30,62,14,35,16
Czechia,Brazil,462,1150,280,672,182,478
Czechia,Brunei Darussalam,1,0,1,0,0,0
Czechia,Bulgaria,9276,15166,5821,9637,3455,5529
Czechia,Burkina Faso,17,17,11,12,6,5
Czechia,Burundi,5,5,3,4,2,1
Czechia,Cabo Verde,11,17,8,10,3,7
Czechia,Cambodia,40,60,18,23,22,37
Czechia,Cameroon,99,131,83,102,16,29
Czechia,Canada,766,1015,453,606,313,409
Czechia,Cayman Islands,1,0,1,0,0,0
Czechia,Central African Republic,0,0,0,0,0,0
Czechia,Chad,6,4,5,3,1,1
Czechia,Chile,122,244,75,145,47,99
Czechia,China,4807,6620,2531,3516,2276,3104
Czechia,"China, Hong Kong SAR",0,0,0,0,0,0
Czechia,Colombia,250,424,134,230,116,194
Czechia,Comoros,0,0,0,0,0,0
Czechia,Congo,62,60,42,42,20,18
Czechia,Costa Rica,54,158,32,88,22,70
Czechia,Côte d'Ivoire,87,107,77,89,10,18
Czechia,Croatia,1632,1898,1123,1277,509,621
Czechia,Cuba,431,489,288,313,143,176
Czechia,Cyprus,106,137,84,104,22,33
Czechia,Dem. People's Republic of Korea,13,3,8,0,5,3
Czechia,Democratic Republic of the Congo,88,91,53,59,35,32
Czechia,Denmark,308,423,229,312,79,111
Czechia,Djibouti,3,1,1,0,2,1
Czechia,Dominica,2,2,2,2,0,0
Czechia,Dominican Republic,58,93,32,51,26,42
Czechia,Ecuador,93,116,57,68,36,48
Czechia,Egypt,728,1145,654,976,74,169
Czechia,El Salvador,26,45,18,24,8,21
Czechia,Equatorial Guinea,0,0,0,0,0,0
Czechia,Eritrea,9,8,6,4,3,4
Czechia,Estonia,175,256,72,113,103,143
Czechia,Eswatini,0,0,0,0,0,0
Czechia,Ethiopia,105,122,72,78,33,44
Czechia,Fiji,5,6,4,5,1,1
Czechia,Finland,298,412,172,246,126,166
Czechia,France,2791,3817,1977,2726,814,1091
Czechia,French Polynesia,1,2,0,0,1,2
Czechia,Gabon,3,10,3,5,0,5
Czechia,Gambia,16,13,14,13,2,0
Czechia,Georgia,1070,1453,616,903,454,550
Czechia,Germany,15567,17983,12755,14642,2812,3341
Czechia,Ghana,197,426,163,342,34,84
Czechia,Gibraltar,3,2,1,0,2,2
Czechia,Greece,724,1248,512,899,212,349
Czechia,Greenland,2,1,1,0,1,1
Czechia,Grenada,1,0,1,0,0,0
Czechia,Guatemala,35,51,18,29,17,22
Czechia,Guinea,78,79,58,61,20,18
Czechia,Guinea-Bissau,21,22,18,19,3,3
Czechia,Guyana,5,5,5,5,0,0
Czechia,Haiti,7,10,4,6,3,4
Czechia,Honduras,21,40,12,18,9,22
Czechia,Hungary,1202,1695,708,1019,494,676
Czechia,Iceland,30,43,22,32,8,11
Czechia,India,1707,4315,1242,3167,465,1148
Czechia,Indonesia,179,333,69,158,110,175
Czechia,Iran (Islamic Republic of),502,896,322,510,180,386
Czechia,Iraq,519,657,355,453,164,204
Czechia,Ireland,584,689,456,536,128,153
Czechia,Israel,510,796,364,530,146,266
Czechia,Italy,3364,4893,2880,4117,484,776
Czechia,Jamaica,22,25,14,18,8,7
Czechia,Japan,1519,1764,767,868,752,896
Czechia,Jordan,169,223,134,170,35,53
Czechia,Kazakhstan,6563,8015,3369,4081,3194,3934
Czechia,Kenya,93,137,64,85,29,52
Czechia,Kiribati,1,0,0,0,1,0
Czechia,Kuwait,103,128,79,90,24,38
Czechia,Kyrgyzstan,810,1262,400,728,410,534
Czechia,Lao People's Democratic Republic,25,35,12,17,13,18
Czechia,Latvia,450,679,209,330,241,349
Czechia,Lebanon,345,433,274,330,71,103
Czechia,Lesotho,2,0,2,0,0,0
Czechia,Liberia,10,12,8,8,2,4
Czechia,Libya,188,205,145,149,43,56
Czechia,Liechtenstein,1,0,1,0,0,0
Czechia,Lithuania,610,748,284,353,326,395
Czechia,Luxembourg,22,26,16,20,6,6
Czechia,Madagascar,24,27,15,18,9,9
Czechia,Malawi,5,7,5,6,0,1
Czechia,Malaysia,356,219,147,95,209,124
Czechia,Maldives,2,5,2,5,0,0
Czechia,Mali,27,28,19,20,8,8
Czechia,Malta,22,32,15,24,7,8
Czechia,Mauritania,7,5,7,5,0,0
Czechia,Mauritius,32,54,20,36,12,18
Czechia,Mexico,432,888,271,530,161,358
Czechia,Monaco,6,6,5,4,1,2
Czechia,Mongolia,4607,7831,1817,3556,2790,4275
Czechia,Montenegro,91,148,56,82,35,66
Czechia,Morocco,303,449,253,357,50,92
Czechia,Mozambique,12,20,10,17,2,3
Czechia,Myanmar,130,146,75,82,55,64
Czechia,Namibia,24,36,14,16,10,20
Czechia,Nauru,0,0,0,0,0,0
Czechia,Nepal,182,1286,134,1055,48,231
Czechia,Netherlands,2593,3045,1839,2172,754,873
Czechia,New Zealand,180,247,141,197,39,50
Czechia,Nicaragua,13,22,9,12,4,10
Czechia,Niger,4,4,4,4,0,0
Czechia,Nigeria,604,771,514,635,90,136
Czechia,North Macedonia,1925,2572,1454,1891,471,681
Czechia,Norway,168,238,124,173,44,65
Czechia,Oman,2,34,1,32,1,2
Czechia,Pakistan,533,662,412,501,121,161
Czechia,Panama,44,47,31,36,13,11
Czechia,Papua New Guinea,5,14,4,11,1,3
Czechia,Paraguay,27,23,20,17,7,6
Czechia,Peru,234,319,149,201,85,118
Czechia,Philippines,509,1590,106,498,403,1092
Czechia,Poland,18796,21694,9503,11305,9293,10389
Czechia,Portugal,310,507,220,354,90,153
Czechia,Qatar,4,7,2,2,2,5
Czechia,Republic of Korea,1428,2552,744,1338,684,1214
Czechia,Republic of Moldova,6849,10102,3986,6033,2863,4069
Czechia,Romania,5446,9659,3678,6847,1768,2812
Czechia,Russian Federation,32735,37471,14606,16506,18129,20965
Czechia,Rwanda,8,19,6,12,2,7
Czechia,Saint Kitts and Nevis,0,0,0,0,0,0
Czechia,Saint Lucia,7,4,4,2,3,2
Czechia,Saint Vincent and the Grenadines,1,0,1,0,0,0
Czechia,Samoa,3,0,1,0,2,0
Czechia,San Marino,1,0,0,0,1,0
Czechia,Sao Tome and Principe,2,0,2,0,0,0
Czechia,Saudi Arabia,208,299,161,215,47,84
Czechia,Senegal,59,76,56,69,3,7
Czechia,Serbia,1534,3665,1020,2561,514,1104
Czechia,Seychelles,3,5,1,2,2,3
Czechia,Sierra Leone,16,23,14,22,2,1
Czechia,Singapore,53,115,31,56,22,59
Czechia,Slovakia,89301,113773,48510,61914,40791,51859
Czechia,Slovenia,337,478,225,306,112,172
Czechia,Somalia,28,17,15,10,13,7
Czechia,South Africa,338,554,204,328,134,226
Czechia,Spain,962,1524,681,1084,281,440
Czechia,Sri Lanka,135,209,107,159,28,50
Czechia,State of Palestine,100,119,81,83,19,36
Czechia,Sudan,58,63,48,47,10,16
Czechia,Suriname,7,13,3,9,4,4
Czechia,Sweden,464,576,325,423,139,153
Czechia,Switzerland,518,684,370,475,148,209
Czechia,Syrian Arab Republic,922,1358,634,898,288,460
Czechia,Tajikistan,255,348,155,205,100,143
Czechia,Thailand,864,1418,79,134,785,1284
Czechia,Timor-Leste,0,0,0,0,0,0
Czechia,Togo,14,20,10,16,4,4
Czechia,Tonga,2,1,1,0,1,1
Czechia,Trinidad and Tobago,7,13,4,7,3,6
Czechia,Tunisia,776,1135,726,1026,50,109
Czechia,Turkey,1617,3077,1202,2257,415,820
Czechia,Turkmenistan,162,189,68,82,94,107
Czechia,Tuvalu,0,0,0,0,0,0
Czechia,Uganda,35,47,19,24,16,23
Czechia,Ukraine,100664,131316,55523,73146,45141,58170
Czechia,United Arab Emirates,67,211,50,131,17,80
Czechia,United Kingdom,4851,6410,3863,5101,988,1309
Czechia,United Republic of Tanzania,20,30,14,18,6,12
Czechia,United States of America,5209,8115,3264,4663,1945,3452
Czechia,Uruguay,31,45,21,26,10,19
Czechia,Uzbekistan,2166,2777,1468,1854,698,923
Czechia,Vanuatu,1,0,1,0,0,0
Czechia,Venezuela (Bolivarian Republic of),122,309,61,164,61,145
Czechia,Viet Nam,45525,50350,26266,28241,19259,22109
Czechia,Western Sahara,0,0,0,0,0,0
Czechia,Yemen,158,190,100,115,58,75
Czechia,Zambia,62,73,45,53,17,20
Czechia,Zimbabwe,60,116,36,72,24,44
Czechia,Other,4238,4316,2822,2705,1416,1611
Hungary,Micronesia,4,0,2,0,2,0
Hungary,Afghanistan,9411,1816,6602,1263,2809,553
Hungary,Albania,228,503,129,358,99,145
Hungary,Algeria,684,929,487,693,197,236
Hungary,Andorra,1,0,0,0,1,0
Hungary,Angola,78,116,49,68,29,48
Hungary,Antigua and Barbuda,1,0,0,0,1,0
Hungary,Argentina,368,432,208,244,160,188
Hungary,Armenia,173,225,79,111,94,114
Hungary,Aruba,1,2,1,2,0,0
Hungary,Australia,906,1246,466,680,440,566
Hungary,Austria,8694,11188,4695,6084,3999,5104
Hungary,Azerbaijan,201,617,105,414,96,203
Hungary,Bahamas,6,7,4,5,2,2
Hungary,Bahrain,14,37,8,19,6,18
Hungary,Bangladesh,67,244,53,196,14,48
Hungary,Barbados,2,3,0,0,2,3
Hungary,Belarus,199,266,66,92,133,174
Hungary,Belgium,1853,2574,961,1391,892,1183
Hungary,Belize,3,2,2,1,1,1
Hungary,Benin,9,33,7,24,2,9
Hungary,Bermuda,1,1,0,0,1,1
Hungary,Bhutan,1,12,1,5,0,7
Hungary,Bolivia (Plurinational State of),46,55,31,38,15,17
Hungary,Bosnia and Herzegovina,234,438,142,293,92,145
Hungary,Botswana,3,12,3,8,0,4
Hungary,Brazil,1621,1321,964,692,657,629
Hungary,Brunei Darussalam,2,1,2,1,0,0
Hungary,Bulgaria,1294,1421,575,699,719,722
Hungary,Burkina Faso,5,12,2,7,3,5
Hungary,Burundi,5,12,5,7,0,5
Hungary,Cabo Verde,5,19,3,11,2,8
Hungary,Cambodia,53,88,32,44,21,44
Hungary,Cameroon,249,322,190,237,59,85
Hungary,Canada,2228,2914,1160,1578,1068,1336
Hungary,Cayman Islands,1,2,0,0,1,2
Hungary,Central African Republic,6,14,5,9,1,5
Hungary,Chad,1,5,1,5,0,0
Hungary,Chile,132,214,67,112,65,102
Hungary,China,13867,17648,6960,8911,6907,8737
Hungary,Colombia,202,335,100,164,102,171
Hungary,Comoros,1,2,1,2,0,0
Hungary,Congo,77,76,60,62,17,14
Hungary,Costa Rica,44,98,23,53,21,45
Hungary,Côte d'Ivoire,35,59,26,46,9,13
Hungary,Croatia,1921,2282,889,1162,1032,1120
Hungary,Cuba,539,618,246,295,293,323
Hungary,Cyprus,276,307,148,169,128,138
Hungary,Czechia,1455,1487,560,662,895,825
Hungary,Dem. People's Republic of Korea,16,17,5,4,11,13
Hungary,Democratic Republic of the Congo,36,70,26,40,10,30
Hungary,Denmark,435,643,267,377,168,266
Hungary,Djibouti,2,3,1,2,1,1
Hungary,Dominica,1,2,1,2,0,0
Hungary,Dominican Republic,33,59,17,27,16,32
Hungary,Ecuador,107,219,63,125,44,94
Hungary,Egypt,1264,2220,829,1462,435,758
Hungary,El Salvador,15,21,5,10,10,11
Hungary,Equatorial Guinea,2,5,2,4,0,1
Hungary,Eritrea,29,40,17,25,12,15
Hungary,Estonia,148,160,40,44,108,116
Hungary,Eswatini,1,2,1,0,0,2
Hungary,Ethiopia,127,199,81,134,46,65
Hungary,Falkland Islands (Malvinas),0,1,0,0,0,1
Hungary,Faroe Islands,1,0,1,0,0,0
Hungary,Fiji,4,4,2,3,2,1
Hungary,Finland,721,922,338,455,383,467
Hungary,France,3896,4839,2007,2641,1889,2198
Hungary,Gabon,7,7,4,3,3,4
Hungary,Gambia,11,13,8,8,3,5
Hungary,Georgia,191,361,89,168,102,193
Hungary,Germany,28219,35636,14419,18816,13800,16820
Hungary,Ghana,116,283,74,178,42,105
Hungary,Greece,1140,1361,553,713,587,648
Hungary,Greenland,0,1,0,1,0,0
Hungary,Grenada,3,3,2,1,1,2
Hungary,Guatemala,16,32,9,18,7,14
Hungary,Guinea,38,60,32,51,6,9
Hungary,Guinea-Bissau,3,10,3,8,0,2
Hungary,Guyana,8,9,6,5,2,4
Hungary,Haiti,4,8,1,2,3,6
Hungary,Honduras,10,9,7,3,3,6
Hungary,Iceland,125,148,56,66,69,82
Hungary,India,1110,3217,707,2170,403,1047
Hungary,Indonesia,211,567,79,332,132,235
Hungary,Iran (Islamic Republic of),1997,4125,1201,2325,796,1800
Hungary,Iraq,2661,1465,1888,999,773,466
Hungary,Ireland,1120,2046,572,1077,548,969
Hungary,Israel,1556,1898,908,1139,648,759
Hungary,Italy,4428,6187,2787,3926,1641,2261
Hungary,Jamaica,25,32,13,16,12,16
Hungary,Japan,1423,2069,770,1163,653,906
Hungary,Jordan,481,868,379,641,102,227
Hungary,Kazakhstan,483,837,164,302,319,535
Hungary,Kenya,95,254,46,144,49,110
Hungary,Kiribati,1,0,1,0,0,0
Hungary,Kuwait,243,380,156,247,87,133
Hungary,Kyrgyzstan,126,247,27,88,99,159
Hungary,Lao People's Democratic Republic,46,104,27,54,19,50
Hungary,Latvia,165,194,49,70,116,124
Hungary,Lebanon,369,521,269,363,100,158
Hungary,Lesotho,3,1,3,1,0,0
Hungary,Liberia,33,21,23,19,10,2
Hungary,Libya,406,395,247,264,159,131
Hungary,Liechtenstein,4,3,3,2,1,1
Hungary,Lithuania,181,264,77,97,104,167
Hungary,Luxembourg,167,285,91,154,76,131
Hungary,Madagascar,32,44,16,24,16,20
Hungary,Malawi,3,3,1,3,2,0
Hungary,Malaysia,93,156,41,61,52,95
Hungary,Mali,20,26,16,21,4,5
Hungary,Malta,76,159,41,78,35,81
Hungary,Mauritania,5,5,5,5,0,0
Hungary,Mauritius,56,74,28,38,28,36
Hungary,Mexico,420,708,229,390,191,318
Hungary,Monaco,5,7,3,3,2,4
Hungary,Mongolia,862,1792,226,799,636,993
Hungary,Montenegro,44,91,27,57,17,34
Hungary,Morocco,203,441,136,292,67,149
Hungary,Mozambique,20,29,11,16,9,13
Hungary,Myanmar,13,31,8,6,5,25
Hungary,Namibia,19,25,8,10,11,15
Hungary,Nauru,3,0,1,0,2,0
Hungary,Nepal,52,113,30,74,22,39
Hungary,Netherlands,3076,4264,1753,2458,1323,1806
Hungary,New Caledonia,3,2,2,1,1,1
Hungary,New Zealand,175,246,99,137,76,109
Hungary,Nicaragua,20,26,11,14,9,12
Hungary,Niger,7,8,4,6,3,2
Hungary,Nigeria,1447,1769,901,1162,546,607
Hungary,North Macedonia,149,301,85,193,64,108
Hungary,Norway,1158,1479,436,579,722,900
Hungary,Oman,20,36,12,18,8,18
Hungary,Pakistan,3677,1055,2735,780,942,275
Hungary,Panama,28,29,13,15,15,14
Hungary,Papua New Guinea,4,4,0,1,4,3
Hungary,Paraguay,15,19,6,9,9,10
Hungary,Peru,188,267,92,141,96,126
Hungary,Philippines,282,533,68,149,214,384
Hungary,Poland,3018,3383,1032,1245,1986,2138
Hungary,Portugal,435,630,257,379,178,251
Hungary,Qatar,53,119,31,70,22,49
Hungary,Republic of Korea,1160,1931,619,1085,541,846
Hungary,Republic of Moldova,208,594,81,388,127,206
Hungary,Romania,190203,214514,89405,106398,100798,108116
Hungary,Russian Federation,3462,4583,1288,1787,2174,2796
Hungary,Rwanda,18,23,10,10,8,13
Hungary,Saint Kitts and Nevis,0,0,0,0,0,0
Hungary,Saint Lucia,2,2,2,2,0,0
Hungary,Saint Vincent and the Grenadines,3,1,1,0,2,1
Hungary,Samoa,2,1,0,0,2,1
Hungary,San Marino,5,3,4,2,1,1
Hungary,Saudi Arabia,373,451,256,298,117,153
Hungary,Senegal,34,51,25,35,9,16
Hungary,Serbia,37115,48194,19457,27521,17658,20673
Hungary,Seychelles,7,8,3,3,4,5
Hungary,Sierra Leone,31,30,30,24,1,6
Hungary,Singapore,77,102,40,56,37,46
Hungary,Slovakia,19717,20980,7142,8311,12575,12669
Hungary,Slovenia,386,454,194,246,192,208
Hungary,Somalia,564,472,461,415,103,57
Hungary,South Africa,332,604,182,323,150,281
Hungary,Spain,1788,2599,923,1369,865,1230
Hungary,Sri Lanka,61,74,37,49,24,25
Hungary,State of Palestine,70,182,48,128,22,54
Hungary,Sudan,167,225,132,180,35,45
Hungary,Suriname,13,12,10,7,3,5
Hungary,Sweden,1500,1858,775,1027,725,831
Hungary,Switzerland,2477,3692,1328,2025,1149,1667
Hungary,Syrian Arab Republic,19083,2693,14167,1896,4916,797
Hungary,Tajikistan,15,17,6,12,9,5
Hungary,Thailand,762,1408,91,248,671,1160
Hungary,Togo,11,27,6,19,5,8
Hungary,Tonga,0,2,0,0,0,2
Hungary,Trinidad and Tobago,8,16,2,10,6,6
Hungary,Tunisia,273,573,213,391,60,182
Hungary,Turkey,2075,3391,1422,2414,653,977
Hungary,Turkmenistan,19,44,7,25,12,19
Hungary,Uganda,36,97,21,60,15,37
Hungary,Ukraine,39189,70944,17351,37075,21838,33869
Hungary,United Arab Emirates,263,618,144,370,119,248
Hungary,United Kingdom,7414,15065,4037,8178,3377,6887
Hungary,United Republic of Tanzania,62,78,41,59,21,19
Hungary,United States of America,7273,9362,3744,4990,3529,4372
Hungary,Uruguay,62,56,29,24,33,32
Hungary,Uzbekistan,129,170,58,80,71,90
Hungary,Vanuatu,1,0,0,0,1,0
Hungary,Venezuela (Bolivarian Republic of),203,828,106,402,97,426
Hungary,Viet Nam,3091,5272,1444,2766,1647,2506
Hungary,Western Sahara,1,0,1,0,0,0
Hungary,Yemen,271,370,183,255,88,115
Hungary,Zambia,16,30,8,15,8,15
Hungary,Zimbabwe,33,97,20,53,13,44
Hungary,Other,18496,30533,6230,14894,12266,15639
Poland,Micronesia,0,0,0,0,0,0
Poland,Afghanistan,139,184,126,168,13,16
Poland,Albania,124,165,107,144,17,21
Poland,Algeria,574,766,473,645,101,121
Poland,Angola,55,72,50,65,5,7
Poland,Argentina,268,357,165,234,103,123
Poland,Armenia,2078,2775,1295,1836,783,939
Poland,Australia,896,1196,524,751,372,445
Poland,Austria,3742,4997,1855,2730,1887,2267
Poland,Azerbaijan,262,348,145,207,117,141
Poland,Bangladesh,97,128,84,112,13,16
Poland,Belarus,74999,100175,28286,44050,46713,56125
Poland,Belgium,5155,6884,2677,3908,2478,2976
Poland,Bolivia (Plurinational State of),47,61,37,49,10,12
Poland,Bosnia and Herzegovina,3433,4584,1382,2120,2051,2464
Poland,Brazil,256,340,148,210,108,130
Poland,Bulgaria,1707,2280,982,1410,725,870
Poland,Cambodia,25,33,20,26,5,7
Poland,Cameroon,35,47,31,42,4,5
Poland,Canada,2915,3891,1580,2289,1335,1602
Poland,Chile,57,75,34,47,23,28
Poland,China,1162,1550,526,787,636,763
Poland,Colombia,121,161,59,86,62,75
Poland,Congo,104,138,61,87,43,51
Poland,Costa Rica,34,45,34,45,0,0
Poland,Croatia,775,1034,439,630,336,404
Poland,Cuba,222,294,149,207,73,87
Poland,Cyprus,205,273,131,185,74,88
Poland,Czechia,4457,5952,2061,3075,2396,2877
Poland,Denmark,881,1173,468,677,413,496
Poland,Dominican Republic,19,25,6,9,13,16
Poland,Ecuador,44,57,44,57,0,0
Poland,Egypt,446,594,331,455,115,139
Poland,Eritrea,29,39,5,9,24,30
Poland,Estonia,195,259,71,110,124,149
Poland,Ethiopia,42,55,30,40,12,15
Poland,Finland,246,327,107,160,139,167
Poland,France,25801,34461,11053,16743,14748,17718
Poland,Georgia,321,428,144,215,177,213
Poland,Germany,75383,100688,34176,51179,41207,49509
Poland,Ghana,34,45,23,31,11,14
Poland,Greece,3060,4085,1693,2444,1367,1641
Poland,Guinea,54,71,46,61,8,10
Poland,Guyana,25,33,15,21,10,12
Poland,Hungary,1326,1770,629,933,697,837
Poland,Iceland,486,647,239,350,247,297
Poland,India,846,1128,563,789,283,339
Poland,Indonesia,110,146,93,125,17,21
Poland,Iran (Islamic Republic of),227,301,159,219,68,82
Poland,Iraq,419,559,317,437,102,122
Poland,Ireland,7498,10014,3867,5652,3631,4362
Poland,Israel,341,454,212,299,129,155
Poland,Italy,9812,13105,5383,7785,4429,5320
Poland,Japan,503,670,193,299,310,371
Poland,Jordan,134,178,119,160,15,18
Poland,Kazakhstan,4546,6071,2093,3125,2453,2946
Poland,Kenya,59,77,32,45,27,32
Poland,Kuwait,188,250,138,190,50,60
Poland,Kyrgyzstan,123,163,85,118,38,45
Poland,Latvia,1531,2043,599,924,932,1119
Poland,Lebanon,377,501,305,415,72,86
Poland,Libya,237,315,163,227,74,88
Poland,Lithuania,49829,66555,18356,28740,31473,37815
Poland,Luxembourg,227,301,84,130,143,171
Poland,Malaysia,39,52,17,25,22,27
Poland,Mali,28,36,26,33,2,3
Poland,Mexico,209,278,128,181,81,97
Poland,Monaco,23,30,16,21,7,9
Poland,Mongolia,318,424,106,171,212,253
Poland,Montenegro,57,75,42,57,15,18
Poland,Morocco,313,416,262,355,51,61
Poland,Mozambique,25,33,25,33,0,0
Poland,Nepal,54,71,41,55,13,16
Poland,Netherlands,2557,3413,1558,2213,999,1200
Poland,New Zealand,104,138,60,86,44,52
Poland,Nigeria,375,500,370,493,5,7
Poland,North Macedonia,261,346,159,224,102,122
Poland,Norway,1509,2014,732,1082,777,932
Poland,Pakistan,210,278,193,257,17,21
Poland,Panama,31,40,15,20,16,20
Poland,Peru,109,144,90,121,19,23
Poland,Philippines,191,254,36,69,155,185
Poland,Portugal,134,178,91,127,43,51
Poland,Qatar,24,31,11,15,13,16
Poland,Republic of Korea,115,152,55,80,60,72
Poland,Republic of Moldova,547,728,253,376,294,352
Poland,Romania,2449,3270,1032,1569,1417,1701
Poland,Russian Federation,37682,50329,13054,20740,24628,29589
Poland,Saudi Arabia,171,227,90,131,81,96
Poland,Senegal,85,113,68,92,17,21
Poland,Serbia,1021,1363,641,907,380,456
Poland,Slovakia,1279,1707,570,856,709,851
Poland,Slovenia,150,198,96,133,54,65
Poland,South Africa,375,500,214,308,161,192
Poland,Spain,4761,6357,2476,3612,2285,2745
Poland,Sri Lanka,83,111,41,61,42,50
Poland,Sudan,110,146,90,122,20,24
Poland,Sweden,1290,1722,764,1090,526,632
Poland,Switzerland,1002,1337,544,788,458,549
Poland,Syrian Arab Republic,580,773,491,666,89,107
Poland,Tajikistan,56,198,15,91,41,107
Poland,Thailand,96,127,49,71,47,56
Poland,Tunisia,404,538,356,481,48,57
Poland,Turkey,862,1149,663,910,199,239
Poland,Turkmenistan,52,68,4,11,48,57
Poland,Uganda,61,80,25,37,36,43
Poland,Ukraine,204061,272594,75663,118392,128398,154202
Poland,United Arab Emirates,123,163,65,93,58,70
Poland,United Kingdom,34124,45577,18117,26344,16007,19233
Poland,United Republic of Tanzania,68,90,44,61,24,29
Poland,United States of America,13504,18035,6763,9936,6741,8099
Poland,Uruguay,91,120,46,66,45,54
Poland,Uzbekistan,489,652,168,268,321,384
Poland,Venezuela (Bolivarian Republic of),71,94,64,85,7,9
Poland,Viet Nam,2757,3681,1657,2359,1100,1322
Poland,Yemen,111,147,68,96,43,51
Poland,Zambia,41,54,37,49,4,5
Poland,Zimbabwe,101,134,47,69,54,65
Poland,Other,7169,9576,3013,4543,4156,5033
Republic of Moldova,Micronesia,0,0,0,0,0,0
Republic of Moldova,Azerbaijan,741,727,455,447,286,280
Republic of Moldova,Belarus,2115,2076,763,751,1352,1325
Republic of Moldova,Bulgaria,116,113,64,63,52,50
Republic of Moldova,Czechia,185,181,93,92,92,89
Republic of Moldova,Georgia,607,595,330,324,277,271
Republic of Moldova,Germany,714,701,353,347,361,354
Republic of Moldova,Greece,452,443,265,260,187,183
Republic of Moldova,Israel,400,392,228,224,172,168
Republic of Moldova,Italy,3285,3225,1669,1641,1616,1584
Republic of Moldova,Kazakhstan,4452,4370,1937,1905,2515,2465
Republic of Moldova,Mongolia,69,67,27,27,42,40
Republic of Moldova,Poland,133,130,64,63,69,67
Republic of Moldova,Portugal,683,670,393,386,290,284
Republic of Moldova,Romania,1915,1880,918,903,997,977
Republic of Moldova,Russian Federation,40760,40018,15318,15067,25442,24951
Republic of Moldova,Turkey,596,585,388,382,208,203
Republic of Moldova,Ukraine,43223,42436,17202,16917,26021,25519
Republic of Moldova,Hungary,112,109,54,53,58,56
Republic of Moldova,Uzbekistan,704,691,333,328,371,363
Republic of Moldova,Other,5112,5029,2613,2563,2499,2466
Romania,Micronesia,0,0,0,0,0,0
Romania,Afghanistan,0,44,0,28,0,16
Romania,Albania,3,823,2,612,1,211
Romania,Algeria,130,554,60,330,70,224
Romania,Andorra,40,17,22,10,18,7
Romania,Angola,17,98,8,70,9,28
Romania,Anguilla,158,3,114,1,44,2
Romania,Antigua and Barbuda,3,0,1,0,2,0
Romania,Argentina,24,337,12,171,12,166
Romania,Armenia,32,163,17,70,15,93
Romania,Australia,73,342,41,188,32,154
Romania,Austria,509,3282,287,1747,222,1535
Romania,Azerbaijan,11,134,6,83,5,51
Romania,Bahamas,0,3,0,3,0,0
Romania,Bahrain,8,19,3,11,5,8
Romania,Bangladesh,100,161,97,153,3,8
Romania,Barbados,0,2,0,2,0,0
Romania,Belarus,39,243,16,121,23,122
Romania,Belgium,1102,4593,570,2447,532,2146
Romania,Belize,0,3,0,3,0,0
Romania,Benin,1,41,1,27,0,14
Romania,Bhutan,4,6,2,3,2,3
Romania,Bolivia (Plurinational State of),20,191,6,100,14,91
Romania,Bosnia and Herzegovina,11,160,6,107,5,53
Romania,Botswana,0,7,0,4,0,3
Romania,Brazil,29,690,9,283,20,407
Romania,Bulgaria,10465,11846,4030,4841,6435,7005
Romania,Burkina Faso,6,64,6,56,0,8
Romania,Burundi,2,9,2,7,0,2
Romania,Cabo Verde,6,82,2,35,4,47
Romania,Cambodia,3,14,0,4,3,10
Romania,Cameroon,36,367,25,248,11,119
Romania,Canada,118,760,58,440,60,320
Romania,Cayman Islands,1,2,0,0,1,2
Romania,Central African Republic,1,28,0,18,1,10
Romania,Chad,2,29,0,26,2,3
Romania,Chile,25,157,13,69,12,88
Romania,China,3722,6544,2170,3582,1552,2962
Romania,Colombia,28,163,22,79,6,84
Romania,Comoros,0,12,0,7,0,5
Romania,Congo,23,119,13,75,10,44
Romania,Costa Rica,12,76,4,45,8,31
Romania,Côte d'Ivoire,34,206,32,172,2,34
Romania,Croatia,18,373,11,283,7,90
Romania,Cuba,42,275,27,199,15,76
Romania,Cyprus,307,1528,162,802,145,726
Romania,Czechia,138,841,62,451,76,390
Romania,Dem. People's Republic of Korea,7,20,4,10,3,10
Romania,Democratic Republic of the Congo,10,76,2,32,8,44
Romania,Denmark,263,2001,149,1090,114,911
Romania,Djibouti,0,9,0,9,0,0
Romania,Dominica,4,11,3,3,1,8
Romania,Dominican Republic,17,203,9,105,8,98
Romania,Ecuador,16,254,8,77,8,177
Romania,Egypt,105,592,80,421,25,171
Romania,El Salvador,13,67,7,34,6,33
Romania,Equatorial Guinea,20,181,2,62,18,119
Romania,Eritrea,1,52,0,52,1,0
Romania,Estonia,9,122,3,57,6,65
Romania,Eswatini,1,7,0,3,1,4
Romania,Ethiopia,3,78,2,33,1,45
Romania,Faroe Islands,3,3,1,1,2,2
Romania,Fiji,0,5,0,2,0,3
Romania,Finland,24,420,14,216,10,204
Romania,France,6471,21756,3594,11830,2877,9926
Romania,French Polynesia,1,6,1,3,0,3
Romania,Gabon,1,49,0,25,1,24
Romania,Gambia,2,150,1,134,1,16
Romania,Georgia,57,254,20,152,37,102
Romania,Germany,6552,30498,3558,16264,2994,14234
Romania,Ghana,57,303,40,231,17,72
Romania,Gibraltar,2,8,1,5,1,3
Romania,Greece,4653,8458,2616,4931,2037,3527
Romania,Grenada,1,5,1,5,0,0
Romania,Guatemala,14,86,7,51,7,35
Romania,Guinea,49,284,35,222,14,62
Romania,Guinea-Bissau,18,156,4,110,14,46
Romania,Guyana,0,5,0,5,0,0
Romania,Haiti,1,23,1,8,0,15
Romania,Honduras,11,109,2,34,9,75
Romania,Hungary,6420,10491,3038,4903,3382,5588
Romania,Iceland,7,102,4,51,3,51
Romania,India,78,544,54,374,24,170
Romania,Indonesia,13,177,8,52,5,125
Romania,Iran (Islamic Republic of),1261,1516,1051,1149,210,367
Romania,Iraq,1419,1558,1018,1091,401,467
Romania,Ireland,657,3769,320,1970,337,1799
Romania,Isle of Man,0,3,0,1,0,2
Romania,Israel,1837,4901,1338,3411,499,1490
Romania,Italy,38580,79752,21202,44008,17378,35744
Romania,Jamaica,7,19,4,10,3,9
Romania,Japan,34,342,15,192,19,150
Romania,Jordan,120,435,95,342,25,93
Romania,Kazakhstan,85,412,40,210,45,202
Romania,Kenya,10,55,1,23,9,32
Romania,Kuwait,15,132,11,87,4,45
Romania,Kyrgyzstan,6,74,4,33,2,41
Romania,Lao People's Democratic Republic,0,2,0,0,0,2
Romania,Latvia,24,326,10,165,14,161
Romania,Lebanon,248,662,192,493,56,169
Romania,Liberia,2,15,2,11,0,4
Romania,Libya,10,138,4,87,6,51
Romania,Liechtenstein,0,5,0,2,0,3
Romania,Lithuania,12,354,3,180,9,174
Romania,Luxembourg,30,303,18,154,12,149
Romania,Madagascar,1,23,0,7,1,16
Romania,Malawi,1,7,0,4,1,3
Romania,Malaysia,1,67,0,34,1,33
Romania,Maldives,6,15,4,8,2,7
Romania,Mali,57,467,54,435,3,32
Romania,Malta,15,104,8,58,7,46
Romania,Mauritania,19,207,16,160,3,47
Romania,Mauritius,5,17,2,7,3,10
Romania,Mexico,116,462,41,217,75,245
Romania,Monaco,2,23,2,14,0,9
Romania,Mongolia,10,40,8,18,2,22
Romania,Montenegro,33,44,22,22,11,22
Romania,Morocco,129,1265,76,797,53,468
Romania,Mozambique,5,19,2,11,3,8
Romania,Myanmar,0,11,0,2,0,9
Romania,Namibia,1,6,0,2,1,4
Romania,Nepal,11,677,9,548,2,129
Romania,Netherlands,198,1803,119,1101,79,702
Romania,New Caledonia,0,1,0,0,0,1
Romania,New Zealand,16,98,6,50,10,48
Romania,Nicaragua,9,235,6,23,3,212
Romania,Niger,1,19,1,19,0,0
Romania,Nigeria,170,468,59,211,111,257
Romania,North Macedonia,1536,242,857,106,679,136
Romania,Norway,263,1378,144,711,119,667
Romania,Oman,0,30,0,16,0,14
Romania,Pakistan,289,625,238,438,51,187
Romania,Panama,5,44,2,24,3,20
Romania,Papua New Guinea,0,3,0,0,0,3
Romania,Paraguay,13,160,4,46,9,114
Romania,Peru,34,224,8,105,26,119
Romania,Philippines,40,751,11,161,29,590
Romania,Poland,170,1379,101,724,69,655
Romania,Portugal,364,2430,214,1368,150,1062
Romania,Qatar,7,87,5,49,2,38
Romania,Republic of Korea,23,349,15,164,8,185
Romania,Republic of Moldova,114654,285364,56960,154703,57694,130661
Romania,Russian Federation,5269,9608,1725,3873,3544,5735
Romania,Rwanda,4,19,4,16,0,3
Romania,Saint Helena,2,30,0,15,2,15
Romania,Saint Lucia,0,1,0,1,0,0
Romania,Saint Vincent and the Grenadines,1,0,0,0,1,0
Romania,San Marino,5,8,1,1,4,7
Romania,Sao Tome and Principe,0,3,0,1,0,2
Romania,Saudi Arabia,19,297,15,213,4,84
Romania,Senegal,16,171,4,114,12,57
Romania,Serbia,5783,2926,4613,1664,1170,1262
Romania,Sierra Leone,4,46,3,26,1,20
Romania,Singapore,9,71,2,37,7,34
Romania,Slovakia,21,579,9,272,12,307
Romania,Slovenia,12,123,6,69,6,54
Romania,Somalia,1,89,1,64,0,25
Romania,South Africa,2,89,0,63,2,26
Romania,Spain,29937,61861,15458,32372,14479,29489
Romania,Sri Lanka,4,747,2,581,2,166
Romania,State of Palestine,72,239,60,174,12,65
Romania,Sudan,11,17,9,8,2,9
Romania,Suriname,0,9,0,9,0,0
Romania,Sweden,191,1323,90,712,101,611
Romania,Switzerland,158,1080,93,631,65,449
Romania,Syrian Arab Republic,2576,3138,2031,2396,545,742
Romania,Tajikistan,1,35,0,18,1,17
Romania,Thailand,12,178,1,49,11,129
Romania,Timor-Leste,1,1,0,0,1,1
Romania,Togo,0,18,0,9,0,9
Romania,Tonga,2,14,1,11,1,3
Romania,Trinidad and Tobago,2,32,0,15,2,17
Romania,Tunisia,1062,1924,737,1319,325,605
Romania,Turkey,5833,9206,4541,6933,1292,2273
Romania,Turkmenistan,7,154,3,112,4,42
Romania,Tuvalu,0,2,0,1,0,1
Romania,Uganda,3,23,2,8,1,15
Romania,Ukraine,11900,43363,5895,25876,6005,17487
Romania,United Arab Emirates,13,514,12,288,1,226
Romania,United Kingdom,5208,31593,2809,16675,2399,14918
Romania,United Republic of Tanzania,3,25,1,10,2,15
Romania,United States of America,2876,6235,1522,3292,1354,2943
Romania,Uruguay,8,207,5,117,3,90
Romania,Uzbekistan,15,129,7,84,8,45
Romania,Venezuela (Bolivarian Republic of),31,282,9,108,22,174
Romania,Viet Nam,80,2383,48,2110,32,273
Romania,Wallis and Futuna Islands,0,2,0,2,0,0
Romania,Yemen,21,87,16,67,5,20
Romania,Zambia,15,105,10,53,5,52
Romania,Zimbabwe,0,18,0,7,0,11
Romania,Other,5090,19413,1503,10878,3587,8535
Russian Federation,Micronesia,50,48,21,21,29,27
Russian Federation,Afghanistan,5095,5090,3899,3896,1196,1194
Russian Federation,Albania,234,232,137,137,97,95
Russian Federation,Algeria,778,776,546,546,232,230
Russian Federation,American Samoa,43,41,22,22,21,19
Russian Federation,Angola,511,509,410,410,101,99
Russian Federation,Azerbaijan,767339,766918,425084,424851,342255,342067
Russian Federation,Argentina,252,250,155,155,97,95
Russian Federation,Australia,543,541,296,296,247,245
Russian Federation,Austria,2953,2950,1401,1400,1552,1550
Russian Federation,Bangladesh,471,469,407,407,64,62
Russian Federation,Armenia,527287,526997,295875,295713,231412,231284
Russian Federation,Belgium,471,469,263,263,208,206
Russian Federation,Bolivia (Plurinational State of),84,82,58,58,26,24
Russian Federation,Bosnia and Herzegovina,515,513,452,452,63,61
Russian Federation,Botswana,28,26,9,9,19,17
Russian Federation,Brazil,433,431,235,235,198,196
Russian Federation,Bulgaria,5841,5836,3964,3961,1877,1875
Russian Federation,Myanmar,626,624,610,610,16,14
Russian Federation,Burundi,131,129,110,110,21,19
Russian Federation,Belarus,764279,763879,327520,327312,436759,436567
Russian Federation,Cambodia,114,112,95,95,19,17
Russian Federation,Cameroon,334,332,266,266,68,66
Russian Federation,Canada,558,556,316,316,242,240
Russian Federation,Cabo Verde,45,43,26,26,19,17
Russian Federation,Central African Republic,91,89,57,57,34,32
Russian Federation,Sri Lanka,588,586,330,330,258,256
Russian Federation,Chad,152,150,126,126,26,24
Russian Federation,Chile,107,105,66,66,41,39
Russian Federation,China,56171,56138,31463,31445,24708,24693
Russian Federation,Colombia,206,204,142,142,64,62
Russian Federation,Comoros,88,86,44,44,44,42
Russian Federation,Congo,580,578,434,434,146,144
Russian Federation,Costa Rica,32,30,17,17,15,13
Russian Federation,Croatia,321,319,234,234,87,85
Russian Federation,Cuba,2227,2224,1369,1368,858,856
Russian Federation,Cyprus,716,714,362,362,354,352
Russian Federation,Czechia,11257,11249,5611,5608,5646,5641
Russian Federation,Benin,94,92,71,71,23,21
Russian Federation,Denmark,231,229,126,126,105,103
Russian Federation,Ecuador,241,239,166,166,75,73
Russian Federation,Equatorial Guinea,104,102,67,67,37,35
Russian Federation,Ethiopia,272,270,205,205,67,65
Russian Federation,Estonia,58751,58718,27173,27159,31578,31559
Russian Federation,Finland,2210,2207,1012,1011,1198,1196
Russian Federation,France,2567,2564,1428,1427,1139,1137
Russian Federation,Georgia,450221,449973,241107,240975,209114,208998
Russian Federation,State of Palestine,566,564,528,528,38,36
Russian Federation,Germany,142026,141947,70040,70001,71986,71946
Russian Federation,Ghana,316,314,251,251,65,63
Russian Federation,Greece,1952,1950,1113,1113,839,837
Russian Federation,Guinea,204,202,159,159,45,43
Russian Federation,"China, Hong Kong SAR",60,58,36,36,24,22
Russian Federation,Hungary,16841,16831,8383,8378,8458,8453
Russian Federation,Iceland,44,42,21,21,23,21
Russian Federation,India,5701,5696,4254,4251,1447,1445
Russian Federation,Indonesia,163,161,100,100,63,61
Russian Federation,Iran (Islamic Republic of),2012,2010,1315,1315,697,695
Russian Federation,Iraq,986,984,800,800,186,184
Russian Federation,Ireland,175,173,89,89,86,84
Russian Federation,Israel,3649,3646,2005,2004,1644,1642
Russian Federation,Italy,1896,1894,1170,1170,726,724
Russian Federation,Côte d'Ivoire,110,108,83,83,27,25
Russian Federation,Japan,1025,1023,515,515,510,508
Russian Federation,Kazakhstan,2560269,2558907,1177958,1177323,1382311,1381584
Russian Federation,Jordan,816,814,672,672,144,142
Russian Federation,Kenya,451,449,297,297,154,152
Russian Federation,Dem. People's Republic of Korea,10624,10617,8203,8199,2421,2418
Russian Federation,Republic of Korea,3721,3718,2166,2165,1555,1553
Russian Federation,Kuwait,85,83,56,56,29,27
Russian Federation,Kyrgyzstan,591349,591025,287245,287089,304104,303936
Russian Federation,Lao People's Democratic Republic,122,120,104,104,18,16
Russian Federation,Lebanon,968,966,807,807,161,159
Russian Federation,Latvia,89389,89338,41590,41567,47799,47771
Russian Federation,Libya,270,268,170,170,100,98
Russian Federation,Lithuania,71078,71038,33200,33182,37878,37856
Russian Federation,Luxembourg,36,34,21,21,15,13
Russian Federation,Madagascar,84,82,58,58,26,24
Russian Federation,Malawi,29,27,17,17,12,10
Russian Federation,Malaysia,1556,1554,896,896,660,658
Russian Federation,Maldives,45,43,18,18,27,25
Russian Federation,Mali,73,71,66,66,7,5
Russian Federation,Malta,54,52,29,29,25,23
Russian Federation,Mauritius,64,62,46,46,18,16
Russian Federation,Mexico,204,202,97,97,107,105
Russian Federation,Monaco,45,43,15,15,30,28
Russian Federation,Mongolia,21144,21132,9518,9514,11626,11618
Russian Federation,Republic of Moldova,294314,294152,155978,155894,138336,138258
Russian Federation,Montenegro,263,261,209,209,54,52
Russian Federation,Morocco,1101,1099,761,761,340,338
Russian Federation,Mozambique,111,109,77,77,34,32
Russian Federation,Oman,52,50,32,32,20,18
Russian Federation,Namibia,121,119,72,72,49,47
Russian Federation,Nepal,175,173,154,154,21,19
Russian Federation,Netherlands,548,546,316,316,232,230
Russian Federation,New Zealand,86,84,48,48,38,36
Russian Federation,Nicaragua,60,58,44,44,16,14
Russian Federation,Niger,30,28,28,28,2,0
Russian Federation,Nigeria,796,794,643,643,153,151
Russian Federation,Norway,701,699,318,318,383,381
Russian Federation,Northern Mariana Islands,50,48,21,21,29,27
Russian Federation,Pakistan,728,726,579,579,149,147
Russian Federation,Panama,25,23,20,20,5,3
Russian Federation,Paraguay,36,34,16,16,20,18
Russian Federation,Peru,277,275,199,199,78,76
Russian Federation,Philippines,147,145,61,61,86,84
Russian Federation,Poland,29207,29190,13864,13857,15343,15333
Russian Federation,Portugal,232,230,127,127,105,103
Russian Federation,Guinea-Bissau,131,129,93,93,38,36
Russian Federation,Qatar,26,24,14,14,12,10
Russian Federation,Romania,3911,3908,1715,1715,2196,2193
Russian Federation,Rwanda,45,43,27,27,18,16
Russian Federation,Anguilla,49,47,37,37,12,10
Russian Federation,San Marino,46,44,16,16,30,28
Russian Federation,Saudi Arabia,219,217,155,155,64,62
Russian Federation,Senegal,73,71,51,51,22,20
Russian Federation,Singapore,50,48,24,24,26,24
Russian Federation,Slovakia,1832,1830,959,959,873,871
Russian Federation,Viet Nam,13671,13662,8553,8549,5118,5113
Russian Federation,Slovenia,350,348,231,231,119,117
Russian Federation,Somalia,59,57,51,51,8,6
Russian Federation,South Africa,240,238,131,131,109,107
Russian Federation,Zimbabwe,73,71,43,43,30,28
Russian Federation,Spain,1394,1392,747,747,647,645
Russian Federation,Sudan,258,256,233,233,25,23
Russian Federation,Western Sahara,31,29,7,7,24,22
Russian Federation,Sweden,475,473,247,247,228,226
Russian Federation,Switzerland,580,578,291,291,289,287
Russian Federation,Syrian Arab Republic,3265,3262,2754,2753,511,509
Russian Federation,Tajikistan,466508,466252,275345,275195,191163,191057
Russian Federation,Thailand,217,215,102,102,115,113
Russian Federation,United Arab Emirates,355,353,205,205,150,148
Russian Federation,Tunisia,335,333,262,262,73,71
Russian Federation,Turkey,10237,10230,8068,8064,2169,2166
Russian Federation,Turkmenistan,185664,185561,88556,88507,97108,97054
Russian Federation,Tuvalu,582,580,242,242,340,338
Russian Federation,Uganda,82,80,47,47,35,33
Russian Federation,Ukraine,3269992,3268263,1518786,1517969,1751206,1750294
Russian Federation,North Macedonia,255,253,208,208,47,45
Russian Federation,Egypt,1060,1058,731,731,329,327
Russian Federation,United Kingdom,1741,1739,973,973,768,766
Russian Federation,United Republic of Tanzania,217,215,143,143,74,72
Russian Federation,United States of America,4588,4583,2505,2502,2083,2081
Russian Federation,Burkina Faso,445,443,195,195,250,248
Russian Federation,Uruguay,121,119,54,54,67,65
Russian Federation,Uzbekistan,1146803,1146175,599638,599311,547165,546864
Russian Federation,Venezuela (Bolivarian Republic of),98,96,47,47,51,49
Russian Federation,Yemen,648,646,581,581,67,65
Russian Federation,Zambia,471,469,330,330,141,139
Russian Federation,Other,625,759,370,363,255,396
Slovakia,Micronesia,8,6,3,1,5,5
Slovakia,Afghanistan,155,194,132,166,23,28
Slovakia,Albania,99,133,84,114,15,19
Slovakia,Algeria,105,125,88,105,17,20
Slovakia,Andorra,1,0,1,0,0,0
Slovakia,Angola,25,25,21,20,4,5
Slovakia,Argentina,83,90,37,46,46,44
Slovakia,Armenia,148,169,80,90,68,79
Slovakia,Aruba,1,1,0,0,1,1
Slovakia,Australia,288,419,158,224,130,195
Slovakia,Austria,3361,4722,2001,2747,1360,1975
Slovakia,Azerbaijan,37,56,15,27,22,29
Slovakia,Bahrain,14,14,9,7,5,7
Slovakia,Bangladesh,18,21,15,18,3,3
Slovakia,Barbados,1,1,1,1,0,0
Slovakia,Belarus,223,262,70,86,153,176
Slovakia,Belgium,828,1029,528,663,300,366
Slovakia,Belize,2,2,2,2,0,0
Slovakia,Benin,9,10,8,9,1,1
Slovakia,Bolivia (Plurinational State of),15,16,12,13,3,3
Slovakia,Bosnia and Herzegovina,394,463,281,339,113,124
Slovakia,Botswana,4,2,0,0,4,2
Slovakia,Brazil,114,171,47,75,67,96
Slovakia,British Virgin Islands,1,1,1,1,0,0
Slovakia,Bulgaria,2193,2596,1490,1782,703,814
Slovakia,Burkina Faso,3,1,3,1,0,0
Slovakia,Burundi,5,4,4,3,1,1
Slovakia,Cambodia,8,10,5,5,3,5
Slovakia,Cameroon,10,15,8,12,2,3
Slovakia,Canada,480,613,264,339,216,274
Slovakia,Cayman Islands,2,1,1,0,1,1
Slovakia,Central African Republic,2,1,1,0,1,1
Slovakia,Chad,139,133,60,57,79,76
Slovakia,Chile,28,32,17,19,11,13
Slovakia,China,1074,1256,576,673,498,583
Slovakia,Colombia,56,69,41,49,15,20
Slovakia,Congo,23,23,14,14,9,9
Slovakia,Costa Rica,12,16,7,11,5,5
Slovakia,Côte d'Ivoire,9,9,7,7,2,2
Slovakia,Croatia,850,1242,573,866,277,376
Slovakia,Cuba,137,153,99,109,38,44
Slovakia,Cyprus,120,171,73,105,47,66
Slovakia,Czechia,87989,89560,39855,40032,48134,49528
Slovakia,Dem. People's Republic of Korea,16,14,9,7,7,7
Slovakia,Democratic Republic of the Congo,8,8,5,5,3,3
Slovakia,Denmark,260,326,173,214,87,112
Slovakia,Dominica,3,2,1,0,2,2
Slovakia,Dominican Republic,18,26,8,15,10,11
Slovakia,Ecuador,36,48,22,28,14,20
Slovakia,Egypt,195,260,185,246,10,14
Slovakia,El Salvador,2,1,2,1,0,0
Slovakia,Estonia,55,69,18,23,37,46
Slovakia,Eswatini,1,0,1,0,0,0
Slovakia,Ethiopia,31,39,22,25,9,14
Slovakia,Faroe Islands,1,0,0,0,1,0
Slovakia,Finland,154,208,86,111,68,97
Slovakia,France,2938,3043,1562,1696,1376,1347
Slovakia,French Polynesia,1,0,1,0,0,0
Slovakia,Gambia,3,4,3,4,0,0
Slovakia,Georgia,78,93,47,57,31,36
Slovakia,Germany,4817,6202,3208,4038,1609,2164
Slovakia,Ghana,19,27,14,20,5,7
Slovakia,Greece,431,649,284,425,147,224
Slovakia,Greenland,3,2,3,2,0,0
Slovakia,Grenada,2,1,1,0,1,1
Slovakia,Guatemala,3,5,2,4,1,1
Slovakia,Guinea,6,6,6,6,0,0
Slovakia,Guinea-Bissau,2,1,1,0,1,1
Slovakia,Haiti,2,4,2,4,0,0
Slovakia,Holy See,3,2,2,1,1,1
Slovakia,Honduras,2,4,2,4,0,0
Slovakia,Hungary,17058,16291,8345,8428,8713,7863
Slovakia,Iceland,63,97,31,44,32,53
Slovakia,India,155,194,113,147,42,47
Slovakia,Indonesia,35,50,18,23,17,27
Slovakia,Iran (Islamic Republic of),130,168,99,120,31,48
Slovakia,Iraq,79,215,65,133,14,82
Slovakia,Ireland,914,1494,493,810,421,684
Slovakia,Isle of Man,3,3,3,3,0,0
Slovakia,Israel,192,242,134,166,58,76
Slovakia,Italy,2841,3918,2117,2873,724,1045
Slovakia,Jamaica,14,15,9,10,5,5
Slovakia,Japan,137,158,59,69,78,89
Slovakia,Jordan,57,68,47,53,10,15
Slovakia,Kazakhstan,246,290,118,134,128,156
Slovakia,Kenya,25,28,11,13,14,15
Slovakia,Kiribati,7,6,2,1,5,5
Slovakia,Kuwait,75,91,54,65,21,26
Slovakia,Kyrgyzstan,25,33,14,18,11,15
Slovakia,Lao People's Democratic Republic,6,5,2,1,4,4
Slovakia,Latvia,144,199,61,81,83,118
Slovakia,Lebanon,111,157,95,131,16,26
Slovakia,Lesotho,4,3,1,0,3,3
Slovakia,Liberia,3,2,2,1,1,1
Slovakia,Libya,59,87,46,61,13,26
Slovakia,Liechtenstein,7,7,4,4,3,3
Slovakia,Lithuania,142,199,58,77,84,122
Slovakia,Luxembourg,57,90,29,42,28,48
Slovakia,Madagascar,18,18,10,9,8,9
Slovakia,Malawi,6,6,5,5,1,1
Slovakia,Malaysia,18,23,12,15,6,8
Slovakia,Maldives,1,1,1,1,0,0
Slovakia,Malta,27,45,16,26,11,19
Slovakia,Mauritius,11,23,6,13,5,10
Slovakia,Mexico,93,158,62,105,31,53
Slovakia,Micronesia (Fed. States of),1,0,1,0,0,0
Slovakia,Monaco,5,5,4,3,1,2
Slovakia,Mongolia,64,66,28,27,36,39
Slovakia,Montenegro,39,41,25,26,14,15
Slovakia,Morocco,55,73,47,59,8,14
Slovakia,Mozambique,4,3,4,3,0,0
Slovakia,Myanmar,4,3,3,2,1,1
Slovakia,Namibia,1,0,1,0,0,0
Slovakia,Nepal,9,12,7,9,2,3
Slovakia,Netherlands,585,780,414,546,171,234
Slovakia,New Zealand,43,63,30,40,13,23
Slovakia,Nicaragua,11,12,11,10,0,2
Slovakia,Niger,6,5,6,5,0,0
Slovakia,Nigeria,111,143,104,135,7,8
Slovakia,North Macedonia,760,883,530,614,230,269
Slovakia,Norway,750,1097,344,499,406,598
Slovakia,Oman,3,4,0,0,3,4
Slovakia,Pakistan,90,122,84,110,6,12
Slovakia,Panama,14,14,8,8,6,6
Slovakia,Papua New Guinea,3,2,2,1,1,1
Slovakia,Paraguay,6,7,3,2,3,5
Slovakia,Peru,59,76,40,55,19,21
Slovakia,Philippines,34,63,11,19,23,44
Slovakia,Poland,6721,7367,3119,3530,3602,3837
Slovakia,Portugal,172,283,119,198,53,85
Slovakia,Qatar,2,6,1,3,1,3
Slovakia,Republic of Korea,534,609,338,381,196,228
Slovakia,Republic of Moldova,125,183,67,111,58,72
Slovakia,Romania,8299,9763,5156,6250,3143,3513
Slovakia,Russian Federation,2780,3098,975,1111,1805,1987
Slovakia,Rwanda,2,1,1,1,1,0
Slovakia,Saint Helena,1,0,1,0,0,0
Slovakia,Saint Kitts and Nevis,1,0,1,0,0,0
Slovakia,Saint Lucia,1,0,0,0,1,0
Slovakia,Samoa,1,0,1,0,0,0
Slovakia,San Marino,1,0,0,0,1,0
Slovakia,Sao Tome and Principe,2,1,2,1,0,0
Slovakia,Saudi Arabia,39,48,35,40,4,8
Slovakia,Senegal,15,19,12,16,3,3
Slovakia,Serbia,1917,2463,1229,1570,688,893
Slovakia,Seychelles,7,6,4,3,3,3
Slovakia,Sierra Leone,2,1,2,1,0,0
Slovakia,Singapore,17,20,7,9,10,11
Slovakia,Slovenia,311,380,216,262,95,118
Slovakia,Solomon Islands,3,2,2,1,1,1
Slovakia,Somalia,14,17,8,9,6,8
Slovakia,South Africa,112,154,79,110,33,44
Slovakia,Spain,885,1304,497,721,388,583
Slovakia,Sri Lanka,15,24,6,12,9,12
Slovakia,State of Palestine,44,54,38,48,6,6
Slovakia,Sudan,19,18,17,16,2,2
Slovakia,Sweden,270,342,159,202,111,140
Slovakia,Switzerland,677,1045,393,577,284,468
Slovakia,Syrian Arab Republic,237,289,191,228,46,61
Slovakia,Tajikistan,12,13,5,6,7,7
Slovakia,Thailand,71,107,12,17,59,90
Slovakia,Togo,3,2,3,2,0,0
Slovakia,Trinidad and Tobago,6,8,5,6,1,2
Slovakia,Tunisia,153,200,142,184,11,16
Slovakia,Turkey,322,405,269,339,53,66
Slovakia,Turkmenistan,11,13,5,4,6,9
Slovakia,Tuvalu,1,0,1,0,0,0
Slovakia,Uganda,8,11,3,4,5,7
Slovakia,Ukraine,10092,11582,3945,4767,6147,6815
Slovakia,United Arab Emirates,75,127,44,76,31,51
Slovakia,United Kingdom,5501,9187,3099,5085,2402,4102
Slovakia,United Republic of Tanzania,1,0,1,0,0,0
Slovakia,United States of America,2181,2646,1148,1444,1033,1202
Slovakia,Uruguay,12,18,7,8,5,10
Slovakia,Uzbekistan,46,59,19,31,27,28
Slovakia,Vanuatu,1,0,0,0,1,0
Slovakia,Venezuela (Bolivarian Republic of),19,25,14,18,5,7
Slovakia,Viet Nam,2145,2373,1303,1424,842,949
Slovakia,Yemen,34,41,28,34,6,7
Slovakia,Zambia,11,11,9,8,2,3
Slovakia,Zimbabwe,6,6,3,2,3,4
Slovakia,Other,111,97,62,53,49,44
Ukraine,Micronesia,0,0,0,0,0,0
Ukraine,Afghanistan,4812,4891,3736,3799,1076,1092
Ukraine,Azerbaijan,82299,83674,45884,46651,36415,37023
Ukraine,Armenia,47307,48097,27416,27875,19891,20222
Ukraine,Bulgaria,1732,1760,1172,1192,560,568
Ukraine,Belarus,245534,249641,100989,102679,144545,146962
Ukraine,China,6560,6668,4203,4273,2357,2395
Ukraine,Estonia,10222,10392,5126,5213,5096,5179
Ukraine,Georgia,64399,65475,34991,35576,29408,29899
Ukraine,State of Palestine,1513,1537,1421,1446,92,91
Ukraine,Germany,1083,1099,585,594,498,505
Ukraine,India,3816,3879,3071,3123,745,756
Ukraine,Iran (Islamic Republic of),2136,2170,1741,1771,395,399
Ukraine,Israel,3752,3813,1930,1962,1822,1851
Ukraine,Kazakhstan,222245,225962,100195,101871,122050,124091
Ukraine,Jordan,3714,3775,3631,3693,83,82
Ukraine,Kyrgyzstan,26729,27175,12286,12492,14443,14683
Ukraine,Lebanon,1764,1792,1667,1696,97,96
Ukraine,Latvia,19497,19821,9779,9941,9718,9880
Ukraine,Lithuania,24418,24825,12245,12450,12173,12375
Ukraine,Republic of Moldova,149745,152249,68852,70005,80893,82244
Ukraine,Morocco,1737,1765,1249,1271,488,494
Ukraine,Poland,3078,3128,1417,1441,1661,1687
Ukraine,Russian Federation,3275758,3330586,1347176,1369721,1928582,1960865
Ukraine,Viet Nam,12390,12596,7130,7249,5260,5347
Ukraine,Syrian Arab Republic,3720,3781,3576,3636,144,145
Ukraine,Tajikistan,29367,29857,14592,14836,14775,15021
Ukraine,Turkey,1355,1376,1164,1184,191,192
Ukraine,Turkmenistan,22602,22979,10589,10766,12013,12213
Ukraine,United States of America,2738,2782,1487,1512,1251,1270
Ukraine,Uzbekistan,219814,223491,109298,111127,110516,112364
Ukraine,Other,419306,426351,175326,178253,243980,248098
Channel Islands,Micronesia,0,0,0,0,0,0
Channel Islands,France,1980,2021,948,968,1032,1053
Channel Islands,Ireland,3958,4042,1890,1931,2068,2111
Channel Islands,Portugal,13856,14154,6623,6767,7233,7387
Channel Islands,United Kingdom,59380,60665,28378,28992,31002,31673
Channel Islands,Other,3133,3205,1499,1532,1634,1673
Denmark,Micronesia,4,3,2,2,2,1
Denmark,Afghanistan,12293,13715,6817,7596,5476,6119
Denmark,Albania,347,568,162,274,185,294
Denmark,Algeria,913,1004,551,594,362,410
Denmark,Andorra,2,5,1,2,1,3
Denmark,Angola,164,169,81,79,83,90
Denmark,Antigua and Barbuda,3,3,1,0,2,3
Denmark,Argentina,1259,2361,639,1213,620,1148
Denmark,Armenia,677,733,304,325,373,408
Denmark,Aruba,0,0,0,0,0,0
Denmark,Australia,2878,3707,1509,1991,1369,1716
Denmark,Austria,1815,1984,875,949,940,1035
Denmark,Azerbaijan,314,394,133,169,181,225
Denmark,Bahamas,17,20,6,7,11,13
Denmark,Bahrain,95,109,50,58,45,51
Denmark,Bangladesh,1320,1919,737,1074,583,845
Denmark,Barbados,42,49,28,33,14,16
Denmark,Belarus,696,820,221,250,475,570
Denmark,Belgium,1974,2426,1012,1286,962,1140
Denmark,Belize,8,6,3,1,5,5
Denmark,Benin,52,52,28,29,24,23
Denmark,Bermuda,0,0,0,0,0,0
Denmark,Bhutan,642,632,332,326,310,306
Denmark,Bolivia (Plurinational State of),456,475,225,223,231,252
Denmark,Bosnia and Herzegovina,17162,17182,8539,8528,8623,8654
Denmark,Botswana,63,67,24,23,39,44
Denmark,Brazil,3352,4605,1121,1624,2231,2981
Denmark,Brunei Darussalam,7,8,4,5,3,3
Denmark,Bulgaria,7183,10026,4107,5747,3076,4279
Denmark,Burkina Faso,106,131,59,74,47,57
Denmark,Burundi,511,539,214,235,297,304
Denmark,Cabo Verde,31,35,16,16,15,19
Denmark,Cambodia,234,288,98,122,136,166
Denmark,Cameroon,717,846,438,473,279,373
Denmark,Canada,3607,4008,1766,1958,1841,2050
Denmark,Central African Republic,24,30,11,14,13,16
Denmark,Chad,17,25,10,11,7,14
Denmark,Chile,1520,2078,742,1046,778,1032
Denmark,China,11988,14576,4440,5488,7548,9088
Denmark,"China, Hong Kong SAR",0,0,0,0,0,0
Denmark,"China, Macao SAR",0,0,0,0,0,0
Denmark,Colombia,3397,3660,1767,1904,1630,1756
Denmark,Comoros,14,13,5,4,9,9
Denmark,Congo,594,419,283,198,311,221
Denmark,Costa Rica,164,196,96,106,68,90
Denmark,Côte d'Ivoire,447,485,231,236,216,249
Denmark,Croatia,1098,2244,562,1199,536,1045
Denmark,Cuba,489,568,213,251,276,317
Denmark,Cyprus,207,280,96,130,111,150
Denmark,Czechia,1288,1986,579,950,709,1036
Denmark,Dem. People's Republic of Korea,375,406,173,183,202,223
Denmark,Democratic Republic of the Congo,1254,1732,633,861,621,871
Denmark,Djibouti,20,18,8,7,12,11
Denmark,Dominica,13,15,5,5,8,10
Denmark,Dominican Republic,158,208,55,79,103,129
Denmark,Ecuador,592,650,257,290,335,360
Denmark,Egypt,1731,1944,1160,1298,571,646
Denmark,El Salvador,82,104,34,44,48,60
Denmark,Equatorial Guinea,6,8,3,2,3,6
Denmark,Eritrea,3389,5599,2033,3445,1356,2154
Denmark,Estonia,1461,1485,466,454,995,1031
Denmark,Eswatini,51,51,30,33,21,18
Denmark,Ethiopia,2091,2296,1198,1275,893,1021
Denmark,Faroe Islands,11472,11057,4742,4555,6730,6502
Denmark,Fiji,23,32,8,11,15,21
Denmark,Finland,3677,4104,1120,1278,2557,2826
Denmark,France,6673,8182,3649,4398,3024,3784
Denmark,French Guiana,0,0,0,0,0,0
Denmark,French Polynesia,0,0,0,0,0,0
Denmark,Gabon,7,10,2,4,5,6
Denmark,Gambia,643,684,349,378,294,306
Denmark,Georgia,208,251,85,98,123,153
Denmark,Germany,34299,37111,16642,18037,17657,19074
Denmark,Ghana,1917,2263,1091,1291,826,972
Denmark,Greece,2540,3702,1593,2213,947,1489
Denmark,Greenland,15710,16794,6700,7186,9010,9608
Denmark,Grenada,14,13,7,6,7,7
Denmark,Guadeloupe,0,0,0,0,0,0
Denmark,Guatemala,236,254,118,128,118,126
Denmark,Guinea,124,122,77,71,47,51
Denmark,Guinea-Bissau,76,111,54,78,22,33
Denmark,Guyana,99,100,31,33,68,67
Denmark,Haiti,144,162,85,93,59,69
Denmark,Honduras,128,155,52,64,76,91
Denmark,Hungary,4550,5668,2242,2759,2308,2909
Denmark,Iceland,7620,8479,3554,3928,4066,4551
Denmark,India,10006,14638,5063,7540,4943,7098
Denmark,Indonesia,1135,1294,442,497,693,797
Denmark,Iran (Islamic Republic of),14600,17125,8402,9799,6198,7326
Denmark,Iraq,20879,22040,11430,12063,9449,9977
Denmark,Ireland,1602,2209,960,1461,642,748
Denmark,Israel,1624,1753,1019,1075,605,678
Denmark,Italy,7213,9887,4684,6209,2529,3678
Denmark,Jamaica,164,168,76,76,88,92
Denmark,Japan,1734,2149,572,723,1162,1426
Denmark,Jordan,1204,1324,677,738,527,586
Denmark,Kazakhstan,209,272,67,79,142,193
Denmark,Kenya,1640,1900,676,753,964,1147
Denmark,Kiribati,3,2,1,1,2,1
Denmark,Kuwait,1334,1449,769,835,565,614
Denmark,Kyrgyzstan,53,64,15,16,38,48
Denmark,Lao People's Democratic Republic,66,71,19,16,47,55
Denmark,Latvia,4518,5301,2006,2462,2512,2839
Denmark,Lebanon,12321,13092,6660,7051,5661,6041
Denmark,Lesotho,44,47,15,17,29,30
Denmark,Liberia,158,163,69,72,89,91
Denmark,Libya,248,309,153,185,95,124
Denmark,Liechtenstein,19,24,6,9,13,15
Denmark,Lithuania,9640,13429,4857,7037,4783,6392
Denmark,Luxembourg,497,599,251,305,246,294
Denmark,Madagascar,57,76,25,32,32,44
Denmark,Malawi,82,89,40,43,42,46
Denmark,Malaysia,821,902,342,349,479,553
Denmark,Maldives,0,8,0,0,0,8
Denmark,Mali,48,53,27,32,21,21
Denmark,Malta,103,136,67,71,36,65
Denmark,Marshall Islands,0,0,0,0,0,0
Denmark,Martinique,0,0,0,0,0,0
Denmark,Mauritania,26,30,13,14,13,16
Denmark,Mauritius,142,157,66,70,76,87
Denmark,Mexico,1182,1576,539,705,643,871
Denmark,Monaco,17,20,11,11,6,9
Denmark,Mongolia,63,66,14,15,49,51
Denmark,Montenegro,228,313,106,148,122,165
Denmark,Morocco,5393,5885,2739,2926,2654,2959
Denmark,Mozambique,217,240,81,90,136,150
Denmark,Myanmar,1722,1764,947,945,775,819
Denmark,Namibia,73,90,27,30,46,60
Denmark,Nauru,1,1,1,1,0,0
Denmark,Nepal,2644,4496,1503,2388,1141,2108
Denmark,Netherlands,6830,8085,3899,4583,2931,3502
Denmark,New Zealand,819,971,496,569,323,402
Denmark,Nicaragua,198,222,82,88,116,134
Denmark,Niger,14,16,9,12,5,4
Denmark,Nigeria,1434,1637,848,963,586,674
Denmark,North Macedonia,3061,3740,1642,2034,1419,1706
Denmark,Norway,19189,20581,7414,8020,11775,12561
Denmark,Oman,33,33,18,16,15,17
Denmark,Pakistan,13144,14318,7079,7503,6065,6815
Denmark,Panama,87,101,33,43,54,58
Denmark,Papua New Guinea,6,9,3,5,3,4
Denmark,Paraguay,80,95,36,37,44,58
Denmark,Peru,1044,1223,355,423,689,800
Denmark,Philippines,10772,12121,1690,2017,9082,10104
Denmark,Poland,34569,42528,17764,22772,16805,19756
Denmark,Portugal,1927,2900,1084,1643,843,1257
Denmark,Puerto Rico,0,0,0,0,0,0
Denmark,Qatar,109,169,45,74,64,95
Denmark,Republic of Korea,8548,8940,3008,3143,5540,5797
Denmark,Republic of Moldova,481,980,211,488,270,492
Denmark,Réunion,0,0,0,0,0,0
Denmark,Romania,18745,28985,10581,16641,8164,12344
Denmark,Russian Federation,5872,6499,1788,2001,4084,4498
Denmark,Rwanda,371,426,162,199,209,227
Denmark,Saint Kitts and Nevis,2,2,1,2,1,0
Denmark,Saint Lucia,11,12,5,7,6,5
Denmark,Saint Vincent and the Grenadines,4,4,2,2,2,2
Denmark,Samoa,19,22,7,10,12,12
Denmark,San Marino,3,0,2,0,1,0
Denmark,Sao Tome and Principe,0,2,0,0,0,2
Denmark,Saudi Arabia,306,448,164,233,142,215
Denmark,Senegal,177,192,103,108,74,84
Denmark,Serbia,2637,3674,1362,1883,1275,1791
Denmark,Seychelles,21,20,9,5,12,15
Denmark,Sierra Leone,327,341,159,167,168,174
Denmark,Singapore,723,921,319,404,404,517
Denmark,Slovakia,1789,2896,890,1498,899,1398
Denmark,Slovenia,341,468,161,231,180,237
Denmark,Solomon Islands,4,2,4,2,0,0
Denmark,Somalia,11007,11361,5799,5905,5208,5456
Denmark,South Africa,1866,2332,996,1236,870,1096
Denmark,South Sudan,2,16,0,5,2,11
Denmark,Spain,6173,7934,3185,4142,2988,3792
Denmark,Sri Lanka,7767,8054,3832,3959,3935,4095
Denmark,State of Palestine,0,0,0,0,0,0
Denmark,Sudan,729,830,434,483,295,347
Denmark,Suriname,31,32,18,17,13,15
Denmark,Sweden,21806,24246,9414,10689,12392,13557
Denmark,Switzerland,2613,2916,1342,1493,1271,1423
Denmark,Syrian Arab Republic,13813,36184,8683,20178,5130,16006
Denmark,Tajikistan,28,37,8,11,20,26
Denmark,Thailand,12322,14225,2493,2868,9829,11357
Denmark,Togo,140,150,89,94,51,56
Denmark,Tonga,18,19,11,12,7,7
Denmark,Trinidad and Tobago,161,176,67,77,94,99
Denmark,Tunisia,880,975,584,652,296,323
Denmark,Turkey,31881,33385,16572,17361,15309,16024
Denmark,Turkmenistan,18,19,3,2,15,17
Denmark,Tuvalu,2,2,0,0,2,2
Denmark,Uganda,1485,1713,568,677,917,1036
Denmark,Ukraine,7464,11400,3660,5562,3804,5838
Denmark,United Arab Emirates,399,647,208,355,191,292
Denmark,United Kingdom,17830,21428,10925,13147,6905,8281
Denmark,United Republic of Tanzania,1010,1078,418,446,592,632
Denmark,United States of America,11883,14528,6102,7227,5781,7301
Denmark,Uruguay,231,231,115,115,116,116
Denmark,Uzbekistan,297,314,139,139,158,175
Denmark,Vanuatu,4,4,2,1,2,3
Denmark,Venezuela (Bolivarian Republic of),703,911,290,374,413,537
Denmark,Viet Nam,9781,10384,4424,4596,5357,5788
Denmark,Yemen,170,171,84,77,86,94
Denmark,Zambia,594,675,214,236,380,439
Denmark,Zimbabwe,396,445,180,213,216,232
Denmark,Other,13375,12742,6308,6006,7067,6736
Estonia,Micronesia,1,0,1,0,0,0
Estonia,Afghanistan,26,65,20,46,6,19
Estonia,Albania,20,41,15,25,5,16
Estonia,Algeria,24,32,20,26,4,6
Estonia,Andorra,0,1,0,0,0,1
Estonia,Angola,5,3,4,2,1,1
Estonia,Antigua and Barbuda,2,7,2,5,0,2
Estonia,Argentina,27,54,18,38,9,16
Estonia,Armenia,687,746,399,417,288,329
Estonia,Australia,98,221,75,150,23,71
Estonia,Austria,118,196,53,97,65,99
Estonia,Azerbaijan,1484,1625,856,954,628,671
Estonia,Bahrain,2,0,0,0,2,0
Estonia,Bangladesh,35,263,32,212,3,51
Estonia,Barbados,1,1,1,1,0,0
Estonia,Belarus,11119,10521,4309,4082,6810,6439
Estonia,Belgium,150,273,91,165,59,108
Estonia,Belize,0,0,0,0,0,0
Estonia,Benin,0,1,0,1,0,0
Estonia,Bhutan,0,3,0,0,0,3
Estonia,Bolivia (Plurinational State of),2,5,1,4,1,1
Estonia,Bosnia and Herzegovina,5,2,2,2,3,0
Estonia,Brazil,93,244,54,144,39,100
Estonia,Bulgaria,268,336,213,269,55,67
Estonia,Cabo Verde,2,0,1,0,1,0
Estonia,Cambodia,9,6,4,2,5,4
Estonia,Cameroon,16,80,13,57,3,23
Estonia,Canada,122,209,82,134,40,75
Estonia,Central African Republic,0,0,0,0,0,0
Estonia,Chile,13,28,12,25,1,3
Estonia,China,348,495,177,245,171,250
Estonia,"China, Hong Kong SAR",0,0,0,0,0,0
Estonia,Colombia,27,57,21,30,6,27
Estonia,Congo,4,5,3,4,1,1
Estonia,Costa Rica,3,12,3,8,0,4
Estonia,Côte d'Ivoire,5,6,5,6,0,0
Estonia,Croatia,28,47,13,24,15,23
Estonia,Cuba,16,32,8,20,8,12
Estonia,Cyprus,20,47,13,33,7,14
Estonia,Czechia,190,302,81,140,109,162
Estonia,Dem. People's Republic of Korea,4,3,3,3,1,0
Estonia,Democratic Republic of the Congo,3,12,3,9,0,3
Estonia,Denmark,168,225,137,165,31,60
Estonia,Dominican Republic,3,5,3,5,0,0
Estonia,Ecuador,11,24,7,20,4,4
Estonia,Egypt,68,161,61,138,7,23
Estonia,El Salvador,1,4,1,3,0,1
Estonia,Ethiopia,7,14,7,11,0,3
Estonia,Falkland Islands (Malvinas),1,0,0,0,1,0
Estonia,Faroe Islands,1,0,0,0,1,0
Estonia,Fiji,1,0,1,0,0,0
Estonia,Finland,3870,5928,2425,3649,1445,2279
Estonia,France,536,960,322,574,214,386
Estonia,Gambia,2,2,2,2,0,0
Estonia,Georgia,1642,1771,828,897,814,874
Estonia,Germany,1823,2507,970,1305,853,1202
Estonia,Ghana,12,59,8,48,4,11
Estonia,Gibraltar,1,0,0,0,1,0
Estonia,Greece,77,171,50,105,27,66
Estonia,Guatemala,10,10,6,9,4,1
Estonia,Guinea,1,1,1,1,0,0
Estonia,Guyana,2,2,0,0,2,2
Estonia,Holy See,1,0,0,0,1,0
Estonia,Honduras,2,12,2,7,0,5
Estonia,Hungary,201,246,96,124,105,122
Estonia,Iceland,22,42,19,33,3,9
Estonia,India,318,712,252,550,66,162
Estonia,Indonesia,12,40,7,16,5,24
Estonia,Iran (Islamic Republic of),75,216,56,141,19,75
Estonia,Iraq,12,63,10,41,2,22
Estonia,Ireland,87,330,59,183,28,147
Estonia,Israel,65,102,35,58,30,44
Estonia,Italy,626,1251,436,792,190,459
Estonia,Jamaica,2,3,1,3,1,0
Estonia,Japan,85,160,48,81,37,79
Estonia,Jordan,10,28,9,20,1,8
Estonia,Kazakhstan,3752,3754,1621,1629,2131,2125
Estonia,Kenya,7,22,5,12,2,10
Estonia,Kiribati,1,0,1,0,0,0
Estonia,Kuwait,9,12,7,11,2,1
Estonia,Kyrgyzstan,537,545,232,236,305,309
Estonia,Latvia,4703,6029,2131,3112,2572,2917
Estonia,Lebanon,18,41,16,35,2,6
Estonia,Libya,5,9,3,6,2,3
Estonia,Liechtenstein,1,0,1,0,0,0
Estonia,Lithuania,2028,2169,853,971,1175,1198
Estonia,Luxembourg,11,28,5,21,6,7
Estonia,Madagascar,1,1,0,1,1,0
Estonia,Malawi,1,0,1,0,0,0
Estonia,Malaysia,8,17,6,12,2,5
Estonia,Malta,4,14,3,8,1,6
Estonia,Mauritania,2,1,0,0,2,1
Estonia,Mauritius,4,10,1,6,3,4
Estonia,Mexico,65,132,38,81,27,51
Estonia,Monaco,0,0,0,0,0,0
Estonia,Mongolia,50,46,20,18,30,28
Estonia,Montenegro,0,8,0,7,0,1
Estonia,Morocco,25,37,21,32,4,5
Estonia,Mozambique,2,2,1,2,1,0
Estonia,Myanmar,2,1,2,1,0,0
Estonia,Namibia,1,4,1,1,0,3
Estonia,Nepal,41,145,39,112,2,33
Estonia,Netherlands,201,342,149,256,52,86
Estonia,New Zealand,16,29,13,21,3,8
Estonia,Nicaragua,2,3,1,1,1,2
Estonia,Nigeria,118,600,99,449,19,151
Estonia,North Macedonia,9,19,7,13,2,6
Estonia,Norway,203,458,140,302,63,156
Estonia,Oman,0,3,0,2,0,1
Estonia,Pakistan,72,261,63,195,9,66
Estonia,Panama,1,7,0,6,1,1
Estonia,Papua New Guinea,2,1,2,1,0,0
Estonia,Paraguay,1,0,0,0,1,0
Estonia,Peru,20,39,12,27,8,12
Estonia,Philippines,56,106,17,31,39,75
Estonia,Poland,790,744,416,386,374,358
Estonia,Portugal,138,236,101,134,37,102
Estonia,Qatar,1,4,1,4,0,0
Estonia,Republic of Korea,69,99,21,33,48,66
Estonia,Republic of Moldova,905,1125,489,680,416,445
Estonia,Réunion,0,0,0,0,0,0
Estonia,Romania,369,306,314,241,55,65
Estonia,Russian Federation,129187,119097,47405,44348,81782,74749
Estonia,Rwanda,1,4,1,3,0,1
Estonia,Saint Kitts and Nevis,1,0,0,0,1,0
Estonia,Saudi Arabia,5,18,4,13,1,5
Estonia,Senegal,2,3,1,3,1,0
Estonia,Serbia,22,52,16,29,6,23
Estonia,Sierra Leone,1,8,1,8,0,0
Estonia,Singapore,9,18,3,8,6,10
Estonia,Slovakia,121,177,54,96,67,81
Estonia,Slovenia,31,40,17,17,14,23
Estonia,Somalia,2,3,2,3,0,0
Estonia,South Africa,31,59,21,41,10,18
Estonia,Spain,393,730,231,408,162,322
Estonia,Sri Lanka,21,62,18,47,3,15
Estonia,State of Palestine,7,11,7,11,0,0
Estonia,Sudan,12,26,11,25,1,1
Estonia,Suriname,2,2,1,2,1,0
Estonia,Sweden,539,952,407,720,132,232
Estonia,Switzerland,58,136,49,90,9,46
Estonia,Syrian Arab Republic,10,174,9,99,1,75
Estonia,Tajikistan,362,373,175,182,187,191
Estonia,Thailand,44,109,3,27,41,82
Estonia,Togo,0,2,0,2,0,0
Estonia,Tonga,1,0,1,0,0,0
Estonia,Trinidad and Tobago,3,2,0,0,3,2
Estonia,Tunisia,15,26,13,24,2,2
Estonia,Turkey,205,468,169,371,36,97
Estonia,Turkmenistan,345,332,125,117,220,215
Estonia,Uganda,6,9,3,8,3,1
Estonia,Ukraine,21770,24170,10513,12374,11257,11796
Estonia,United Arab Emirates,7,32,7,24,0,8
Estonia,United Kingdom,654,1297,472,883,182,414
Estonia,United Republic of Tanzania,4,5,3,4,1,1
Estonia,United States of America,642,1181,413,725,229,456
Estonia,Uruguay,5,6,3,5,2,1
Estonia,Uzbekistan,1091,1096,499,495,592,601
Estonia,Venezuela (Bolivarian Republic of),11,46,9,32,2,14
Estonia,Viet Nam,32,53,22,24,10,29
Estonia,Yemen,5,19,3,12,2,7
Estonia,Zambia,2,3,2,3,0,0
Estonia,Zimbabwe,4,10,2,9,2,1
Estonia,Other,19,27,10,18,9,9
Faroe Islands,Micronesia,0,0,0,0,0,0
Faroe Islands,Brazil,11,31,4,11,7,20
Faroe Islands,Bulgaria,13,61,10,57,3,4
Faroe Islands,Canada,13,15,6,6,7,9
Faroe Islands,China,30,35,8,12,22,23
Faroe Islands,Colombia,30,36,15,16,15,20
Faroe Islands,Croatia,22,24,13,14,9,10
Faroe Islands,Denmark,3547,4150,1903,2215,1644,1935
Faroe Islands,Ethiopia,36,39,24,26,12,13
Faroe Islands,Germany,22,29,13,14,9,15
Faroe Islands,Ghana,18,23,6,11,12,12
Faroe Islands,Greenland,150,174,54,59,96,115
Faroe Islands,Iceland,242,256,132,141,110,115
Faroe Islands,India,63,72,24,32,39,40
Faroe Islands,Indonesia,10,11,1,1,9,10
Faroe Islands,Kenya,15,22,7,8,8,14
Faroe Islands,Republic of Korea,53,59,28,31,25,28
Faroe Islands,Lithuania,13,30,4,24,9,6
Faroe Islands,Norway,178,200,88,100,90,100
Faroe Islands,Peru,15,19,5,7,10,12
Faroe Islands,Philippines,130,213,25,36,105,177
Faroe Islands,Poland,72,129,52,103,20,26
Faroe Islands,Romania,62,228,32,178,30,50
Faroe Islands,Russian Federation,30,32,8,8,22,24
Faroe Islands,Serbia,51,59,27,33,24,26
Faroe Islands,South Africa,20,22,11,14,9,8
Faroe Islands,Sweden,76,83,45,51,31,32
Faroe Islands,Thailand,112,138,18,24,94,114
Faroe Islands,Tunisia,11,17,8,13,3,4
Faroe Islands,United Kingdom,100,123,48,66,52,57
Faroe Islands,United States of America,41,45,19,21,22,24
Faroe Islands,Other,299,437,145,210,154,227
Finland,Micronesia,0,0,0,0,0,0
Finland,Afghanistan,4623,7019,2521,4317,2102,2702
Finland,Albania,336,706,250,485,86,221
Finland,Algeria,781,1014,615,774,166,240
Finland,Andorra,1,2,1,2,0,0
Finland,Angola,412,441,245,262,167,179
Finland,Antigua and Barbuda,1,1,0,0,1,1
Finland,Argentina,369,460,220,281,149,179
Finland,Armenia,89,115,38,52,51,63
Finland,Aruba,3,0,2,0,1,0
Finland,Australia,1035,1245,636,787,399,458
Finland,Austria,567,660,307,363,260,297
Finland,Azerbaijan,119,178,52,86,67,92
Finland,Bahamas,8,6,5,4,3,2
Finland,Bahrain,20,20,16,13,4,7
Finland,Bangladesh,1885,2983,1278,1956,607,1027
Finland,Barbados,10,12,9,9,1,3
Finland,Belarus,314,443,119,167,195,276
Finland,Belgium,567,690,371,448,196,242
Finland,Belize,1,0,1,0,0,0
Finland,Benin,18,19,14,13,4,6
Finland,Bermuda,4,0,4,0,0,0
Finland,Bhutan,3,2,1,0,2,2
Finland,Bolivia (Plurinational State of),138,166,63,73,75,93
Finland,Bosnia and Herzegovina,652,811,334,440,318,371
Finland,Botswana,15,19,9,11,6,8
Finland,Brazil,1221,1889,496,814,725,1075
Finland,Brunei Darussalam,2,4,2,1,0,3
Finland,Bulgaria,1863,2566,1000,1415,863,1151
Finland,Burkina Faso,15,29,13,23,2,6
Finland,Burundi,51,76,27,41,24,35
Finland,Cabo Verde,11,13,8,9,3,4
Finland,Cambodia,256,320,105,122,151,198
Finland,Cameroon,759,1094,477,676,282,418
Finland,Canada,1481,1655,797,903,684,752
Finland,Central African Republic,3,7,2,5,1,2
Finland,Chad,7,11,5,8,2,3
Finland,Chile,408,542,203,286,205,256
Finland,China,9069,11614,3700,4893,5369,6721
Finland,Colombia,985,1228,503,629,482,599
Finland,Comoros,3,2,2,1,1,1
Finland,Congo,114,125,62,73,52,52
Finland,Costa Rica,61,73,41,48,20,25
Finland,Côte d'Ivoire,122,146,90,104,32,42
Finland,Croatia,213,293,113,167,100,126
Finland,Cuba,445,551,271,351,174,200
Finland,Cyprus,157,203,112,140,45,63
Finland,Czechia,204,332,93,156,111,176
Finland,Dem. People's Republic of Korea,4,5,1,2,3,3
Finland,Democratic Republic of the Congo,1465,1981,675,941,790,1040
Finland,Denmark,923,1122,562,694,361,428
Finland,Djibouti,7,12,3,5,4,7
Finland,Dominica,5,7,5,7,0,0
Finland,Dominican Republic,157,205,85,113,72,92
Finland,Ecuador,180,225,101,126,79,99
Finland,Egypt,1058,1505,836,1154,222,351
Finland,El Salvador,60,74,23,33,37,41
Finland,Equatorial Guinea,14,10,6,3,8,7
Finland,Eritrea,128,866,80,601,48,265
Finland,Estonia,41006,47280,19853,23740,21153,23540
Finland,Eswatini,14,10,8,5,6,5
Finland,Ethiopia,1845,2456,1040,1391,805,1065
Finland,Fiji,9,9,6,5,3,4
Finland,France,2268,2684,1429,1697,839,987
Finland,French Polynesia,1,0,1,0,0,0
Finland,Gabon,10,14,4,5,6,9
Finland,Gambia,648,902,516,733,132,169
Finland,Georgia,67,111,33,51,34,60
Finland,Germany,6224,6834,3485,3866,2739,2968
Finland,Ghana,1334,1820,912,1231,422,589
Finland,Greece,1110,1674,766,1134,344,540
Finland,Grenada,1,1,1,1,0,0
Finland,Guatemala,71,85,44,50,27,35
Finland,Guinea,85,111,68,87,17,24
Finland,Guinea-Bissau,7,8,6,6,1,2
Finland,Guyana,19,16,10,9,9,7
Finland,Haiti,10,11,7,7,3,4
Finland,Holy See,1,0,1,0,0,0
Finland,Honduras,59,92,25,37,34,55
Finland,Hungary,2068,2376,1103,1222,965,1154
Finland,Iceland,152,179,96,119,56,60
Finland,India,5159,6954,3104,4095,2055,2859
Finland,Indonesia,466,709,157,267,309,442
Finland,Iran (Islamic Republic of),5589,7611,3140,4286,2449,3325
Finland,Iraq,21027,18304,13175,11706,7852,6598
Finland,Ireland,553,668,403,489,150,179
Finland,Israel,715,793,503,545,212,248
Finland,Italy,2316,3023,1616,2027,700,996
Finland,Jamaica,75,86,46,56,29,30
Finland,Japan,1204,1453,460,553,744,900
Finland,Jordan,268,348,168,214,100,134
Finland,Kazakhstan,246,344,100,138,146,206
Finland,Kenya,1238,1562,581,721,657,841
Finland,Kuwait,121,220,77,143,44,77
Finland,Kyrgyzstan,43,84,16,41,27,43
Finland,Lao People's Democratic Republic,42,56,3,4,39,52
Finland,Latvia,1582,2436,695,1238,887,1198
Finland,Lebanon,521,731,323,436,198,295
Finland,Liberia,102,114,66,72,36,42
Finland,Libya,192,249,124,169,68,80
Finland,Lithuania,968,1366,420,657,548,709
Finland,Luxembourg,92,105,43,54,49,51
Finland,Madagascar,14,19,5,7,9,12
Finland,Malawi,50,103,29,53,21,50
Finland,Malaysia,411,531,191,255,220,276
Finland,Maldives,2,0,1,0,1,0
Finland,Mali,14,23,10,19,4,4
Finland,Malta,39,53,23,33,16,20
Finland,Mauritania,22,37,18,24,4,13
Finland,Mauritius,45,49,25,26,20,23
Finland,Mexico,719,995,409,561,310,434
Finland,Monaco,7,9,5,5,2,4
Finland,Mongolia,51,63,18,21,33,42
Finland,Montenegro,4,15,2,8,2,7
Finland,Morocco,1952,2528,1354,1720,598,808
Finland,Mozambique,65,73,32,35,33,38
Finland,Myanmar,1118,1216,577,627,541,589
Finland,Namibia,90,152,36,62,54,90
Finland,Nepal,2298,3595,1658,2388,640,1207
Finland,Netherlands,1381,1653,1025,1217,356,436
Finland,New Zealand,198,254,149,184,49,70
Finland,Nicaragua,99,118,44,52,55,66
Finland,Niger,21,21,15,15,6,6
Finland,Nigeria,2093,2915,1564,2024,529,891
Finland,North Macedonia,157,212,75,112,82,100
Finland,Norway,1607,1852,840,988,767,864
Finland,Oman,10,16,4,7,6,9
Finland,Pakistan,2129,3134,1469,2090,660,1044
Finland,Palau,0,0,0,0,0,0
Finland,Panama,23,29,14,16,9,13
Finland,Papua New Guinea,10,11,6,6,4,5
Finland,Paraguay,24,28,15,16,9,12
Finland,Peru,471,613,210,277,261,336
Finland,Philippines,3090,4892,913,1538,2177,3354
Finland,Poland,3983,5018,2188,2781,1795,2237
Finland,Portugal,521,598,352,398,169,200
Finland,Qatar,16,27,12,18,4,9
Finland,Republic of Korea,534,709,215,268,319,441
Finland,Republic of Moldova,157,345,71,178,86,167
Finland,Romania,2478,3871,1345,2248,1133,1623
Finland,Russian Federation,11542,15212,5105,6841,6437,8371
Finland,Rwanda,436,524,218,263,218,261
Finland,Saint Kitts and Nevis,1,0,1,0,0,0
Finland,Saint Lucia,4,3,3,2,1,1
Finland,Saint Vincent and the Grenadines,2,1,2,1,0,0
Finland,Samoa,3,2,1,0,2,2
Finland,San Marino,1,0,0,0,1,0
Finland,Saudi Arabia,315,484,164,255,151,229
Finland,Senegal,168,216,140,183,28,33
Finland,Serbia,149,252,81,130,68,122
Finland,Seychelles,6,6,1,0,5,6
Finland,Sierra Leone,125,145,92,109,33,36
Finland,Singapore,194,266,79,113,115,153
Finland,Slovakia,180,334,95,172,85,162
Finland,Slovenia,50,102,26,53,24,49
Finland,Solomon Islands,5,2,2,1,3,1
Finland,Somalia,9666,12070,5026,6295,4640,5775
Finland,South Africa,805,1022,490,620,315,402
Finland,South Sudan,0,9,0,2,0,7
Finland,Spain,2567,3046,1528,1806,1039,1240
Finland,Sri Lanka,908,1148,496,629,412,519
Finland,State of Palestine,49,67,33,44,16,23
Finland,Sudan,872,1179,469,653,403,526
Finland,Suriname,1,1,1,1,0,0
Finland,Sweden,30578,33412,15795,17467,14783,15945
Finland,Switzerland,977,1148,586,695,391,453
Finland,Syrian Arab Republic,1326,6223,792,3524,534,2699
Finland,Tajikistan,42,63,24,38,18,25
Finland,Thailand,8884,11110,1827,2345,7057,8765
Finland,Togo,75,93,58,77,17,16
Finland,Tonga,2,0,2,0,0,0
Finland,Trinidad and Tobago,35,44,18,19,17,25
Finland,Tunisia,625,808,501,617,124,191
Finland,Turkey,6082,7644,4269,5240,1813,2404
Finland,Turkmenistan,21,34,8,11,13,23
Finland,Turks and Caicos Islands,1,0,0,0,1,0
Finland,Tuvalu,2,0,1,0,1,0
Finland,Uganda,183,271,88,121,95,150
Finland,Ukraine,1540,2851,686,1303,854,1548
Finland,United Arab Emirates,137,257,81,153,56,104
Finland,United Kingdom,5328,6460,3833,4660,1495,1800
Finland,United Republic of Tanzania,508,561,305,338,203,223
Finland,United States of America,4427,5445,2544,3152,1883,2293
Finland,Uruguay,99,126,57,71,42,55
Finland,Uzbekistan,127,382,67,270,60,112
Finland,Vanuatu,1,0,1,0,0,0
Finland,Venezuela (Bolivarian Republic of),201,290,108,140,93,150
Finland,Viet Nam,5754,8677,2526,3895,3228,4782
Finland,Yemen,63,223,38,148,25,75
Finland,Zambia,184,341,81,171,103,170
Finland,Zimbabwe,88,143,58,86,30,57
Finland,Other,60664,67892,23745,27437,36919,40455
Iceland,Micronesia,0,0,0,0,0,0
Iceland,Afghanistan,13,108,7,66,6,42
Iceland,Albania,45,220,25,145,20,75
Iceland,Algeria,40,68,31,51,9,17
Iceland,Andorra,2,2,2,0,0,2
Iceland,Angola,34,50,21,36,13,14
Iceland,Antigua and Barbuda,1,0,0,0,1,0
Iceland,Argentina,46,83,30,51,16,32
Iceland,Armenia,8,10,3,4,5,6
Iceland,Aruba,1,0,1,0,0,0
Iceland,Australia,121,172,60,92,61,80
Iceland,Austria,126,163,58,69,68,94
Iceland,Azerbaijan,13,19,4,9,9,10
Iceland,Bahamas,6,5,3,2,3,3
Iceland,Bahrain,1,0,1,0,0,0
Iceland,Bangladesh,4,12,4,7,0,5
Iceland,Barbados,1,0,1,0,0,0
Iceland,Belarus,41,68,10,23,31,45
Iceland,Belgium,120,206,58,108,62,98
Iceland,Belize,0,0,0,0,0,0
Iceland,Benin,1,1,1,0,0,1
Iceland,Bermuda,3,2,2,1,1,1
Iceland,Bolivia (Plurinational State of),14,15,4,6,10,9
Iceland,Bosnia and Herzegovina,150,273,79,170,71,103
Iceland,Brazil,139,217,36,71,103,146
Iceland,Bulgaria,241,515,122,293,119,222
Iceland,Burkina Faso,1,0,1,0,0,0
Iceland,Cabo Verde,33,54,15,26,18,28
Iceland,Cambodia,1,1,0,0,1,1
Iceland,Cameroon,7,5,5,3,2,2
Iceland,Canada,277,366,130,170,147,196
Iceland,Chad,0,1,0,0,0,1
Iceland,Chile,77,87,46,47,31,40
Iceland,China,582,747,183,269,399,478
Iceland,Colombia,189,257,68,107,121,150
Iceland,Congo,3,1,2,1,1,0
Iceland,Costa Rica,7,18,4,11,3,7
Iceland,Côte d'Ivoire,1,7,0,4,1,3
Iceland,Croatia,169,716,92,504,77,212
Iceland,Cuba,57,64,26,30,31,34
Iceland,Curaçao,1,0,0,0,1,0
Iceland,Cyprus,5,11,3,7,2,4
Iceland,Czechia,246,810,141,435,105,375
Iceland,Dem. People's Republic of Korea,0,0,0,0,0,0
Iceland,Democratic Republic of the Congo,2,2,2,2,0,0
Iceland,Denmark,3283,3918,1619,1979,1664,1939
Iceland,Djibouti,0,0,0,0,0,0
Iceland,Dominica,2,2,1,0,1,2
Iceland,Dominican Republic,32,58,9,18,23,40
Iceland,Ecuador,32,55,12,24,20,31
Iceland,Egypt,29,45,21,33,8,12
Iceland,El Salvador,13,27,5,10,8,17
Iceland,Equatorial Guinea,9,24,2,8,7,16
Iceland,Eritrea,7,9,4,5,3,4
Iceland,Estonia,129,178,45,72,84,106
Iceland,Ethiopia,71,88,28,41,43,47
Iceland,Faroe Islands,331,327,137,146,194,181
Iceland,Fiji,1,0,0,0,1,0
Iceland,Finland,178,236,59,81,119,155
Iceland,France,538,910,286,476,252,434
Iceland,Gabon,0,0,0,0,0,0
Iceland,Gambia,11,19,9,15,2,4
Iceland,Georgia,22,52,8,28,14,24
Iceland,Germany,1649,2148,635,840,1014,1308
Iceland,Ghana,62,133,32,73,30,60
Iceland,Gibraltar,0,0,0,0,0,0
Iceland,Greece,45,181,30,119,15,62
Iceland,Greenland,65,82,28,33,37,49
Iceland,Guatemala,37,36,20,21,17,15
Iceland,Guinea,18,23,10,13,8,10
Iceland,Guinea-Bissau,1,2,1,2,0,0
Iceland,Guyana,20,23,6,9,14,14
Iceland,Haiti,12,13,3,4,9,9
Iceland,Honduras,35,60,16,23,19,37
Iceland,Hungary,218,505,109,275,109,230
Iceland,India,305,389,145,182,160,207
Iceland,Indonesia,129,158,44,56,85,102
Iceland,Iran (Islamic Republic of),63,166,40,105,23,61
Iceland,Iraq,57,236,35,147,22,89
Iceland,Ireland,105,150,62,89,43,61
Iceland,Israel,37,45,23,33,14,12
Iceland,Italy,260,525,149,324,111,201
Iceland,Jamaica,18,21,5,6,13,15
Iceland,Japan,98,118,33,34,65,84
Iceland,Jordan,13,27,6,11,7,16
Iceland,Kazakhstan,21,35,5,9,16,26
Iceland,Kenya,90,103,29,26,61,77
Iceland,Kuwait,2,3,2,1,0,2
Iceland,Kyrgyzstan,1,6,1,3,0,3
Iceland,Lao People's Democratic Republic,1,0,1,0,0,0
Iceland,Latvia,735,1922,352,1290,383,632
Iceland,Lebanon,30,50,20,34,10,16
Iceland,Liberia,1,6,0,4,1,2
Iceland,Libya,4,7,2,4,2,3
Iceland,Liechtenstein,1,0,0,0,1,0
Iceland,Lithuania,1499,3171,736,1988,763,1183
Iceland,Luxembourg,142,180,68,89,74,91
Iceland,Madagascar,2,2,2,2,0,0
Iceland,Malawi,4,1,3,0,1,1
Iceland,Malaysia,35,48,16,20,19,28
Iceland,Mali,2,4,2,4,0,0
Iceland,Malta,8,9,5,6,3,3
Iceland,Mauritania,1,2,1,2,0,0
Iceland,Mauritius,5,6,1,1,4,5
Iceland,Mexico,92,159,44,73,48,86
Iceland,Monaco,1,0,0,0,1,0
Iceland,Mongolia,20,21,8,8,12,13
Iceland,Montenegro,8,12,2,6,6,6
Iceland,Morocco,166,262,103,171,63,91
Iceland,Mozambique,23,30,8,13,15,17
Iceland,Myanmar,1,4,1,1,0,3
Iceland,Namibia,35,43,16,15,19,28
Iceland,Nepal,98,129,56,73,42,56
Iceland,Netherlands,288,408,152,221,136,187
Iceland,New Zealand,50,78,25,44,25,34
Iceland,Nicaragua,7,6,2,0,5,6
Iceland,Nigeria,72,155,46,88,26,67
Iceland,North Macedonia,40,84,21,43,19,41
Iceland,Norway,1036,1390,486,671,550,719
Iceland,Oman,2,2,2,0,0,2
Iceland,Pakistan,38,94,21,69,17,25
Iceland,Panama,6,7,3,4,3,3
Iceland,Papua New Guinea,1,1,0,0,1,1
Iceland,Paraguay,4,2,3,0,1,2
Iceland,Peru,75,105,26,39,49,66
Iceland,Philippines,1565,2284,534,793,1031,1491
Iceland,Poland,10967,21102,5839,12718,5128,8384
Iceland,Portugal,576,1082,362,724,214,358
Iceland,Puerto Rico,0,0,0,0,0,0
Iceland,Qatar,2,3,0,1,2,2
Iceland,Republic of Korea,37,49,12,11,25,38
Iceland,Republic of Moldova,21,113,9,58,12,55
Iceland,Romania,400,1675,211,1145,189,530
Iceland,Russian Federation,364,492,131,185,233,307
Iceland,Rwanda,2,0,2,0,0,0
Iceland,Saint Vincent and the Grenadines,2,0,1,0,1,0
Iceland,San Marino,0,2,0,0,0,2
Iceland,Saudi Arabia,8,18,4,12,4,6
Iceland,Senegal,21,29,12,20,9,9
Iceland,Serbia,523,752,256,404,267,348
Iceland,Sierra Leone,15,19,10,13,5,6
Iceland,Singapore,17,21,4,5,13,16
Iceland,Slovakia,243,517,154,336,89,181
Iceland,Slovenia,32,70,18,33,14,37
Iceland,Solomon Islands,1,0,0,0,1,0
Iceland,Somalia,2,32,1,23,1,9
Iceland,South Africa,81,104,31,44,50,60
Iceland,Spain,540,991,320,572,220,419
Iceland,Sri Lanka,164,190,64,77,100,113
Iceland,State of Palestine,6,27,2,22,4,5
Iceland,Sudan,0,6,0,6,0,0
Iceland,Sweden,1920,2357,949,1191,971,1166
Iceland,Switzerland,158,226,73,105,85,121
Iceland,Syrian Arab Republic,35,280,26,174,9,106
Iceland,Tajikistan,2,2,0,0,2,2
Iceland,Thailand,1196,1500,312,400,884,1100
Iceland,Timor-Leste,1,0,1,0,0,0
Iceland,Togo,5,11,4,7,1,4
Iceland,Tonga,1,1,1,1,0,0
Iceland,Trinidad and Tobago,3,6,1,1,2,5
Iceland,Tunisia,28,41,20,28,8,13
Iceland,Turkey,73,104,45,69,28,35
Iceland,Turkmenistan,1,1,0,0,1,1
Iceland,Uganda,37,60,11,20,26,40
Iceland,Ukraine,274,437,90,174,184,263
Iceland,United Arab Emirates,6,11,4,9,2,2
Iceland,United Kingdom,1307,1857,783,1125,524,732
Iceland,United Republic of Tanzania,28,24,11,8,17,16
Iceland,United States of America,2019,2604,1084,1382,935,1222
Iceland,Uruguay,9,11,6,8,3,3
Iceland,Uzbekistan,10,13,4,4,6,9
Iceland,Venezuela (Bolivarian Republic of),39,103,13,45,26,58
Iceland,Viet Nam,613,916,275,403,338,513
Iceland,Yemen,0,1,0,1,0,0
Iceland,Zambia,8,12,1,2,7,10
Iceland,Zimbabwe,11,13,3,4,8,9
Iceland,Other,288,363,147,176,141,187
Ireland,Micronesia,0,0,0,0,0,0
Ireland,Afghanistan,148,168,119,137,29,31
Ireland,Albania,297,340,173,200,124,140
Ireland,Algeria,588,673,416,477,172,196
Ireland,Andorra,2,1,0,0,2,1
Ireland,Angola,480,548,238,274,242,274
Ireland,Anguilla,1,0,0,0,1,0
Ireland,Antigua and Barbuda,2,1,1,0,1,1
Ireland,Argentina,327,374,152,175,175,199
Ireland,Armenia,53,59,27,31,26,28
Ireland,Aruba,7,6,3,2,4,4
Ireland,Australia,6601,7568,3003,3470,3598,4098
Ireland,Austria,784,898,255,296,529,602
Ireland,Azerbaijan,50,55,26,29,24,26
Ireland,Bahamas,27,28,15,15,12,13
Ireland,Bahrain,82,93,39,44,43,49
Ireland,Bangladesh,3232,3706,2276,2618,956,1088
Ireland,Barbados,18,18,8,8,10,10
Ireland,Belarus,611,698,261,300,350,398
Ireland,Belgium,1638,1877,730,843,908,1034
Ireland,Belize,2,1,0,0,2,1
Ireland,Benin,34,37,12,13,22,24
Ireland,Bermuda,57,63,26,30,31,33
Ireland,Bhutan,7,6,5,4,2,2
Ireland,Bolivia (Plurinational State of),17,17,7,7,10,10
Ireland,Bosnia and Herzegovina,640,732,298,343,342,389
Ireland,Botswana,80,89,43,48,37,41
Ireland,Brazil,10292,11800,5979,6887,4313,4913
Ireland,British Virgin Islands,1,0,0,0,1,0
Ireland,Brunei Darussalam,16,16,7,7,9,9
Ireland,Bulgaria,1974,2263,902,1042,1072,1221
Ireland,Burkina Faso,9,8,6,5,3,3
Ireland,Burundi,48,53,24,27,24,26
Ireland,Cabo Verde,4,3,3,2,1,1
Ireland,Cambodia,11,11,2,2,9,9
Ireland,Cameroon,346,395,143,165,203,230
Ireland,Canada,5323,6102,2186,2529,3137,3573
Ireland,Cayman Islands,25,26,11,11,14,15
Ireland,Central African Republic,8,7,3,2,5,5
Ireland,Chad,10,9,7,6,3,3
Ireland,Chile,142,160,58,65,84,95
Ireland,China,12683,14542,6138,7086,6545,7456
Ireland,"China, Hong Kong SAR",1887,2162,750,868,1137,1294
Ireland,Congo,2519,2886,1221,1408,1298,1478
Ireland,Costa Rica,11,11,4,4,7,7
Ireland,Côte d'Ivoire,133,151,67,76,66,75
Ireland,Croatia,506,578,258,296,248,282
Ireland,Cuba,83,94,37,42,46,52
Ireland,Cyprus,288,330,142,165,146,165
Ireland,Czechia,6081,6972,3259,3759,2822,3213
Ireland,Dem. People's Republic of Korea,131,148,51,58,80,90
Ireland,Democratic Republic of the Congo,52,58,24,28,28,30
Ireland,Denmark,980,1122,402,465,578,657
Ireland,Djibouti,1,0,0,0,1,0
Ireland,Dominica,1,0,0,0,1,0
Ireland,Dominican Republic,10,9,6,5,4,4
Ireland,Ecuador,39,42,12,13,27,29
Ireland,Egypt,532,609,360,413,172,196
Ireland,El Salvador,27,28,11,11,16,17
Ireland,Eritrea,38,41,24,26,14,15
Ireland,Estonia,2744,3145,1123,1299,1621,1846
Ireland,Eswatini,21,22,9,9,12,13
Ireland,Ethiopia,154,175,68,77,86,98
Ireland,Falkland Islands (Malvinas),4,3,3,2,1,1
Ireland,Faroe Islands,3,2,1,0,2,2
Ireland,Fiji,14,14,5,5,9,9
Ireland,Finland,966,1107,217,254,749,853
Ireland,France,11147,12780,4626,5351,6521,7429
Ireland,French Polynesia,1,0,0,0,1,0
Ireland,Gabon,4,3,2,1,2,2
Ireland,Gambia,57,63,30,34,27,29
Ireland,Georgia,255,290,138,158,117,132
Ireland,Germany,14368,16475,5432,6296,8936,10179
Ireland,Ghana,504,576,223,257,281,319
Ireland,Gibraltar,39,42,18,20,21,22
Ireland,Greece,636,728,351,406,285,322
Ireland,Greenland,1,0,1,0,0,0
Ireland,Grenada,14,14,7,7,7,7
Ireland,Guatemala,125,142,59,67,66,75
Ireland,Guinea,50,55,27,30,23,25
Ireland,Guinea-Bissau,1,0,0,0,1,0
Ireland,Guyana,29,30,11,11,18,19
Ireland,Haiti,4,3,1,0,3,3
Ireland,Honduras,12,12,4,4,8,8
Ireland,Hungary,8206,9409,4410,5085,3796,4324
Ireland,Iceland,38,41,17,19,21,22
Ireland,India,19764,22662,9540,11015,10224,11647
Ireland,Indonesia,128,145,45,51,83,94
Ireland,Iran (Islamic Republic of),445,508,291,334,154,174
Ireland,Iraq,453,518,275,316,178,202
Ireland,Israel,220,250,118,135,102,115
Ireland,Italy,7910,9070,3947,4556,3963,4514
Ireland,Jamaica,120,135,37,41,83,94
Ireland,Japan,529,604,170,196,359,408
Ireland,Jordan,111,124,61,68,50,56
Ireland,Kazakhstan,259,296,116,134,143,162
Ireland,Kenya,482,551,199,231,283,320
Ireland,Kuwait,201,228,118,134,83,94
Ireland,Kyrgyzstan,32,35,14,16,18,19
Ireland,Lao People's Democratic Republic,34,37,14,16,20,21
Ireland,Latvia,22126,25371,10126,11700,12000,13671
Ireland,Lebanon,133,151,75,86,58,65
Ireland,Lesotho,39,42,17,18,22,24
Ireland,Liberia,107,120,59,66,48,54
Ireland,Libya,439,501,248,285,191,216
Ireland,Liechtenstein,2,1,1,0,1,1
Ireland,Lithuania,38572,44229,18582,21455,19990,22774
Ireland,Luxembourg,156,177,81,92,75,85
Ireland,Madagascar,12,12,4,4,8,8
Ireland,Malawi,76,85,40,45,36,40
Ireland,Malaysia,4186,4798,1997,2305,2189,2493
Ireland,Maldives,2,1,0,0,2,1
Ireland,Mali,29,30,13,13,16,17
Ireland,Malta,372,426,164,190,208,236
Ireland,Mauritania,8,7,5,4,3,3
Ireland,Mauritius,3231,3705,1804,2081,1427,1624
Ireland,Mexico,305,347,90,103,215,244
Ireland,Monaco,7,6,5,4,2,2
Ireland,Mongolia,318,363,115,133,203,230
Ireland,Montserrat,1,0,0,0,1,0
Ireland,Morocco,274,312,189,215,85,97
Ireland,Mozambique,39,42,19,21,20,21
Ireland,Myanmar,64,72,32,37,32,35
Ireland,Namibia,38,41,14,15,24,26
Ireland,Nepal,136,154,92,104,44,50
Ireland,Netherlands,4980,5708,2293,2648,2687,3060
Ireland,New Caledonia,7,6,3,2,4,4
Ireland,New Zealand,2271,2604,1144,1321,1127,1283
Ireland,Nicaragua,16,16,7,7,9,9
Ireland,Niger,129,146,49,56,80,90
Ireland,Nigeria,21894,25104,9239,10687,12655,14417
Ireland,North Macedonia,655,751,372,431,283,320
Ireland,Norway,305,347,141,161,164,186
Ireland,Oman,49,54,24,27,25,27
Ireland,Pakistan,9219,10570,5792,6667,3427,3903
Ireland,Panama,16,16,6,6,10,10
Ireland,Papua New Guinea,13,13,5,5,8,8
Ireland,Paraguay,27,28,8,8,19,20
Ireland,Peru,127,144,42,47,85,97
Ireland,Philippines,15312,17557,5637,6536,9675,11021
Ireland,Poland,127507,146211,69919,80601,57588,65610
Ireland,Portugal,2486,2848,1393,1604,1093,1244
Ireland,Qatar,35,38,17,19,18,19
Ireland,Republic of Korea,193,219,74,85,119,134
Ireland,Republic of Moldova,3787,4340,1887,2176,1900,2164
Ireland,Romania,19919,22839,9264,10700,10655,12139
Ireland,Russian Federation,6570,7532,2960,3419,3610,4113
Ireland,Rwanda,80,89,31,34,49,55
Ireland,Saint Helena,7,6,1,0,6,6
Ireland,Saint Kitts and Nevis,2,1,1,0,1,1
Ireland,Saint Lucia,7,6,5,4,2,2
Ireland,Saint Vincent and the Grenadines,2,1,1,0,1,1
Ireland,Samoa,13,13,4,4,9,9
Ireland,Saudi Arabia,429,490,215,247,214,243
Ireland,Senegal,22,23,10,10,12,13
Ireland,Seychelles,11,11,4,4,7,7
Ireland,Sierra Leone,196,223,114,131,82,92
Ireland,Singapore,216,246,99,114,117,132
Ireland,Slovakia,11838,13573,6824,7862,5014,5711
Ireland,Slovenia,210,239,107,123,103,116
Ireland,Solomon Islands,2,1,1,0,1,1
Ireland,Somalia,531,606,277,317,254,289
Ireland,South Africa,8983,10299,4190,4839,4793,5460
Ireland,Spain,7751,8886,2539,2948,5212,5938
Ireland,Sri Lanka,238,271,137,157,101,114
Ireland,State of Palestine,67,75,45,51,22,24
Ireland,Sudan,588,673,372,428,216,245
Ireland,Suriname,12,12,4,4,8,8
Ireland,Sweden,1868,2140,556,646,1312,1494
Ireland,Switzerland,553,633,213,246,340,387
Ireland,Syrian Arab Republic,507,2937,305,1776,202,1161
Ireland,Tajikistan,21,22,9,9,12,13
Ireland,Thailand,535,612,152,177,383,435
Ireland,Timor-Leste,3,2,1,0,2,2
Ireland,Togo,114,128,67,75,47,53
Ireland,Tonga,1,0,1,0,0,0
Ireland,Trinidad and Tobago,111,124,39,43,72,81
Ireland,Tunisia,100,113,79,91,21,22
Ireland,Turkey,489,559,369,424,120,135
Ireland,Turkmenistan,4,3,1,0,3,3
Ireland,Turks and Caicos Islands,1,0,1,0,0,0
Ireland,Uganda,149,169,65,74,84,95
Ireland,Ukraine,4564,5232,2373,2736,2191,2496
Ireland,United Arab Emirates,201,228,102,116,99,112
Ireland,United Kingdom,267364,305197,135582,155565,131782,149632
Ireland,United Republic of Tanzania,125,142,54,62,71,80
Ireland,United States of America,30690,35190,13453,15552,17237,19638
Ireland,Uruguay,55,61,23,26,32,35
Ireland,Uzbekistan,92,105,37,43,55,62
Ireland,Vanuatu,1,0,0,0,1,0
Ireland,Venezuela (Bolivarian Republic of),128,145,57,65,71,80
Ireland,Viet Nam,635,727,230,267,405,460
Ireland,Western Sahara,1,0,1,0,0,0
Ireland,Yemen,31,34,18,20,13,14
Ireland,Zambia,340,388,156,179,184,209
Ireland,Zimbabwe,3098,3551,1407,1626,1691,1925
Isle of Man,Micronesia,0,0,0,0,0,0
Isle of Man,Australia,188,190,91,93,97,97
Isle of Man,Canada,157,158,76,77,81,81
Isle of Man,Ireland,1540,1567,649,660,891,907
Isle of Man,New Zealand,85,85,47,48,38,37
Isle of Man,South Africa,807,821,398,405,409,416
Isle of Man,United Kingdom,33553,34195,16647,16967,16906,17228
Isle of Man,Channel Islands,170,172,97,99,73,73
Isle of Man,United States of America,227,230,101,104,126,126
Isle of Man,Other,5511,5622,2490,2534,3021,3088
Latvia,Micronesia,0,0,0,0,0,0
Latvia,Afghanistan,27,46,21,26,6,20
Latvia,Albania,9,12,5,6,4,6
Latvia,Algeria,15,18,12,14,3,4
Latvia,Andorra,0,0,0,0,0,0
Latvia,Angola,2,0,1,0,1,0
Latvia,Anguilla,0,0,0,0,0,0
Latvia,Antigua and Barbuda,1,0,0,0,1,0
Latvia,Argentina,12,22,4,14,8,8
Latvia,Armenia,693,708,425,414,268,294
Latvia,Aruba,1,0,1,0,0,0
Latvia,Australia,83,111,59,77,24,34
Latvia,Austria,90,101,52,62,38,39
Latvia,Azerbaijan,1922,1953,1099,1164,823,789
Latvia,Bahrain,1,0,1,0,0,0
Latvia,Bangladesh,5,15,4,11,1,4
Latvia,Barbados,2,2,0,0,2,2
Latvia,Belarus,48588,42251,16745,14448,31843,27803
Latvia,Belgium,111,123,60,66,51,57
Latvia,Benin,2,1,2,1,0,0
Latvia,Bolivia (Plurinational State of),0,1,0,1,0,0
Latvia,Bosnia and Herzegovina,7,9,6,9,1,0
Latvia,Botswana,1,0,0,0,1,0
Latvia,Brazil,21,46,15,33,6,13
Latvia,Bulgaria,157,112,102,82,55,30
Latvia,Burundi,1,0,1,0,0,0
Latvia,Cabo Verde,0,0,0,0,0,0
Latvia,Cameroon,1,4,1,4,0,0
Latvia,Canada,120,177,65,102,55,75
Latvia,Central African Republic,0,0,0,0,0,0
Latvia,Chile,5,7,4,7,1,0
Latvia,China,268,369,152,208,116,161
Latvia,Colombia,6,13,2,6,4,7
Latvia,Congo,0,0,0,0,0,0
Latvia,Costa Rica,2,0,1,0,1,0
Latvia,Côte d'Ivoire,3,1,2,1,1,0
Latvia,Croatia,7,8,5,6,2,2
Latvia,Cuba,46,46,29,29,17,17
Latvia,Cyprus,44,59,26,33,18,26
Latvia,Czechia,137,159,48,57,89,102
Latvia,Dem. People's Republic of Korea,11,10,6,5,5,5
Latvia,Democratic Republic of the Congo,0,4,0,4,0,0
Latvia,Denmark,203,238,160,187,43,51
Latvia,Dominican Republic,1,0,0,0,1,0
Latvia,Ecuador,2,3,0,0,2,3
Latvia,Egypt,37,80,28,64,9,16
Latvia,Eritrea,0,5,0,5,0,0
Latvia,Estonia,3081,2847,1403,1308,1678,1539
Latvia,Faroe Islands,2,1,1,1,1,0
Latvia,Finland,170,151,95,88,75,63
Latvia,France,181,279,106,166,75,113
Latvia,Gabon,1,0,1,0,0,0
Latvia,Gambia,0,1,0,1,0,0
Latvia,Georgia,1317,1285,720,719,597,566
Latvia,Germany,2424,2163,1160,1049,1264,1114
Latvia,Ghana,5,7,5,7,0,0
Latvia,Greece,42,51,24,33,18,18
Latvia,Greenland,1,0,0,0,1,0
Latvia,Guatemala,1,1,1,1,0,0
Latvia,Hungary,193,183,87,84,106,99
Latvia,Iceland,29,53,18,33,11,20
Latvia,India,131,1290,118,1125,13,165
Latvia,Indonesia,3,3,2,3,1,0
Latvia,Iran (Islamic Republic of),35,46,22,32,13,14
Latvia,Iraq,33,52,17,31,16,21
Latvia,Ireland,731,936,418,544,313,392
Latvia,Israel,78,108,46,65,32,43
Latvia,Italy,249,328,175,240,74,88
Latvia,Jamaica,1,2,1,2,0,0
Latvia,Japan,16,27,7,13,9,14
Latvia,Jordan,4,4,4,4,0,0
Latvia,Kazakhstan,5931,5651,2659,2561,3272,3090
Latvia,Kenya,3,4,2,4,1,0
Latvia,Kuwait,3,5,3,5,0,0
Latvia,Kyrgyzstan,809,757,353,331,456,426
Latvia,Lebanon,29,39,26,34,3,5
Latvia,Libya,3,4,1,2,2,2
Latvia,Liechtenstein,1,0,1,0,0,0
Latvia,Lithuania,16668,14209,6447,5430,10221,8779
Latvia,Luxembourg,7,10,2,5,5,5
Latvia,Madagascar,0,0,0,0,0,0
Latvia,Malawi,0,0,0,0,0,0
Latvia,Malaysia,7,8,5,5,2,3
Latvia,Mali,2,0,2,0,0,0
Latvia,Malta,6,23,5,13,1,10
Latvia,Mauritania,1,0,1,0,0,0
Latvia,Mauritius,2,4,1,2,1,2
Latvia,Mexico,13,26,11,19,2,7
Latvia,Monaco,1,0,1,0,0,0
Latvia,Mongolia,109,103,42,39,67,64
Latvia,Montenegro,0,1,0,1,0,0
Latvia,Morocco,12,24,11,20,1,4
Latvia,Mozambique,1,0,1,0,0,0
Latvia,Namibia,1,0,0,0,1,0
Latvia,Nepal,16,45,14,35,2,10
Latvia,Netherlands,135,161,92,112,43,49
Latvia,New Zealand,5,13,3,10,2,3
Latvia,Nicaragua,0,0,0,0,0,0
Latvia,Nigeria,13,22,12,17,1,5
Latvia,North Macedonia,12,17,8,12,4,5
Latvia,Norway,325,443,184,267,141,176
Latvia,Pakistan,24,228,21,204,3,24
Latvia,Palau,0,0,0,0,0,0
Latvia,Paraguay,3,0,2,0,1,0
Latvia,Peru,7,9,5,6,2,3
Latvia,Philippines,108,99,106,91,2,8
Latvia,Poland,832,767,372,342,460,425
Latvia,Portugal,48,42,31,31,17,11
Latvia,Qatar,1,5,0,2,1,3
Latvia,Republic of Korea,30,33,21,20,9,13
Latvia,Republic of Moldova,1705,1707,851,863,854,844
Latvia,Romania,68,71,36,39,32,32
Latvia,Russian Federation,136376,116771,49869,43087,86507,73684
Latvia,Rwanda,1,1,1,1,0,0
Latvia,Saudi Arabia,5,13,3,10,2,3
Latvia,Serbia,10,22,8,16,2,6
Latvia,Sierra Leone,1,0,1,0,0,0
Latvia,Singapore,4,1,3,1,1,0
Latvia,Slovakia,22,36,13,22,9,14
Latvia,Slovenia,6,12,3,6,3,6
Latvia,Somalia,5,3,4,3,1,0
Latvia,South Africa,13,23,9,14,4,9
Latvia,South Sudan,0,0,0,0,0,0
Latvia,Spain,148,220,96,142,52,78
Latvia,Sri Lanka,28,173,18,125,10,48
Latvia,State of Palestine,2,3,2,3,0,0
Latvia,Sudan,3,5,2,5,1,0
Latvia,Sweden,324,272,193,182,131,90
Latvia,Switzerland,56,97,33,67,23,30
Latvia,Syrian Arab Republic,22,63,18,48,4,15
Latvia,Tajikistan,536,565,257,290,279,275
Latvia,Thailand,8,29,3,5,5,24
Latvia,Togo,0,0,0,0,0,0
Latvia,Trinidad and Tobago,1,0,0,0,1,0
Latvia,Tunisia,2,4,2,4,0,0
Latvia,Turkey,108,229,83,181,25,48
Latvia,Turkmenistan,589,552,278,253,311,299
Latvia,Uganda,0,1,0,0,0,1
Latvia,Ukraine,34080,32262,15641,15345,18439,16917
Latvia,United Arab Emirates,12,33,5,24,7,9
Latvia,United Kingdom,2218,3712,1318,2162,900,1550
Latvia,United Republic of Tanzania,2,2,2,2,0,0
Latvia,United States of America,426,543,245,331,181,212
Latvia,Uruguay,3,3,2,1,1,2
Latvia,Uzbekistan,2052,2569,961,1409,1091,1160
Latvia,Venezuela (Bolivarian Republic of),22,34,15,19,7,15
Latvia,Viet Nam,7,83,5,37,2,46
Latvia,Western Sahara,1,0,1,0,0,0
Latvia,Yemen,1,0,1,0,0,0
Latvia,Zambia,1,0,1,0,0,0
Latvia,Zimbabwe,3,2,3,2,0,0
Latvia,Other,7,22,5,8,2,14
Lithuania,Micronesia,0,0,0,0,0,0
Lithuania,Afghanistan,20,41,16,22,4,19
Lithuania,Albania,4,28,3,14,1,14
Lithuania,Algeria,8,11,5,8,3,3
Lithuania,Angola,1,2,1,2,0,0
Lithuania,Argentina,53,65,24,37,29,28
Lithuania,Armenia,579,427,383,272,196,155
Lithuania,Aruba,2,1,1,1,1,0
Lithuania,Australia,41,57,32,48,9,9
Lithuania,Austria,60,80,34,48,26,32
Lithuania,Azerbaijan,878,690,562,428,316,262
Lithuania,Bahamas,1,0,1,0,0,0
Lithuania,Bahrain,2,5,1,1,1,4
Lithuania,Bangladesh,5,44,5,41,0,3
Lithuania,Belarus,33613,33813,12041,15369,21572,18444
Lithuania,Belgium,181,272,108,180,73,92
Lithuania,Belize,1,0,1,0,0,0
Lithuania,Benin,1,0,1,0,0,0
Lithuania,Bolivia (Plurinational State of),3,1,3,1,0,0
Lithuania,Bosnia and Herzegovina,3,2,3,2,0,0
Lithuania,Brazil,61,77,21,36,40,41
Lithuania,Bulgaria,74,140,54,101,20,39
Lithuania,Cambodia,5,4,2,0,3,4
Lithuania,Cameroon,7,30,4,22,3,8
Lithuania,Canada,29,38,13,22,16,16
Lithuania,Chile,6,4,4,2,2,2
Lithuania,China,53,191,0,48,53,143
Lithuania,Colombia,10,19,5,7,5,12
Lithuania,Congo,5,6,3,4,2,2
Lithuania,Côte d'Ivoire,0,1,0,1,0,0
Lithuania,Croatia,7,35,3,27,4,8
Lithuania,Cuba,16,14,8,5,8,9
Lithuania,Cyprus,33,51,19,30,14,21
Lithuania,Czechia,87,120,39,62,48,58
Lithuania,Dem. People's Republic of Korea,7,6,2,1,5,5
Lithuania,Democratic Republic of the Congo,3,3,2,1,1,2
Lithuania,Denmark,377,605,220,376,157,229
Lithuania,Dominica,1,0,1,0,0,0
Lithuania,Ecuador,1,5,1,3,0,2
Lithuania,Egypt,54,86,38,67,16,19
Lithuania,Eritrea,5,30,2,21,3,9
Lithuania,Estonia,816,822,366,381,450,441
Lithuania,Ethiopia,1,2,1,2,0,0
Lithuania,Finland,108,164,67,100,41,64
Lithuania,France,334,519,178,334,156,185
Lithuania,Gambia,1,0,1,0,0,0
Lithuania,Georgia,656,488,389,247,267,241
Lithuania,Germany,1628,2090,842,1162,786,928
Lithuania,Ghana,4,8,3,8,1,0
Lithuania,Greece,55,103,37,73,18,30
Lithuania,Guinea,2,1,2,1,0,0
Lithuania,Guyana,0,1,0,1,0,0
Lithuania,Honduras,2,1,2,1,0,0
Lithuania,Hungary,101,140,48,77,53,63
Lithuania,Iceland,54,57,24,25,30,32
Lithuania,India,11,567,11,434,0,133
Lithuania,Indonesia,2,10,0,1,2,9
Lithuania,Iran (Islamic Republic of),121,60,91,38,30,22
Lithuania,Iraq,16,55,13,35,3,20
Lithuania,Ireland,1465,1790,759,948,706,842
Lithuania,Israel,18,146,0,72,18,74
Lithuania,Italy,355,643,248,473,107,170
Lithuania,Jamaica,1,0,0,0,1,0
Lithuania,Japan,26,23,11,10,15,13
Lithuania,Jordan,2,8,0,3,2,5
Lithuania,Kazakhstan,4477,4248,1958,1981,2519,2267
Lithuania,Kenya,5,8,1,5,4,3
Lithuania,Kuwait,11,5,8,3,3,2
Lithuania,Kyrgyzstan,380,347,162,166,218,181
Lithuania,Lao People's Democratic Republic,0,3,0,3,0,0
Lithuania,Latvia,5630,5722,2407,2593,3223,3129
Lithuania,Lebanon,31,14,23,5,8,9
Lithuania,Liberia,6,5,3,2,3,3
Lithuania,Libya,5,5,5,5,0,0
Lithuania,Luxembourg,18,24,15,18,3,6
Lithuania,Madagascar,2,6,1,1,1,5
Lithuania,Malawi,1,0,0,0,1,0
Lithuania,Malaysia,1,11,1,7,0,4
Lithuania,Maldives,0,1,0,1,0,0
Lithuania,Mali,2,1,2,1,0,0
Lithuania,Malta,9,19,7,11,2,8
Lithuania,Mauritania,1,0,1,0,0,0
Lithuania,Mauritius,3,2,3,2,0,0
Lithuania,Mexico,16,33,14,33,2,0
Lithuania,Monaco,2,0,2,0,0,0
Lithuania,Mongolia,62,53,24,21,38,32
Lithuania,Morocco,3,14,3,9,0,5
Lithuania,Mozambique,0,1,0,1,0,0
Lithuania,Namibia,3,1,2,1,1,0
Lithuania,Nepal,12,15,9,13,3,2
Lithuania,Netherlands,166,310,107,217,59,93
Lithuania,New Zealand,8,11,4,6,4,5
Lithuania,Nicaragua,0,1,0,1,0,0
Lithuania,Nigeria,15,5,15,3,0,2
Lithuania,North Macedonia,4,7,2,1,2,6
Lithuania,Norway,1418,2763,745,1515,673,1248
Lithuania,Oman,1,5,0,3,1,2
Lithuania,Pakistan,91,7,85,3,6,4
Lithuania,Paraguay,3,0,2,0,1,0
Lithuania,Peru,5,11,1,5,4,6
Lithuania,Philippines,0,58,0,42,0,16
Lithuania,Poland,2167,1900,848,846,1319,1054
Lithuania,Portugal,65,128,48,97,17,31
Lithuania,Qatar,2,8,0,1,2,7
Lithuania,Republic of Korea,0,13,0,7,0,6
Lithuania,Republic of Moldova,563,936,308,720,255,216
Lithuania,Romania,211,360,190,311,21,49
Lithuania,Russian Federation,58511,51718,23913,22285,34598,29433
Lithuania,Rwanda,2,1,1,1,1,0
Lithuania,Samoa,1,0,0,0,1,0
Lithuania,Saudi Arabia,8,14,8,3,0,11
Lithuania,Serbia,2,13,0,13,2,0
Lithuania,Singapore,10,5,8,5,2,0
Lithuania,Slovakia,38,71,18,37,20,34
Lithuania,Slovenia,3,10,2,8,1,2
Lithuania,Somalia,2,1,2,1,0,0
Lithuania,South Africa,8,25,4,15,4,10
Lithuania,Spain,630,833,364,488,266,345
Lithuania,Sri Lanka,3,61,0,5,3,56
Lithuania,State of Palestine,9,8,6,6,3,2
Lithuania,Sudan,2,2,1,2,1,0
Lithuania,Suriname,1,0,1,0,0,0
Lithuania,Sweden,312,555,174,318,138,237
Lithuania,Switzerland,61,100,37,63,24,37
Lithuania,Syrian Arab Republic,20,431,17,235,3,196
Lithuania,Tajikistan,338,361,168,177,170,184
Lithuania,Thailand,2,20,2,7,0,13
Lithuania,Togo,1,0,1,0,0,0
Lithuania,Tunisia,12,8,7,6,5,2
Lithuania,Turkey,64,233,50,161,14,72
Lithuania,Turkmenistan,236,207,90,89,146,118
Lithuania,Uganda,1,0,1,0,0,0
Lithuania,Ukraine,12347,20566,5923,14554,6424,6012
Lithuania,United Arab Emirates,35,61,20,37,15,24
Lithuania,United Kingdom,4306,6620,2185,3493,2121,3127
Lithuania,United Republic of Tanzania,3,1,2,0,1,1
Lithuania,United States of America,554,588,261,297,293,291
Lithuania,Uruguay,25,17,9,6,16,11
Lithuania,Uzbekistan,945,809,432,389,513,420
Lithuania,Venezuela (Bolivarian Republic of),9,24,8,17,1,7
Lithuania,Viet Nam,35,40,20,23,15,17
Lithuania,Zambia,1,0,0,0,1,0
Lithuania,Zimbabwe,1,5,1,3,0,2
Lithuania,Other,8,13,7,8,1,5
Norway,Micronesia,5,3,3,1,2,2
Norway,Afghanistan,13124,17242,7990,10934,5134,6308
Norway,Albania,969,2174,564,1239,405,935
Norway,Algeria,1210,1283,771,815,439,468
Norway,Andorra,12,12,7,5,5,7
Norway,Angola,490,496,244,229,246,267
Norway,Antigua and Barbuda,4,4,3,2,1,2
Norway,Argentina,1086,1246,554,647,532,599
Norway,Armenia,301,333,127,142,174,191
Norway,Aruba,19,16,15,12,4,4
Norway,Australia,2206,2457,1346,1498,860,959
Norway,Austria,1578,1688,822,871,756,817
Norway,Azerbaijan,521,557,228,242,293,315
Norway,Bahamas,21,23,11,11,10,12
Norway,Bahrain,32,34,16,16,16,18
Norway,Bangladesh,997,1331,543,715,454,616
Norway,Barbados,23,24,16,15,7,9
Norway,Belarus,1020,1211,315,365,705,846
Norway,Belgium,1660,1890,863,995,797,895
Norway,Belize,12,13,8,9,4,4
Norway,Benin,28,27,15,12,13,15
Norway,Bermuda,11,9,4,3,7,6
Norway,Bhutan,365,373,159,165,206,208
Norway,Bolivia (Plurinational State of),535,583,282,299,253,284
Norway,"Bonaire, Sint Eustatius and Saba",1,0,0,0,1,0
Norway,Bosnia and Herzegovina,13201,13946,6485,6844,6716,7102
Norway,Botswana,118,118,56,55,62,63
Norway,Brazil,5152,6256,1663,1917,3489,4339
Norway,British Virgin Islands,5,4,4,3,1,1
Norway,Brunei Darussalam,34,34,20,20,14,14
Norway,Bulgaria,5696,7293,3151,3986,2545,3307
Norway,Burkina Faso,31,32,25,24,6,8
Norway,Burundi,1014,1123,474,532,540,591
Norway,Cabo Verde,405,406,223,220,182,186
Norway,Cambodia,405,472,162,171,243,301
Norway,Cameroon,677,814,365,449,312,365
Norway,Canada,3028,3354,1449,1592,1579,1762
Norway,Cayman Islands,5,3,3,1,2,2
Norway,Central African Republic,19,26,10,11,9,15
Norway,Chad,24,31,19,21,5,10
Norway,Chile,6585,6698,3410,3440,3175,3258
Norway,China,12197,13579,4341,4808,7856,8771
Norway,"China, Hong Kong SAR",0,0,0,0,0,0
Norway,"China, Macao SAR",0,0,0,0,0,0
Norway,Colombia,5636,6186,2942,3210,2694,2976
Norway,Comoros,6,4,1,0,5,4
Norway,Congo,222,254,108,118,114,136
Norway,Costa Rica,277,320,143,156,134,164
Norway,Côte d'Ivoire,336,369,189,196,147,173
Norway,Croatia,3390,4897,1821,2666,1569,2231
Norway,Cuba,966,1103,346,411,620,692
Norway,Cyprus,196,210,137,130,59,80
Norway,Czechia,2139,2225,1099,1108,1040,1117
Norway,Dem. People's Republic of Korea,37,36,19,19,18,17
Norway,Democratic Republic of the Congo,2186,2798,1085,1357,1101,1441
Norway,Denmark,25312,24842,13182,12931,12130,11911
Norway,Djibouti,58,61,19,21,39,40
Norway,Dominica,16,22,7,11,9,11
Norway,Dominican Republic,791,963,304,382,487,581
Norway,Ecuador,759,833,381,408,378,425
Norway,Egypt,1071,1355,729,916,342,439
Norway,El Salvador,202,225,99,117,103,108
Norway,Equatorial Guinea,12,13,4,4,8,9
Norway,Eritrea,15150,22974,8791,13364,6359,9610
Norway,Estonia,5013,4742,2941,2567,2072,2175
Norway,Eswatini,15,19,10,12,5,7
Norway,Ethiopia,7900,9493,4046,4805,3854,4688
Norway,Falkland Islands (Malvinas),1,0,0,0,1,0
Norway,Faroe Islands,883,796,451,400,432,396
Norway,Fiji,41,41,23,24,18,17
Norway,Finland,6779,7182,2717,2824,4062,4358
Norway,France,6305,6676,3558,3696,2747,2980
Norway,French Polynesia,13,7,7,4,6,3
Norway,Gabon,9,11,5,3,4,8
Norway,Gambia,1151,1252,671,721,480,531
Norway,Georgia,312,338,139,157,173,181
Norway,Germany,28005,28327,14815,14653,13190,13674
Norway,Ghana,1879,2094,1035,1117,844,977
Norway,Gibraltar,8,7,5,4,3,3
Norway,Greece,2279,3352,1392,1944,887,1408
Norway,Greenland,296,280,126,113,170,167
Norway,Grenada,19,16,10,7,9,9
Norway,Guatemala,445,472,221,235,224,237
Norway,Guinea,273,298,139,151,134,147
Norway,Guinea-Bissau,64,68,43,47,21,21
Norway,Guyana,88,91,32,30,56,61
Norway,Haiti,40,51,24,27,16,24
Norway,Honduras,118,133,50,55,68,78
Norway,Hungary,3902,4306,2124,2225,1778,2081
Norway,Iceland,8221,7786,4323,3967,3898,3819
Norway,India,11845,14726,6220,7710,5625,7016
Norway,Indonesia,1526,1711,585,621,941,1090
Norway,Iran (Islamic Republic of),16043,18379,8614,9745,7429,8634
Norway,Iraq,22006,23557,12345,13130,9661,10427
Norway,Ireland,1103,1159,677,702,426,457
Norway,Isle of Man,6,0,5,0,1,0
Norway,Israel,787,889,436,497,351,392
Norway,Italy,3976,5040,2511,3138,1465,1902
Norway,Jamaica,161,183,75,81,86,102
Norway,Japan,1381,1540,462,501,919,1039
Norway,Jordan,428,611,221,319,207,292
Norway,Kazakhstan,931,973,339,342,592,631
Norway,Kenya,1964,2309,797,929,1167,1380
Norway,Kiribati,2,2,2,1,0,1
Norway,Kuwait,399,491,235,292,164,199
Norway,Kyrgyzstan,192,236,55,67,137,169
Norway,Lao People's Democratic Republic,99,130,23,29,76,101
Norway,Latvia,9541,10589,5562,6022,3979,4567
Norway,Lebanon,1846,2784,1022,1479,824,1305
Norway,Lesotho,14,9,7,3,7,6
Norway,Liberia,922,955,443,465,479,490
Norway,Libya,539,760,319,460,220,300
Norway,Liechtenstein,27,20,16,12,11,8
Norway,Lithuania,35565,39856,21000,22910,14565,16946
Norway,Luxembourg,140,149,89,93,51,56
Norway,Madagascar,471,492,221,226,250,266
Norway,Malawi,119,112,54,52,65,60
Norway,Malaysia,836,934,349,372,487,562
Norway,Maldives,5,4,3,3,2,1
Norway,Mali,53,57,32,35,21,22
Norway,Malta,99,105,48,51,51,54
Norway,Mauritania,60,69,55,62,5,7
Norway,Mauritius,187,196,80,79,107,117
Norway,Mayotte,0,0,0,0,0,0
Norway,Mexico,1224,1530,532,663,692,867
Norway,Micronesia (Fed. States of),1,0,0,0,1,0
Norway,Monaco,14,13,6,5,8,8
Norway,Mongolia,146,154,34,39,112,115
Norway,Montenegro,404,486,200,233,204,253
Norway,Montserrat,2,4,0,3,2,1
Norway,Morocco,5522,6199,3069,3315,2453,2884
Norway,Mozambique,191,193,83,89,108,104
Norway,Myanmar,3109,3258,1575,1634,1534,1624
Norway,Namibia,82,99,31,38,51,61
Norway,Nepal,1559,2233,910,1212,649,1021
Norway,Netherlands,8590,9088,4708,4985,3882,4103
Norway,New Caledonia,10,8,7,6,3,2
Norway,New Zealand,630,635,373,385,257,250
Norway,Nicaragua,191,223,84,99,107,124
Norway,Niger,48,56,37,41,11,15
Norway,Nigeria,1776,1977,1036,1125,740,852
Norway,North Macedonia,2467,2932,1307,1543,1160,1389
Norway,Oman,54,45,38,28,16,17
Norway,Pakistan,19283,21140,9992,10853,9291,10287
Norway,Palau,2,1,1,0,1,1
Norway,Panama,60,85,23,30,37,55
Norway,Papua New Guinea,8,12,3,3,5,9
Norway,Paraguay,149,174,57,66,92,108
Norway,Peru,1476,1669,574,634,902,1035
Norway,Philippines,20512,24388,4670,5655,15842,18733
Norway,Poland,90350,100479,58750,63466,31600,37013
Norway,Portugal,2854,3536,1651,2080,1203,1456
Norway,Puerto Rico,0,0,0,0,0,0
Norway,Qatar,68,91,35,47,33,44
Norway,Republic of Korea,7413,7832,2996,3170,4417,4662
Norway,Republic of Moldova,773,1228,347,571,426,657
Norway,Romania,12003,14872,6579,8124,5424,6748
Norway,Russian Federation,17119,18486,5882,6095,11237,12391
Norway,Rwanda,612,662,280,292,332,370
Norway,Saint Helena,4,3,1,0,3,3
Norway,Saint Kitts and Nevis,3,2,1,0,2,2
Norway,Saint Lucia,14,13,6,5,8,8
Norway,Saint Vincent and the Grenadines,5,4,4,3,1,1
Norway,Samoa,6,3,3,0,3,3
Norway,San Marino,4,4,1,2,3,2
Norway,Sao Tome and Principe,10,5,5,3,5,2
Norway,Saudi Arabia,627,964,329,510,298,454
Norway,Senegal,253,310,160,201,93,109
Norway,Serbia,3883,6778,1951,3360,1932,3418
Norway,Seychelles,12,13,7,6,5,7
Norway,Sierra Leone,514,518,264,265,250,253
Norway,Singapore,764,866,325,359,439,507
Norway,Slovakia,3815,3779,2447,2279,1368,1500
Norway,Slovenia,378,438,190,227,188,211
Norway,Solomon Islands,6,4,1,0,5,4
Norway,Somalia,27009,29034,14347,15190,12662,13844
Norway,South Africa,1450,1741,780,947,670,794
Norway,South Sudan,65,178,37,102,28,76
Norway,Spain,6239,7350,3372,3963,2867,3387
Norway,Sri Lanka,9187,9531,4757,4876,4430,4655
Norway,State of Palestine,3305,3423,1992,2039,1313,1384
Norway,Sudan,3264,4794,1957,2854,1307,1940
Norway,Suriname,41,37,17,13,24,24
Norway,Sweden,49068,48283,24856,24440,24212,23843
Norway,Switzerland,2226,2427,1086,1193,1140,1234
Norway,Syrian Arab Republic,13249,31197,8396,18531,4853,12666
Norway,Tajikistan,108,121,47,51,61,70
Norway,Thailand,18017,22304,3350,4107,14667,18197
Norway,Timor-Leste,15,8,13,5,2,3
Norway,Togo,115,113,62,60,53,53
Norway,Tonga,5,5,2,1,3,4
Norway,Trinidad and Tobago,345,356,150,148,195,208
Norway,Tunisia,1003,1133,680,738,323,395
Norway,Turkey,11106,12238,6215,6814,4891,5424
Norway,Turkmenistan,76,87,37,36,39,51
Norway,Turks and Caicos Islands,1,2,1,1,0,1
Norway,Tuvalu,1,0,0,0,1,0
Norway,Uganda,1126,1586,524,737,602,849
Norway,Ukraine,4223,5693,1094,1612,3129,4081
Norway,United Arab Emirates,433,616,236,333,197,283
Norway,United Kingdom,19331,19940,11811,12169,7520,7771
Norway,United Republic of Tanzania,931,935,449,446,482,489
Norway,United States of America,17500,18657,8569,9116,8931,9541
Norway,Uruguay,234,248,117,128,117,120
Norway,Uzbekistan,488,660,210,306,278,354
Norway,Vanuatu,2,0,2,0,0,0
Norway,Venezuela (Bolivarian Republic of),1059,1225,469,534,590,691
Norway,Viet Nam,13682,14596,6169,6358,7513,8238
Norway,Western Sahara,42,30,37,26,5,4
Norway,Yemen,352,611,187,347,165,264
Norway,Zambia,537,558,243,262,294,296
Norway,Zimbabwe,291,319,148,164,143,155
Norway,Other,10334,10940,5408,5734,4926,5206
Sweden,Micronesia,11,11,6,4,5,7
Sweden,Afghanistan,53678,53306,32202,34479,21476,18827
Sweden,Albania,2023,5724,1145,3276,878,2448
Sweden,Algeria,2811,3451,1791,2180,1020,1271
Sweden,Andorra,4,4,0,1,4,3
Sweden,Angola,710,812,331,391,379,421
Sweden,Antigua and Barbuda,8,5,6,4,2,1
Sweden,Argentina,2979,3503,1535,1836,1444,1667
Sweden,Armenia,2358,3233,1122,1548,1236,1685
Sweden,Australia,3690,4940,2354,3127,1336,1813
Sweden,Austria,5553,5901,3019,3158,2534,2743
Sweden,Azerbaijan,2697,3534,1283,1718,1414,1816
Sweden,Bahamas,28,35,21,24,7,11
Sweden,Bahrain,84,113,49,72,35,41
Sweden,Bangladesh,6839,10263,4024,5989,2815,4274
Sweden,Barbados,106,119,75,82,31,37
Sweden,Belarus,2606,3407,985,1348,1621,2059
Sweden,Belgium,2267,3073,1215,1684,1052,1389
Sweden,Belize,17,13,9,6,8,7
Sweden,Benin,85,114,61,80,24,34
Sweden,Bermuda,16,19,7,12,9,7
Sweden,Bhutan,25,36,18,25,7,11
Sweden,Bolivia (Plurinational State of),4196,4739,2120,2374,2076,2365
Sweden,Bosnia and Herzegovina,54799,60912,26827,30255,27972,30657
Sweden,Botswana,102,134,40,58,62,76
Sweden,Brazil,6633,9533,2375,3710,4258,5823
Sweden,British Virgin Islands,3,2,2,0,1,2
Sweden,Brunei Darussalam,8,9,5,4,3,5
Sweden,Bulgaria,7964,9869,4062,5042,3902,4827
Sweden,Burkina Faso,80,89,44,52,36,37
Sweden,Burundi,2746,3351,1281,1567,1465,1784
Sweden,Cabo Verde,356,419,167,207,189,212
Sweden,Cambodia,557,717,219,284,338,433
Sweden,Cameroon,1320,1703,806,983,514,720
Sweden,Canada,3379,4205,1662,2074,1717,2131
Sweden,Central African Republic,103,161,53,91,50,70
Sweden,Chad,63,136,43,84,20,52
Sweden,Chile,26990,28709,13499,14495,13491,14214
Sweden,China,28014,34767,11084,14112,16930,20655
Sweden,"China, Hong Kong SAR",0,0,0,0,0,0
Sweden,Colombia,11201,12894,5580,6482,5621,6412
Sweden,Comoros,5,2,3,2,2,0
Sweden,Congo,764,894,380,445,384,449
Sweden,Costa Rica,397,483,194,232,203,251
Sweden,Côte d'Ivoire,889,1124,478,601,411,523
Sweden,Croatia,7124,11446,3582,6100,3542,5346
Sweden,Cuba,2538,2992,1345,1586,1193,1406
Sweden,Cyprus,674,871,382,481,292,390
Sweden,Czechia,1627,2309,747,1079,880,1230
Sweden,Dem. People's Republic of Korea,80,86,46,47,34,39
Sweden,Democratic Republic of the Congo,2958,4895,1472,2405,1486,2490
Sweden,Denmark,40533,41033,21399,21781,19134,19252
Sweden,Djibouti,286,457,134,200,152,257
Sweden,Dominica,41,46,20,26,21,20
Sweden,Dominican Republic,678,883,328,426,350,457
Sweden,Ecuador,2251,2643,1152,1335,1099,1308
Sweden,Egypt,5551,8361,3569,5239,1982,3122
Sweden,El Salvador,2758,3200,1387,1606,1371,1594
Sweden,Equatorial Guinea,42,54,19,23,23,31
Sweden,Eritrea,26801,43380,14126,24087,12675,19293
Sweden,Estonia,9822,10351,4074,4583,5748,5768
Sweden,Eswatini,28,30,13,14,15,16
Sweden,Ethiopia,15444,21223,7715,10752,7729,10471
Sweden,Fiji,59,69,26,27,33,42
Sweden,Finland,151599,151661,59654,59828,91945,91833
Sweden,France,8614,11443,4969,6617,3645,4826
Sweden,Gabon,23,33,13,18,10,15
Sweden,Gambia,4523,5501,2606,3260,1917,2241
Sweden,Georgia,1193,1975,580,975,613,1000
Sweden,Germany,47214,52446,21976,24937,25238,27509
Sweden,Ghana,2446,3271,1410,1905,1036,1366
Sweden,Gibraltar,6,4,2,0,4,4
Sweden,Greece,14517,19399,8421,11000,6096,8399
Sweden,Grenada,40,39,29,29,11,10
Sweden,Guatemala,775,875,399,458,376,417
Sweden,Guinea,485,655,312,405,173,250
Sweden,Guinea-Bissau,130,155,77,93,53,62
Sweden,Guyana,119,132,40,47,79,85
Sweden,Haiti,138,154,66,79,72,75
Sweden,Honduras,353,410,175,204,178,206
Sweden,Hungary,15490,17227,7584,8437,7906,8790
Sweden,Iceland,5103,6144,2536,3015,2567,3129
Sweden,India,20976,36133,10632,19306,10344,16827
Sweden,Indonesia,2269,2897,961,1236,1308,1661
Sweden,Iran (Islamic Republic of),65462,79363,33879,41945,31583,37418
Sweden,Iraq,124520,147715,66408,79637,58112,68078
Sweden,Ireland,2365,2914,1602,1975,763,939
Sweden,Israel,2462,2803,1472,1639,990,1164
Sweden,Italy,9581,13527,6066,8283,3515,5244
Sweden,Jamaica,329,420,204,259,125,161
Sweden,Japan,3056,3617,906,1081,2150,2536
Sweden,Jordan,3514,5001,2062,2807,1452,2194
Sweden,Kazakhstan,1771,2391,733,1004,1038,1387
Sweden,Kenya,3384,4616,1414,1948,1970,2668
Sweden,Kiribati,4,3,2,0,2,3
Sweden,Kuwait,1981,3618,1139,2088,842,1530
Sweden,Kyrgyzstan,900,1245,379,524,521,721
Sweden,Lao People's Democratic Republic,479,509,192,194,287,315
Sweden,Latvia,6244,8434,2661,4080,3583,4354
Sweden,Lebanon,24582,28836,13585,15926,10997,12910
Sweden,Lesotho,53,69,23,34,30,35
Sweden,Liberia,902,1006,444,504,458,502
Sweden,Libya,2069,3790,1472,2410,597,1380
Sweden,Liechtenstein,3,4,2,1,1,3
Sweden,Lithuania,10035,15107,5037,8057,4998,7050
Sweden,Luxembourg,295,386,140,184,155,202
Sweden,Madagascar,108,137,35,47,73,90
Sweden,Malawi,70,104,27,50,43,54
Sweden,Malaysia,1461,1711,636,728,825,983
Sweden,Maldives,21,24,10,13,11,11
Sweden,Mali,129,187,74,105,55,82
Sweden,Malta,158,203,83,108,75,95
Sweden,Marshall Islands,1,1,1,1,0,0
Sweden,Mauritania,61,75,50,58,11,17
Sweden,Mauritius,177,208,71,83,106,125
Sweden,Mexico,2327,3099,1041,1398,1286,1701
Sweden,Micronesia (Fed. States of),1,0,0,0,1,0
Sweden,Monaco,41,47,22,27,19,20
Sweden,Mongolia,2254,4212,922,1835,1332,2377
Sweden,Montenegro,799,1254,428,663,371,591
Sweden,Morocco,8638,11306,4371,5681,4267,5625
Sweden,Mozambique,312,338,129,144,183,194
Sweden,Myanmar,1442,1556,744,803,698,753
Sweden,Namibia,120,158,69,86,51,72
Sweden,Nauru,2,1,1,0,1,1
Sweden,Nepal,844,1080,531,630,313,450
Sweden,Netherlands,9741,12402,5552,7029,4189,5373
Sweden,New Zealand,1062,1267,735,869,327,398
Sweden,Nicaragua,741,929,330,417,411,512
Sweden,Niger,42,68,30,49,12,19
Sweden,Nigeria,4168,6096,2699,3829,1469,2267
Sweden,North Macedonia,5815,8571,3006,4466,2809,4105
Sweden,Norway,40463,42813,17753,19300,22710,23513
Sweden,Oman,49,80,24,39,25,41
Sweden,Pakistan,10698,16597,6693,9891,4005,6706
Sweden,Palau,3,6,2,3,1,3
Sweden,Panama,285,319,124,140,161,179
Sweden,Papua New Guinea,31,29,18,16,13,13
Sweden,Paraguay,191,216,70,81,121,135
Sweden,Peru,7077,8093,3226,3724,3851,4369
Sweden,Philippines,11458,14878,2517,3363,8941,11515
Sweden,Poland,78146,95128,34317,44730,43829,50398
Sweden,Portugal,3307,4253,1773,2296,1534,1957
Sweden,Qatar,131,315,70,157,61,158
Sweden,Republic of Korea,10271,11641,3995,4618,6276,7023
Sweden,Republic of Moldova,705,1232,255,484,450,748
Sweden,Romania,23594,31831,11364,16046,12230,15785
Sweden,Russian Federation,18201,22166,6073,7681,12128,14485
Sweden,Rwanda,516,748,255,369,261,379
Sweden,Saint Kitts and Nevis,1,0,1,0,0,0
Sweden,Saint Lucia,34,40,22,24,12,16
Sweden,Saint Vincent and the Grenadines,15,18,11,13,4,5
Sweden,Samoa,23,27,9,12,14,15
Sweden,San Marino,4,4,1,1,3,3
Sweden,Sao Tome and Principe,11,12,8,7,3,5
Sweden,Saudi Arabia,2862,6316,1535,3437,1327,2879
Sweden,Senegal,719,989,455,643,264,346
Sweden,Serbia,14812,23696,7785,12338,7027,11358
Sweden,Seychelles,66,70,19,19,47,51
Sweden,Sierra Leone,772,941,407,504,365,437
Sweden,Singapore,705,921,264,364,441,557
Sweden,Slovakia,1422,1907,643,882,779,1025
Sweden,Slovenia,1137,1411,569,708,568,703
Sweden,Solomon Islands,4,3,3,2,1,1
Sweden,Somalia,55339,70432,27430,34886,27909,35546
Sweden,South Africa,2284,3208,1295,1823,989,1385
Sweden,South Sudan,14,91,9,43,5,48
Sweden,Spain,9083,12579,5062,6970,4021,5609
Sweden,Sri Lanka,6656,7487,2896,3310,3760,4177
Sweden,State of Palestine,4930,8108,2871,4863,2059,3245
Sweden,Sudan,3162,6065,1708,3364,1454,2701
Sweden,Suriname,37,57,15,29,22,28
Sweden,Switzerland,3267,4123,1732,2184,1535,1939
Sweden,Syrian Arab Republic,101949,190882,58485,107850,43464,83032
Sweden,Tajikistan,289,398,130,193,159,205
Sweden,Thailand,36472,43476,7682,9466,28790,34010
Sweden,Timor-Leste,4,5,2,3,2,2
Sweden,Togo,337,394,191,226,146,168
Sweden,Tonga,33,33,8,8,25,25
Sweden,Trinidad and Tobago,281,306,129,144,152,162
Sweden,Tunisia,4624,5734,3001,3627,1623,2107
Sweden,Turkey,44141,51223,24168,28201,19973,23022
Sweden,Turkmenistan,223,258,80,92,143,166
Sweden,Uganda,3806,4948,1857,2430,1949,2518
Sweden,Ukraine,6532,10176,2055,3608,4477,6568
Sweden,United Arab Emirates,1339,3292,728,1785,611,1507
Sweden,United Kingdom,23339,29715,15338,19507,8001,10208
Sweden,United Republic of Tanzania,1611,1945,793,953,818,992
Sweden,United States of America,18719,22503,9788,11742,8931,10761
Sweden,Uruguay,2078,2249,1054,1157,1024,1092
Sweden,Uzbekistan,3326,4343,1661,2205,1665,2138
Sweden,Vanuatu,1,1,0,1,1,0
Sweden,Venezuela (Bolivarian Republic of),1063,1535,506,735,557,800
Sweden,Viet Nam,15907,20245,7230,9339,8677,10906
Sweden,Yemen,1276,2604,747,1501,529,1103
Sweden,Zambia,493,646,206,275,287,371
Sweden,Zimbabwe,518,690,263,356,255,334
Sweden,Other,82689,85709,39916,41699,42773,44010
United Kingdom,Micronesia,217,240,88,97,129,143
United Kingdom,Afghanistan,45516,51376,28054,31482,17462,19894
United Kingdom,Albania,9267,10458,5838,6553,3429,3905
United Kingdom,Algeria,20714,23380,13944,15667,6770,7713
United Kingdom,Andorra,48,53,27,30,21,23
United Kingdom,Angola,11936,13471,5558,6207,6378,7264
United Kingdom,Anguilla,717,807,342,381,375,426
United Kingdom,Antigua and Barbuda,4435,5005,1971,2200,2464,2805
United Kingdom,Argentina,10087,11385,4321,4819,5766,6566
United Kingdom,Armenia,1310,1477,590,657,720,820
United Kingdom,Aruba,831,936,359,399,472,537
United Kingdom,Australia,128232,140235,65068,69502,63164,70733
United Kingdom,Austria,20067,21163,8774,9493,11293,11670
United Kingdom,Azerbaijan,2014,2271,928,1034,1086,1237
United Kingdom,Bahamas,2166,2442,1001,1116,1165,1326
United Kingdom,Bahrain,5826,6575,2941,3289,2885,3286
United Kingdom,Bangladesh,215649,241799,114041,123787,101608,118012
United Kingdom,Barbados,23586,26622,11269,12591,12317,14031
United Kingdom,Belarus,3222,3635,1092,1209,2130,2426
United Kingdom,Belgium,23934,31425,11383,14554,12551,16871
United Kingdom,Belize,1503,1694,456,503,1047,1191
United Kingdom,Benin,500,563,263,294,237,269
United Kingdom,Bermuda,4232,4775,2051,2292,2181,2483
United Kingdom,Bhutan,299,336,194,218,105,118
United Kingdom,Bolivia (Plurinational State of),2848,3212,1275,1420,1573,1792
United Kingdom,Bosnia and Herzegovina,8486,9576,3721,4149,4765,5427
United Kingdom,Botswana,3089,3485,1497,1672,1592,1813
United Kingdom,Brazil,39136,44175,16796,18724,22340,25451
United Kingdom,British Virgin Islands,358,403,151,167,207,236
United Kingdom,Brunei Darussalam,4720,5326,2163,2414,2557,2912
United Kingdom,Bulgaria,65868,103196,31730,48642,34138,54554
United Kingdom,Burkina Faso,183,205,101,113,82,92
United Kingdom,Burundi,3780,4265,1654,1844,2126,2421
United Kingdom,Cabo Verde,881,993,377,419,504,574
United Kingdom,Cambodia,1113,1255,446,495,667,760
United Kingdom,Cameroon,7828,8834,3791,4237,4037,4597
United Kingdom,Canada,89069,100538,38557,42991,50512,57547
United Kingdom,Cayman Islands,1123,1266,481,536,642,730
United Kingdom,Central African Republic,272,304,96,106,176,198
United Kingdom,Chad,307,345,197,222,110,123
United Kingdom,Channel Islands,16172,16838,8152,8683,8020,8155
United Kingdom,Chile,7143,8063,3192,3563,3951,4500
United Kingdom,China,199428,208229,85664,93542,113764,114687
United Kingdom,"China, Hong Kong SAR",109963,124122,55818,62434,54145,61688
United Kingdom,Colombia,22151,25001,8895,9900,13256,15101
United Kingdom,Comoros,118,133,51,58,67,75
United Kingdom,Congo,7069,7978,3028,3376,4041,4602
United Kingdom,Costa Rica,632,712,285,318,347,394
United Kingdom,Côte d'Ivoire,6235,7035,3031,3387,3204,3648
United Kingdom,Croatia,5934,8610,3320,3683,2614,4927
United Kingdom,Cuba,2067,2333,975,1091,1092,1242
United Kingdom,Cyprus,74836,61053,34255,27263,40581,33790
United Kingdom,Czechia,42812,45578,16391,14708,26421,30870
United Kingdom,Dem. People's Republic of Korea,10087,11385,4195,4674,5892,6711
United Kingdom,Democratic Republic of the Congo,16324,18423,7487,8356,8837,10067
United Kingdom,Denmark,25684,26960,10312,10973,15372,15987
United Kingdom,Djibouti,401,451,174,194,227,257
United Kingdom,Dominica,7641,8625,3535,3948,4106,4677
United Kingdom,Dominican Republic,1104,1246,566,636,538,610
United Kingdom,Ecuador,6857,7739,3088,3449,3769,4290
United Kingdom,Egypt,32631,36831,18121,20300,14510,16531
United Kingdom,El Salvador,855,1284,332,493,523,791
United Kingdom,Equatorial Guinea,199,222,69,75,130,147
United Kingdom,Eritrea,15103,15911,7198,7506,7905,8405
United Kingdom,Estonia,13633,12967,4485,3271,9148,9696
United Kingdom,Eswatini,1361,1534,612,682,749,852
United Kingdom,Ethiopia,13536,15278,6102,6809,7434,8469
United Kingdom,Falkland Islands (Malvinas),1190,1342,488,545,702,797
United Kingdom,Faroe Islands,389,437,150,167,239,270
United Kingdom,Fiji,5669,6397,2894,3237,2775,3160
United Kingdom,Finland,15019,20999,3184,7656,11835,13343
United Kingdom,France,149752,170270,68205,73321,81547,96949
United Kingdom,French Polynesia,104,117,48,56,56,61
United Kingdom,Gabon,288,322,123,136,165,186
United Kingdom,Gambia,8874,10015,4763,5333,4111,4682
United Kingdom,Georgia,2151,2427,1018,1138,1133,1289
United Kingdom,Germany,305973,310043,137032,136873,168941,173170
United Kingdom,Ghana,116139,131095,59390,66442,56749,64653
United Kingdom,Gibraltar,10989,12401,5315,5939,5674,6462
United Kingdom,Greece,53324,75441,27538,47503,25786,27938
United Kingdom,Greenland,52,57,19,21,33,36
United Kingdom,Grenada,11126,12556,5069,5657,6057,6899
United Kingdom,Guatemala,855,963,335,371,520,592
United Kingdom,Guinea,1517,1710,818,915,699,795
United Kingdom,Guinea-Bissau,1611,1817,780,872,831,945
United Kingdom,Guyana,24874,28074,10180,11334,14694,16740
United Kingdom,Haiti,276,309,119,132,157,177
United Kingdom,Honduras,616,694,230,255,386,439
United Kingdom,Hungary,80777,82667,42873,40081,37904,42586
United Kingdom,Iceland,2102,2370,930,1036,1172,1334
United Kingdom,India,807790,835359,414636,420139,393154,415220
United Kingdom,Indonesia,9513,10737,3403,3778,6110,6959
United Kingdom,Iran (Islamic Republic of),74004,83531,43169,48402,30835,35129
United Kingdom,Iraq,62520,70569,38805,43553,23715,27016
United Kingdom,Ireland,389731,370151,171104,165134,218627,205017
United Kingdom,Isle of Man,9732,10983,4713,5268,5019,5715
United Kingdom,Israel,17540,19797,9057,10135,8483,9662
United Kingdom,Italy,152535,254054,78021,139639,74514,114415
United Kingdom,Jamaica,138858,128772,54628,47847,84230,80925
United Kingdom,Japan,43623,49238,15916,17672,27707,31566
United Kingdom,Jordan,5225,5897,3205,3598,2020,2299
United Kingdom,Kazakhstan,3441,3882,1262,1401,2179,2481
United Kingdom,Kenya,131845,139352,61874,64699,69971,74653
United Kingdom,Kiribati,199,222,82,91,117,131
United Kingdom,Kuwait,11020,12436,6243,6995,4777,5441
United Kingdom,Kyrgyzstan,687,775,232,258,455,517
United Kingdom,Lao People's Democratic Republic,658,741,252,281,406,460
United Kingdom,Latvia,103879,86007,48722,40658,55157,45349
United Kingdom,Lebanon,15356,17333,8777,9840,6579,7493
United Kingdom,Lesotho,650,732,256,285,394,447
United Kingdom,Liberia,2995,3378,1689,1891,1306,1487
United Kingdom,Libya,14887,16803,8414,9430,6473,7373
United Kingdom,Liechtenstein,31,33,8,8,23,25
United Kingdom,Lithuania,139429,190342,63225,80050,76204,110292
United Kingdom,Luxembourg,1979,3314,196,1681,1783,1633
United Kingdom,Madagascar,1067,1202,354,391,713,811
United Kingdom,Malawi,16865,19035,8096,9045,8769,9990
United Kingdom,Malaysia,69754,78736,30071,33527,39683,45209
United Kingdom,Maldives,331,372,167,187,164,185
United Kingdom,Mali,292,327,167,186,125,141
United Kingdom,Malta,27203,29600,13969,15077,13234,14523
United Kingdom,Mauritania,142,157,86,96,56,61
United Kingdom,Mauritius,40190,45365,19918,22270,20272,23095
United Kingdom,Mexico,8619,9726,3796,4234,4823,5492
United Kingdom,Monaco,361,406,201,226,160,180
United Kingdom,Mongolia,1156,1302,423,470,733,832
United Kingdom,Montenegro,1031,1162,511,570,520,592
United Kingdom,Montserrat,9632,10872,4109,4580,5523,6292
United Kingdom,Morocco,19914,22476,10408,11649,9506,10827
United Kingdom,Mozambique,5398,6092,2463,2751,2935,3341
United Kingdom,Myanmar,12851,14505,5939,6631,6912,7874
United Kingdom,Namibia,2151,2427,997,1114,1154,1313
United Kingdom,Nauru,18,18,6,6,12,12
United Kingdom,Nepal,32969,37212,18583,20822,14386,16390
United Kingdom,Netherlands,67096,81375,33344,33909,33752,47466
United Kingdom,New Caledonia,148,165,75,82,73,83
United Kingdom,New Zealand,70411,79478,33927,37914,36484,41564
United Kingdom,Nicaragua,350,393,134,149,216,244
United Kingdom,Niger,174,195,95,106,79,89
United Kingdom,Nigeria,181046,205773,90002,103668,91044,102105
United Kingdom,North Macedonia,2460,2776,1012,1127,1448,1649
United Kingdom,Norway,17918,20224,7195,8010,10723,12214
United Kingdom,Oman,3032,3421,1711,1916,1321,1505
United Kingdom,Pakistan,532502,537047,287171,282645,245331,254402
United Kingdom,Panama,701,789,288,320,413,469
United Kingdom,Papua New Guinea,1266,1428,600,669,666,759
United Kingdom,Paraguay,732,826,323,362,409,464
United Kingdom,Peru,6581,7426,2403,2668,4178,4758
United Kingdom,Philippines,130438,141722,49817,48765,80621,92957
United Kingdom,Poland,804481,835975,379868,395282,424613,440693
United Kingdom,Portugal,129278,141916,58333,73821,70945,68095
United Kingdom,Qatar,2079,2347,1232,1383,847,964
United Kingdom,Republic of Korea,10856,12253,4670,5207,6186,7046
United Kingdom,Republic of Moldova,2102,2370,887,988,1215,1382
United Kingdom,Réunion,14,15,12,14,2,1
United Kingdom,Romania,172953,393569,90592,207200,82361,186369
United Kingdom,Russian Federation,32073,36203,10810,11980,21263,24223
United Kingdom,Rwanda,3967,4476,1739,1939,2228,2537
United Kingdom,Saint Helena,3589,4049,1404,1562,2185,2487
United Kingdom,Saint Kitts and Nevis,7087,7998,3246,3623,3841,4375
United Kingdom,Saint Lucia,10144,11448,4510,5033,5634,6415
United Kingdom,Saint Vincent and the Grenadines,8470,9558,4021,4491,4449,5067
United Kingdom,Samoa,284,319,162,181,122,138
United Kingdom,Sao Tome and Principe,605,681,219,242,386,439
United Kingdom,Saudi Arabia,24638,27808,13954,15639,10684,12169
United Kingdom,Senegal,1573,1775,880,987,693,788
United Kingdom,Serbia,8280,9343,3752,4186,4528,5157
United Kingdom,Seychelles,3791,4278,1475,1642,2316,2636
United Kingdom,Sierra Leone,23618,26657,10613,11843,13005,14814
United Kingdom,Singapore,48157,54357,22100,24672,26057,29685
United Kingdom,Slovakia,76005,72209,33906,33852,42099,38357
United Kingdom,Slovenia,3512,3668,2026,1344,1486,2324
United Kingdom,Solomon Islands,379,425,176,195,203,230
United Kingdom,Somalia,133284,150448,48555,53917,84729,96531
United Kingdom,South Africa,204440,247336,94564,124742,109876,122594
United Kingdom,Spain,121378,150892,53931,70507,67447,80385
United Kingdom,Sri Lanka,141998,128207,75647,68128,66351,60079
United Kingdom,Sudan,16904,19078,9537,10687,7367,8391
United Kingdom,Suriname,409,460,160,176,249,284
United Kingdom,Sweden,21303,35824,8605,13106,12698,22718
United Kingdom,Switzerland,20952,23649,8242,9170,12710,14479
United Kingdom,Syrian Arab Republic,8144,11457,4927,6891,3217,4566
United Kingdom,Tajikistan,302,338,134,149,168,189
United Kingdom,Thailand,35073,39589,8698,9542,26375,30047
United Kingdom,Timor-Leste,2470,2787,1660,1866,810,921
United Kingdom,Togo,1259,1420,715,801,544,619
United Kingdom,Tonga,243,273,144,161,99,112
United Kingdom,Trinidad and Tobago,26142,29508,9879,10980,16263,18528
United Kingdom,Tunisia,5359,6048,3618,4066,1741,1982
United Kingdom,Turkey,86116,97205,47093,52747,39023,44458
United Kingdom,Turkmenistan,477,538,182,204,295,334
United Kingdom,Turks and Caicos Islands,134,149,64,71,70,78
United Kingdom,Uganda,67625,76333,32893,36764,34732,39569
United Kingdom,Ukraine,19596,22119,8917,9955,10679,12164
United Kingdom,United Arab Emirates,9805,11065,5507,6171,4298,4894
United Kingdom,United Republic of Tanzania,39975,45122,19714,22039,20261,23083
United Kingdom,United States of America,189961,170771,90904,75770,99057,95001
United Kingdom,United States Virgin Islands,161,181,75,84,86,97
United Kingdom,Uruguay,1359,1532,619,691,740,841
United Kingdom,Uzbekistan,1850,2087,867,968,983,1119
United Kingdom,Vanuatu,161,181,68,76,93,105
United Kingdom,Venezuela (Bolivarian Republic of),7630,8611,3432,3830,4198,4781
United Kingdom,Viet Nam,31158,35168,14023,15649,17135,19519
United Kingdom,Yemen,17782,20071,9762,10936,8020,9135
United Kingdom,Zambia,29271,33040,13245,14784,16026,18256
United Kingdom,Zimbabwe,150915,170350,66250,73892,84665,96458
United Kingdom,Other,33704,39260,17455,19902,16249,19358
Albania,Micronesia,0,0,0,0,0,0
Albania,Canada,906,849,731,687,175,162
Albania,Greece,31596,29643,15163,14246,16433,15397
Albania,Italy,8896,8344,4782,4492,4114,3852
Albania,Turkey,1961,1838,1345,1262,616,576
Albania,North Macedonia,534,499,262,246,272,253
Albania,United States of America,2373,2225,1490,1399,883,826
Albania,Other,5765,5412,2744,2576,3021,2836
Andorra,Micronesia,0,0,0,0,0,0
Andorra,Argentina,682,734,349,379,333,355
Andorra,Australia,65,69,65,69,0,0
Andorra,Belgium,215,230,119,129,96,101
Andorra,Chile,214,229,115,125,99,104
Andorra,Denmark,112,119,112,119,0,0
Andorra,France,3890,4194,2116,2296,1774,1898
Andorra,Germany,339,364,182,197,157,167
Andorra,Italy,458,492,243,264,215,228
Andorra,Morocco,470,505,252,274,218,231
Andorra,Netherlands,244,262,134,146,110,116
Andorra,Philippines,425,457,231,251,194,206
Andorra,Portugal,10697,11534,5716,6204,4981,5330
Andorra,Spain,20577,22196,10143,11023,10434,11173
Andorra,Sweden,49,51,49,51,0,0
Andorra,Switzerland,80,85,80,85,0,0
Andorra,United Kingdom,1054,1135,568,616,486,519
Andorra,United States of America,105,112,59,65,46,47
Andorra,Uruguay,102,108,55,60,47,48
Andorra,Other,2486,2698,897,980,1589,1718
Bosnia and Herzegovina,Micronesia,0,0,0,0,0,0
Bosnia and Herzegovina,Austria,209,194,100,92,109,102
Bosnia and Herzegovina,Croatia,12776,11956,6246,5733,6530,6223
Bosnia and Herzegovina,France,174,162,82,76,92,86
Bosnia and Herzegovina,Germany,554,516,263,241,291,275
Bosnia and Herzegovina,Hungary,160,148,51,46,109,102
Bosnia and Herzegovina,Italy,116,106,49,43,67,63
Bosnia and Herzegovina,Montenegro,4398,4108,2145,1970,2253,2138
Bosnia and Herzegovina,Romania,406,379,87,79,319,300
Bosnia and Herzegovina,Russian Federation,177,164,43,38,134,126
Bosnia and Herzegovina,Serbia,10222,9550,4999,4590,5223,4960
Bosnia and Herzegovina,Slovakia,3389,3165,1673,1537,1716,1628
Bosnia and Herzegovina,Slovenia,1961,1831,777,708,1184,1123
Bosnia and Herzegovina,North Macedonia,3079,2875,1450,1329,1629,1546
Bosnia and Herzegovina,Other,976,888,447,398,529,490
Croatia,Micronesia,0,0,0,0,0,0
Croatia,Albania,173,160,76,70,97,90
Croatia,Algeria,56,50,27,24,29,26
Croatia,Argentina,200,186,76,71,124,115
Croatia,Australia,1595,1499,754,710,841,789
Croatia,Austria,5148,4843,2598,2449,2550,2394
Croatia,Belarus,94,87,16,15,78,72
Croatia,Belgium,375,351,176,164,199,187
Croatia,Bolivia (Plurinational State of),32,29,19,17,13,12
Croatia,Bosnia and Herzegovina,404874,381100,190941,180053,213933,201047
Croatia,Brazil,193,180,67,63,126,117
Croatia,Bulgaria,305,285,98,91,207,194
Croatia,Canada,1004,943,477,449,527,494
Croatia,Chile,126,117,49,46,77,71
Croatia,China,446,417,219,205,227,212
Croatia,Colombia,45,41,16,15,29,26
Croatia,Czechia,949,891,252,237,697,654
Croatia,Denmark,102,95,52,48,50,47
Croatia,Egypt,247,232,113,107,134,125
Croatia,Estonia,20,17,7,5,13,12
Croatia,Finland,39,36,14,13,25,23
Croatia,France,1760,1655,842,793,918,862
Croatia,Germany,33774,31783,16910,15939,16864,15844
Croatia,Greece,147,136,71,66,76,70
Croatia,Hungary,1044,981,330,311,714,670
Croatia,India,67,61,41,37,26,24
Croatia,Indonesia,27,23,10,8,17,15
Croatia,Iran (Islamic Republic of),48,44,27,25,21,19
Croatia,Iraq,82,75,64,59,18,16
Croatia,Ireland,53,48,25,23,28,25
Croatia,Israel,55,49,37,33,18,16
Croatia,Italy,3140,2953,1604,1511,1536,1442
Croatia,Japan,56,50,14,11,42,39
Croatia,Jordan,68,62,60,55,8,7
Croatia,Kazakhstan,67,61,13,11,54,50
Croatia,Latvia,27,23,3,1,24,22
Croatia,Lebanon,65,60,50,47,15,13
Croatia,Libya,150,139,77,72,73,67
Croatia,Lithuania,26,23,5,4,21,19
Croatia,Luxembourg,31,27,12,10,19,17
Croatia,Mexico,39,36,16,15,23,21
Croatia,Montenegro,6181,5815,2886,2720,3295,3095
Croatia,Morocco,29,25,11,9,18,16
Croatia,Netherlands,809,759,378,356,431,403
Croatia,New Zealand,116,107,55,51,61,56
Croatia,Nigeria,29,25,17,14,12,11
Croatia,North Macedonia,10055,9462,4912,4631,5143,4831
Croatia,Norway,113,104,57,53,56,51
Croatia,Peru,86,79,33,30,53,49
Croatia,Philippines,75,69,14,13,61,56
Croatia,Poland,737,691,148,140,589,551
Croatia,Portugal,50,46,27,25,23,21
Croatia,Republic of Korea,27,23,9,7,18,16
Croatia,Republic of Moldova,114,105,13,11,101,94
Croatia,Romania,499,468,168,158,331,310
Croatia,Russian Federation,1311,1231,243,229,1068,1002
Croatia,Serbia,51185,48170,21374,20157,29811,28013
Croatia,Slovakia,644,603,146,136,498,467
Croatia,Slovenia,19587,18432,7152,6748,12435,11684
Croatia,South Africa,203,189,94,89,109,100
Croatia,Spain,188,175,80,75,108,100
Croatia,State of Palestine,43,39,40,37,3,2
Croatia,Sudan,66,60,49,45,17,15
Croatia,Sweden,628,588,296,277,332,311
Croatia,Switzerland,3009,2830,1523,1434,1486,1396
Croatia,Syrian Arab Republic,180,167,157,146,23,21
Croatia,Turkey,86,79,52,48,34,31
Croatia,Ukraine,758,711,162,154,596,557
Croatia,United Kingdom,670,628,358,337,312,291
Croatia,United States of America,1616,1519,751,707,865,812
Croatia,Venezuela (Bolivarian Republic of),55,49,24,21,31,28
Croatia,Zambia,46,42,27,25,19,17
Croatia,Other,5149,4918,2959,2798,2190,2120
Gibraltar,Micronesia,0,0,0,0,0,0
Gibraltar,Morocco,996,1006,625,633,371,373
Gibraltar,Spain,2072,2095,767,777,1305,1318
Gibraltar,United Kingdom,5673,5741,3012,3044,2661,2697
Gibraltar,Other,2324,2348,1187,1202,1137,1146
Greece,Micronesia,186,189,151,157,35,32
Greece,Afghanistan,5810,45293,2835,22835,2975,22458
Greece,Albania,436566,446614,222722,242083,213844,204531
Greece,Algeria,1099,407,932,205,167,202
Greece,American Samoa,0,0,0,0,0,0
Greece,Andorra,3,1,2,1,1,0
Greece,Angola,8,11,4,7,4,4
Greece,Anguilla,10,8,5,5,5,3
Greece,Antigua and Barbuda,29,29,16,18,13,11
Greece,Argentina,639,652,215,247,424,405
Greece,Armenia,14257,14571,5946,6632,8311,7939
Greece,Aruba,0,0,0,0,0,0
Greece,Australia,20182,20630,8690,9654,11492,10976
Greece,Austria,2247,2295,662,782,1585,1513
Greece,Azerbaijan,504,515,184,210,320,305
Greece,Bahamas,21,20,10,11,11,9
Greece,Bahrain,22,21,14,15,8,6
Greece,Bangladesh,9791,2851,9172,1441,619,1410
Greece,Barbados,10,8,8,8,2,0
Greece,Belarus,1453,1485,326,409,1127,1076
Greece,Belgium,5112,5225,2005,2258,3107,2967
Greece,Belize,4,2,0,0,4,2
Greece,Benin,7,5,5,5,2,0
Greece,Bermuda,7,5,4,4,3,1
Greece,Bhutan,1,0,1,0,0,0
Greece,Bolivia (Plurinational State of),22,21,10,11,12,10
Greece,Bosnia and Herzegovina,439,446,128,150,311,296
Greece,Botswana,7,5,3,3,4,2
Greece,Brazil,2211,2258,641,758,1570,1500
Greece,British Virgin Islands,0,0,0,0,0,0
Greece,Bulgaria,72744,74359,24701,28470,48043,45889
Greece,Burkina Faso,24,35,12,18,12,17
Greece,Burundi,132,133,69,73,63,60
Greece,Cabo Verde,13,12,6,7,7,5
Greece,Cambodia,20,19,8,9,12,10
Greece,Cameroon,460,1545,233,783,227,762
Greece,Canada,12584,12862,5186,5796,7398,7066
Greece,Cayman Islands,0,0,0,0,0,0
Greece,Central African Republic,392,399,189,207,203,192
Greece,Chad,17,16,7,8,10,8
Greece,Channel Islands,1,0,0,0,1,0
Greece,Chile,366,372,123,141,243,231
Greece,China,3388,3462,1725,1874,1663,1588
Greece,"China, Hong Kong SAR",0,0,0,0,0,0
Greece,Colombia,397,404,83,104,314,300
Greece,Comoros,73,74,57,59,16,15
Greece,Congo,1410,1441,605,673,805,768
Greece,Cook Islands,0,0,0,0,0,0
Greece,Costa Rica,37,37,5,7,32,30
Greece,Côte d'Ivoire,80,125,40,63,40,62
Greece,Croatia,427,435,117,140,310,295
Greece,Cuba,351,357,93,111,258,246
Greece,Cyprus,21562,22039,9013,10053,12549,11986
Greece,Czechia,4420,4516,1612,1835,2808,2681
Greece,Dem. People's Republic of Korea,33,33,17,18,16,15
Greece,Democratic Republic of the Congo,208,4772,92,2412,116,2360
Greece,Denmark,899,917,282,329,617,588
Greece,Djibouti,38,38,16,18,22,20
Greece,Dominica,17,16,0,0,17,16
Greece,Dominican Republic,564,575,82,116,482,459
Greece,Ecuador,83,85,15,22,68,63
Greece,Egypt,28209,28834,15367,16568,12842,12266
Greece,El Salvador,49,49,9,12,40,37
Greece,Equatorial Guinea,0,7,0,4,0,3
Greece,Eritrea,395,1333,193,674,202,659
Greece,Estonia,128,130,25,33,103,97
Greece,Eswatini,20,19,15,16,5,3
Greece,Ethiopia,2414,2466,702,832,1712,1634
Greece,Faroe Islands,0,0,0,0,0,0
Greece,Fiji,0,0,0,0,0,0
Greece,Finland,768,784,95,142,673,642
Greece,France,6680,6826,2444,2780,4236,4046
Greece,French Guiana,0,0,0,0,0,0
Greece,French Polynesia,9,7,5,5,4,2
Greece,Gabon,7,5,2,2,5,3
Greece,Gambia,27,49,14,26,13,23
Greece,Georgia,83218,85065,32424,36549,50794,48516
Greece,Germany,114110,116644,49846,55261,64264,61383
Greece,Ghana,595,608,427,448,168,160
Greece,Gibraltar,4,2,3,2,1,0
Greece,Greenland,2,0,1,0,1,0
Greece,Grenada,1,0,1,0,0,0
Greece,Guadeloupe,0,0,0,0,0,0
Greece,Guam,0,0,0,0,0,0
Greece,Guatemala,30,30,5,8,25,22
Greece,Guinea,54,176,27,90,27,86
Greece,Guinea-Bissau,2,0,1,0,1,0
Greece,Guyana,10,8,3,3,7,5
Greece,Haiti,37,37,15,17,22,20
Greece,Holy See,0,0,0,0,0,0
Greece,Honduras,49,49,9,12,40,37
Greece,Hungary,1724,1761,530,621,1194,1140
Greece,Iceland,53,53,21,23,32,30
Greece,India,10130,10353,8096,8411,2034,1942
Greece,Indonesia,442,450,101,124,341,326
Greece,Iran (Islamic Republic of),1900,4684,1370,2364,530,2320
Greece,Iraq,4745,16897,2316,8518,2429,8379
Greece,Ireland,588,600,176,207,412,393
Greece,Isle of Man,4,2,3,2,1,0
Greece,Israel,710,725,378,409,332,316
Greece,Italy,6289,6426,2504,2812,3785,3614
Greece,Jamaica,11,10,4,5,7,5
Greece,Japan,507,518,103,133,404,385
Greece,Jordan,810,827,598,625,212,202
Greece,Kazakhstan,26926,27523,11831,13106,15095,14417
Greece,Kenya,452,460,175,196,277,264
Greece,Kuwait,138,263,77,132,61,131
Greece,Kyrgyzstan,546,557,231,257,315,300
Greece,Lao People's Democratic Republic,40,40,19,21,21,19
Greece,Latvia,351,357,56,76,295,281
Greece,Lebanon,2047,2092,1145,1232,902,860
Greece,Lesotho,0,0,0,0,0,0
Greece,Liberia,30,30,17,19,13,11
Greece,Libya,639,652,372,399,267,253
Greece,Liechtenstein,9,7,3,3,6,4
Greece,Lithuania,543,554,61,95,482,459
Greece,Luxembourg,137,139,60,66,77,73
Greece,Madagascar,129,130,50,55,79,75
Greece,Malaysia,61,61,26,29,35,32
Greece,Maldives,2,0,1,0,1,0
Greece,Mali,29,105,18,54,11,51
Greece,Malta,89,89,22,27,67,62
Greece,Marshall Islands,0,0,0,0,0,0
Greece,Mauritania,45,60,22,31,23,29
Greece,Mauritius,37,37,5,7,32,30
Greece,Mexico,395,402,70,93,325,309
Greece,Monaco,44,43,22,23,22,20
Greece,Mongolia,7,5,4,4,3,1
Greece,Montserrat,77,78,34,37,43,41
Greece,Morocco,2070,2114,1467,1539,603,575
Greece,Mozambique,63,63,24,27,39,36
Greece,Myanmar,24,95,12,49,12,46
Greece,Namibia,7,5,5,5,2,0
Greece,Nepal,49,66,37,34,12,32
Greece,Netherlands,3737,3819,1209,1405,2528,2414
Greece,New Zealand,489,499,161,186,328,313
Greece,Nicaragua,159,161,74,80,85,81
Greece,Niger,24,23,16,17,8,6
Greece,Nigeria,2851,2914,1804,1915,1047,999
Greece,North Macedonia,2164,2210,884,988,1280,1222
Greece,Northern Mariana Islands,0,0,0,0,0,0
Greece,Norway,515,525,162,190,353,335
Greece,Oman,4,2,2,2,2,0
Greece,Pakistan,31230,8823,29980,4435,1250,4388
Greece,Palau,186,189,151,157,35,32
Greece,Panama,155,158,70,77,85,81
Greece,Papua New Guinea,3,1,3,1,0,0
Greece,Paraguay,78,79,12,17,66,62
Greece,Peru,290,296,76,92,214,204
Greece,Philippines,8452,8638,1962,2440,6490,6198
Greece,Poland,15630,15975,5213,6026,10417,9949
Greece,Portugal,323,328,104,120,219,208
Greece,Puerto Rico,0,0,0,0,0,0
Greece,Qatar,1100,1123,486,538,614,585
Greece,Republic of Korea,210,213,76,87,134,126
Greece,Republic of Moldova,10027,10248,2683,3234,7344,7014
Greece,Réunion,0,0,0,0,0,0
Greece,Romania,46098,47120,18825,21070,27273,26050
Greece,Russian Federation,54081,55281,18001,20819,36080,34462
Greece,Rwanda,96,97,75,78,21,19
Greece,Saint Helena,3,1,3,1,0,0
Greece,Saint Kitts and Nevis,1,0,1,0,0,0
Greece,Saint Pierre and Miquelon,0,0,0,0,0,0
Greece,Saint Vincent and the Grenadines,6,4,1,1,5,3
Greece,Samoa,447,455,199,218,248,237
Greece,San Marino,0,0,0,0,0,0
Greece,Sao Tome and Principe,6,4,5,4,1,0
Greece,Saudi Arabia,424,432,210,228,214,204
Greece,Senegal,638,651,583,600,55,51
Greece,Serbia,4372,4467,1400,1629,2972,2838
Greece,Seychelles,24,23,2,3,22,20
Greece,Sierra Leone,174,176,114,119,60,57
Greece,Singapore,81,83,18,23,63,60
Greece,Slovakia,860,876,130,181,730,695
Greece,Slovenia,129,130,26,33,103,97
Greece,Solomon Islands,0,0,0,0,0,0
Greece,Somalia,739,3788,563,1920,176,1868
Greece,South Africa,6894,7045,2842,3176,4052,3869
Greece,Spain,1177,1202,361,424,816,778
Greece,Sri Lanka,886,904,319,364,567,540
Greece,State of Palestine,998,4286,913,2164,85,2122
Greece,Sudan,1850,1889,1082,1156,768,733
Greece,Suriname,8,6,2,2,6,4
Greece,Sweden,5408,5526,2076,2345,3332,3181
Greece,Switzerland,3689,3769,1446,1628,2243,2141
Greece,Syrian Arab Republic,9549,42861,4660,21609,4889,21252
Greece,Tajikistan,96,97,28,34,68,63
Greece,Thailand,376,383,28,52,348,331
Greece,Timor-Leste,215,217,88,96,127,121
Greece,Togo,11,21,6,12,5,9
Greece,Tokelau,0,0,0,0,0,0
Greece,Trinidad and Tobago,16,15,3,4,13,11
Greece,Tunisia,634,647,491,511,143,136
Greece,Turkey,33420,34081,13963,15578,19457,18503
Greece,Turkmenistan,115,116,44,49,71,67
Greece,Tuvalu,10,8,6,6,4,2
Greece,Uganda,138,140,49,57,89,83
Greece,Ukraine,19416,19846,3745,4878,15671,14968
Greece,United Arab Emirates,85,87,46,51,39,36
Greece,United Kingdom,17643,18033,6716,7596,10927,10437
Greece,United Republic of Tanzania,394,401,207,224,187,177
Greece,United States of America,22792,23297,9287,10398,13505,12899
Greece,United States Virgin Islands,0,0,0,0,0,0
Greece,Uruguay,111,112,41,46,70,66
Greece,Uzbekistan,8277,8459,3331,3735,4946,4724
Greece,Vanuatu,70,70,66,68,4,2
Greece,Venezuela (Bolivarian Republic of),1023,1046,385,437,638,609
Greece,Viet Nam,209,212,96,105,113,107
Greece,Wallis and Futuna Islands,0,0,0,0,0,0
Greece,Western Sahara,3,6,2,4,1,2
Greece,Yemen,32,279,16,141,16,138
Greece,Zambia,237,241,98,109,139,132
Greece,Zimbabwe,418,425,175,194,243,231
Holy See,Micronesia,0,0,0,0,0,0
Holy See,Other,790,809,376,372,414,437
Italy,Micronesia,17,10,5,1,12,9
Italy,Afghanistan,14893,18689,13985,17187,908,1502
Italy,Albania,444887,486187,227638,244913,217249,241274
Italy,Algeria,21908,22363,13832,13976,8076,8387
Italy,Andorra,106,44,29,14,77,30
Italy,Angola,1813,1917,842,892,971,1025
Italy,Antigua and Barbuda,793,22,268,7,525,15
Italy,Argentina,69876,72321,32012,33725,37864,38596
Italy,Armenia,1354,1847,495,690,859,1157
Italy,Australia,19313,19897,8474,8779,10839,11118
Italy,Austria,15729,15672,4732,4887,10997,10785
Italy,Azerbaijan,698,930,206,296,492,634
Italy,Bahamas,260,88,95,39,165,49
Italy,Bahrain,293,72,161,37,132,35
Italy,Bangladesh,105084,135468,77559,102065,27525,33403
Italy,Barbados,143,52,51,22,92,30
Italy,Belarus,31350,13321,16224,2842,15126,10479
Italy,Belgium,45287,45918,19411,19818,25876,26100
Italy,Belize,56,38,26,25,30,13
Italy,Benin,2529,3254,1517,2108,1012,1146
Italy,Bhutan,39,30,25,18,14,12
Italy,Bolivia (Plurinational State of),15605,15580,5632,5726,9973,9854
Italy,Bosnia and Herzegovina,11317,29487,2343,15120,8974,14367
Italy,Botswana,46,54,23,32,23,22
Italy,Brazil,99588,133398,33745,50050,65843,83348
Italy,Brunei Darussalam,33,36,15,13,18,23
Italy,Bulgaria,57017,61805,19430,21223,37587,40582
Italy,Burkina Faso,11670,13683,8104,9716,3566,3967
Italy,Burundi,1006,1216,429,532,577,684
Italy,Cabo Verde,6054,6366,1456,1603,4598,4763
Italy,Cambodia,1315,1385,768,788,547,597
Italy,Cameroon,11285,15613,5710,8321,5575,7292
Italy,Canada,24556,25202,10939,11278,13617,13924
Italy,Central African Republic,223,290,126,177,97,113
Italy,Chad,526,578,400,437,126,141
Italy,Chile,12093,12721,5011,5333,7082,7388
Italy,China,199617,233338,99548,115128,100069,118210
Italy,Colombia,38713,41466,13506,14679,25207,26787
Italy,Comoros,29,24,11,11,18,13
Italy,Congo,3295,3163,1687,1636,1608,1527
Italy,Costa Rica,1473,1658,558,642,915,1016
Italy,Côte d'Ivoire,25082,36256,14556,24130,10526,12126
Italy,Croatia,23478,22130,9828,9158,13650,12972
Italy,Cuba,33612,38532,7766,9329,25846,29203
Italy,Cyprus,602,440,259,181,343,259
Italy,Czechia,10365,9536,1873,1740,8492,7796
Italy,Dem. People's Republic of Korea,110,82,54,53,56,29
Italy,Democratic Republic of the Congo,5988,6874,2881,3375,3107,3499
Italy,Denmark,3032,3186,1000,1125,2032,2061
Italy,Djibouti,85,77,34,30,51,47
Italy,Dominica,295,198,79,52,216,146
Italy,Dominican Republic,41853,48083,12741,15150,29112,32933
Italy,Ecuador,84195,83168,32488,32225,51707,50943
Italy,Egypt,108497,128857,76634,88721,31863,40136
Italy,El Salvador,13021,16672,4417,6164,8604,10508
Italy,Equatorial Guinea,119,176,50,82,69,94
Italy,Eritrea,13529,16375,7407,7952,6122,8423
Italy,Estonia,1403,1535,230,247,1173,1288
Italy,Eswatini,30,49,11,19,19,30
Italy,Ethiopia,29434,28171,12328,11889,17106,16282
Italy,Fiji,38,39,12,11,26,28
Italy,Finland,2675,2819,538,625,2137,2194
Italy,France,127459,128283,49779,50898,77680,77385
Italy,Gabon,371,529,193,264,178,265
Italy,Gambia,9992,23086,9168,22470,824,616
Italy,Georgia,13336,15813,1787,2643,11549,13170
Italy,Germany,213522,211223,92367,91648,121155,119575
Italy,Ghana,46084,54680,28318,36597,17766,18083
Italy,Greece,16959,17196,8039,8292,8920,8904
Italy,Grenada,15,12,3,3,12,9
Italy,Guatemala,2114,2330,790,885,1324,1445
Italy,Guinea,4059,13677,2814,12090,1245,1587
Italy,Guinea-Bissau,862,2721,599,2412,263,309
Italy,Guyana,73,72,17,14,56,58
Italy,Haiti,712,871,266,365,446,506
Italy,Holy See,298,166,106,65,192,101
Italy,Honduras,2475,3225,652,925,1823,2300
Italy,Hungary,12625,13413,3085,3358,9540,10055
Italy,Iceland,183,204,61,69,122,135
Italy,India,138591,167272,83611,99085,54980,68187
Italy,Indonesia,3150,3734,634,738,2516,2996
Italy,Iran (Islamic Republic of),14869,18529,8149,9821,6720,8708
Italy,Iraq,3899,7928,2900,6043,999,1885
Italy,Ireland,3513,3796,1470,1627,2043,2169
Italy,Israel,3690,4107,2172,2374,1518,1733
Italy,Jamaica,344,397,132,154,212,243
Italy,Japan,8097,8967,2299,2607,5798,6360
Italy,Jordan,2902,3058,2059,2100,843,958
Italy,Kazakhstan,4028,4810,644,772,3384,4038
Italy,Kenya,3650,4275,1442,1631,2208,2644
Italy,Kiribati,5,3,2,0,3,3
Italy,Kuwait,536,632,317,374,219,258
Italy,Kyrgyzstan,1418,1944,229,344,1189,1600
Italy,Lao People's Democratic Republic,250,251,114,108,136,143
Italy,Latvia,3214,3688,642,799,2572,2889
Italy,Lebanon,6920,7685,4333,4820,2587,2865
Italy,Lesotho,24,30,12,15,12,15
Italy,Liberia,1802,1725,1475,1412,327,313
Italy,Libya,34955,34542,16733,16778,18222,17764
Italy,Liechtenstein,113,110,56,50,57,60
Italy,Lithuania,5640,6317,1259,1442,4381,4875
Italy,Luxembourg,4700,4648,2099,2096,2601,2552
Italy,Madagascar,2334,2700,685,786,1649,1914
Italy,Malawi,168,194,74,80,94,114
Italy,Malaysia,608,677,249,256,359,421
Italy,Maldives,33,35,26,26,7,9
Italy,Mali,12237,21057,11195,20236,1042,821
Italy,Malta,1852,1984,489,572,1363,1412
Italy,Marshall Islands,1,0,0,0,1,0
Italy,Mauritania,695,849,540,668,155,181
Italy,Mauritius,8860,8680,3818,3707,5042,4973
Italy,Mexico,8533,9884,2603,3035,5930,6849
Italy,Monaco,1295,1589,597,736,698,853
Italy,Mongolia,291,314,83,90,208,224
Italy,Montenegro,2334,2240,1055,953,1279,1287
Italy,Morocco,422481,451960,233889,244128,188592,207832
Italy,Mozambique,1428,922,671,332,757,590
Italy,Myanmar,451,437,163,143,288,294
Italy,Namibia,85,89,43,43,42,46
Italy,Nauru,6,2,1,0,5,2
Italy,Nepal,1878,2437,1077,1416,801,1021
Italy,Netherlands,12747,13214,4867,5095,7880,8119
Italy,New Zealand,859,934,371,423,488,511
Italy,Nicaragua,1190,1381,373,444,817,937
Italy,Niger,968,1465,748,1251,220,214
Italy,Nigeria,58257,103462,27618,61302,30639,42160
Italy,North Macedonia,72425,68840,39711,37476,32714,31364
Italy,Norway,1646,1825,602,698,1044,1127
Italy,Oman,53,68,23,30,30,38
Italy,Pakistan,89137,124800,60993,89557,28144,35243
Italy,Palau,5,5,2,1,3,4
Italy,Panama,1120,1102,310,305,810,797
Italy,Papua New Guinea,615,38,209,15,406,23
Italy,Paraguay,2642,2886,785,863,1857,2023
Italy,Peru,112799,116408,42545,44327,70254,72081
Italy,Philippines,142694,151520,56418,60650,86276,90870
Italy,Poland,114517,113874,26503,26086,88014,87788
Italy,Portugal,6201,6735,2082,2421,4119,4314
Italy,Qatar,457,147,173,72,284,75
Italy,Republic of Korea,3789,4607,1440,1787,2349,2820
Italy,Republic of Moldova,170699,194480,54405,63356,116294,131124
Italy,Romania,1012177,1048862,413169,419319,599008,629543
Italy,Russian Federation,79001,82890,17434,19227,61567,63663
Italy,Rwanda,772,862,343,384,429,478
Italy,Saint Kitts and Nevis,4,4,1,1,3,3
Italy,Saint Lucia,20,23,11,10,9,13
Italy,Saint Vincent and the Grenadines,19,14,7,4,12,10
Italy,Samoa,55,63,22,26,33,37
Italy,San Marino,3242,1932,1077,779,2165,1153
Italy,Sao Tome and Principe,71,81,18,24,53,57
Italy,Saudi Arabia,968,1237,511,661,457,576
Italy,Senegal,87688,113444,67178,87625,20510,25819
Italy,Serbia,89708,86911,44820,43214,44888,43697
Italy,Seychelles,928,940,188,199,740,741
Italy,Sierra Leone,1367,2451,818,1811,549,640
Italy,Singapore,551,641,180,211,371,430
Italy,Slovakia,10603,10611,2597,2404,8006,8207
Italy,Slovenia,4559,4693,1811,1815,2748,2878
Italy,Solomon Islands,3,7,0,3,3,4
Italy,Somalia,13484,14473,8209,8948,5275,5525
Italy,South Africa,5671,5834,2386,2492,3285,3342
Italy,South Sudan,29,41,18,29,11,12
Italy,Spain,30897,35124,9081,11308,21816,23816
Italy,Sri Lanka,84992,95811,47310,51805,37682,44006
Italy,State of Palestine,5009,1176,2564,900,2445,276
Italy,Sudan,2851,3039,2193,2311,658,728
Italy,Suriname,41,40,13,14,28,26
Italy,Sweden,6265,6228,1967,2044,4298,4184
Italy,Switzerland,193299,193568,89238,89545,104061,104023
Italy,Syrian Arab Republic,6105,8276,3888,5037,2217,3239
Italy,Tajikistan,202,264,47,54,155,210
Italy,Thailand,9827,11338,1309,1592,8518,9746
Italy,Timor-Leste,99,77,44,13,55,64
Italy,Togo,5085,6547,3243,4425,1842,2122
Italy,Tonga,18,21,7,9,11,12
Italy,Trinidad and Tobago,161,172,42,45,119,127
Italy,Tunisia,101334,108129,63247,66723,38087,41406
Italy,Turkey,19499,20513,11146,11539,8353,8974
Italy,Turkmenistan,225,283,35,47,190,236
Italy,Tuvalu,5,1,3,0,2,1
Italy,Uganda,950,1137,401,484,549,653
Italy,Ukraine,222013,248460,45594,54437,176419,194023
Italy,United Arab Emirates,373,665,191,354,182,311
Italy,United Kingdom,61672,66500,25386,28126,36286,38374
Italy,United Republic of Tanzania,1590,1845,666,783,924,1062
Italy,United States of America,50866,54011,21911,23572,28955,30439
Italy,Uruguay,7169,7383,3084,3200,4085,4183
Italy,Uzbekistan,2509,2726,462,489,2047,2237
Italy,Vanuatu,21,21,5,4,16,17
Italy,Venezuela (Bolivarian Republic of),48138,59432,20120,25067,28018,34365
Italy,Viet Nam,5276,6077,2284,2542,2992,3535
Italy,Yemen,266,395,146,225,120,170
Italy,Zambia,867,895,407,417,460,478
Italy,Zimbabwe,849,922,388,427,461,495
Italy,Other,781,1670,106,593,675,1077
Malta,Micronesia,0,0,0,0,0,0
Malta,Albania,106,229,52,122,54,107
Malta,Algeria,72,155,53,119,19,36
Malta,Argentina,14,28,13,27,1,1
Malta,Armenia,38,81,17,41,21,40
Malta,Australia,6006,13091,3053,7176,2953,5915
Malta,Austria,153,331,83,192,70,139
Malta,Bangladesh,11,22,6,13,5,9
Malta,Belarus,9,18,5,11,4,7
Malta,Belgium,230,500,141,323,89,177
Malta,Bosnia and Herzegovina,227,494,157,355,70,139
Malta,Brazil,133,287,67,156,66,131
Malta,Bulgaria,1253,2729,647,1516,606,1213
Malta,Canada,2440,5317,1285,3004,1155,2313
Malta,China,495,1076,229,545,266,531
Malta,Croatia,101,217,63,142,38,75
Malta,Cyprus,61,131,38,86,23,45
Malta,Czechia,112,242,42,103,70,139
Malta,Denmark,181,393,111,254,70,139
Malta,Egypt,648,1410,460,1035,188,375
Malta,Eritrea,929,2023,473,1111,456,912
Malta,Ethiopia,475,1034,262,608,213,426
Malta,Finland,109,234,43,103,66,131
Malta,France,596,1296,313,730,283,566
Malta,Georgia,55,116,28,63,27,53
Malta,Germany,1363,2969,692,1626,671,1343
Malta,Ghana,93,201,83,181,10,20
Malta,Greece,106,229,77,171,29,58
Malta,Hungary,199,431,79,191,120,240
Malta,India,364,791,251,565,113,226
Malta,Indonesia,30,63,16,36,14,27
Malta,Iran (Islamic Republic of),41,87,22,51,19,36
Malta,Iraq,114,246,80,175,34,71
Malta,Ireland,377,819,185,436,192,383
Malta,Israel,15,31,12,27,3,4
Malta,Italy,2166,4720,1529,3446,637,1274
Malta,Japan,62,134,17,44,45,90
Malta,Jordan,54,115,47,102,7,13
Malta,Kenya,45,96,18,43,27,53
Malta,Kuwait,79,170,55,123,24,47
Malta,Latvia,106,229,56,129,50,100
Malta,Lebanon,89,191,65,144,24,47
Malta,Libya,1745,3801,887,2083,858,1718
Malta,Lithuania,61,131,20,51,41,80
Malta,Malaysia,54,115,23,54,31,61
Malta,Morocco,309,671,97,247,212,424
Malta,Netherlands,589,1282,340,784,249,498
Malta,New Zealand,59,127,36,82,23,45
Malta,Niger,51,110,50,109,1,1
Malta,Nigeria,471,1025,338,760,133,265
Malta,North Macedonia,41,87,30,66,11,21
Malta,Norway,91,196,68,151,23,45
Malta,Pakistan,253,549,128,300,125,249
Malta,Peru,38,81,15,36,23,45
Malta,Philippines,664,1445,157,430,507,1015
Malta,Poland,344,749,132,325,212,424
Malta,Portugal,79,170,47,107,32,63
Malta,Republic of Moldova,47,99,11,28,36,71
Malta,Romania,940,2046,448,1061,492,985
Malta,Russian Federation,1315,2865,457,1147,858,1718
Malta,Saudi Arabia,36,77,20,46,16,31
Malta,Serbia,764,1663,501,1137,263,526
Malta,Singapore,42,89,27,59,15,30
Malta,Slovakia,141,305,50,124,91,181
Malta,Slovenia,29,61,17,38,12,23
Malta,Somalia,1882,4101,957,2248,925,1853
Malta,South Africa,241,523,131,304,110,219
Malta,Spain,209,453,112,260,97,193
Malta,Sri Lanka,23,49,15,34,8,15
Malta,State of Palestine,56,120,29,67,27,53
Malta,Sudan,186,404,95,223,91,181
Malta,Sweden,645,1403,397,907,248,496
Malta,Switzerland,143,309,80,185,63,124
Malta,Syrian Arab Republic,1488,3242,757,1779,731,1463
Malta,Thailand,148,320,34,93,114,227
Malta,Trinidad and Tobago,17,35,9,20,8,15
Malta,Tunisia,446,969,269,616,177,353
Malta,Turkey,318,692,224,505,94,187
Malta,Ukraine,399,868,124,318,275,550
Malta,United Arab Emirates,35,75,25,55,10,20
Malta,United Kingdom,14361,31494,7613,17883,6748,13611
Malta,United States of America,1667,3632,912,2120,755,1512
Malta,Uzbekistan,27,56,8,20,19,36
Malta,Zimbabwe,49,106,33,75,16,31
Malta,Other,2382,5189,1684,3793,698,1396
Montenegro,Micronesia,0,0,0,0,0,0
Montenegro,Albania,2754,2763,1143,1154,1611,1609
Montenegro,Australia,137,136,45,46,92,90
Montenegro,Austria,257,256,80,81,177,175
Montenegro,Bosnia and Herzegovina,32042,32126,12819,12905,19223,19221
Montenegro,Bulgaria,78,77,64,65,14,12
Montenegro,Canada,69,68,10,11,59,57
Montenegro,Croatia,15486,15523,5766,5824,9720,9699
Montenegro,Czechia,120,119,69,70,51,49
Montenegro,Denmark,97,96,19,20,78,76
Montenegro,France,446,446,137,139,309,307
Montenegro,Germany,1876,1882,598,607,1278,1275
Montenegro,Greece,56,55,45,46,11,9
Montenegro,Hungary,47,46,32,33,15,13
Montenegro,Italy,209,208,61,62,148,146
Montenegro,Luxembourg,100,99,38,39,62,60
Montenegro,Netherlands,155,154,32,33,123,121
Montenegro,Poland,98,97,71,72,27,25
Montenegro,Romania,105,104,48,49,57,55
Montenegro,Russian Federation,925,927,391,395,534,532
Montenegro,Serbia,9679,8831,3964,3568,5715,5263
Montenegro,Slovakia,56,55,51,52,5,3
Montenegro,Slovenia,1617,1622,569,577,1048,1045
Montenegro,Sweden,151,150,58,59,93,91
Montenegro,Switzerland,212,211,33,34,179,177
Montenegro,Turkey,87,86,4,5,83,81
Montenegro,Ukraine,150,140,96,92,54,48
Montenegro,North Macedonia,3317,3329,1372,1387,1945,1942
Montenegro,United Kingdom,103,102,17,18,86,84
Montenegro,United States of America,317,317,69,71,248,246
Montenegro,Other,973,974,477,481,496,493
North Macedonia,Micronesia,0,0,0,0,0,0
North Macedonia,Albania,67799,68113,27915,28040,39884,40073
North Macedonia,Bosnia and Herzegovina,8713,8750,3623,3639,5090,5111
North Macedonia,Bulgaria,1072,1075,446,448,626,627
North Macedonia,Croatia,1433,1438,596,599,837,839
North Macedonia,Czechia,53,52,23,23,30,29
North Macedonia,Germany,42,41,18,18,24,23
North Macedonia,Greece,233,232,98,98,135,134
North Macedonia,Hungary,81,80,35,35,46,45
North Macedonia,Italy,37,36,15,15,22,21
North Macedonia,Montenegro,9229,9269,3837,3854,5392,5415
North Macedonia,Poland,100,99,42,42,58,57
North Macedonia,Romania,23,22,10,10,13,12
North Macedonia,Russian Federation,215,214,88,88,127,126
North Macedonia,Serbia,17930,18009,7452,7486,10478,10523
North Macedonia,Slovakia,36,35,15,15,21,20
North Macedonia,Slovenia,256,255,107,107,149,148
North Macedonia,Turkey,19922,20011,8700,8740,11222,11271
North Macedonia,Ukraine,64,63,28,28,36,35
North Macedonia,Egypt,1964,1971,817,821,1147,1150
North Macedonia,Other,1528,1546,631,634,897,912
Portugal,Micronesia,0,0,0,0,0,0
Portugal,Albania,50,55,25,28,25,27
Portugal,Algeria,230,261,172,198,58,63
Portugal,Andorra,372,425,169,199,203,226
Portugal,Angola,156251,179524,69050,82459,87201,97065
Portugal,Argentina,1320,1512,598,710,722,802
Portugal,Armenia,100,112,63,72,37,40
Portugal,Australia,1202,1377,523,622,679,755
Portugal,Austria,504,576,234,278,270,298
Portugal,Azerbaijan,65,73,37,43,28,30
Portugal,Bangladesh,1470,1684,1073,1244,397,440
Portugal,Belarus,946,1084,443,527,503,557
Portugal,Belgium,3421,3924,1602,1904,1819,2020
Portugal,Benin,33,36,32,35,1,1
Portugal,Bolivia (Plurinational State of),213,242,31,40,182,202
Portugal,Bosnia and Herzegovina,42,46,7,8,35,38
Portugal,Brazil,134245,154017,54298,65118,79947,88899
Portugal,Bulgaria,5179,5940,2562,3031,2617,2909
Portugal,Cabo Verde,59532,68299,26858,31967,32674,36332
Portugal,Cameroon,73,82,48,55,25,27
Portugal,Canada,7275,8344,3275,3898,4000,4446
Portugal,Chile,194,221,88,104,106,117
Portugal,China,10461,12000,5246,6202,5215,5798
Portugal,"China, Hong Kong SAR",132,149,51,60,81,89
Portugal,"China, Macao SAR",1995,2285,843,1005,1152,1280
Portugal,Colombia,644,736,205,249,439,487
Portugal,Congo,474,542,44,65,430,477
Portugal,Côte d'Ivoire,130,147,96,110,34,37
Portugal,Croatia,81,91,31,37,50,54
Portugal,Cuba,1621,1858,317,409,1304,1449
Portugal,Cyprus,29,31,15,16,14,15
Portugal,Czechia,247,282,72,88,175,194
Portugal,Dem. People's Republic of Korea,73,82,28,33,45,49
Portugal,Democratic Republic of the Congo,1816,2080,1183,1378,633,702
Portugal,Denmark,395,451,195,230,200,221
Portugal,Dominican Republic,66,153,22,51,44,102
Portugal,Ecuador,447,511,210,248,237,263
Portugal,Egypt,420,480,362,417,58,63
Portugal,El Salvador,85,96,5,8,80,88
Portugal,Equatorial Guinea,221,251,10,17,211,234
Portugal,Estonia,128,145,34,41,94,104
Portugal,Eswatini,578,660,332,388,246,272
Portugal,Ethiopia,30,32,19,20,11,12
Portugal,Finland,334,381,123,147,211,234
Portugal,France,90792,104164,40194,47901,50598,56263
Portugal,Gabon,566,647,549,629,17,18
Portugal,Gambia,114,128,94,107,20,21
Portugal,Georgia,1070,1226,792,918,278,308
Portugal,Germany,26905,30866,12612,14973,14293,15893
Portugal,Ghana,192,218,140,161,52,57
Portugal,Greece,186,212,97,114,89,98
Portugal,Guatemala,30,32,13,14,17,18
Portugal,Guinea,4500,5160,2303,2718,2197,2442
Portugal,Guinea-Bissau,28422,32607,15528,18270,12894,14337
Portugal,Hungary,398,454,120,146,278,308
Portugal,Iceland,28,30,12,13,16,17
Portugal,India,7809,8957,4367,5131,3442,3826
Portugal,Indonesia,247,282,46,60,201,222
Portugal,Iran (Islamic Republic of),203,740,108,421,95,319
Portugal,Iraq,42,257,29,148,13,109
Portugal,Ireland,1561,1789,738,875,823,914
Portugal,Israel,339,387,304,349,35,38
Portugal,Italy,2726,3125,1546,1813,1180,1312
Portugal,Jamaica,26,28,15,16,11,12
Portugal,Japan,309,352,121,144,188,208
Portugal,Jordan,28,213,17,128,11,85
Portugal,Kazakhstan,872,998,447,526,425,472
Portugal,Kenya,101,113,48,55,53,58
Portugal,Latvia,206,234,45,57,161,177
Portugal,Lebanon,73,246,43,151,30,95
Portugal,Liberia,28,30,27,29,1,1
Portugal,Libya,28,106,23,60,5,46
Portugal,Liechtenstein,202,230,201,229,1,1
Portugal,Lithuania,364,416,121,147,243,269
Portugal,Luxembourg,3926,4502,1853,2198,2073,2304
Portugal,Madagascar,26,28,15,16,11,12
Portugal,Malawi,457,521,166,199,291,322
Portugal,Malaysia,49,54,19,22,30,32
Portugal,Mali,113,127,104,118,9,9
Portugal,Malta,43,47,15,17,28,30
Portugal,Mauritania,40,44,32,36,8,8
Portugal,Mexico,264,301,112,133,152,168
Portugal,Montenegro,77,87,2,4,75,83
Portugal,Morocco,1968,2256,1301,1516,667,740
Portugal,Mozambique,70228,80570,31434,37434,38794,43136
Portugal,Nepal,530,6637,368,4462,162,2175
Portugal,Netherlands,3960,4542,1956,2315,2004,2227
Portugal,New Zealand,44,48,16,18,28,30
Portugal,Nigeria,265,302,170,197,95,105
Portugal,North Macedonia,272,310,131,155,141,155
Portugal,Norway,331,378,155,183,176,195
Portugal,Pakistan,1935,2217,1261,1469,674,748
Portugal,Panama,35,38,15,17,20,21
Portugal,Paraguay,53,58,18,20,35,38
Portugal,Peru,285,324,110,130,175,194
Portugal,Philippines,474,542,78,103,396,439
Portugal,Poland,974,1116,246,308,728,808
Portugal,Republic of Korea,129,146,54,63,75,83
Portugal,Republic of Moldova,19726,22630,11222,13175,8504,9455
Portugal,Romania,22763,26113,11323,13393,11440,12720
Portugal,Russian Federation,5674,6508,2142,2581,3532,3927
Portugal,Sao Tome and Principe,17915,20552,7619,9104,10296,11448
Portugal,Senegal,2078,2383,1636,1893,442,490
Portugal,Serbia,51,200,23,81,28,119
Portugal,Sierra Leone,53,58,44,49,9,9
Portugal,Singapore,28,30,11,12,17,18
Portugal,Slovakia,92,103,17,20,75,83
Portugal,Slovenia,55,61,18,21,37,40
Portugal,South Africa,11028,12651,4958,5903,6070,6748
Portugal,Spain,15843,18175,6495,7781,9348,10394
Portugal,Sri Lanka,26,86,15,58,11,28
Portugal,Sweden,803,920,345,412,458,508
Portugal,Switzerland,16183,18566,7840,9290,8343,9276
Portugal,Syrian Arab Republic,26,531,15,299,11,232
Portugal,Thailand,272,1676,131,1177,141,499
Portugal,Timor-Leste,1717,1969,747,892,970,1077
Portugal,Togo,74,83,52,59,22,24
Portugal,Tunisia,137,155,107,123,30,32
Portugal,Turkey,296,789,175,404,121,385
Portugal,Uganda,27,29,10,11,17,18
Portugal,Ukraine,46533,53384,26141,30762,20392,22622
Portugal,United Kingdom,18383,21089,8888,10532,9495,10557
Portugal,United Republic of Tanzania,68,77,33,39,35,38
Portugal,United States of America,6957,7980,3219,3825,3738,4155
Portugal,Uruguay,225,256,153,176,72,80
Portugal,Uzbekistan,879,1006,600,697,279,309
Portugal,Venezuela (Bolivarian Republic of),24174,27732,10780,12840,13394,14892
Portugal,Viet Nam,53,58,25,28,28,30
Portugal,Zimbabwe,1145,1312,1028,1183,117,129
Portugal,Other,3561,4082,1616,1921,1945,2161
San Marino,Micronesia,0,0,0,0,0,0
San Marino,Italy,4460,4749,2663,2784,1797,1965
San Marino,Albania,37,39,8,7,29,32
San Marino,Poland,31,32,3,2,28,30
San Marino,Romania,135,145,20,18,115,127
San Marino,Ukraine,65,68,0,11,65,57
San Marino,Russian Federation,36,38,1,0,35,38
San Marino,France,29,30,10,9,19,21
San Marino,Argentina,85,90,43,44,42,46
San Marino,Brazil,29,30,2,1,27,29
San Marino,Other,288,322,117,115,171,207
Serbia,Micronesia,0,0,0,0,0,0
Serbia,Albania,467,475,85,88,382,387
Serbia,Algeria,53,52,33,33,20,19
Serbia,Argentina,49,48,15,15,34,33
Serbia,Australia,675,686,361,368,314,318
Serbia,Austria,6998,7132,3389,3458,3609,3674
Serbia,Armenia,158,159,32,33,126,126
Serbia,Belgium,217,220,122,125,95,95
Serbia,Bosnia and Herzegovina,335992,342526,147578,150616,188414,191910
Serbia,Brazil,85,85,32,33,53,52
Serbia,Bulgaria,1134,1155,299,307,835,848
Serbia,Belarus,134,135,16,17,118,118
Serbia,Canada,612,622,323,329,289,293
Serbia,China,1763,1796,956,976,807,820
Serbia,Croatia,283247,288708,127291,129913,155956,158795
Serbia,Cuba,29,28,15,15,14,13
Serbia,Cyprus,173,174,93,94,80,80
Serbia,Czechia,514,523,153,157,361,366
Serbia,Denmark,183,184,89,90,94,94
Serbia,Finland,34,33,15,15,19,18
Serbia,France,5388,5490,2560,2612,2828,2878
Serbia,Georgia,48,47,13,13,35,34
Serbia,State of Palestine,76,76,72,73,4,3
Serbia,Germany,16083,16392,8019,8182,8064,8210
Serbia,Ghana,29,28,19,19,10,9
Serbia,Greece,914,930,450,458,464,472
Serbia,Hungary,1800,1833,585,597,1215,1236
Serbia,India,295,299,124,127,171,172
Serbia,Indonesia,32,31,20,20,12,11
Serbia,Iran (Islamic Republic of),65,65,59,60,6,5
Serbia,Iraq,176,177,115,117,61,60
Serbia,Ireland,52,51,27,27,25,24
Serbia,Israel,109,109,56,57,53,52
Serbia,Italy,1923,1958,1029,1049,894,909
Serbia,Japan,39,38,17,17,22,21
Serbia,Kazakhstan,97,97,18,18,79,79
Serbia,Jordan,99,99,77,78,22,21
Serbia,Republic of Korea,26,25,21,21,5,4
Serbia,Kuwait,67,67,40,41,27,26
Serbia,Lebanon,45,44,25,25,20,19
Serbia,Libya,374,379,215,219,159,160
Serbia,Lithuania,28,27,7,7,21,20
Serbia,Luxembourg,90,90,54,55,36,35
Serbia,Malta,53,52,27,27,26,25
Serbia,Mexico,26,25,11,11,15,14
Serbia,Republic of Moldova,230,233,30,31,200,202
Serbia,Montenegro,71224,72596,31311,31975,39913,40621
Serbia,Morocco,33,32,12,12,21,20
Serbia,Netherlands,752,764,392,399,360,365
Serbia,New Zealand,24,23,14,14,10,9
Serbia,Norway,138,139,76,78,62,61
Serbia,Peru,49,48,17,17,32,31
Serbia,Philippines,43,42,5,5,38,37
Serbia,Poland,664,675,80,82,584,593
Serbia,Portugal,39,38,24,24,15,14
Serbia,Romania,3607,3675,538,551,3069,3124
Serbia,Russian Federation,2944,2999,769,786,2175,2213
Serbia,Slovakia,476,484,127,130,349,354
Serbia,Slovenia,10930,11139,4744,4841,6186,6298
Serbia,South Africa,141,142,64,65,77,77
Serbia,Zimbabwe,28,27,12,12,16,15
Serbia,Spain,158,159,87,88,71,71
Serbia,Sweden,1191,1212,596,608,595,604
Serbia,Switzerland,2856,2910,1467,1498,1389,1412
Serbia,Syrian Arab Republic,123,123,99,100,24,23
Serbia,United Arab Emirates,24,23,12,12,12,11
Serbia,Tunisia,40,39,30,30,10,9
Serbia,Turkey,388,394,260,266,128,128
Serbia,Turkmenistan,29,28,6,6,23,22
Serbia,Ukraine,1274,1297,179,183,1095,1114
Serbia,North Macedonia,46737,47637,18274,18690,28463,28947
Serbia,Egypt,77,77,51,52,26,25
Serbia,United Kingdom,647,658,340,347,307,311
Serbia,United States of America,1286,1309,636,649,650,660
Serbia,Uzbekistan,80,80,6,6,74,74
Serbia,Venezuela (Bolivarian Republic of),37,36,19,19,18,17
Serbia,Zambia,57,56,26,26,31,30
Serbia,Other,664,747,320,279,344,468
Slovenia,Micronesia,0,0,0,0,0,0
Slovenia,Afghanistan,25,36,25,36,0,0
Slovenia,Albania,148,146,79,47,69,99
Slovenia,Algeria,28,40,22,30,6,10
Slovenia,Angola,2,2,1,0,1,2
Slovenia,Argentina,417,435,212,228,205,207
Slovenia,Armenia,13,17,4,7,9,10
Slovenia,Aruba,6,0,4,0,2,0
Slovenia,Australia,363,372,201,206,162,166
Slovenia,Austria,2820,2814,1358,1431,1462,1383
Slovenia,Azerbaijan,10,40,7,21,3,19
Slovenia,Bahamas,0,0,0,0,0,0
Slovenia,Bangladesh,3,20,3,19,0,1
Slovenia,Barbados,1,1,0,0,1,1
Slovenia,Belarus,143,213,40,76,103,137
Slovenia,Belgium,310,331,157,179,153,152
Slovenia,Belize,2,1,2,0,0,1
Slovenia,Benin,2,0,1,0,1,0
Slovenia,Bermuda,1,0,1,0,0,0
Slovenia,Bolivia (Plurinational State of),11,13,4,4,7,9
Slovenia,Bosnia and Herzegovina,100880,122235,61384,77056,39496,45179
Slovenia,Botswana,2,1,2,1,0,0
Slovenia,Brazil,114,199,37,71,77,128
Slovenia,Bulgaria,1179,1398,722,861,457,537
Slovenia,Burkina Faso,4,5,4,5,0,0
Slovenia,Burundi,3,3,3,2,0,1
Slovenia,Cabo Verde,4,3,3,2,1,1
Slovenia,Cambodia,6,3,1,0,5,3
Slovenia,Cameroon,17,21,16,18,1,3
Slovenia,Canada,389,390,203,210,186,180
Slovenia,Central African Republic,34,1,19,0,15,1
Slovenia,Chad,1,0,1,0,0,0
Slovenia,Chile,28,38,17,24,11,14
Slovenia,China,863,1113,469,594,394,519
Slovenia,Colombia,41,68,12,23,29,45
Slovenia,Comoros,0,0,0,0,0,0
Slovenia,Congo,9,3,6,1,3,2
Slovenia,Costa Rica,4,5,2,3,2,2
Slovenia,Côte d'Ivoire,2,2,1,1,1,1
Slovenia,Croatia,46995,46599,23087,23227,23908,23372
Slovenia,Cuba,70,95,36,45,34,50
Slovenia,Cyprus,16,10,7,5,9,5
Slovenia,Czechia,388,382,113,120,275,262
Slovenia,Dem. People's Republic of Korea,1,0,0,0,1,0
Slovenia,Democratic Republic of the Congo,6,11,3,7,3,4
Slovenia,Denmark,58,69,30,36,28,33
Slovenia,Dominica,2,0,0,0,2,0
Slovenia,Dominican Republic,166,199,22,37,144,162
Slovenia,Ecuador,9,10,4,3,5,7
Slovenia,Egypt,113,142,86,115,27,27
Slovenia,El Salvador,0,1,0,0,0,1
Slovenia,Eritrea,8,64,6,57,2,7
Slovenia,Estonia,28,24,13,11,15,13
Slovenia,Ethiopia,16,15,11,8,5,7
Slovenia,Fiji,1,0,0,0,1,0
Slovenia,Finland,33,39,12,18,21,21
Slovenia,France,1167,1182,558,605,609,577
Slovenia,French Polynesia,0,0,0,0,0,0
Slovenia,Gabon,1,0,1,0,0,0
Slovenia,Gambia,16,19,14,18,2,1
Slovenia,Georgia,18,31,9,18,9,13
Slovenia,Germany,7586,7682,3842,4031,3744,3651
Slovenia,Ghana,38,59,21,35,17,24
Slovenia,Greece,91,127,47,72,44,55
Slovenia,Guatemala,1,1,0,0,1,1
Slovenia,Guinea,5,6,3,3,2,3
Slovenia,Guinea-Bissau,18,35,10,23,8,12
Slovenia,Guyana,2,0,1,0,1,0
Slovenia,Haiti,10,1,6,0,4,1
Slovenia,Honduras,5,2,3,1,2,1
Slovenia,Hungary,402,467,164,193,238,274
Slovenia,Iceland,8,4,2,0,6,4
Slovenia,India,143,234,102,173,41,61
Slovenia,Indonesia,43,68,14,24,29,44
Slovenia,Iran (Islamic Republic of),89,161,61,103,28,58
Slovenia,Iraq,58,113,42,73,16,40
Slovenia,Ireland,44,58,26,34,18,24
Slovenia,Israel,34,50,23,34,11,16
Slovenia,Italy,3646,4511,2029,2725,1617,1786
Slovenia,Jamaica,9,6,6,5,3,1
Slovenia,Japan,81,98,35,44,46,54
Slovenia,Jordan,60,67,49,52,11,15
Slovenia,Kazakhstan,100,207,39,87,61,120
Slovenia,Kenya,25,35,11,15,14,20
Slovenia,Kuwait,11,12,8,9,3,3
Slovenia,Kyrgyzstan,7,19,1,5,6,14
Slovenia,Lao People's Democratic Republic,3,2,1,0,2,2
Slovenia,Latvia,38,64,6,18,32,46
Slovenia,Lebanon,23,26,21,25,2,1
Slovenia,Liberia,4,12,4,8,0,4
Slovenia,Libya,40,56,24,36,16,20
Slovenia,Liechtenstein,11,6,7,4,4,2
Slovenia,Lithuania,33,46,6,6,27,40
Slovenia,Luxembourg,39,39,24,22,15,17
Slovenia,Madagascar,15,22,4,5,11,17
Slovenia,Malawi,2,2,2,2,0,0
Slovenia,Malaysia,8,13,4,3,4,10
Slovenia,Maldives,1,3,1,3,0,0
Slovenia,Mali,6,6,2,4,4,2
Slovenia,Malta,8,7,4,4,4,3
Slovenia,Mauritania,0,0,0,0,0,0
Slovenia,Mauritius,8,5,6,4,2,1
Slovenia,Mexico,69,94,40,43,29,51
Slovenia,Mongolia,4,5,2,1,2,4
Slovenia,Montenegro,2843,3541,1533,1950,1310,1591
Slovenia,Montserrat,1,0,0,0,1,0
Slovenia,Morocco,22,36,16,24,6,12
Slovenia,Mozambique,4,3,2,1,2,2
Slovenia,Myanmar,2,1,0,0,2,1
Slovenia,Namibia,3,2,2,1,1,1
Slovenia,Nepal,14,27,9,17,5,10
Slovenia,Netherlands,325,374,186,226,139,148
Slovenia,New Zealand,27,28,17,15,10,13
Slovenia,Nicaragua,2,5,0,0,2,5
Slovenia,Niger,0,0,0,0,0,0
Slovenia,Nigeria,49,68,37,52,12,16
Slovenia,North Macedonia,15637,19133,9370,11414,6267,7719
Slovenia,Norway,16,30,6,17,10,13
Slovenia,Oman,1,0,1,0,0,0
Slovenia,Pakistan,26,42,20,31,6,11
Slovenia,Panama,2,1,1,1,1,0
Slovenia,Papua New Guinea,2,2,1,1,1,1
Slovenia,Paraguay,3,3,3,3,0,0
Slovenia,Peru,52,61,26,27,26,34
Slovenia,Philippines,114,181,22,35,92,146
Slovenia,Poland,413,399,155,113,258,286
Slovenia,Portugal,52,64,28,39,24,25
Slovenia,Qatar,1,1,1,1,0,0
Slovenia,Republic of Korea,25,48,10,20,15,28
Slovenia,Republic of Moldova,338,394,120,145,218,249
Slovenia,Romania,466,442,219,173,247,269
Slovenia,Russian Federation,2082,3572,809,1558,1273,2014
Slovenia,Rwanda,11,1,5,0,6,1
Slovenia,San Marino,1,0,1,0,0,0
Slovenia,Sao Tome and Principe,1,0,1,0,0,0
Slovenia,Saudi Arabia,17,26,13,21,4,5
Slovenia,Senegal,5,3,4,2,1,1
Slovenia,Serbia,39025,47393,23407,29222,15618,18171
Slovenia,Sierra Leone,5,4,5,4,0,0
Slovenia,Singapore,11,7,0,1,11,6
Slovenia,Slovakia,600,577,230,188,370,389
Slovenia,Solomon Islands,1,0,0,0,1,0
Slovenia,Somalia,35,25,23,18,12,7
Slovenia,South Africa,47,83,20,43,27,40
Slovenia,Spain,463,204,196,105,267,99
Slovenia,Sri Lanka,17,19,10,9,7,10
Slovenia,State of Palestine,2,5,2,4,0,1
Slovenia,Sudan,16,17,12,13,4,4
Slovenia,Suriname,0,0,0,0,0,0
Slovenia,Sweden,332,339,177,179,155,160
Slovenia,Switzerland,980,978,516,524,464,454
Slovenia,Syrian Arab Republic,61,247,42,151,19,96
Slovenia,Tajikistan,3,11,1,4,2,7
Slovenia,Thailand,220,314,24,34,196,280
Slovenia,Togo,3,0,3,0,0,0
Slovenia,Trinidad and Tobago,4,5,2,3,2,2
Slovenia,Tunisia,53,86,45,71,8,15
Slovenia,Turkey,116,237,86,173,30,64
Slovenia,Turkmenistan,5,11,1,5,4,6
Slovenia,Uganda,4,6,2,2,2,4
Slovenia,Ukraine,1803,2806,537,1000,1266,1806
Slovenia,United Arab Emirates,12,21,5,6,7,15
Slovenia,United Kingdom,559,740,321,441,238,299
Slovenia,United Republic of Tanzania,2,2,1,1,1,1
Slovenia,United States of America,702,866,379,480,323,386
Slovenia,Uruguay,11,13,4,6,7,7
Slovenia,Uzbekistan,32,78,9,32,23,46
Slovenia,Venezuela (Bolivarian Republic of),46,90,18,41,28,49
Slovenia,Viet Nam,15,24,1,3,14,21
Slovenia,Wallis and Futuna Islands,1,0,0,0,1,0
Slovenia,Western Sahara,3,1,2,0,1,1
Slovenia,Yemen,13,14,9,9,4,5
Slovenia,Zambia,5,6,4,3,1,3
Slovenia,Zimbabwe,12,18,7,10,5,8
Slovenia,Other,15,937,3,728,12,209
Spain,Micronesia,119,158,53,68,66,90
Spain,Afghanistan,458,615,348,465,110,150
Spain,Albania,1938,2615,1050,1395,888,1220
Spain,Algeria,56038,61611,35129,36917,20909,24694
Spain,Andorra,5900,7964,2861,3783,3039,4181
Spain,Angola,3553,4795,1966,2613,1587,2182
Spain,Argentina,251841,284921,128585,143613,123256,141308
Spain,Armenia,9516,12845,4678,6190,4838,6655
Spain,Australia,6376,8606,3253,4309,3123,4297
Spain,Austria,8844,11936,4063,5359,4781,6577
Spain,Azerbaijan,616,831,283,374,333,457
Spain,Bahamas,58,77,28,37,30,40
Spain,Bahrain,56,74,34,45,22,29
Spain,Bangladesh,9836,14594,7072,10144,2764,4450
Spain,Barbados,43,56,22,28,21,28
Spain,Belarus,3886,5245,1207,1560,2679,3685
Spain,Belgium,44130,51896,22327,26389,21803,25507
Spain,Belize,34,44,14,17,20,27
Spain,Benin,398,536,273,366,125,170
Spain,Bolivia (Plurinational State of),150680,159936,58927,62416,91753,97520
Spain,Bosnia and Herzegovina,2119,2858,1028,1359,1091,1499
Spain,Brazil,99187,133244,35030,49926,64157,83318
Spain,Brunei Darussalam,22,27,11,13,11,14
Spain,Bulgaria,126875,119741,64972,59426,61903,60315
Spain,Burkina Faso,1147,1547,825,1105,322,442
Spain,Burundi,107,141,49,63,58,78
Spain,Cabo Verde,4445,5999,1826,2396,2619,3603
Spain,Cambodia,95,125,32,40,63,85
Spain,Cameroon,5178,6990,3127,4171,2051,2819
Spain,Canada,6922,9343,3200,4223,3722,5120
Spain,Central African Republic,162,217,97,130,65,87
Spain,Chad,122,163,90,121,32,42
Spain,Chile,54400,61798,26031,29121,28369,32677
Spain,China,155713,179104,71920,80616,83793,98488
Spain,Colombia,347505,450377,143907,185701,203598,264676
Spain,Congo,2105,2840,1252,1668,853,1172
Spain,Costa Rica,3339,4505,1499,1975,1840,2530
Spain,Côte d'Ivoire,2958,3991,2067,2767,891,1224
Spain,Croatia,1684,2272,812,1073,872,1199
Spain,Cuba,131134,162368,58864,73028,72270,89340
Spain,Cyprus,366,493,193,256,173,237
Spain,Czechia,8548,11539,3396,4452,5152,7087
Spain,Dem. People's Republic of Korea,115,153,52,68,63,85
Spain,Democratic Republic of the Congo,1468,1980,876,1166,592,814
Spain,Denmark,11539,11659,5815,5862,5724,5797
Spain,Djibouti,21,26,15,19,6,7
Spain,Dominica,966,1302,322,417,644,885
Spain,Dominican Republic,156905,184832,61042,72868,95863,111964
Spain,Ecuador,416394,430275,195324,199838,221070,230437
Spain,Egypt,4128,5571,2768,3701,1360,1870
Spain,El Salvador,9192,12408,3301,4304,5891,8104
Spain,Equatorial Guinea,19339,22528,7462,8468,11877,14060
Spain,Eritrea,137,183,81,107,56,76
Spain,Estonia,1875,2529,699,912,1176,1617
Spain,Ethiopia,3713,5012,2008,2669,1705,2343
Spain,Fiji,32,42,15,19,17,23
Spain,Finland,12359,13200,5539,5785,6820,7415
Spain,France,203692,221373,98858,107276,104834,114097
Spain,Gabon,278,374,135,179,143,195
Spain,Gambia,17017,19489,13320,14958,3697,4531
Spain,Georgia,8760,11824,4016,5298,4744,6526
Spain,Germany,200641,200659,98763,97756,101878,102903
Spain,Ghana,12043,13778,8985,9451,3058,4327
Spain,Greece,3982,5373,2308,3070,1674,2303
Spain,Grenada,622,839,309,409,313,430
Spain,Guatemala,7411,10002,2832,3702,4579,6300
Spain,Guinea,9689,10911,6209,7125,3480,3786
Spain,Guinea-Bissau,5369,7246,4151,5571,1218,1675
Spain,Guyana,111,148,52,68,59,80
Spain,Haiti,723,976,396,528,327,448
Spain,Honduras,41333,99418,10959,26656,30374,72762
Spain,Hungary,9297,12548,4245,5599,5052,6949
Spain,Iceland,1122,1513,518,684,604,829
Spain,India,34447,47114,20810,28509,13637,18605
Spain,Indonesia,1937,2614,1016,1347,921,1267
Spain,Iran (Islamic Republic of),5888,7947,3436,4575,2452,3372
Spain,Iraq,1829,2467,1141,1523,688,944
Spain,Ireland,14925,16100,7710,8313,7215,7787
Spain,Israel,2858,3856,1769,2360,1089,1496
Spain,Italy,106324,153583,64435,90134,41889,63449
Spain,Jamaica,282,379,134,176,148,203
Spain,Japan,6128,8271,2291,2994,3837,5277
Spain,Jordan,2261,3050,1637,2192,624,858
Spain,Kazakhstan,1797,2424,721,945,1076,1479
Spain,Kenya,1555,2098,466,602,1089,1496
Spain,Kuwait,483,650,321,429,162,221
Spain,Kyrgyzstan,333,448,102,131,231,317
Spain,Lao People's Democratic Republic,188,251,89,115,99,136
Spain,Latvia,3987,5381,1532,2005,2455,3376
Spain,Lebanon,3341,4508,2218,2964,1123,1544
Spain,Liberia,819,1104,551,736,268,368
Spain,Libya,966,1302,596,794,370,508
Spain,Liechtenstein,115,153,53,69,62,84
Spain,Lithuania,16284,16492,7547,7046,8737,9446
Spain,Luxembourg,1425,1921,705,932,720,989
Spain,Madagascar,462,620,152,195,310,425
Spain,Malawi,65,86,31,40,34,46
Spain,Malaysia,602,811,263,346,339,465
Spain,Mali,17576,18734,15208,15540,2368,3194
Spain,Malta,312,420,154,204,158,216
Spain,Mauritania,8532,8879,6252,6134,2280,2745
Spain,Mauritius,241,324,129,172,112,152
Spain,Mexico,48613,60854,20525,25059,28088,35795
Spain,Micronesia (Fed. States of),119,158,53,68,66,90
Spain,Monaco,235,315,111,146,124,169
Spain,Mongolia,419,565,144,189,275,376
Spain,Montenegro,167,225,96,128,71,97
Spain,Morocco,699880,785884,395003,430708,304877,355176
Spain,Mozambique,1197,1615,594,787,603,828
Spain,Myanmar,87,116,49,65,38,51
Spain,Namibia,126,168,57,74,69,94
Spain,Nepal,3136,4232,1915,2553,1221,1679
Spain,Netherlands,46711,51778,24290,26853,22421,24925
Spain,New Zealand,1073,1446,605,803,468,643
Spain,Nicaragua,20361,42784,4819,11563,15542,31221
Spain,Niger,280,377,215,290,65,87
Spain,Nigeria,30198,29016,17608,16127,12590,12889
Spain,North Macedonia,627,845,318,421,309,424
Spain,Norway,16018,15024,7957,7457,8061,7567
Spain,Oman,51,66,33,42,18,24
Spain,Pakistan,54547,63819,37953,41074,16594,22745
Spain,Panama,4246,5730,1784,2344,2462,3386
Spain,Papua New Guinea,30,39,16,21,14,18
Spain,Paraguay,58926,77926,16474,23779,42452,54147
Spain,Peru,184802,226473,82081,98412,102721,128061
Spain,Philippines,42659,51181,15840,18643,26819,32538
Spain,Poland,63864,63466,29642,27866,34222,35600
Spain,Portugal,112032,108063,64253,60260,47779,47803
Spain,Qatar,91,121,60,80,31,41
Spain,Republic of Korea,4189,5654,1854,2443,2335,3211
Spain,Republic of Moldova,17084,21738,8050,10011,9034,11727
Spain,Romania,646181,613336,322609,300285,323572,313051
Spain,Russian Federation,79255,96126,28586,34349,50669,61777
Spain,Rwanda,283,381,154,205,129,176
Spain,Saint Lucia,45,59,25,32,20,27
Spain,San Marino,37,48,19,24,18,24
Spain,Sao Tome and Principe,189,252,94,123,95,129
Spain,Saudi Arabia,845,1140,534,714,311,426
Spain,Senegal,49461,59549,38720,45072,10741,14477
Spain,Serbia,3900,5264,1894,2504,2006,2760
Spain,Seychelles,40,52,19,24,21,28
Spain,Sierra Leone,1025,1382,696,930,329,452
Spain,Singapore,503,678,186,243,317,435
Spain,Slovakia,7297,9849,3085,4054,4212,5795
Spain,Slovenia,1312,1382,610,632,702,750
Spain,Somalia,272,366,168,224,104,142
Spain,South Africa,2829,3817,1494,1981,1335,1836
Spain,Sri Lanka,628,846,389,518,239,328
Spain,State of Palestine,0,2569,0,1229,0,1340
Spain,Sudan,389,524,271,363,118,161
Spain,Suriname,218,291,89,115,129,176
Spain,Sweden,19318,21562,8736,9896,10582,11666
Spain,Switzerland,62286,65924,30931,32616,31355,33308
Spain,Syrian Arab Republic,5910,16938,3904,11083,2006,5855
Spain,Tajikistan,84,112,44,58,40,54
Spain,Thailand,2084,2812,520,661,1564,2151
Spain,Togo,508,684,345,462,163,222
Spain,Trinidad and Tobago,206,276,74,95,132,181
Spain,Tunisia,2734,3688,1844,2465,890,1223
Spain,Turkey,3969,5356,2467,3291,1502,2065
Spain,Turkmenistan,60,79,20,25,40,54
Spain,Tuvalu,34,44,20,26,14,18
Spain,Uganda,211,282,110,144,101,138
Spain,Ukraine,81618,106373,34503,44629,47115,61744
Spain,United Arab Emirates,326,438,186,247,140,191
Spain,United Kingdom,305969,303193,152548,150924,153421,152269
Spain,United Republic of Tanzania,360,486,175,232,185,254
Spain,United States of America,42291,57112,19947,26974,22344,30138
Spain,Uruguay,73640,81427,37286,40768,36354,40659
Spain,Uzbekistan,642,865,227,295,415,570
Spain,Venezuela (Bolivarian Republic of),160478,325667,73721,148762,86757,176905
Spain,Viet Nam,1634,2205,753,994,881,1211
Spain,Yemen,139,187,101,136,38,51
Spain,Zambia,148,198,69,91,79,107
Spain,Zimbabwe,335,451,170,225,165,226
Spain,Other,15178,19217,8066,10082,7112,9135
Austria,Micronesia,2,1,1,0,1,1
Austria,Afghanistan,41725,47602,28486,32347,13239,15255
Austria,Albania,3230,4398,1568,2134,1662,2264
Austria,Algeria,1340,1581,1031,1158,309,423
Austria,Andorra,2,3,1,3,1,0
Austria,Angola,397,436,208,232,189,204
Austria,Antigua and Barbuda,5,8,0,1,5,7
Austria,Argentina,1490,1698,718,847,772,851
Austria,Armenia,2998,3433,1437,1605,1561,1828
Austria,Aruba,2,1,1,0,1,1
Austria,Australia,2187,2548,1066,1290,1121,1258
Austria,Azerbaijan,1199,1410,582,689,617,721
Austria,Bahamas,22,23,11,14,11,9
Austria,Bahrain,26,41,11,17,15,24
Austria,Bangladesh,2632,3326,1728,2158,904,1168
Austria,Barbados,20,19,11,11,9,8
Austria,Belarus,1756,2113,413,537,1343,1576
Austria,Belgium,2446,3013,1144,1501,1302,1512
Austria,Belize,7,9,2,2,5,7
Austria,Benin,97,113,65,85,32,28
Austria,Bermuda,17,15,8,8,9,7
Austria,Bhutan,25,23,13,10,12,13
Austria,Bolivia (Plurinational State of),457,514,192,221,265,293
Austria,Bosnia and Herzegovina,152759,168798,75141,83258,77618,85540
Austria,Botswana,21,23,8,6,13,17
Austria,Brazil,4761,6173,1591,2225,3170,3948
Austria,British Virgin Islands,1,1,1,0,0,1
Austria,Brunei Darussalam,11,8,8,5,3,3
Austria,Bulgaria,20786,29257,8995,13145,11791,16112
Austria,Burkina Faso,132,159,73,88,59,71
Austria,Burundi,79,99,38,49,41,50
Austria,Cabo Verde,35,54,11,19,24,35
Austria,Cambodia,815,886,339,368,476,518
Austria,Cameroon,639,793,366,439,273,354
Austria,Canada,2242,2613,1063,1272,1179,1341
Austria,Cayman Islands,3,6,2,4,1,2
Austria,Central African Republic,21,26,12,13,9,13
Austria,Chad,21,18,14,11,7,7
Austria,Chile,1153,1384,530,669,623,715
Austria,China,14883,17776,6238,7502,8645,10274
Austria,"China, Hong Kong SAR",0,0,0,0,0,0
Austria,"China, Macao SAR",0,0,0,0,0,0
Austria,Colombia,1604,2139,613,841,991,1298
Austria,Comoros,2,0,1,0,1,0
Austria,Congo,268,327,138,181,130,146
Austria,Costa Rica,177,220,73,95,104,125
Austria,Côte d'Ivoire,255,323,165,201,90,122
Austria,Croatia,40118,46770,18435,21991,21683,24779
Austria,Cuba,865,1020,285,366,580,654
Austria,Cyprus,287,346,146,172,141,174
Austria,Czechia,38777,37118,14144,13675,24633,23443
Austria,Dem. People's Republic of Korea,118,113,60,56,58,57
Austria,Democratic Republic of the Congo,888,1007,456,520,432,487
Austria,Denmark,1232,1368,527,604,705,764
Austria,Djibouti,5,8,4,6,1,2
Austria,Dominica,29,38,7,13,22,25
Austria,Dominican Republic,2915,3224,857,1027,2058,2197
Austria,Ecuador,648,796,265,337,383,459
Austria,Egypt,13000,14779,8153,9225,4847,5554
Austria,El Salvador,92,108,40,42,52,66
Austria,Equatorial Guinea,10,7,5,2,5,5
Austria,Eritrea,228,357,134,216,94,141
Austria,Estonia,471,571,139,169,332,402
Austria,Eswatini,25,23,12,10,13,13
Austria,Ethiopia,1138,1382,461,599,677,783
Austria,Faroe Islands,1,0,1,0,0,0
Austria,Fiji,26,25,11,10,15,15
Austria,Finland,1490,1771,421,556,1069,1215
Austria,France,7943,9184,3501,4213,4442,4971
Austria,French Polynesia,5,7,3,4,2,3
Austria,Gabon,35,46,23,22,12,24
Austria,Gambia,599,760,507,623,92,137
Austria,Georgia,3028,3716,1317,1627,1711,2089
Austria,Germany,206750,232836,94448,109814,112302,123022
Austria,Ghana,2120,2339,1212,1360,908,979
Austria,Gibraltar,9,11,4,6,5,5
Austria,Greece,5060,6778,2962,3927,2098,2851
Austria,Greenland,2,2,1,0,1,2
Austria,Grenada,15,18,6,7,9,11
Austria,Guam,0,0,0,0,0,0
Austria,Guatemala,373,433,199,228,174,205
Austria,Guinea,313,461,228,325,85,136
Austria,Guinea-Bissau,74,96,63,76,11,20
Austria,Guyana,18,19,5,5,13,14
Austria,Haiti,86,108,39,52,47,56
Austria,Honduras,99,124,32,48,67,76
Austria,Hungary,59149,79205,26451,36102,32698,43103
Austria,Iceland,176,206,87,113,89,93
Austria,India,12586,14992,7253,8675,5333,6317
Austria,Indonesia,1202,1442,377,463,825,979
Austria,Iran (Islamic Republic of),15582,24092,8503,13784,7079,10308
Austria,Iraq,15474,15343,9499,9801,5975,5542
Austria,Ireland,1047,1290,593,751,454,539
Austria,Israel,2109,2226,1187,1283,922,943
Austria,Italy,28164,34205,14569,18423,13595,15782
Austria,Jamaica,203,222,81,92,122,130
Austria,Japan,2511,2867,701,857,1810,2010
Austria,Jordan,677,958,450,598,227,360
Austria,Kazakhstan,1825,2414,640,845,1185,1569
Austria,Kenya,1015,1254,296,376,719,878
Austria,Kuwait,258,490,166,307,92,183
Austria,Kyrgyzstan,777,980,254,335,523,645
Austria,Lao People's Democratic Republic,120,134,53,59,67,75
Austria,Latvia,1304,1708,426,583,878,1125
Austria,Lebanon,1566,1942,906,1104,660,838
Austria,Lesotho,4,6,0,1,4,5
Austria,Liberia,239,240,191,188,48,52
Austria,Libya,741,910,420,541,321,369
Austria,Liechtenstein,317,332,125,132,192,200
Austria,Lithuania,1206,1537,377,509,829,1028
Austria,Luxembourg,836,1178,454,663,382,515
Austria,Madagascar,105,133,26,39,79,94
Austria,Malawi,51,51,26,31,25,20
Austria,Malaysia,484,588,202,243,282,345
Austria,Maldives,13,14,9,11,4,3
Austria,Mali,112,125,80,90,32,35
Austria,Malta,101,121,43,55,58,66
Austria,Mauritania,24,31,23,28,1,3
Austria,Mauritius,113,126,42,51,71,75
Austria,Mexico,1705,2277,697,943,1008,1334
Austria,Micronesia (Fed. States of),1,1,0,0,1,1
Austria,Monaco,26,23,14,14,12,9
Austria,Mongolia,1825,2242,550,724,1275,1518
Austria,Montenegro,1643,1937,796,943,847,994
Austria,Morocco,1968,2411,1107,1320,861,1091
Austria,Mozambique,91,98,38,40,53,58
Austria,Myanmar,95,134,42,63,53,71
Austria,Namibia,214,246,84,99,130,147
Austria,Nauru,0,0,0,0,0,0
Austria,Nepal,610,799,355,434,255,365
Austria,Netherlands,7855,9128,3787,4579,4068,4549
Austria,New Caledonia,1,0,0,0,1,0
Austria,New Zealand,451,492,238,269,213,223
Austria,Nicaragua,222,275,88,111,134,164
Austria,Niger,38,40,24,24,14,16
Austria,Nigeria,7170,8535,4659,5378,2511,3157
Austria,North Macedonia,22352,26880,11657,14030,10695,12850
Austria,Norway,737,860,286,380,451,480
Austria,Oman,139,102,99,71,40,31
Austria,Pakistan,4985,6097,3358,4076,1627,2021
Austria,Palau,1,0,1,0,0,0
Austria,Panama,63,65,23,26,40,39
Austria,Papua New Guinea,79,76,38,37,41,39
Austria,Paraguay,207,217,87,91,120,126
Austria,Peru,1570,1816,506,636,1064,1180
Austria,Philippines,12138,13297,3842,4257,8296,9040
Austria,Poland,67217,75752,31386,36503,35831,39249
Austria,Portugal,2303,2930,1335,1730,968,1200
Austria,Puerto Rico,0,0,0,0,0,0
Austria,Qatar,29,63,22,40,7,23
Austria,Republic of Korea,2210,2553,778,926,1432,1627
Austria,Republic of Moldova,2084,3298,731,1257,1353,2041
Austria,Romania,87770,121355,39163,57536,48607,63819
Austria,Russian Federation,30501,34745,12228,13852,18273,20893
Austria,Rwanda,217,250,116,124,101,126
Austria,Saint Helena,1,0,1,0,0,0
Austria,Saint Kitts and Nevis,2,0,1,0,1,0
Austria,Saint Lucia,14,16,9,10,5,6
Austria,Saint Vincent and the Grenadines,10,12,4,6,6,6
Austria,Samoa,6,6,2,3,4,3
Austria,San Marino,2,1,0,0,2,1
Austria,Sao Tome and Principe,2,1,2,1,0,0
Austria,Saudi Arabia,609,828,331,467,278,361
Austria,Senegal,331,383,228,265,103,118
Austria,Serbia,160038,177609,76566,86099,83472,91510
Austria,Seychelles,29,32,12,13,17,19
Austria,Sierra Leone,227,236,165,170,62,66
Austria,Singapore,284,347,115,136,169,211
Austria,Slovakia,34090,42800,12092,15835,21998,26965
Austria,Slovenia,20300,24263,8919,11132,11381,13131
Austria,Solomon Islands,5,11,3,6,2,5
Austria,Somalia,6103,8547,4014,5473,2089,3074
Austria,South Africa,2336,2871,1016,1300,1320,1571
Austria,Spain,5988,7575,2880,3669,3108,3906
Austria,Sri Lanka,852,973,451,515,401,458
Austria,State of Palestine,384,352,256,232,128,120
Austria,Sudan,663,783,472,529,191,254
Austria,Suriname,22,22,11,9,11,13
Austria,Sweden,2808,3051,1122,1268,1686,1783
Austria,Switzerland,13842,15405,6185,7046,7657,8359
Austria,Syrian Arab Republic,33563,53259,24296,31356,9267,21903
Austria,Tajikistan,472,633,221,310,251,323
Austria,Thailand,5369,6244,717,900,4652,5344
Austria,Timor-Leste,35,35,11,10,24,25
Austria,Togo,202,220,124,137,78,83
Austria,Tonga,6,7,1,0,5,7
Austria,Trinidad and Tobago,107,111,44,49,63,62
Austria,Tunisia,3544,4181,2412,2772,1132,1409
Austria,Turkey,153899,159999,80010,83627,73889,76372
Austria,Turkmenistan,199,230,51,79,148,151
Austria,Tuvalu,0,0,0,0,0,0
Austria,Uganda,292,374,151,179,141,195
Austria,Ukraine,10243,14046,2992,4362,7251,9684
Austria,United Arab Emirates,296,558,155,289,141,269
Austria,United Kingdom,9925,11721,5300,6375,4625,5346
Austria,United Republic of Tanzania,187,223,101,108,86,115
Austria,United States of America,10070,11648,4822,5721,5248,5927
Austria,Uruguay,224,273,104,132,120,141
Austria,Uzbekistan,978,1190,412,511,566,679
Austria,Vanuatu,7,6,3,3,4,3
Austria,Venezuela (Bolivarian Republic of),919,1302,367,534,552,768
Austria,Viet Nam,2856,3412,1244,1464,1612,1948
Austria,Western Sahara,1,4,1,1,0,3
Austria,Yemen,115,366,77,231,38,135
Austria,Zambia,103,130,40,52,63,78
Austria,Zimbabwe,315,352,150,169,165,183
Belgium,Micronesia,0,0,0,0,0,0
Belgium,Afghanistan,12819,24670,8950,17449,3869,7221
Belgium,Albania,9380,11937,4711,5925,4669,6012
Belgium,Algeria,25666,27491,14539,15180,11127,12311
Belgium,Andorra,45,42,24,21,21,21
Belgium,Angola,6327,7095,3223,3579,3104,3516
Belgium,Antigua and Barbuda,2,1,1,0,1,1
Belgium,Argentina,2261,2587,1071,1198,1190,1389
Belgium,Armenia,1413,1834,769,964,644,870
Belgium,Australia,1487,1598,764,832,723,766
Belgium,Austria,3296,3354,1406,1441,1890,1913
Belgium,Azerbaijan,202,292,117,159,85,133
Belgium,Bahamas,15,13,8,6,7,7
Belgium,Bahrain,52,60,30,31,22,29
Belgium,Bangladesh,2706,2694,1732,1597,974,1097
Belgium,Barbados,17,22,5,11,12,11
Belgium,Belarus,481,585,238,270,243,315
Belgium,Belize,13,12,6,4,7,8
Belgium,Benin,1387,1640,822,934,565,706
Belgium,Bermuda,31,30,13,13,18,17
Belgium,Bhutan,280,269,193,185,87,84
Belgium,Bolivia (Plurinational State of),1152,1274,461,516,691,758
Belgium,Bosnia and Herzegovina,521,714,263,347,258,367
Belgium,Botswana,45,38,20,20,25,18
Belgium,Brazil,12618,16345,4939,6547,7679,9798
Belgium,British Virgin Islands,7,5,1,0,6,5
Belgium,Brunei Darussalam,16,21,7,9,9,12
Belgium,Bulgaria,28749,37595,14340,18710,14409,18885
Belgium,Burkina Faso,1348,1664,694,832,654,832
Belgium,Burundi,6824,8485,3028,3761,3796,4724
Belgium,Cabo Verde,735,919,334,421,401,498
Belgium,Cambodia,1444,1502,566,565,878,937
Belgium,Cameroon,16056,21165,7683,10032,8373,11133
Belgium,Canada,4917,5075,2212,2331,2705,2744
Belgium,Cayman Islands,1,0,1,0,0,0
Belgium,Central African Republic,411,498,228,268,183,230
Belgium,Chad,496,545,278,299,218,246
Belgium,Chile,4223,4350,2015,2093,2208,2257
Belgium,China,19048,21418,8034,8840,11014,12578
Belgium,Colombia,6119,7250,2490,2938,3629,4312
Belgium,Comoros,88,91,30,33,58,58
Belgium,Congo,4084,3948,1943,1861,2141,2087
Belgium,Costa Rica,284,349,129,159,155,190
Belgium,Côte d'Ivoire,5642,6711,2889,3396,2753,3315
Belgium,Croatia,249,558,111,256,138,302
Belgium,Cuba,1724,1926,660,742,1064,1184
Belgium,Cyprus,488,557,251,281,237,276
Belgium,Czechia,657,800,319,352,338,448
Belgium,Dem. People's Republic of Korea,131,94,66,43,65,51
Belgium,Democratic Republic of the Congo,83629,86925,38440,39657,45189,47268
Belgium,Denmark,2405,2467,1084,1135,1321,1332
Belgium,Djibouti,1212,1464,606,705,606,759
Belgium,Dominica,147,198,49,73,98,125
Belgium,Dominican Republic,2666,3078,969,1180,1697,1898
Belgium,Ecuador,6145,6712,2469,2696,3676,4016
Belgium,Egypt,4322,5188,2952,3463,1370,1725
Belgium,El Salvador,547,1081,236,488,311,593
Belgium,Equatorial Guinea,82,118,22,34,60,84
Belgium,Eritrea,248,2464,174,1589,74,875
Belgium,Estonia,729,962,241,291,488,671
Belgium,Eswatini,66,61,27,20,39,41
Belgium,Ethiopia,4056,5283,2218,2926,1838,2357
Belgium,Fiji,26,24,12,11,14,13
Belgium,Finland,2560,2666,888,932,1672,1734
Belgium,France,182214,189544,82542,86903,99672,102641
Belgium,French Polynesia,114,105,47,43,67,62
Belgium,Gabon,614,770,284,340,330,430
Belgium,Gambia,711,934,446,585,265,349
Belgium,Georgia,499,690,251,366,248,324
Belgium,Germany,81532,81650,36932,37479,44600,44171
Belgium,Ghana,8956,10443,4663,5460,4293,4983
Belgium,Gibraltar,11,11,5,4,6,7
Belgium,Greece,16193,18201,8045,9041,8148,9160
Belgium,Greenland,3,3,1,0,2,3
Belgium,Grenada,3,5,2,2,1,3
Belgium,Guatemala,832,890,400,421,432,469
Belgium,Guinea,12984,17039,6758,8672,6226,8367
Belgium,Guinea-Bissau,276,364,162,213,114,151
Belgium,Guyana,92,101,37,37,55,64
Belgium,Haiti,1925,2038,853,902,1072,1136
Belgium,Honduras,261,322,77,99,184,223
Belgium,Hungary,8032,8293,3640,3595,4392,4698
Belgium,Iceland,233,231,99,97,134,134
Belgium,India,19815,25900,10320,13499,9495,12401
Belgium,Indonesia,3354,3598,1257,1267,2097,2331
Belgium,Iran (Islamic Republic of),10554,11918,5912,6543,4642,5375
Belgium,Iraq,11076,21413,7010,13475,4066,7938
Belgium,Ireland,3333,3425,1666,1724,1667,1701
Belgium,Israel,3532,3418,2095,1999,1437,1419
Belgium,Italy,119955,121283,61660,62419,58295,58864
Belgium,Jamaica,397,463,155,199,242,264
Belgium,Japan,4677,4804,1994,2076,2683,2728
Belgium,Jordan,1061,1388,669,841,392,547
Belgium,Kazakhstan,1051,1176,527,582,524,594
Belgium,Kenya,1420,1692,521,587,899,1105
Belgium,Kiribati,0,0,0,0,0,0
Belgium,Kuwait,258,519,180,330,78,189
Belgium,Kyrgyzstan,334,391,172,188,162,203
Belgium,Lao People's Democratic Republic,1149,1136,542,523,607,613
Belgium,Latvia,1218,1854,448,663,770,1191
Belgium,Lebanon,6349,8301,3896,5004,2453,3297
Belgium,Lesotho,17,15,3,3,14,12
Belgium,Liberia,916,983,582,622,334,361
Belgium,Libya,737,1291,441,784,296,507
Belgium,Liechtenstein,5,6,1,2,4,4
Belgium,Lithuania,1512,2447,553,830,959,1617
Belgium,Luxembourg,13351,14435,6287,6879,7064,7556
Belgium,Madagascar,2079,2391,584,681,1495,1710
Belgium,Malawi,95,85,48,49,47,36
Belgium,Malaysia,719,820,307,340,412,480
Belgium,Maldives,4,4,2,2,2,2
Belgium,Mali,940,1028,508,544,432,484
Belgium,Malta,435,488,196,227,239,261
Belgium,Mauritania,2172,2441,1703,1816,469,625
Belgium,Mauritius,3334,3419,827,836,2507,2583
Belgium,Mexico,2375,3133,912,1196,1463,1937
Belgium,Monaco,134,138,62,58,72,80
Belgium,Mongolia,778,844,279,300,499,544
Belgium,Montenegro,15,36,5,17,10,19
Belgium,Morocco,208071,225217,107420,114638,100651,110579
Belgium,Mozambique,447,480,202,213,245,267
Belgium,Myanmar,224,195,153,120,71,75
Belgium,Namibia,67,90,31,38,36,52
Belgium,Nepal,3529,4021,1883,2061,1646,1960
Belgium,Netherlands,128544,133062,63812,66063,64732,66999
Belgium,New Caledonia,81,96,30,34,51,62
Belgium,New Zealand,386,417,194,235,192,182
Belgium,Nicaragua,302,407,127,167,175,240
Belgium,Niger,1778,2056,1087,1214,691,842
Belgium,Nigeria,5539,6401,2713,3104,2826,3297
Belgium,North Macedonia,1290,1803,666,899,624,904
Belgium,Norway,1164,1195,543,580,621,615
Belgium,Oman,32,53,19,28,13,25
Belgium,Pakistan,11995,13246,7639,8143,4356,5103
Belgium,Panama,171,211,59,76,112,135
Belgium,Papua New Guinea,35,28,11,9,24,19
Belgium,Paraguay,447,521,156,182,291,339
Belgium,Peru,3593,3979,1267,1412,2326,2567
Belgium,Philippines,10423,11778,2384,2700,8039,9078
Belgium,Poland,73447,78798,32007,34005,41440,44793
Belgium,Portugal,34303,37506,17499,19360,16804,18146
Belgium,Qatar,68,105,46,64,22,41
Belgium,Republic of Korea,4306,4589,1512,1615,2794,2974
Belgium,Republic of Moldova,775,2254,386,1081,389,1173
Belgium,Romania,65150,92559,33921,50012,31229,42547
Belgium,Russian Federation,6904,8210,3593,4149,3311,4061
Belgium,Rwanda,13990,14688,6332,6572,7658,8116
Belgium,Saint Helena,1,0,0,0,1,0
Belgium,Saint Kitts and Nevis,1,0,0,0,1,0
Belgium,Saint Lucia,16,19,7,7,9,12
Belgium,Saint Pierre and Miquelon,1,0,1,0,0,0
Belgium,Saint Vincent and the Grenadines,4,6,3,3,1,3
Belgium,Samoa,3,6,0,0,3,6
Belgium,San Marino,14,14,7,7,7,7
Belgium,Sao Tome and Principe,85,132,45,71,40,61
Belgium,Saudi Arabia,485,1025,276,590,209,435
Belgium,Senegal,5404,6767,3087,3721,2317,3046
Belgium,Serbia,548,769,278,390,270,379
Belgium,Seychelles,76,83,29,29,47,54
Belgium,Sierra Leone,1964,2407,1288,1562,676,845
Belgium,Singapore,588,696,244,306,344,390
Belgium,Slovakia,1307,1752,674,852,633,900
Belgium,Slovenia,154,268,70,126,84,142
Belgium,Solomon Islands,4,3,3,3,1,0
Belgium,Somalia,3319,7393,1763,3971,1556,3422
Belgium,South Africa,3596,4176,1691,1959,1905,2217
Belgium,Spain,46030,49754,21377,23354,24653,26400
Belgium,Sri Lanka,1901,2246,977,1133,924,1113
Belgium,State of Palestine,660,2808,476,1934,184,874
Belgium,Sudan,1047,1524,689,1041,358,483
Belgium,Suriname,3017,4694,1375,2096,1642,2598
Belgium,Sweden,3342,3204,1493,1440,1849,1764
Belgium,Switzerland,5048,5370,2284,2476,2764,2894
Belgium,Syrian Arab Republic,10860,33724,6641,19215,4219,14509
Belgium,Tajikistan,48,70,28,33,20,37
Belgium,Thailand,8668,9955,1886,2158,6782,7797
Belgium,Timor-Leste,7,4,3,1,4,3
Belgium,Togo,5502,6373,3245,3584,2257,2789
Belgium,Tonga,4,3,2,1,2,2
Belgium,Trinidad and Tobago,83,106,28,36,55,70
Belgium,Tunisia,13996,16137,8937,10082,5059,6055
Belgium,Turkey,98250,101925,50924,52794,47326,49131
Belgium,Turkmenistan,9,15,5,8,4,7
Belgium,Tuvalu,0,1,0,0,0,1
Belgium,Uganda,667,843,297,360,370,483
Belgium,Ukraine,1394,2648,714,1239,680,1409
Belgium,United Arab Emirates,405,864,201,470,204,394
Belgium,United Kingdom,22484,22472,11844,11993,10640,10479
Belgium,United Republic of Tanzania,615,732,298,338,317,394
Belgium,United States of America,15979,16382,7972,8261,8007,8121
Belgium,Uruguay,490,533,248,273,242,260
Belgium,Uzbekistan,395,418,195,213,200,205
Belgium,Vanuatu,15,13,7,5,8,8
Belgium,Venezuela (Bolivarian Republic of),1511,2613,659,1138,852,1475
Belgium,Viet Nam,8206,8596,3594,3654,4612,4942
Belgium,Wallis and Futuna Islands,2,2,0,0,2,2
Belgium,Western Sahara,28,41,21,31,7,10
Belgium,Yemen,201,426,134,290,67,136
Belgium,Zambia,338,359,136,144,202,215
Belgium,Zimbabwe,459,503,214,234,245,269
Belgium,Other,107763,113509,47358,49702,60405,63807
France,Micronesia,12,10,3,4,9,6
France,Afghanistan,6510,35348,3175,17287,3335,18061
France,Albania,6967,8925,3550,4560,3417,4365
France,Algeria,1489151,1637211,787832,867851,701319,769360
France,American Samoa,1,0,0,0,1,0
France,Andorra,1020,1120,420,463,600,657
France,Angola,22153,24350,10998,12116,11155,12234
France,Anguilla,10,9,7,6,3,3
France,Antigua and Barbuda,63,67,14,15,49,52
France,Argentina,13472,14807,5476,6039,7996,8768
France,Armenia,19860,21830,8157,8996,11703,12834
France,Aruba,11,10,4,3,7,7
France,Australia,8688,9548,3733,4113,4955,5435
France,Austria,10916,9993,4282,4055,6634,5938
France,Azerbaijan,4278,4702,1999,2203,2279,2499
France,Bahamas,46,48,17,18,29,30
France,Bahrain,166,181,71,78,95,103
France,Bangladesh,7726,12878,3768,6296,3958,6582
France,Barbados,79,86,35,39,44,47
France,Belarus,3537,3887,1240,1368,2297,2519
France,Belgium,153120,163609,69720,74669,83400,88940
France,Belize,9,8,1,0,8,8
France,Benin,21245,23352,10901,12010,10344,11342
France,Bermuda,118,128,38,41,80,87
France,Bhutan,149,162,73,79,76,83
France,Bolivia (Plurinational State of),3274,3598,1290,1422,1984,2176
France,"Bonaire, Sint Eustatius and Saba",96,104,38,42,58,62
France,Bosnia and Herzegovina,14506,15944,6684,7367,7822,8577
France,Botswana,41,43,17,18,24,25
France,Brazil,59744,65671,21643,23885,38101,41786
France,Brunei Darussalam,50,52,14,13,36,39
France,Bulgaria,26463,34807,11940,15764,14523,19043
France,Burkina Faso,9096,9997,4646,5116,4450,4881
France,Burundi,1941,2133,798,880,1143,1253
France,Cabo Verde,23200,25501,9798,10804,13402,14697
France,Cambodia,65925,72465,31066,34235,34859,38230
France,Cameroon,84591,92983,31002,34214,53589,58769
France,Canada,26786,29442,11339,12503,15447,16939
France,Central African Republic,17399,19125,8120,8949,9279,10176
France,Chad,7719,8484,4131,4550,3588,3934
France,Chile,14988,16473,6733,7420,8255,9053
France,China,114531,125893,44711,49322,69820,76571
France,"China, Hong Kong SAR",535,587,223,245,312,342
France,"China, Macao SAR",17,16,8,7,9,9
France,Colombia,28340,31151,11341,12509,16999,18642
France,Comoros,38126,41908,17043,18788,21083,23120
France,Congo,72306,79478,35770,39409,36536,40069
France,Cook Islands,3,3,0,0,3,3
France,Costa Rica,782,858,321,353,461,505
France,Côte d'Ivoire,93604,102889,40947,45141,52657,57748
France,Croatia,9265,8974,4533,4283,4732,4691
France,Cuba,4974,5466,1868,2060,3106,3406
France,Cyprus,1003,1116,462,495,541,621
France,Czechia,8998,8907,3142,3190,5856,5717
France,Dem. People's Republic of Korea,63,67,24,25,39,42
France,Democratic Republic of the Congo,79851,87772,36081,39771,43770,48001
France,Denmark,5792,5805,2313,2380,3479,3425
France,Djibouti,6838,7515,3367,3708,3471,3807
France,Dominica,6704,7368,2011,2221,4693,5147
France,Dominican Republic,3632,3992,1090,1204,2542,2788
France,Ecuador,4304,4730,1397,1542,2907,3188
France,Egypt,32197,35390,19959,21969,12238,13421
France,El Salvador,1158,1271,430,473,728,798
France,Equatorial Guinea,404,443,160,176,244,267
France,Eritrea,3129,7811,1527,3825,1602,3986
France,Estonia,1203,1312,407,366,796,946
France,Eswatini,21,21,6,6,15,15
France,Ethiopia,9028,9923,3086,3407,5942,6516
France,Faroe Islands,3,4,0,1,3,3
France,Fiji,162,177,62,68,100,109
France,Finland,3813,3479,1064,936,2749,2543
France,Gabon,20586,22627,9051,9977,11535,12650
France,Gambia,1982,2178,965,1064,1017,1114
France,Georgia,7891,8673,3555,3918,4336,4755
France,Germany,208751,203426,89330,88021,119421,115405
France,Ghana,6968,7658,3422,3770,3546,3888
France,Gibraltar,72,77,19,20,53,57
France,Greece,13221,15488,6457,7320,6764,8168
France,Greenland,13,12,2,1,11,11
France,Guatemala,3115,3423,1404,1546,1711,1877
France,Guinea,31439,34557,16395,18057,15044,16500
France,Guinea-Bissau,3189,3506,1787,1969,1402,1537
France,Guyana,4912,5398,1849,2040,3063,3358
France,Haiti,77368,85042,31395,34625,45973,50417
France,Honduras,609,669,231,255,378,414
France,Hungary,11468,11882,5101,4992,6367,6890
France,Iceland,398,436,135,149,263,287
France,India,50020,54982,22399,24690,27621,30292
France,Indonesia,5147,5658,1650,1824,3497,3834
France,Iran (Islamic Republic of),23716,26069,12131,13364,11585,12705
France,Iraq,6369,10159,3476,5558,2893,4601
France,Ireland,9748,10765,4489,4783,5259,5982
France,Isle of Man,13,12,2,1,11,11
France,Israel,9571,10520,4433,4887,5138,5633
France,Italy,324629,325933,157711,159514,166918,166419
France,Jamaica,537,589,186,206,351,383
France,Japan,22247,24453,5785,6400,16462,18053
France,Jordan,1500,1647,981,1079,519,568
France,Kazakhstan,2687,2954,1045,1152,1642,1802
France,Kenya,1818,1999,503,557,1315,1442
France,Kiribati,9,8,0,2,9,6
France,Kuwait,762,836,440,484,322,352
France,Kyrgyzstan,749,821,206,226,543,595
France,Lao People's Democratic Republic,44359,48760,20840,22967,23519,25793
France,Latvia,3503,3470,1474,1461,2029,2009
France,Lebanon,49084,53953,27103,29847,21981,24106
France,Lesotho,50,52,30,31,20,21
France,Liberia,816,896,474,523,342,373
France,Libya,2446,2688,1222,1346,1224,1342
France,Liechtenstein,28,29,15,16,13,13
France,Lithuania,3463,3729,1298,1308,2165,2421
France,Luxembourg,16082,15941,7666,7986,8416,7955
France,Madagascar,125308,137740,45510,50227,79798,87513
France,Malawi,110,120,51,57,59,63
France,Malaysia,2640,2901,1038,1145,1602,1756
France,Maldives,6,5,4,3,2,2
France,Mali,78635,86437,46215,50883,32420,35554
France,Malta,518,442,222,222,296,220
France,Mauritania,18491,20324,11918,13115,6573,7209
France,Mauritius,46144,50721,16966,18722,29178,31999
France,Mexico,13092,14390,4384,4840,8708,9550
France,Micronesia (Fed. States of),3,2,3,2,0,0
France,Monaco,25963,28539,12195,13440,13768,15099
France,Mongolia,1483,1630,603,666,880,964
France,Montenegro,1459,1604,714,788,745,816
France,Montserrat,6,5,1,0,5,5
France,Morocco,964250,1059918,493363,543498,470887,516420
France,Mozambique,1341,1474,557,615,784,859
France,Myanmar,490,537,240,264,250,273
France,Namibia,178,195,75,83,103,112
France,Nepal,1377,1512,593,653,784,859
France,Netherlands,40496,40825,18964,18966,21532,21859
France,New Zealand,2037,2239,923,1019,1114,1220
France,Nicaragua,672,738,211,233,461,505
France,Niger,5725,6292,2858,3149,2867,3143
France,Nigeria,6000,7722,3119,4025,2881,3697
France,North Macedonia,4670,5133,2197,2420,2473,2713
France,Norway,4235,4653,1306,1442,2929,3211
France,Oman,112,122,63,70,49,52
France,Pakistan,24748,27203,14844,16341,9904,10862
France,Panama,530,582,201,221,329,361
France,Papua New Guinea,27,28,14,15,13,13
France,Paraguay,1073,1178,445,490,628,688
France,Peru,12158,13361,4561,5029,7597,8332
France,Philippines,15843,17414,3743,4145,12100,13269
France,Poland,100694,94525,38797,36036,61897,58489
France,Portugal,649325,639888,331949,324925,317376,314963
France,Puerto Rico,53,57,25,28,28,29
France,Qatar,153,167,65,72,88,95
France,Republic of Korea,21545,23681,7876,8691,13669,14990
France,Republic of Moldova,6826,7503,3422,3770,3404,3733
France,Romania,117505,138550,57132,66733,60373,71817
France,Russian Federation,66601,73208,22211,24525,44390,48683
France,Rwanda,6445,7082,2740,3019,3705,4063
France,Saint Helena,1,3,0,2,1,1
France,Saint Kitts and Nevis,3,4,0,1,3,3
France,Saint Lucia,4942,5433,1387,1534,3555,3899
France,Saint Vincent and the Grenadines,29,30,7,7,22,23
France,Samoa,18,18,5,5,13,13
France,San Marino,228,251,109,121,119,130
France,Sao Tome and Principe,232,254,88,97,144,157
France,Saudi Arabia,2589,2845,1342,1479,1247,1366
France,Senegal,122676,134848,67588,74434,55088,60414
France,Serbia,88154,96899,41923,46199,46231,50700
France,Seychelles,620,681,156,173,464,508
France,Sierra Leone,1352,1486,606,669,746,817
France,Singapore,2375,2608,930,1023,1445,1585
France,Slovakia,5443,5560,2061,1899,3382,3661
France,Slovenia,2574,2752,1139,1259,1435,1493
France,Solomon Islands,3,2,2,1,1,1
France,Somalia,3282,8430,1601,4125,1681,4305
France,South Africa,5390,5925,2021,2231,3369,3694
France,Spain,286813,282397,127389,125061,159424,157336
France,Sri Lanka,49814,54756,25168,27728,24646,27028
France,State of Palestine,1032,1339,587,764,445,575
France,Sudan,8011,21153,3907,10347,4104,10806
France,Suriname,25376,27892,9888,10907,15488,16985
France,Sweden,9455,8272,3290,3032,6165,5240
France,Switzerland,99151,108987,38515,42488,60636,66499
France,Syrian Arab Republic,17440,21488,9834,12141,7606,9347
France,Tajikistan,253,276,103,111,150,165
France,Thailand,18890,20763,6175,6818,12715,13945
France,Timor-Leste,12,11,12,11,0,0
France,Togo,24730,27183,12536,13811,12194,13372
France,Tonga,99,107,41,45,58,62
France,Trinidad and Tobago,427,467,107,117,320,350
France,Tunisia,404445,444572,220535,242881,183910,201691
France,Turkey,309559,340271,158723,174849,150836,165422
France,Turkmenistan,218,239,89,99,129,140
France,Turks and Caicos Islands,8,7,5,4,3,3
France,Tuvalu,1,1,0,0,1,1
France,Uganda,603,663,232,257,371,406
France,Ukraine,16527,18166,4874,5386,11653,12780
France,United Arab Emirates,815,895,440,485,375,410
France,United Kingdom,167087,169565,83032,84491,84055,85074
France,United Republic of Tanzania,669,735,265,293,404,442
France,United States of America,56103,61668,22425,24734,33678,36934
France,United States Virgin Islands,1,0,1,0,0,0
France,Uruguay,2534,2784,1084,1194,1450,1590
France,Uzbekistan,1146,1258,454,500,692,758
France,Vanuatu,769,843,212,234,557,609
France,Venezuela (Bolivarian Republic of),6595,7249,2401,2649,4194,4600
France,Viet Nam,130958,143865,56988,62832,73970,81033
France,Western Sahara,1091,1199,532,586,559,613
France,Yemen,506,554,216,237,290,317
France,Zambia,358,392,151,166,207,226
France,Zimbabwe,729,801,299,330,430,471
Germany,Micronesia,0,0,0,0,0,0
Germany,Afghanistan,82361,250444,45975,153819,36386,96625
Germany,Albania,32767,61063,17040,32785,15727,28278
Germany,Algeria,19237,25819,13607,18684,5630,7135
Germany,Angola,0,1338,0,670,0,668
Germany,Argentina,15323,20566,7293,9745,8030,10821
Germany,Armenia,10423,25512,4975,12112,5448,13400
Germany,Australia,11483,15411,6048,8256,5435,7155
Germany,Austria,212921,285790,102623,140864,110298,144926
Germany,Azerbaijan,15855,26690,7972,13528,7883,13162
Germany,Bangladesh,6262,13612,4098,9723,2164,3889
Germany,Belarus,21105,28325,7187,8415,13918,19910
Germany,Belgium,28887,38772,14237,19506,14650,19266
Germany,Benin,1770,3061,1246,2195,524,866
Germany,Bolivia (Plurinational State of),4433,5947,2020,2588,2413,3359
Germany,Bosnia and Herzegovina,165187,221720,82076,111595,83111,110125
Germany,Brazil,52814,70888,17990,22687,34824,48201
Germany,Bulgaria,87068,314911,42238,158940,44830,155971
Germany,Burkina Faso,1277,2396,894,1759,383,637
Germany,Burundi,579,776,316,418,263,358
Germany,Cambodia,2227,2987,1037,1131,1190,1856
Germany,Cameroon,16447,22074,9379,12421,7068,9653
Germany,Canada,16280,21849,8109,10652,8171,11197
Germany,Chad,262,909,189,696,73,213
Germany,Chile,13178,17686,6333,8462,6845,9224
Germany,China,84616,142891,39241,65319,45375,77572
Germany,Colombia,18281,24535,6943,9098,11338,15437
Germany,Congo,3475,4662,1758,2286,1717,2376
Germany,Costa Rica,1564,2097,691,976,873,1121
Germany,Côte d'Ivoire,3336,4476,2034,2906,1302,1570
Germany,Croatia,173156,385778,80181,189815,92975,195963
Germany,Cuba,12009,16116,5128,6630,6881,9486
Germany,Cyprus,1531,2748,867,1454,664,1294
Germany,Czechia,449284,603049,192655,253085,256629,349964
Germany,Dem. People's Republic of Korea,2473,3316,858,1267,1615,2049
Germany,Democratic Republic of the Congo,7214,9681,3780,4919,3434,4762
Germany,Denmark,21469,28815,9561,12934,11908,15881
Germany,Dominican Republic,9168,12304,2949,3818,6219,8486
Germany,Ecuador,7015,9414,2669,3725,4346,5689
Germany,Egypt,19301,25905,13842,18193,5459,7712
Germany,El Salvador,1101,1475,468,634,633,841
Germany,Eritrea,27696,63326,13414,37743,14282,25583
Germany,Estonia,9692,13007,3812,4769,5880,8238
Germany,Ethiopia,17201,23086,8610,11945,8591,11141
Germany,Finland,13466,18072,3718,5225,9748,12847
Germany,France,120524,161772,55328,75209,65196,86563
Germany,Gabon,432,577,257,340,175,237
Germany,Gambia,5196,17200,3871,14315,1325,2885
Germany,Georgia,18916,25387,7504,10145,11412,15242
Germany,Ghana,24916,33440,12419,16931,12497,16509
Germany,Greece,177770,391502,96296,210227,81474,181275
Germany,Guatemala,1730,2322,787,1114,943,1208
Germany,Guinea,3497,11172,2445,8412,1052,2760
Germany,Haiti,1308,1754,601,772,707,982
Germany,Honduras,1191,1596,433,597,758,999
Germany,Hungary,142801,220774,74227,121237,68574,99537
Germany,Iceland,1490,2164,791,1140,699,1024
Germany,India,56450,107628,35016,67673,21434,39955
Germany,Indonesia,16234,21787,6865,8794,9369,12993
Germany,Iran (Islamic Republic of),113685,152590,65210,89303,48475,63287
Germany,Iraq,95094,226480,58292,137875,36802,88605
Germany,Ireland,9401,15529,5122,8665,4279,6864
Germany,Israel,12317,16529,7976,10307,4341,6222
Germany,Italy,342610,694514,211590,417027,131020,277487
Germany,Jamaica,1886,2530,838,1138,1048,1392
Germany,Japan,27345,37382,10996,14592,16349,22790
Germany,Jordan,10467,14047,6851,8670,3616,5377
Germany,Kazakhstan,832107,1128201,408623,522201,423484,606000
Germany,Kenya,12427,16678,3582,4571,8845,12107
Germany,Kyrgyzstan,69165,92834,33447,39254,35718,53580
Germany,Lao People's Democratic Republic,2972,3986,1474,1574,1498,2412
Germany,Latvia,25387,38760,10797,17253,14590,21507
Germany,Lebanon,65743,88243,40080,52710,25663,35533
Germany,Liberia,1628,2183,1105,1570,523,613
Germany,Libya,3695,13788,2248,8771,1447,5017
Germany,Liechtenstein,253,338,105,147,148,191
Germany,Lithuania,41195,55291,14900,21113,26295,34178
Germany,Luxembourg,17310,23232,8711,11809,8599,11423
Germany,Madagascar,1316,1765,436,453,880,1312
Germany,Malaysia,5075,6810,2370,3153,2705,3657
Germany,Mali,1199,4101,708,3073,491,1028
Germany,Malta,621,831,282,399,339,432
Germany,Mexico,15100,20266,6043,8568,9057,11698
Germany,Montenegro,15923,17407,6708,9123,9215,8284
Germany,Morocco,94690,127095,53950,68834,40740,58261
Germany,Myanmar,1881,2522,1210,1633,671,889
Germany,Nepal,3243,6844,1849,3733,1394,3111
Germany,Netherlands,115140,165391,59693,88223,55447,77168
Germany,New Zealand,2679,3594,1543,2094,1136,1500
Germany,Nicaragua,1257,1685,556,768,701,917
Germany,Niger,780,1362,604,1082,176,280
Germany,Nigeria,22007,52810,14605,33526,7402,19284
Germany,North Macedonia,67229,108634,31691,55415,35538,53219
Germany,Norway,7306,9804,3217,4407,4089,5397
Germany,Pakistan,41474,79227,26153,53993,15321,25234
Germany,Panama,606,811,259,339,347,472
Germany,Paraguay,4206,5642,1846,2068,2360,3574
Germany,Peru,15349,20599,5409,6865,9940,13734
Germany,Philippines,46497,62408,12771,19110,33726,43298
Germany,Poland,1561763,2141722,731503,1056264,830260,1085458
Germany,Portugal,81392,152869,43496,81914,37896,70955
Germany,Republic of Korea,24105,32352,8926,12504,15179,19848
Germany,Republic of Moldova,19174,25733,8780,10976,10394,14757
Germany,Romania,487856,654822,228485,335906,259371,318916
Germany,Russian Federation,876302,1198831,398649,483306,477653,715525
Germany,Rwanda,1020,1368,510,701,510,667
Germany,Saudi Arabia,3096,5347,1849,3196,1247,2151
Germany,Senegal,3445,6583,2314,4782,1131,1801
Germany,Serbia,88177,199691,43562,98849,44615,100842
Germany,Sierra Leone,2691,3611,1889,2622,802,989
Germany,Singapore,2359,3163,956,1140,1403,2023
Germany,Slovakia,35425,60815,14327,26888,21098,33927
Germany,Slovenia,32848,44089,15200,21765,17648,22324
Germany,Somalia,16282,35587,9807,22833,6475,12754
Germany,South Africa,15183,20378,7278,9399,7905,10979
Germany,Spain,83124,186074,39746,91904,43378,94170
Germany,Sri Lanka,38616,51830,20569,26436,18047,25394
Germany,Sudan,0,4429,0,2218,0,2211
Germany,Sweden,16524,22178,7247,9843,9277,12335
Germany,Switzerland,69678,93524,32315,41851,37363,51673
Germany,Syrian Arab Republic,197186,707457,117790,439155,79396,268302
Germany,Tajikistan,23959,32157,11781,17468,12178,14689
Germany,Thailand,62824,84324,10683,10497,52141,73827
Germany,Togo,11780,15809,7230,8969,4550,6840
Germany,Trinidad and Tobago,758,1015,291,423,467,592
Germany,Tunisia,34166,45857,23221,30521,10945,15336
Germany,Turkey,1343522,1837282,701926,935796,641596,901486
Germany,Turkmenistan,5475,7347,2525,3205,2950,4142
Germany,Uganda,2143,2874,953,1285,1190,1589
Germany,Ukraine,215866,289743,88342,108201,127524,181542
Germany,United Kingdom,85431,118246,51604,72393,33827,45853
Germany,United Republic of Tanzania,1114,1771,594,881,520,890
Germany,United States of America,113721,152639,64090,85383,49631,67256
Germany,Uruguay,2820,3782,1315,1776,1505,2006
Germany,Uzbekistan,34941,46898,16413,20680,18528,26218
Germany,Venezuela (Bolivarian Republic of),7523,10095,3352,4278,4171,5817
Germany,Viet Nam,93372,125327,44265,56455,49107,68872
Germany,Yemen,2391,4918,1730,3407,661,1511
Germany,Zambia,832,1115,343,438,489,677
Germany,Other,99620,133688,55354,74420,44266,59268
Liechtenstein,Micronesia,0,0,0,0,0,0
Liechtenstein,Afghanistan,4,6,3,3,1,3
Liechtenstein,Albania,0,2,0,0,0,2
Liechtenstein,Algeria,6,6,3,2,3,4
Liechtenstein,Andorra,1,0,0,0,1,0
Liechtenstein,Angola,7,7,6,5,1,2
Liechtenstein,Argentina,26,24,10,10,16,14
Liechtenstein,Armenia,9,9,4,4,5,5
Liechtenstein,Australia,12,9,8,5,4,4
Liechtenstein,Austria,3829,3983,1619,1713,2210,2270
Liechtenstein,Azerbaijan,1,0,0,0,1,0
Liechtenstein,Bahamas,3,2,2,1,1,1
Liechtenstein,Bangladesh,2,6,2,4,0,2
Liechtenstein,Belarus,4,3,0,0,4,3
Liechtenstein,Belgium,40,43,18,18,22,25
Liechtenstein,Bolivia (Plurinational State of),1,0,0,0,1,0
Liechtenstein,Bosnia and Herzegovina,306,299,133,122,173,177
Liechtenstein,Brazil,169,201,52,60,117,141
Liechtenstein,Bulgaria,14,20,3,5,11,15
Liechtenstein,Burkina Faso,2,1,1,0,1,1
Liechtenstein,Cambodia,4,2,3,1,1,1
Liechtenstein,Cameroon,5,3,4,2,1,1
Liechtenstein,Canada,15,16,7,7,8,9
Liechtenstein,Chile,8,6,0,0,8,6
Liechtenstein,China,81,113,34,47,47,66
Liechtenstein,Colombia,41,43,11,10,30,33
Liechtenstein,Costa Rica,5,4,2,1,3,3
Liechtenstein,Côte d'Ivoire,0,0,0,0,0,0
Liechtenstein,Croatia,118,115,57,56,61,59
Liechtenstein,Cuba,9,10,5,4,4,6
Liechtenstein,Czechia,58,63,18,17,40,46
Liechtenstein,Democratic Republic of the Congo,3,4,3,3,0,1
Liechtenstein,Denmark,16,15,8,8,8,7
Liechtenstein,Dominican Republic,73,92,20,24,53,68
Liechtenstein,Ecuador,11,12,3,3,8,9
Liechtenstein,Egypt,19,19,14,13,5,6
Liechtenstein,El Salvador,1,1,1,0,0,1
Liechtenstein,Eritrea,7,16,6,7,1,9
Liechtenstein,Estonia,2,1,0,0,2,1
Liechtenstein,Ethiopia,10,9,6,5,4,4
Liechtenstein,Finland,8,8,3,3,5,5
Liechtenstein,France,125,129,65,66,60,63
Liechtenstein,Gambia,0,0,0,0,0,0
Liechtenstein,Georgia,1,2,0,0,1,2
Liechtenstein,Germany,1787,1911,855,933,932,978
Liechtenstein,Greece,46,47,26,27,20,20
Liechtenstein,Guatemala,5,0,1,0,4,0
Liechtenstein,Guinea,0,0,0,0,0,0
Liechtenstein,Haiti,1,0,0,0,1,0
Liechtenstein,Honduras,1,0,0,0,1,0
Liechtenstein,Hungary,70,80,25,24,45,56
Liechtenstein,Iceland,1,0,1,0,0,0
Liechtenstein,India,27,27,17,17,10,10
Liechtenstein,Indonesia,8,9,1,0,7,9
Liechtenstein,Iran (Islamic Republic of),11,13,4,7,7,6
Liechtenstein,Iraq,5,10,3,6,2,4
Liechtenstein,Ireland,17,18,8,9,9,9
Liechtenstein,Israel,6,3,1,0,5,3
Liechtenstein,Italy,860,861,545,548,315,313
Liechtenstein,Jamaica,3,1,2,0,1,1
Liechtenstein,Japan,13,18,8,10,5,8
Liechtenstein,Jordan,2,5,1,2,1,3
Liechtenstein,Kazakhstan,5,9,1,4,4,5
Liechtenstein,Kenya,6,8,2,3,4,5
Liechtenstein,Kuwait,1,0,1,0,0,0
Liechtenstein,Kyrgyzstan,4,3,1,0,3,3
Liechtenstein,Lao People's Democratic Republic,36,40,14,14,22,26
Liechtenstein,Latvia,6,7,2,1,4,6
Liechtenstein,Libya,1,0,0,0,1,0
Liechtenstein,Lithuania,4,3,1,0,3,3
Liechtenstein,Luxembourg,3,2,1,0,2,2
Liechtenstein,Madagascar,2,1,2,1,0,0
Liechtenstein,Malaysia,1,0,0,0,1,0
Liechtenstein,Maldives,2,1,2,1,0,0
Liechtenstein,Malta,3,3,2,1,1,2
Liechtenstein,Mauritius,1,1,0,0,1,1
Liechtenstein,Mexico,24,32,9,10,15,22
Liechtenstein,Monaco,1,0,1,0,0,0
Liechtenstein,Montenegro,4,5,3,3,1,2
Liechtenstein,Morocco,15,15,7,5,8,10
Liechtenstein,Mozambique,3,2,2,1,1,1
Liechtenstein,Nepal,4,1,3,1,1,0
Liechtenstein,Netherlands,75,80,33,34,42,46
Liechtenstein,New Zealand,4,6,1,1,3,5
Liechtenstein,Nicaragua,3,3,1,0,2,3
Liechtenstein,Nigeria,6,6,4,4,2,2
Liechtenstein,North Macedonia,88,95,39,43,49,52
Liechtenstein,Norway,6,7,2,2,4,5
Liechtenstein,Pakistan,7,7,4,5,3,2
Liechtenstein,Panama,7,6,3,2,4,4
Liechtenstein,Paraguay,2,2,0,0,2,2
Liechtenstein,Peru,15,14,8,6,7,8
Liechtenstein,Philippines,38,58,3,11,35,47
Liechtenstein,Poland,60,76,13,23,47,53
Liechtenstein,Portugal,424,424,223,222,201,202
Liechtenstein,Republic of Korea,4,4,1,0,3,4
Liechtenstein,Republic of Moldova,6,7,1,2,5,5
Liechtenstein,Romania,29,37,7,8,22,29
Liechtenstein,Russian Federation,53,69,12,18,41,51
Liechtenstein,Saint Lucia,1,0,1,0,0,0
Liechtenstein,Senegal,2,2,1,1,1,1
Liechtenstein,Serbia,397,428,205,216,192,212
Liechtenstein,Seychelles,1,0,1,0,0,0
Liechtenstein,Singapore,6,8,3,3,3,5
Liechtenstein,Slovakia,44,55,9,12,35,43
Liechtenstein,Slovenia,109,107,27,26,82,81
Liechtenstein,Somalia,18,24,11,14,7,10
Liechtenstein,South Africa,34,30,12,11,22,19
Liechtenstein,Spain,275,267,150,144,125,123
Liechtenstein,Sri Lanka,8,8,5,5,3,3
Liechtenstein,Sweden,25,25,9,9,16,16
Liechtenstein,Switzerland,12882,14437,6596,7416,6286,7021
Liechtenstein,Syrian Arab Republic,7,32,5,17,2,15
Liechtenstein,Thailand,88,86,17,15,71,71
Liechtenstein,Trinidad and Tobago,1,1,0,0,1,1
Liechtenstein,Tunisia,24,22,15,11,9,11
Liechtenstein,Turkey,608,581,318,297,290,284
Liechtenstein,Uganda,1,0,0,0,1,0
Liechtenstein,Ukraine,38,61,10,17,28,44
Liechtenstein,United Arab Emirates,3,2,2,2,1,0
Liechtenstein,United Kingdom,67,65,35,37,32,28
Liechtenstein,United Republic of Tanzania,3,2,2,1,1,1
Liechtenstein,United States of America,129,147,66,71,63,76
Liechtenstein,Uruguay,2,0,0,0,2,0
Liechtenstein,Uzbekistan,4,3,3,2,1,1
Liechtenstein,Venezuela (Bolivarian Republic of),16,20,6,6,10,14
Liechtenstein,Viet Nam,12,13,5,4,7,9
Liechtenstein,Zambia,1,0,0,0,1,0
Liechtenstein,Zimbabwe,3,4,0,1,3,3
Liechtenstein,Other,118,106,50,43,68,63
Luxembourg,Micronesia,0,0,0,0,0,0
Luxembourg,Afghanistan,0,433,0,295,0,138
Luxembourg,Albania,300,1058,177,517,123,541
Luxembourg,Algeria,100,1113,55,607,45,506
Luxembourg,Andorra,0,38,0,20,0,18
Luxembourg,Angola,0,1061,0,539,0,522
Luxembourg,Antigua and Barbuda,0,2,0,2,0,0
Luxembourg,Argentina,39,407,23,182,16,225
Luxembourg,Armenia,0,120,0,46,0,74
Luxembourg,Aruba,0,1,0,0,0,1
Luxembourg,Australia,76,287,42,138,34,149
Luxembourg,Austria,967,1026,419,454,548,572
Luxembourg,Azerbaijan,0,192,0,102,0,90
Luxembourg,Bahamas,0,8,0,5,0,3
Luxembourg,Bahrain,0,9,0,3,0,6
Luxembourg,Bangladesh,30,142,20,92,10,50
Luxembourg,Barbados,0,6,0,3,0,3
Luxembourg,Belarus,42,324,8,72,34,252
Luxembourg,Belgium,19800,21583,10112,11705,9688,9878
Luxembourg,Benin,0,131,0,96,0,35
Luxembourg,Bermuda,0,8,0,6,0,2
Luxembourg,Bhutan,0,1,0,1,0,0
Luxembourg,Bolivia (Plurinational State of),0,70,0,25,0,45
Luxembourg,Bosnia and Herzegovina,2421,2732,1402,1377,1019,1355
Luxembourg,Botswana,0,1,0,0,0,1
Luxembourg,Brazil,297,3722,126,1439,171,2283
Luxembourg,Bulgaria,878,1710,302,662,576,1048
Luxembourg,Burkina Faso,0,69,0,37,0,32
Luxembourg,Burundi,0,98,0,41,0,57
Luxembourg,Cabo Verde,1617,7108,862,3368,755,3740
Luxembourg,Cambodia,0,69,0,21,0,48
Luxembourg,Cameroon,59,1234,28,598,31,636
Luxembourg,Canada,236,785,130,401,106,384
Luxembourg,Central African Republic,0,35,0,13,0,22
Luxembourg,Chad,0,12,0,7,0,5
Luxembourg,Chile,57,217,33,101,24,116
Luxembourg,China,1054,4295,595,1931,459,2364
Luxembourg,Colombia,25,515,10,220,15,295
Luxembourg,Comoros,0,16,0,6,0,10
Luxembourg,Congo,0,299,0,155,0,144
Luxembourg,Costa Rica,0,29,0,13,0,16
Luxembourg,Côte d'Ivoire,0,445,0,237,0,208
Luxembourg,Croatia,413,874,242,428,171,446
Luxembourg,Cuba,22,180,10,60,12,120
Luxembourg,Cyprus,62,144,32,73,30,71
Luxembourg,Czechia,906,1061,303,413,603,648
Luxembourg,Dem. People's Republic of Korea,0,15,0,6,0,9
Luxembourg,Democratic Republic of the Congo,97,923,54,459,43,464
Luxembourg,Denmark,2535,1598,1241,827,1294,771
Luxembourg,Djibouti,0,10,0,4,0,6
Luxembourg,Dominica,115,2,45,0,70,2
Luxembourg,Dominican Republic,35,514,16,150,19,364
Luxembourg,Ecuador,0,202,0,76,0,126
Luxembourg,Egypt,25,347,16,202,9,145
Luxembourg,El Salvador,0,47,0,20,0,27
Luxembourg,Equatorial Guinea,0,8,0,1,0,7
Luxembourg,Eritrea,0,701,0,449,0,252
Luxembourg,Estonia,526,597,107,184,419,413
Luxembourg,Eswatini,0,1,0,0,0,1
Luxembourg,Ethiopia,0,244,0,123,0,121
Luxembourg,Fiji,0,4,0,0,0,4
Luxembourg,Finland,1302,1154,542,505,760,649
Luxembourg,France,36180,42979,17289,22782,18891,20197
Luxembourg,French Polynesia,0,4,0,2,0,2
Luxembourg,Gabon,0,81,0,32,0,49
Luxembourg,Gambia,0,76,0,50,0,26
Luxembourg,Georgia,0,97,0,36,0,61
Luxembourg,Germany,14125,17080,6490,8037,7635,9043
Luxembourg,Ghana,0,67,0,33,0,34
Luxembourg,Gibraltar,0,1,0,0,0,1
Luxembourg,Greece,1823,3163,924,1595,899,1568
Luxembourg,Grenada,0,2,0,0,0,2
Luxembourg,Guatemala,0,120,0,49,0,71
Luxembourg,Guinea,0,419,0,283,0,136
Luxembourg,Guinea-Bissau,0,1516,0,949,0,567
Luxembourg,Guyana,0,11,0,3,0,8
Luxembourg,Haiti,0,77,0,45,0,32
Luxembourg,Honduras,0,24,0,4,0,20
Luxembourg,Hungary,1084,1818,369,770,715,1048
Luxembourg,Iceland,328,413,168,205,160,208
Luxembourg,India,193,2791,109,1516,84,1275
Luxembourg,Indonesia,0,121,0,32,0,89
Luxembourg,Iran (Islamic Republic of),231,1074,137,577,94,497
Luxembourg,Iraq,0,1028,0,645,0,383
Luxembourg,Ireland,1627,1429,785,753,842,676
Luxembourg,Israel,41,236,26,127,15,109
Luxembourg,Italy,20621,18878,10634,11002,9987,7876
Luxembourg,Jamaica,0,30,0,15,0,15
Luxembourg,Japan,282,588,149,230,133,358
Luxembourg,Jordan,0,47,0,29,0,18
Luxembourg,Kazakhstan,0,207,0,56,0,151
Luxembourg,Kenya,0,111,0,53,0,58
Luxembourg,Kuwait,0,47,0,29,0,18
Luxembourg,Kyrgyzstan,0,47,0,15,0,32
Luxembourg,Lao People's Democratic Republic,0,51,0,19,0,32
Luxembourg,Latvia,488,657,77,201,411,456
Luxembourg,Lebanon,35,341,17,217,18,124
Luxembourg,Liberia,0,39,0,30,0,9
Luxembourg,Libya,0,80,0,45,0,35
Luxembourg,Liechtenstein,0,8,0,4,0,4
Luxembourg,Lithuania,599,888,209,300,390,588
Luxembourg,Madagascar,0,195,0,68,0,127
Luxembourg,Malawi,0,11,0,4,0,7
Luxembourg,Malaysia,25,111,12,35,13,76
Luxembourg,Mali,0,79,0,49,0,30
Luxembourg,Malta,270,244,161,124,109,120
Luxembourg,Mauritania,0,11,0,10,0,1
Luxembourg,Mauritius,51,434,20,198,31,236
Luxembourg,Mexico,27,424,9,179,18,245
Luxembourg,Monaco,0,50,0,34,0,16
Luxembourg,Mongolia,0,42,0,10,0,32
Luxembourg,Montenegro,8543,2715,5165,1395,3378,1320
Luxembourg,Morocco,244,2499,124,1244,120,1255
Luxembourg,Mozambique,0,339,0,156,0,183
Luxembourg,Myanmar,0,9,0,6,0,3
Luxembourg,Namibia,0,14,0,5,0,9
Luxembourg,Nepal,30,362,23,198,7,164
Luxembourg,Netherlands,4463,3986,2242,2145,2221,1841
Luxembourg,New Zealand,22,97,15,56,7,41
Luxembourg,Nicaragua,0,17,0,7,0,10
Luxembourg,Niger,0,35,0,23,0,12
Luxembourg,Nigeria,0,327,0,212,0,115
Luxembourg,North Macedonia,346,605,211,297,135,308
Luxembourg,Norway,175,262,105,136,70,126
Luxembourg,Oman,0,5,0,2,0,3
Luxembourg,Pakistan,0,279,0,169,0,110
Luxembourg,Panama,0,24,0,7,0,17
Luxembourg,Papua New Guinea,0,4,0,3,0,1
Luxembourg,Paraguay,0,33,0,7,0,26
Luxembourg,Peru,99,528,47,216,52,312
Luxembourg,Philippines,189,891,59,204,130,687
Luxembourg,Poland,3150,5051,1226,2112,1924,2939
Luxembourg,Portugal,94732,75221,49385,39484,45347,35737
Luxembourg,Qatar,0,9,0,6,0,3
Luxembourg,Republic of Korea,48,983,24,501,24,482
Luxembourg,Republic of Moldova,0,588,0,233,0,355
Luxembourg,Romania,1739,5225,595,2113,1144,3112
Luxembourg,Russian Federation,390,2780,143,933,247,1847
Luxembourg,Rwanda,25,188,13,81,12,107
Luxembourg,Saint Vincent and the Grenadines,0,1,0,0,0,1
Luxembourg,San Marino,0,3,0,1,0,2
Luxembourg,Sao Tome and Principe,0,166,0,85,0,81
Luxembourg,Saudi Arabia,0,59,0,43,0,16
Luxembourg,Senegal,30,703,18,378,12,325
Luxembourg,Serbia,5920,3682,3627,1866,2293,1816
Luxembourg,Seychelles,0,9,0,2,0,7
Luxembourg,Sierra Leone,0,20,0,14,0,6
Luxembourg,Singapore,0,149,0,61,0,88
Luxembourg,Slovakia,707,869,317,335,390,534
Luxembourg,Slovenia,483,599,246,255,237,344
Luxembourg,Somalia,0,77,0,43,0,34
Luxembourg,South Africa,45,659,26,351,19,308
Luxembourg,Spain,3998,5651,1956,2873,2042,2778
Luxembourg,Sri Lanka,0,85,0,46,0,39
Luxembourg,State of Palestine,0,31,0,19,0,12
Luxembourg,Sudan,0,102,0,89,0,13
Luxembourg,Suriname,0,21,0,9,0,12
Luxembourg,Sweden,2059,1460,951,757,1108,703
Luxembourg,Switzerland,532,1375,274,717,258,658
Luxembourg,Syrian Arab Republic,0,1839,0,1052,0,787
Luxembourg,Tajikistan,0,22,0,5,0,17
Luxembourg,Thailand,173,644,40,115,133,529
Luxembourg,Togo,0,460,0,271,0,189
Luxembourg,Trinidad and Tobago,0,22,0,8,0,14
Luxembourg,Tunisia,134,1212,95,783,39,429
Luxembourg,Turkey,201,1435,116,779,85,656
Luxembourg,Turkmenistan,0,19,0,8,0,11
Luxembourg,Uganda,0,35,0,16,0,19
Luxembourg,Ukraine,175,1471,45,442,130,1029
Luxembourg,United Arab Emirates,0,77,0,42,0,35
Luxembourg,United Kingdom,6604,5633,3630,3204,2974,2429
Luxembourg,United Republic of Tanzania,0,24,0,8,0,16
Luxembourg,United States of America,1095,2972,648,1534,447,1438
Luxembourg,Uruguay,0,91,0,43,0,48
Luxembourg,Uzbekistan,0,119,0,43,0,76
Luxembourg,Venezuela (Bolivarian Republic of),25,548,13,274,12,274
Luxembourg,Viet Nam,71,570,29,224,42,346
Luxembourg,Yemen,0,19,0,13,0,6
Luxembourg,Zambia,0,21,0,8,0,13
Luxembourg,Zimbabwe,0,71,0,33,0,38
Luxembourg,Other,375,3677,184,1855,191,1822
Monaco,Micronesia,0,0,0,0,0,0
Monaco,France,7611,7790,3285,3362,4326,4428
Monaco,Italy,5841,5978,3216,3292,2625,2686
Monaco,Other,12531,12833,6098,6243,6433,6590
Netherlands,Micronesia,8,5,6,4,2,1
Netherlands,Afghanistan,32735,36418,17469,19513,15266,16905
Netherlands,Albania,1324,2402,666,1226,658,1176
Netherlands,Algeria,3855,4219,2384,2543,1471,1676
Netherlands,Andorra,18,27,9,15,9,12
Netherlands,Angola,4982,4957,2832,2822,2150,2135
Netherlands,Anguilla,22,18,6,3,16,15
Netherlands,Antigua and Barbuda,33,35,11,14,22,21
Netherlands,Argentina,3223,4371,1431,2011,1792,2360
Netherlands,Armenia,867,952,456,467,411,485
Netherlands,Aruba,4178,5554,2108,2821,2070,2733
Netherlands,Australia,10196,12054,4991,5989,5205,6065
Netherlands,Austria,6514,7242,2845,3096,3669,4146
Netherlands,Azerbaijan,753,918,398,478,355,440
Netherlands,Bahamas,57,62,32,35,25,27
Netherlands,Bahrain,126,215,65,111,61,104
Netherlands,Bangladesh,1338,1843,546,860,792,983
Netherlands,Barbados,80,101,44,52,36,49
Netherlands,Belarus,309,529,142,221,167,308
Netherlands,Belgium,53446,61744,24019,28344,29427,33400
Netherlands,Belize,17,25,6,13,11,12
Netherlands,Benin,279,310,179,191,100,119
Netherlands,Bermuda,37,50,16,18,21,32
Netherlands,Bhutan,310,300,160,156,150,144
Netherlands,Bolivia (Plurinational State of),892,1063,348,401,544,662
Netherlands,"Bonaire, Sint Eustatius and Saba",30,113,15,52,15,61
Netherlands,Bosnia and Herzegovina,813,1059,412,517,401,542
Netherlands,Botswana,232,260,112,124,120,136
Netherlands,Brazil,16131,22974,5801,8705,10330,14269
Netherlands,British Virgin Islands,12,13,4,5,8,8
Netherlands,Brunei Darussalam,610,633,318,330,292,303
Netherlands,Bulgaria,19921,30691,9188,15095,10733,15596
Netherlands,Burkina Faso,378,413,233,261,145,152
Netherlands,Burundi,2189,2185,1062,1064,1127,1121
Netherlands,Cabo Verde,11634,12091,5402,5550,6232,6541
Netherlands,Cambodia,733,821,300,315,433,506
Netherlands,Cameroon,1842,1992,880,952,962,1040
Netherlands,Canada,9664,10955,4486,5029,5178,5926
Netherlands,Cayman Islands,15,19,7,8,8,11
Netherlands,Central African Republic,59,76,30,38,29,38
Netherlands,Chad,88,99,55,61,33,38
Netherlands,Chile,3250,3897,1522,1847,1728,2050
Netherlands,China,61901,72803,27011,31790,34890,41013
Netherlands,Colombia,14123,16127,5779,6622,8344,9505
Netherlands,Comoros,14,10,11,7,3,3
Netherlands,Congo,962,922,480,456,482,466
Netherlands,Costa Rica,764,978,350,450,414,528
Netherlands,Côte d'Ivoire,1216,1197,677,624,539,573
Netherlands,Croatia,322,819,154,384,168,435
Netherlands,Cuba,1300,1501,486,623,814,878
Netherlands,Curaçao,280,1259,148,625,132,634
Netherlands,Cyprus,582,1095,326,611,256,484
Netherlands,Czechia,746,1345,358,631,388,714
Netherlands,Dem. People's Republic of Korea,121,93,65,53,56,40
Netherlands,Democratic Republic of the Congo,4923,5120,2451,2544,2472,2576
Netherlands,Denmark,3511,4133,1443,1771,2068,2362
Netherlands,Djibouti,92,124,28,40,64,84
Netherlands,Dominica,79,89,37,39,42,50
Netherlands,Dominican Republic,8585,9541,2678,3069,5907,6472
Netherlands,Ecuador,2221,2792,825,1073,1396,1719
Netherlands,Egypt,12780,15893,8784,10603,3996,5290
Netherlands,El Salvador,382,498,153,208,229,290
Netherlands,Equatorial Guinea,49,49,10,13,39,36
Netherlands,Eritrea,13186,16279,8260,9413,4926,6866
Netherlands,Estonia,991,1352,310,452,681,900
Netherlands,Eswatini,85,95,35,39,50,56
Netherlands,Ethiopia,10067,18588,5477,10051,4590,8537
Netherlands,Falkland Islands (Malvinas),2,1,1,0,1,1
Netherlands,Faroe Islands,8,7,4,4,4,3
Netherlands,Fiji,67,77,25,30,42,47
Netherlands,Finland,2880,3982,846,1265,2034,2717
Netherlands,France,24766,30917,11295,14318,13471,16599
Netherlands,French Polynesia,15,22,12,14,3,8
Netherlands,Gabon,96,94,48,43,48,51
Netherlands,Gambia,709,1072,451,663,258,409
Netherlands,Georgia,314,490,157,221,157,269
Netherlands,Germany,117881,123702,48967,51860,68914,71842
Netherlands,Ghana,13808,14923,6657,7203,7151,7720
Netherlands,Gibraltar,32,34,18,22,14,12
Netherlands,Greece,13982,19776,8161,11393,5821,8383
Netherlands,Greenland,6,6,2,1,4,5
Netherlands,Grenada,46,48,17,18,29,30
Netherlands,Guatemala,738,905,367,440,371,465
Netherlands,Guinea,2497,2519,1481,1454,1016,1065
Netherlands,Guinea-Bissau,237,258,136,149,101,109
Netherlands,Guyana,2267,2307,777,790,1490,1517
Netherlands,Haiti,1395,1522,725,782,670,740
Netherlands,Honduras,475,574,170,209,305,365
Netherlands,Hungary,13103,16746,5833,7686,7270,9060
Netherlands,Iceland,433,563,211,271,222,292
Netherlands,India,24060,42285,13292,23681,10768,18604
Netherlands,Indonesia,125118,118098,54821,51325,70297,66773
Netherlands,Iran (Islamic Republic of),28885,34809,15566,18773,13319,16036
Netherlands,Iraq,40269,45919,22626,25788,17643,20131
Netherlands,Ireland,5201,6650,2620,3436,2581,3214
Netherlands,Isle of Man,7,9,3,4,4,5
Netherlands,Israel,5037,6270,2813,3521,2224,2749
Netherlands,Italy,25466,35908,15901,21528,9565,14380
Netherlands,Jamaica,915,1136,390,549,525,587
Netherlands,Japan,5726,7038,2435,2961,3291,4077
Netherlands,Jordan,933,1559,533,860,400,699
Netherlands,Kazakhstan,260,480,121,213,139,267
Netherlands,Kenya,3003,3582,1285,1507,1718,2075
Netherlands,Kiribati,1,0,0,0,1,0
Netherlands,Kuwait,1188,1745,685,988,503,757
Netherlands,Kyrgyzstan,75,112,35,45,40,67
Netherlands,Lao People's Democratic Republic,200,220,78,83,122,137
Netherlands,Latvia,3376,5021,1418,2294,1958,2727
Netherlands,Lebanon,3395,4593,1913,2492,1482,2101
Netherlands,Lesotho,138,157,83,89,55,68
Netherlands,Liberia,1836,1751,1112,1038,724,713
Netherlands,Libya,1042,1864,672,1111,370,753
Netherlands,Liechtenstein,4,2,1,0,3,2
Netherlands,Lithuania,4528,7326,1760,3150,2768,4176
Netherlands,Luxembourg,1163,1705,544,814,619,891
Netherlands,Madagascar,185,215,78,84,107,131
Netherlands,Malawi,290,351,149,168,141,183
Netherlands,Malaysia,3555,4081,1581,1758,1974,2323
Netherlands,Maldives,11,19,7,11,4,8
Netherlands,Mali,170,188,87,96,83,92
Netherlands,Malta,342,461,152,199,190,262
Netherlands,Marshall Islands,5,4,4,3,1,1
Netherlands,Mauritania,309,311,276,271,33,40
Netherlands,Mauritius,357,416,146,165,211,251
Netherlands,Mayotte,0,0,0,0,0,0
Netherlands,Mexico,3900,5721,1555,2349,2345,3372
Netherlands,Monaco,86,112,43,49,43,63
Netherlands,Mongolia,475,546,150,169,325,377
Netherlands,Montenegro,9,10,4,6,5,4
Netherlands,Montserrat,8,6,4,3,4,3
Netherlands,Morocco,166873,174914,86320,89397,80553,85517
Netherlands,Mozambique,647,676,321,327,326,349
Netherlands,Myanmar,1110,1262,646,705,464,557
Netherlands,Namibia,257,358,103,160,154,198
Netherlands,Nauru,2,0,2,0,0,0
Netherlands,Nepal,1730,1973,944,1019,786,954
Netherlands,New Caledonia,10,22,7,13,3,9
Netherlands,New Zealand,3725,4379,1835,2181,1890,2198
Netherlands,Nicaragua,490,613,207,269,283,344
Netherlands,Niger,262,264,199,199,63,65
Netherlands,Nigeria,6955,7830,3749,4287,3206,3543
Netherlands,North Macedonia,197,478,101,229,96,249
Netherlands,Norway,2671,3099,1127,1359,1544,1740
Netherlands,Oman,618,779,333,415,285,364
Netherlands,Pakistan,11822,14104,6789,8030,5033,6074
Netherlands,Palau,0,1,0,1,0,0
Netherlands,Panama,310,390,149,195,161,195
Netherlands,Papua New Guinea,128,130,59,59,69,71
Netherlands,Paraguay,201,229,70,77,131,152
Netherlands,Peru,3910,4749,1233,1546,2677,3203
Netherlands,Philippines,12403,15455,2861,3616,9542,11839
Netherlands,Poland,107426,148991,48782,70150,58644,78841
Netherlands,Portugal,16615,19574,8626,10343,7989,9231
Netherlands,Qatar,114,311,55,149,59,162
Netherlands,Republic of Korea,7124,8782,2805,3434,4319,5348
Netherlands,Republic of Moldova,239,1000,116,514,123,486
Netherlands,Romania,16246,28691,6341,13301,9905,15390
Netherlands,Russian Federation,2863,5076,1330,2247,1533,2829
Netherlands,Rwanda,1126,1133,548,554,578,579
Netherlands,Saint Helena,3,2,2,1,1,1
Netherlands,Saint Kitts and Nevis,75,74,26,25,49,49
Netherlands,Saint Lucia,60,73,34,36,26,37
Netherlands,Saint Vincent and the Grenadines,65,66,22,24,43,42
Netherlands,Samoa,28,25,15,13,13,12
Netherlands,San Marino,3,4,1,2,2,2
Netherlands,Sao Tome and Principe,161,171,76,80,85,91
Netherlands,Saudi Arabia,1989,3340,1098,1808,891,1532
Netherlands,Senegal,976,1174,613,734,363,440
Netherlands,Serbia,127,320,71,177,56,143
Netherlands,Seychelles,83,89,27,24,56,65
Netherlands,Sierra Leone,3998,3768,2639,2456,1359,1312
Netherlands,Singapore,3546,4280,1606,1932,1940,2348
Netherlands,Sint Maarten (Dutch part),32,135,18,69,14,66
Netherlands,Slovakia,624,1671,325,855,299,816
Netherlands,Slovenia,259,549,133,221,126,328
Netherlands,Solomon Islands,15,13,5,4,10,9
Netherlands,Somalia,27007,25871,14052,13039,12955,12832
Netherlands,South Africa,13334,17522,6128,8278,7206,9244
Netherlands,South Sudan,2,18,1,9,1,9
Netherlands,Spain,24963,31415,11995,15299,12968,16116
Netherlands,Sri Lanka,10210,10610,5170,5310,5040,5300
Netherlands,State of Palestine,277,338,169,198,108,140
Netherlands,Sudan,4415,5750,2808,3634,1607,2116
Netherlands,Suriname,179040,182922,79646,81271,99394,101651
Netherlands,Sweden,4430,5397,1839,2298,2591,3099
Netherlands,Switzerland,6805,8003,2988,3596,3817,4407
Netherlands,Syrian Arab Republic,28902,88993,17226,50157,11676,38836
Netherlands,Tajikistan,61,80,28,40,33,40
Netherlands,Thailand,13798,15753,2987,3431,10811,12322
Netherlands,Togo,1144,1160,700,697,444,463
Netherlands,Tonga,8,7,4,3,4,4
Netherlands,Trinidad and Tobago,540,683,208,295,332,388
Netherlands,Tunisia,4447,5148,2842,3211,1605,1937
Netherlands,Turkey,190724,199280,97485,101634,93239,97646
Netherlands,Turkmenistan,18,36,6,16,12,20
Netherlands,Turks and Caicos Islands,1,0,1,0,0,0
Netherlands,Uganda,1619,2301,753,1043,866,1258
Netherlands,Ukraine,1388,3022,647,1353,741,1669
Netherlands,United Arab Emirates,832,2076,437,1158,395,918
Netherlands,United Kingdom,48562,57243,26775,31583,21787,25660
Netherlands,United Republic of Tanzania,1414,1482,667,694,747,788
Netherlands,United States of America,27395,35242,13117,16777,14278,18465
Netherlands,Uruguay,647,726,322,351,325,375
Netherlands,Uzbekistan,184,256,85,121,99,135
Netherlands,Vanuatu,9,11,6,8,3,3
Netherlands,Venezuela (Bolivarian Republic of),3937,5162,1669,2243,2268,2919
Netherlands,Viet Nam,12522,14712,5556,6178,6966,8534
Netherlands,Western Sahara,7,7,7,7,0,0
Netherlands,Yemen,515,1338,303,793,212,545
Netherlands,Zambia,975,1045,457,497,518,548
Netherlands,Zimbabwe,1376,1691,664,804,712,887
Netherlands,Other,186933,204389,83566,91180,103367,113209
Switzerland,Micronesia,31,17,13,5,18,12
Switzerland,Afghanistan,11929,15036,7658,10616,4271,4420
Switzerland,Albania,2416,4323,1125,2050,1291,2273
Switzerland,Algeria,9219,10136,5341,5776,3878,4360
Switzerland,Andorra,94,119,55,63,39,56
Switzerland,Angola,6666,6936,3309,3409,3357,3527
Switzerland,Antigua and Barbuda,81,67,45,40,36,27
Switzerland,Argentina,8548,9509,4066,4540,4482,4969
Switzerland,Armenia,893,1133,376,472,517,661
Switzerland,Australia,5903,6538,2945,3284,2958,3254
Switzerland,Austria,59233,59494,23247,24075,35986,35419
Switzerland,Azerbaijan,715,853,326,396,389,457
Switzerland,Bahamas,124,144,63,76,61,68
Switzerland,Bahrain,248,210,126,108,122,102
Switzerland,Bangladesh,2257,2761,1442,1682,815,1079
Switzerland,Barbados,77,90,46,55,31,35
Switzerland,Belarus,1383,1662,345,424,1038,1238
Switzerland,Belgium,15840,17370,7576,8509,8264,8861
Switzerland,Belize,51,46,24,25,27,21
Switzerland,Benin,583,672,360,422,223,250
Switzerland,Bhutan,72,89,38,42,34,47
Switzerland,Bolivia (Plurinational State of),3578,4593,1404,1748,2174,2845
Switzerland,Bosnia and Herzegovina,54673,57678,26238,27401,28435,30277
Switzerland,Botswana,71,83,35,39,36,44
Switzerland,Brazil,36098,42715,10481,12880,25617,29835
Switzerland,Brunei Darussalam,54,54,24,27,30,27
Switzerland,Bulgaria,6759,8600,2233,3021,4526,5579
Switzerland,Burkina Faso,632,731,340,394,292,337
Switzerland,Burundi,582,670,229,286,353,384
Switzerland,Cabo Verde,2436,2806,1190,1368,1246,1438
Switzerland,Cambodia,2393,2533,1044,1086,1349,1447
Switzerland,Cameroon,7103,8044,2525,2919,4578,5125
Switzerland,Canada,11403,12189,5049,5410,6354,6779
Switzerland,Central African Republic,202,234,105,120,97,114
Switzerland,Chad,291,310,131,140,160,170
Switzerland,Chile,7174,7622,3372,3567,3802,4055
Switzerland,China,20556,25088,8369,10304,12187,14784
Switzerland,Colombia,12240,14194,4607,5355,7633,8839
Switzerland,Comoros,38,43,20,23,18,20
Switzerland,Congo,1176,1196,596,620,580,576
Switzerland,Costa Rica,876,1097,370,487,506,610
Switzerland,Côte d'Ivoire,3092,3524,1383,1553,1709,1971
Switzerland,Croatia,19550,19872,8528,8513,11022,11359
Switzerland,Cuba,3214,3574,1390,1565,1824,2009
Switzerland,Cyprus,428,535,246,294,182,241
Switzerland,Czechia,14125,15522,5855,6482,8270,9040
Switzerland,Dem. People's Republic of Korea,366,273,116,83,250,190
Switzerland,Democratic Republic of the Congo,6640,7376,3210,3499,3430,3877
Switzerland,Denmark,5546,5537,2422,2443,3124,3094
Switzerland,Djibouti,104,124,51,61,53,63
Switzerland,Dominica,387,399,111,102,276,297
Switzerland,Dominican Republic,10960,12377,3229,3844,7731,8533
Switzerland,Ecuador,5961,7615,2442,3169,3519,4446
Switzerland,Egypt,6246,6673,3996,4285,2250,2388
Switzerland,El Salvador,860,970,369,420,491,550
Switzerland,Equatorial Guinea,67,92,20,29,47,63
Switzerland,Eritrea,30588,37590,16042,21954,14546,15636
Switzerland,Estonia,690,854,213,264,477,590
Switzerland,Eswatini,98,88,33,32,65,56
Switzerland,Ethiopia,6101,8145,2713,3908,3388,4237
Switzerland,Fiji,81,96,34,44,47,52
Switzerland,Finland,5132,5466,1492,1655,3640,3811
Switzerland,France,151189,170155,73090,84228,78099,85927
Switzerland,Gabon,312,320,129,123,183,197
Switzerland,Gambia,765,944,643,772,122,172
Switzerland,Georgia,790,1098,322,436,468,662
Switzerland,Germany,343773,357112,170318,177102,173455,180010
Switzerland,Ghana,2638,2867,1301,1421,1337,1446
Switzerland,Greece,11258,14784,6028,7876,5230,6908
Switzerland,Grenada,47,41,21,19,26,22
Switzerland,Guatemala,990,1144,419,486,571,658
Switzerland,Guinea,1365,1713,926,1133,439,580
Switzerland,Guinea-Bissau,527,735,371,497,156,238
Switzerland,Guyana,139,150,44,49,95,101
Switzerland,Haiti,1714,1815,588,651,1126,1164
Switzerland,Holy See,6,6,5,5,1,1
Switzerland,Honduras,612,740,206,247,406,493
Switzerland,Hungary,21020,26259,9962,12538,11058,13721
Switzerland,Iceland,422,448,205,222,217,226
Switzerland,India,19336,22641,9929,11647,9407,10994
Switzerland,Indonesia,3518,3782,1283,1326,2235,2456
Switzerland,Iran (Islamic Republic of),9731,13094,5150,7000,4581,6094
Switzerland,Iraq,7708,10567,4786,6400,2922,4167
Switzerland,Ireland,3663,4093,1814,2103,1849,1990
Switzerland,Israel,3697,4078,2016,2233,1681,1845
Switzerland,Italy,255036,270077,143005,151826,112031,118251
Switzerland,Jamaica,761,844,320,355,441,489
Switzerland,Japan,7316,7722,2240,2321,5076,5401
Switzerland,Jordan,718,942,418,523,300,419
Switzerland,Kazakhstan,2941,3827,1247,1654,1694,2173
Switzerland,Kenya,3364,3800,1336,1480,2028,2320
Switzerland,Kiribati,7,4,2,1,5,3
Switzerland,Kuwait,475,547,255,309,220,238
Switzerland,Kyrgyzstan,554,686,196,240,358,446
Switzerland,Lao People's Democratic Republic,961,1013,432,447,529,566
Switzerland,Latvia,1952,2541,537,806,1415,1735
Switzerland,Lebanon,6114,7120,3860,4380,2254,2740
Switzerland,Lesotho,78,88,32,39,46,49
Switzerland,Liberia,426,422,239,233,187,189
Switzerland,Libya,1184,1393,679,803,505,590
Switzerland,Liechtenstein,2255,2263,868,874,1387,1389
Switzerland,Lithuania,1576,2477,478,809,1098,1668
Switzerland,Luxembourg,2324,2422,1114,1193,1210,1229
Switzerland,Madagascar,1782,1991,649,712,1133,1279
Switzerland,Malawi,114,169,52,86,62,83
Switzerland,Malaysia,2260,2507,961,1024,1299,1483
Switzerland,Maldives,67,88,53,62,14,26
Switzerland,Mali,509,521,304,299,205,222
Switzerland,Malta,283,312,116,140,167,172
Switzerland,Marshall Islands,1,0,0,0,1,0
Switzerland,Mauritania,119,149,75,93,44,56
Switzerland,Mauritius,2759,2881,784,850,1975,2031
Switzerland,Mexico,6617,7828,2531,3045,4086,4783
Switzerland,Monaco,286,329,133,143,153,186
Switzerland,Mongolia,768,1097,186,285,582,812
Switzerland,Montenegro,2770,2932,1328,1384,1442,1548
Switzerland,Morocco,16859,18914,7193,8174,9666,10740
Switzerland,Mozambique,1324,1429,628,689,696,740
Switzerland,Myanmar,281,387,125,157,156,230
Switzerland,Namibia,270,321,126,156,144,165
Switzerland,Nauru,21,11,10,4,11,7
Switzerland,Nepal,934,1077,518,570,416,507
Switzerland,Netherlands,22549,23521,10825,11414,11724,12107
Switzerland,New Zealand,1798,1898,920,984,878,914
Switzerland,Nicaragua,616,792,229,298,387,494
Switzerland,Niger,191,226,110,125,81,101
Switzerland,Nigeria,3461,3832,2275,2472,1186,1360
Switzerland,North Macedonia,58450,69612,30138,36016,28312,33596
Switzerland,Norway,2139,2243,981,1031,1158,1212
Switzerland,Oman,112,99,66,52,46,47
Switzerland,Pakistan,4495,5381,2771,3304,1724,2077
Switzerland,Palau,2,2,1,0,1,2
Switzerland,Panama,463,588,197,259,266,329
Switzerland,Papua New Guinea,253,251,139,142,114,109
Switzerland,Paraguay,1051,1267,392,441,659,826
Switzerland,Peru,9489,10591,3273,3663,6216,6928
Switzerland,Philippines,12997,14455,2946,3291,10051,11164
Switzerland,Poland,31175,40957,13732,18751,17443,22206
Switzerland,Portugal,215912,218672,117565,118239,98347,100433
Switzerland,Qatar,95,93,49,53,46,40
Switzerland,Republic of Korea,3727,4201,1216,1335,2511,2866
Switzerland,Republic of Moldova,1576,2688,469,937,1107,1751
Switzerland,Romania,18118,24386,6409,9137,11709,15249
Switzerland,Russian Federation,21072,24722,7124,8288,13948,16434
Switzerland,Rwanda,1010,1108,442,480,568,628
Switzerland,Saint Kitts and Nevis,10,9,4,4,6,5
Switzerland,Saint Lucia,57,58,32,33,25,25
Switzerland,Saint Vincent and the Grenadines,13,14,9,9,4,5
Switzerland,Samoa,19,15,8,5,11,10
Switzerland,San Marino,28,26,15,15,13,11
Switzerland,Sao Tome and Principe,64,77,28,38,36,39
Switzerland,Saudi Arabia,1123,1336,601,710,522,626
Switzerland,Senegal,2467,3008,1461,1766,1006,1242
Switzerland,Serbia,62585,66207,30915,32231,31670,33976
Switzerland,Seychelles,239,235,71,72,168,163
Switzerland,Sierra Leone,312,357,194,217,118,140
Switzerland,Singapore,1849,2352,789,1007,1060,1345
Switzerland,Slovakia,15121,20099,6222,8956,8899,11143
Switzerland,Slovenia,4716,6516,2172,3162,2544,3354
Switzerland,Solomon Islands,19,16,6,6,13,10
Switzerland,Somalia,5707,7579,3195,4446,2512,3133
Switzerland,South Africa,7441,8324,3475,3907,3966,4417
Switzerland,South Sudan,22,32,11,23,11,9
Switzerland,Spain,66213,68909,33961,34981,32252,33928
Switzerland,Sri Lanka,30931,35755,16496,19089,14435,16666
Switzerland,State of Palestine,197,245,124,152,73,93
Switzerland,Sudan,1425,2413,765,1339,660,1074
Switzerland,Suriname,117,138,41,48,76,90
Switzerland,Sweden,9265,9520,4044,4218,5221,5302
Switzerland,Syrian Arab Republic,13157,19770,7702,11152,5455,8618
Switzerland,Tajikistan,210,262,85,102,125,160
Switzerland,Thailand,19065,20958,3542,3971,15523,16987
Switzerland,Timor-Leste,14,18,9,9,5,9
Switzerland,Togo,1888,2194,1025,1191,863,1003
Switzerland,Tonga,17,16,8,7,9,9
Switzerland,Trinidad and Tobago,332,346,140,144,192,202
Switzerland,Tunisia,11020,12630,7156,7990,3864,4640
Switzerland,Turkey,77208,80729,40684,42414,36524,38315
Switzerland,Turkmenistan,110,153,33,49,77,104
Switzerland,Tuvalu,4,2,4,2,0,0
Switzerland,Uganda,751,853,320,355,431,498
Switzerland,Ukraine,8468,10631,2083,2679,6385,7952
Switzerland,United Arab Emirates,526,826,259,404,267,422
Switzerland,United Kingdom,44650,45951,23727,24577,20923,21374
Switzerland,United Republic of Tanzania,847,898,390,400,457,498
Switzerland,United States of America,35809,38779,17331,18695,18478,20084
Switzerland,Uruguay,1583,1645,725,765,858,880
Switzerland,Uzbekistan,822,1035,285,357,537,678
Switzerland,Vanuatu,28,11,17,7,11,4
Switzerland,Venezuela (Bolivarian Republic of),4271,5212,1784,2176,2487,3036
Switzerland,Viet Nam,11272,12263,4782,5011,6490,7252
Switzerland,Western Sahara,11,11,8,10,3,1
Switzerland,Yemen,540,690,306,380,234,310
Switzerland,Zambia,349,424,152,181,197,243
Switzerland,Zimbabwe,993,1027,454,484,539,543
Switzerland,Other,77371,95003,40141,49406,37230,45597
Anguilla,Micronesia,0,0,0,0,0,0
Anguilla,Canada,57,58,16,16,41,42
Anguilla,Dominican Republic,653,680,420,438,233,242
Anguilla,Guyana,382,397,225,234,157,163
Anguilla,Jamaica,464,483,265,276,199,207
Anguilla,Montserrat,285,296,201,209,84,87
Anguilla,Saint Kitts and Nevis,903,942,588,614,315,328
Anguilla,United Kingdom,418,435,143,148,275,287
Anguilla,United States of America,454,473,131,136,323,337
Anguilla,United States Virgin Islands,406,422,144,150,262,272
Anguilla,Other,1449,1529,461,485,988,1044
Antigua and Barbuda,Micronesia,0,0,0,0,0,0
Antigua and Barbuda,Australia,7,6,4,4,3,2
Antigua and Barbuda,Bahamas,2,1,1,1,1,0
Antigua and Barbuda,Barbados,302,315,177,186,125,129
Antigua and Barbuda,Bermuda,14,13,9,9,5,4
Antigua and Barbuda,Belize,14,13,8,8,6,5
Antigua and Barbuda,British Virgin Islands,98,100,48,50,50,50
Antigua and Barbuda,Canada,434,453,209,220,225,233
Antigua and Barbuda,China,134,139,65,69,69,70
Antigua and Barbuda,Cuba,20,19,9,9,11,10
Antigua and Barbuda,Dominica,4745,4963,2089,2187,2656,2776
Antigua and Barbuda,Dominican Republic,1784,1865,671,703,1113,1162
Antigua and Barbuda,Ethiopia,90,92,41,43,49,49
Antigua and Barbuda,France,41,41,19,20,22,21
Antigua and Barbuda,French Guiana,5,4,3,3,2,1
Antigua and Barbuda,Germany,83,85,40,42,43,43
Antigua and Barbuda,Ghana,31,31,15,16,16,15
Antigua and Barbuda,Grenada,192,199,107,112,85,87
Antigua and Barbuda,Guadeloupe,76,78,37,39,39,39
Antigua and Barbuda,Guyana,6472,6811,2891,3027,3581,3784
Antigua and Barbuda,Haiti,33,33,16,17,17,16
Antigua and Barbuda,Honduras,7,6,4,4,3,2
Antigua and Barbuda,India,79,81,39,41,40,40
Antigua and Barbuda,Italy,72,73,36,37,36,36
Antigua and Barbuda,Jamaica,3990,4173,1331,1394,2659,2779
Antigua and Barbuda,Japan,20,19,9,9,11,10
Antigua and Barbuda,Lebanon,55,56,27,28,28,28
Antigua and Barbuda,Martinique,5,4,3,3,2,1
Antigua and Barbuda,Mexico,5,4,3,3,2,1
Antigua and Barbuda,Montserrat,1138,1189,572,599,566,590
Antigua and Barbuda,Netherlands,16,15,7,7,9,8
Antigua and Barbuda,Curaçao,19,18,8,8,11,10
Antigua and Barbuda,Aruba,5,4,3,3,2,1
Antigua and Barbuda,Sint Maarten (Dutch part),23,22,12,12,11,10
Antigua and Barbuda,"Bonaire, Sint Eustatius and Saba",11,10,5,5,6,5
Antigua and Barbuda,New Zealand,12,11,6,6,6,5
Antigua and Barbuda,Nigeria,40,40,18,19,22,21
Antigua and Barbuda,Pakistan,0,0,0,0,0,0
Antigua and Barbuda,Puerto Rico,53,54,26,27,27,27
Antigua and Barbuda,Saint Kitts and Nevis,476,497,222,232,254,265
Antigua and Barbuda,Anguilla,39,39,19,20,20,19
Antigua and Barbuda,Saint Lucia,676,706,292,306,384,400
Antigua and Barbuda,Saint Vincent and the Grenadines,918,959,548,574,370,385
Antigua and Barbuda,South Africa,45,45,21,22,24,23
Antigua and Barbuda,Spain,12,11,6,6,6,5
Antigua and Barbuda,Suriname,45,45,21,22,24,23
Antigua and Barbuda,Syrian Arab Republic,244,254,118,123,126,131
Antigua and Barbuda,Trinidad and Tobago,720,752,348,365,372,387
Antigua and Barbuda,Turks and Caicos Islands,6,5,3,3,3,2
Antigua and Barbuda,Egypt,10,9,5,5,5,4
Antigua and Barbuda,United Kingdom,994,1038,487,509,507,529
Antigua and Barbuda,United States of America,2626,2747,1311,1374,1315,1373
Antigua and Barbuda,United States Virgin Islands,711,743,344,361,367,382
Antigua and Barbuda,Venezuela (Bolivarian Republic of),39,39,19,20,20,19
Antigua and Barbuda,Other,394,457,192,208,202,249
Aruba,Micronesia,0,0,0,0,0,0
Aruba,China,1127,1260,579,635,548,625
Aruba,Colombia,9762,10926,3756,4061,6006,6865
Aruba,Dominica,107,119,32,34,75,85
Aruba,Dominican Republic,4327,4839,1619,1748,2708,3091
Aruba,Grenada,258,287,65,67,193,220
Aruba,Guyana,289,322,136,149,153,173
Aruba,Haiti,1632,1824,595,641,1037,1183
Aruba,India,330,368,217,240,113,128
Aruba,Jamaica,746,833,243,259,503,574
Aruba,Netherlands,4585,5128,2369,2599,2216,2529
Aruba,Curaçao,2455,2745,1297,1424,1158,1321
Aruba,Sint Maarten (Dutch part),701,784,371,408,330,376
Aruba,"Bonaire, Sint Eustatius and Saba",297,331,157,172,140,159
Aruba,Nicaragua,107,119,49,54,58,65
Aruba,Peru,1134,1268,577,633,557,635
Aruba,Philippines,1004,1121,493,539,511,582
Aruba,Portugal,164,182,82,89,82,93
Aruba,Saint Vincent and the Grenadines,113,126,26,27,87,99
Aruba,Suriname,1337,1494,628,685,709,809
Aruba,Turkey,10,11,7,7,3,4
Aruba,United States of America,612,683,301,328,311,355
Aruba,Venezuela (Bolivarian Republic of),3399,17000,1699,8619,1700,8381
Aruba,Other,1618,1823,810,889,808,934
Bahamas,Micronesia,0,0,0,0,0,0
Bahamas,Antigua and Barbuda,14,13,6,6,8,7
Bahamas,Argentina,111,117,73,78,38,39
Bahamas,Australia,83,88,42,46,41,42
Bahamas,Austria,40,41,20,21,20,20
Bahamas,Barbados,238,253,152,162,86,91
Bahamas,Belgium,30,30,18,19,12,11
Bahamas,Bermuda,39,40,15,16,24,24
Bahamas,Botswana,14,13,9,9,5,4
Bahamas,Brazil,121,128,58,63,63,65
Bahamas,Belize,44,45,15,16,29,29
Bahamas,British Virgin Islands,3,2,0,0,3,2
Bahamas,Bulgaria,21,21,16,17,5,4
Bahamas,Canada,1567,1679,854,917,713,762
Bahamas,Cayman Islands,23,23,13,14,10,9
Bahamas,Sri Lanka,39,40,22,23,17,17
Bahamas,Chile,35,36,15,16,20,20
Bahamas,China,172,183,99,106,73,77
Bahamas,Colombia,193,205,114,122,79,83
Bahamas,Costa Rica,54,56,21,22,33,34
Bahamas,Cuba,401,429,125,134,276,295
Bahamas,Denmark,16,15,7,7,9,8
Bahamas,Dominica,75,79,35,38,40,41
Bahamas,Dominican Republic,291,310,172,184,119,126
Bahamas,Ecuador,43,44,28,30,15,14
Bahamas,El Salvador,73,77,68,73,5,4
Bahamas,Estonia,16,15,6,6,10,9
Bahamas,France,143,152,92,99,51,53
Bahamas,Germany,289,308,139,148,150,160
Bahamas,Ghana,48,49,39,41,9,8
Bahamas,Greece,91,96,59,64,32,32
Bahamas,Grenada,33,34,14,15,19,19
Bahamas,Guatemala,35,36,16,17,19,19
Bahamas,Guyana,1335,1430,581,623,754,807
Bahamas,Haiti,27591,29629,15643,16762,11948,12867
Bahamas,Honduras,43,44,34,36,9,8
Bahamas,"China, Hong Kong SAR",26,26,12,13,14,13
Bahamas,India,598,640,336,360,262,280
Bahamas,Indonesia,33,34,13,14,20,20
Bahamas,Ireland,59,61,32,34,27,27
Bahamas,Italy,158,168,105,113,53,55
Bahamas,Jamaica,7503,8042,2276,2440,5227,5602
Bahamas,Japan,35,36,8,9,27,27
Bahamas,Kenya,21,21,8,9,13,12
Bahamas,Mexico,134,143,85,92,49,51
Bahamas,Netherlands,54,56,31,33,23,23
Bahamas,New Zealand,24,24,7,7,17,17
Bahamas,Nicaragua,10,9,6,6,4,3
Bahamas,Nigeria,160,170,83,89,77,81
Bahamas,Norway,12,11,4,4,8,7
Bahamas,Pakistan,0,0,0,0,0,0
Bahamas,Panama,52,54,17,18,35,36
Bahamas,Peru,314,335,138,148,176,187
Bahamas,Philippines,1117,1196,542,581,575,615
Bahamas,Poland,20,20,7,8,13,12
Bahamas,Portugal,16,15,13,13,3,2
Bahamas,Romania,102,108,98,105,4,3
Bahamas,Russian Federation,56,58,10,11,46,47
Bahamas,Saint Kitts and Nevis,34,35,13,14,21,21
Bahamas,Saint Lucia,78,82,39,42,39,40
Bahamas,Saint Vincent and the Grenadines,40,41,29,31,11,10
Bahamas,South Africa,104,110,55,59,49,51
Bahamas,Zimbabwe,15,14,7,7,8,7
Bahamas,Spain,111,117,88,94,23,23
Bahamas,Eswatini,12,11,5,5,7,6
Bahamas,Sweden,29,29,14,15,15,14
Bahamas,Switzerland,307,327,94,100,213,227
Bahamas,Trinidad and Tobago,390,418,179,193,211,225
Bahamas,Turks and Caicos Islands,1545,1655,622,667,923,988
Bahamas,Uganda,12,11,3,3,9,8
Bahamas,Ukraine,18,18,4,5,14,13
Bahamas,Egypt,31,31,18,19,13,12
Bahamas,United Kingdom,1993,2135,1149,1231,844,904
Bahamas,United States of America,9664,10359,4694,5033,4970,5326
Bahamas,Uruguay,17,17,9,10,8,7
Bahamas,Venezuela (Bolivarian Republic of),30,30,10,10,20,20
Bahamas,Other,943,1156,480,566,463,590
Barbados,Micronesia,0,0,0,0,0,0
Barbados,Antigua and Barbuda,194,194,82,82,112,112
Barbados,Australia,24,23,12,12,12,11
Barbados,Bahamas,49,48,21,21,28,27
Barbados,Bermuda,28,27,14,14,14,13
Barbados,Belize,22,21,11,11,11,10
Barbados,Canada,689,695,304,308,385,387
Barbados,China,43,42,25,25,18,17
Barbados,Cuba,58,57,29,29,29,28
Barbados,Dominica,337,339,113,114,224,225
Barbados,Grenada,389,391,139,140,250,251
Barbados,Guyana,6594,6667,3093,3128,3501,3539
Barbados,Haiti,33,32,10,10,23,22
Barbados,India,463,467,226,229,237,238
Barbados,Jamaica,994,1004,344,348,650,656
Barbados,Saint Kitts and Nevis,109,109,49,50,60,59
Barbados,Saint Lucia,2177,2200,864,873,1313,1327
Barbados,Saint Vincent and the Grenadines,3114,3148,1252,1267,1862,1881
Barbados,Suriname,47,46,12,12,35,34
Barbados,Trinidad and Tobago,1490,1506,545,551,945,955
Barbados,United Kingdom,2509,2537,1092,1105,1417,1432
Barbados,United States of America,1034,1044,476,481,558,563
Barbados,Other,14078,14272,6775,6858,7303,7414
"Bonaire, Sint Eustatius and Saba",Micronesia,0,0,0,0,0,0
"Bonaire, Sint Eustatius and Saba",Antigua and Barbuda,0,0,0,0,0,0
"Bonaire, Sint Eustatius and Saba",Argentina,0,0,0,0,0,0
"Bonaire, Sint Eustatius and Saba",Bahamas,0,0,0,0,0,0
"Bonaire, Sint Eustatius and Saba",Barbados,0,0,0,0,0,0
"Bonaire, Sint Eustatius and Saba",British Virgin Islands,0,0,0,0,0,0
"Bonaire, Sint Eustatius and Saba",Canada,0,0,0,0,0,0
"Bonaire, Sint Eustatius and Saba",China,0,0,0,0,0,0
"Bonaire, Sint Eustatius and Saba",Colombia,0,0,0,0,0,0
"Bonaire, Sint Eustatius and Saba",Cuba,0,0,0,0,0,0
"Bonaire, Sint Eustatius and Saba",Dominica,0,0,0,0,0,0
"Bonaire, Sint Eustatius and Saba",Dominican Republic,0,0,0,0,0,0
"Bonaire, Sint Eustatius and Saba",France,0,0,0,0,0,0
"Bonaire, Sint Eustatius and Saba",French Guiana,0,0,0,0,0,0
"Bonaire, Sint Eustatius and Saba",Grenada,0,0,0,0,0,0
"Bonaire, Sint Eustatius and Saba",Guadeloupe,0,0,0,0,0,0
"Bonaire, Sint Eustatius and Saba",Guyana,0,0,0,0,0,0
"Bonaire, Sint Eustatius and Saba",Haiti,0,0,0,0,0,0
"Bonaire, Sint Eustatius and Saba","China, Hong Kong SAR",0,0,0,0,0,0
"Bonaire, Sint Eustatius and Saba",India,0,0,0,0,0,0
"Bonaire, Sint Eustatius and Saba",Indonesia,0,0,0,0,0,0
"Bonaire, Sint Eustatius and Saba",Italy,0,0,0,0,0,0
"Bonaire, Sint Eustatius and Saba",Jamaica,0,0,0,0,0,0
"Bonaire, Sint Eustatius and Saba",Japan,0,0,0,0,0,0
"Bonaire, Sint Eustatius and Saba",Lebanon,0,0,0,0,0,0
"Bonaire, Sint Eustatius and Saba",Martinique,0,0,0,0,0,0
"Bonaire, Sint Eustatius and Saba",Mexico,0,0,0,0,0,0
"Bonaire, Sint Eustatius and Saba",Netherlands,0,0,0,0,0,0
"Bonaire, Sint Eustatius and Saba",Curaçao,0,0,0,0,0,0
"Bonaire, Sint Eustatius and Saba",Aruba,0,0,0,0,0,0
"Bonaire, Sint Eustatius and Saba",Sint Maarten (Dutch part),0,0,0,0,0,0
"Bonaire, Sint Eustatius and Saba",New Zealand,0,0,0,0,0,0
"Bonaire, Sint Eustatius and Saba",Norway,0,0,0,0,0,0
"Bonaire, Sint Eustatius and Saba",Portugal,0,0,0,0,0,0
"Bonaire, Sint Eustatius and Saba",Puerto Rico,0,0,0,0,0,0
"Bonaire, Sint Eustatius and Saba",Saint Kitts and Nevis,0,0,0,0,0,0
"Bonaire, Sint Eustatius and Saba",Anguilla,0,0,0,0,0,0
"Bonaire, Sint Eustatius and Saba",Saint Lucia,0,0,0,0,0,0
"Bonaire, Sint Eustatius and Saba",Saint Vincent and the Grenadines,0,0,0,0,0,0
"Bonaire, Sint Eustatius and Saba",Spain,0,0,0,0,0,0
"Bonaire, Sint Eustatius and Saba",Suriname,0,0,0,0,0,0
"Bonaire, Sint Eustatius and Saba",Trinidad and Tobago,0,0,0,0,0,0
"Bonaire, Sint Eustatius and Saba",United Kingdom,0,0,0,0,0,0
"Bonaire, Sint Eustatius and Saba",United States of America,0,0,0,0,0,0
"Bonaire, Sint Eustatius and Saba",United States Virgin Islands,0,0,0,0,0,0
"Bonaire, Sint Eustatius and Saba",Venezuela (Bolivarian Republic of),0,0,0,0,0,0
"Bonaire, Sint Eustatius and Saba",Other,24571,26221,12709,13614,11862,12607
British Virgin Islands,Micronesia,0,0,0,0,0,0
British Virgin Islands,Antigua and Barbuda,773,877,332,377,441,500
British Virgin Islands,Australia,24,27,5,6,19,21
British Virgin Islands,Bahamas,26,29,7,8,19,21
British Virgin Islands,Barbados,187,212,117,133,70,79
British Virgin Islands,Canada,240,272,108,123,132,149
British Virgin Islands,Dominica,1256,1425,565,642,691,783
British Virgin Islands,Dominican Republic,1745,1979,856,971,889,1008
British Virgin Islands,France,24,27,15,17,9,10
British Virgin Islands,Germany,59,66,27,30,32,36
British Virgin Islands,Guyana,2314,2625,1169,1327,1145,1298
British Virgin Islands,India,40,45,21,24,19,21
British Virgin Islands,Jamaica,1941,2202,803,911,1138,1291
British Virgin Islands,Lebanon,24,27,19,22,5,5
British Virgin Islands,Montserrat,215,243,91,103,124,140
British Virgin Islands,Puerto Rico,536,608,271,308,265,300
British Virgin Islands,Saint Kitts and Nevis,1388,1574,689,782,699,792
British Virgin Islands,Saint Lucia,527,597,217,246,310,351
British Virgin Islands,Saint Vincent and the Grenadines,2251,2553,1259,1428,992,1125
British Virgin Islands,Trinidad and Tobago,528,599,333,378,195,221
British Virgin Islands,United Kingdom,816,925,448,508,368,417
British Virgin Islands,United States of America,1758,1994,797,904,961,1090
British Virgin Islands,Other,2863,3258,1264,1433,1599,1825
Cayman Islands,Micronesia,0,0,0,0,0,0
Cayman Islands,Argentina,12,12,5,4,7,8
Cayman Islands,Australia,187,208,105,119,82,89
Cayman Islands,Austria,50,55,41,45,9,10
Cayman Islands,Bahamas,185,205,97,108,88,97
Cayman Islands,Barbados,183,203,118,132,65,71
Cayman Islands,Belgium,12,12,7,7,5,5
Cayman Islands,Bermuda,34,37,27,29,7,8
Cayman Islands,Brazil,71,78,34,38,37,40
Cayman Islands,Belize,352,392,195,218,157,174
Cayman Islands,Canada,1451,1619,688,771,763,848
Cayman Islands,Colombia,419,467,197,221,222,246
Cayman Islands,Costa Rica,130,144,92,103,38,41
Cayman Islands,Cuba,757,844,364,409,393,435
Cayman Islands,Denmark,18,19,12,13,6,6
Cayman Islands,Dominican Republic,66,72,52,58,14,14
Cayman Islands,Finland,9,10,4,5,5,5
Cayman Islands,France,38,41,24,27,14,14
Cayman Islands,Germany,136,151,92,103,44,48
Cayman Islands,Grenada,16,17,10,11,6,6
Cayman Islands,Guyana,335,373,199,222,136,151
Cayman Islands,Haiti,18,19,12,13,6,6
Cayman Islands,Honduras,1833,2046,677,761,1156,1285
Cayman Islands,India,582,648,449,501,133,147
Cayman Islands,Iran (Islamic Republic of),9,10,6,7,3,3
Cayman Islands,Ireland,231,257,108,121,123,136
Cayman Islands,Israel,12,12,3,2,9,10
Cayman Islands,Italy,91,101,80,90,11,11
Cayman Islands,Jamaica,10354,11540,5190,5808,5164,5732
Cayman Islands,Japan,20,21,15,16,5,5
Cayman Islands,Kenya,36,39,10,12,26,27
Cayman Islands,Malaysia,18,19,13,14,5,5
Cayman Islands,Mexico,40,43,20,22,20,21
Cayman Islands,Netherlands,38,41,33,36,5,5
Cayman Islands,Curaçao,12,12,11,11,1,1
Cayman Islands,New Zealand,57,63,39,44,18,19
Cayman Islands,Nicaragua,396,440,161,180,235,260
Cayman Islands,Niger,29,32,29,32,0,0
Cayman Islands,Nigeria,9,10,9,10,0,0
Cayman Islands,Pakistan,110,121,71,79,39,42
Cayman Islands,Panama,136,151,74,82,62,69
Cayman Islands,Peru,15,16,6,6,9,10
Cayman Islands,Philippines,1885,2104,1005,1126,880,978
Cayman Islands,Puerto Rico,48,53,22,26,26,27
Cayman Islands,Saint Lucia,9,10,4,5,5,5
Cayman Islands,Saint Vincent and the Grenadines,32,34,25,26,7,8
Cayman Islands,South Africa,38,41,20,22,18,19
Cayman Islands,Zimbabwe,18,19,13,14,5,5
Cayman Islands,Spain,29,32,13,15,16,17
Cayman Islands,Switzerland,81,89,63,70,18,19
Cayman Islands,Thailand,55,60,50,55,5,5
Cayman Islands,Trinidad and Tobago,314,350,149,168,165,182
Cayman Islands,United Kingdom,2146,2394,1134,1269,1012,1125
Cayman Islands,Channel Islands,15,16,8,8,7,8
Cayman Islands,United Republic of Tanzania,15,16,2,3,13,13
Cayman Islands,United States of America,2878,3212,1450,1624,1428,1588
Cayman Islands,Venezuela (Bolivarian Republic of),36,52,20,30,16,22
Cayman Islands,Zambia,9,10,6,7,3,3
Cayman Islands,Other,78,150,43,59,35,91
Cuba,Micronesia,0,0,0,0,0,0
Cuba,Albania,1,0,1,0,0,0
Cuba,Algeria,13,8,5,3,8,5
Cuba,Angola,44,30,17,11,27,19
Cuba,Argentina,58,35,21,12,37,23
Cuba,Bolivia (Plurinational State of),52,46,23,20,29,26
Cuba,Bulgaria,27,13,6,3,21,10
Cuba,Canada,34,25,20,14,14,11
Cuba,Chile,92,67,54,38,38,29
Cuba,China,76,42,49,27,27,15
Cuba,Colombia,65,42,30,19,35,23
Cuba,Czechia,44,24,13,7,31,17
Cuba,Dominican Republic,27,14,6,3,21,11
Cuba,Ecuador,53,47,22,19,31,28
Cuba,France,90,69,47,35,43,34
Cuba,Germany,155,106,72,48,83,58
Cuba,Greenland,0,0,0,0,0,0
Cuba,Grenada,0,0,0,0,0,0
Cuba,Guatemala,27,18,12,8,15,10
Cuba,Haiti,126,54,68,29,58,25
Cuba,Hungary,16,9,7,4,9,5
Cuba,Italy,337,371,210,227,127,144
Cuba,Jamaica,71,38,31,16,40,22
Cuba,Lebanon,14,9,10,6,4,3
Cuba,Mexico,161,106,73,47,88,59
Cuba,Nicaragua,109,71,40,25,69,46
Cuba,Panama,21,11,6,3,15,8
Cuba,Peru,52,39,22,16,30,23
Cuba,Poland,21,11,5,2,16,9
Cuba,Puerto Rico,21,10,7,3,14,7
Cuba,Romania,66,60,19,17,47,43
Cuba,Russian Federation,593,343,165,93,428,250
Cuba,Spain,999,505,455,225,544,280
Cuba,Ukraine,212,131,55,33,157,98
Cuba,United Kingdom,37,31,17,14,20,17
Cuba,United States of America,253,176,123,84,130,92
Cuba,Venezuela (Bolivarian Republic of),241,245,95,94,146,151
Cuba,Other,441,218,221,107,220,111
Curaçao,Micronesia,0,0,0,0,0,0
Curaçao,Antigua and Barbuda,54,62,13,17,41,45
Curaçao,Argentina,21,24,7,9,14,15
Curaçao,Bahamas,81,94,40,49,41,45
Curaçao,Barbados,191,222,34,44,157,178
Curaçao,Belgium,91,104,42,49,49,55
Curaçao,British Virgin Islands,99,115,16,21,83,94
Curaçao,Canada,90,103,59,69,31,34
Curaçao,China,489,569,232,277,257,292
Curaçao,Colombia,4797,5058,1650,1737,3147,3321
Curaçao,Cuba,233,271,112,134,121,137
Curaçao,Dominica,107,124,19,25,88,99
Curaçao,Dominican Republic,5715,6665,1357,1702,4358,4963
Curaçao,Germany,124,143,64,75,60,68
Curaçao,Grenada,2,2,1,1,1,1
Curaçao,Guadeloupe,94,109,41,49,53,60
Curaçao,Guyana,458,533,194,234,264,299
Curaçao,Haiti,1968,2295,1080,1284,888,1011
Curaçao,"China, Hong Kong SAR",111,129,72,85,39,44
Curaçao,India,637,742,393,465,244,277
Curaçao,Indonesia,182,211,88,104,94,107
Curaçao,Italy,23,27,17,21,6,6
Curaçao,Jamaica,1300,1516,379,467,921,1049
Curaçao,Japan,130,151,61,73,69,78
Curaçao,Lebanon,252,293,167,197,85,96
Curaçao,Martinique,31,35,13,16,18,19
Curaçao,Mexico,13,15,4,6,9,9
Curaçao,Netherlands,9504,10562,4819,5473,4685,5089
Curaçao,Aruba,1708,1992,633,769,1075,1223
Curaçao,Sint Maarten (Dutch part),499,581,215,258,284,323
Curaçao,"Bonaire, Sint Eustatius and Saba",2334,2722,953,1149,1381,1573
Curaçao,Peru,105,122,46,55,59,67
Curaçao,Portugal,919,1070,449,535,470,535
Curaçao,Puerto Rico,15,17,4,6,11,11
Curaçao,Saint Kitts and Nevis,181,210,42,52,139,158
Curaçao,Anguilla,42,47,11,13,31,34
Curaçao,Saint Vincent and the Grenadines,291,339,50,66,241,273
Curaçao,Spain,20,22,7,7,13,15
Curaçao,Suriname,1871,2180,813,975,1058,1205
Curaçao,Trinidad and Tobago,96,112,42,51,54,61
Curaçao,United Kingdom,24,27,9,10,15,17
Curaçao,United States of America,330,384,172,205,158,179
Curaçao,United States Virgin Islands,28,32,8,10,20,22
Curaçao,Venezuela (Bolivarian Republic of),1787,16500,750,7763,1037,8737
Curaçao,Other,564,679,289,351,275,328
Dominica,Micronesia,0,0,0,0,0,0
Dominica,Antigua and Barbuda,442,451,212,218,230,233
Dominica,Australia,7,6,2,2,5,4
Dominica,Bahamas,12,11,5,5,7,6
Dominica,Barbados,167,169,91,93,76,76
Dominica,British Virgin Islands,85,85,42,43,43,42
Dominica,Canada,184,186,94,96,90,90
Dominica,China,38,37,25,25,13,12
Dominica,Cuba,12,11,3,3,9,8
Dominica,France,80,80,53,54,27,26
Dominica,French Guiana,23,22,6,6,17,16
Dominica,Germany,30,29,13,13,17,16
Dominica,Guadeloupe,38,37,12,12,26,25
Dominica,Guyana,190,193,105,108,85,85
Dominica,Haiti,2453,2537,1227,1252,1226,1285
Dominica,India,28,27,16,16,12,11
Dominica,Jamaica,129,130,44,45,85,85
Dominica,Lebanon,34,33,27,27,7,6
Dominica,Martinique,143,145,100,103,43,42
Dominica,Montserrat,162,164,86,88,76,76
Dominica,Netherlands,10,9,5,5,5,4
Dominica,Aruba,47,46,17,17,30,29
Dominica,Nigeria,50,50,20,21,30,29
Dominica,Puerto Rico,16,15,15,15,1,0
Dominica,Saint Kitts and Nevis,63,63,26,27,37,36
Dominica,Anguilla,19,18,14,14,5,4
Dominica,Saint Lucia,281,286,142,146,139,140
Dominica,Saint Vincent and the Grenadines,125,126,70,71,55,55
Dominica,Suriname,19,18,12,12,7,6
Dominica,Syrian Arab Republic,16,15,11,11,5,4
Dominica,Trinidad and Tobago,306,312,183,188,123,124
Dominica,United Kingdom,633,647,329,337,304,310
Dominica,United States of America,623,637,383,393,240,244
Dominica,Venezuela (Bolivarian Republic of),30,29,4,4,26,25
Dominica,Other,1598,1660,821,844,777,816
Dominican Republic,Micronesia,0,0,0,0,0,0
Dominican Republic,Antigua and Barbuda,179,186,95,99,84,87
Dominican Republic,Argentina,1071,1116,600,625,471,491
Dominican Republic,Australia,40,41,28,28,12,13
Dominican Republic,Austria,207,214,133,138,74,76
Dominican Republic,Bahamas,39,40,30,31,9,9
Dominican Republic,Bahrain,21,21,18,18,3,3
Dominican Republic,Belgium,256,266,157,164,99,102
Dominican Republic,Bermuda,15,15,13,13,2,2
Dominican Republic,Bhutan,8,8,8,8,0,0
Dominican Republic,Bolivia (Plurinational State of),170,176,101,105,69,71
Dominican Republic,Bosnia and Herzegovina,5,5,5,5,0,0
Dominican Republic,Brazil,644,671,319,333,325,338
Dominican Republic,British Virgin Islands,74,76,39,39,35,37
Dominican Republic,Bulgaria,73,76,43,45,30,31
Dominican Republic,Burundi,3,3,0,0,3,3
Dominican Republic,Cambodia,121,126,62,65,59,61
Dominican Republic,Cameroon,23,23,12,12,11,11
Dominican Republic,Canada,1215,1267,682,711,533,556
Dominican Republic,Cabo Verde,3,3,0,0,3,3
Dominican Republic,Central African Republic,135,140,86,90,49,50
Dominican Republic,Chad,3,3,3,3,0,0
Dominican Republic,Chile,633,661,353,369,280,292
Dominican Republic,China,3776,3942,2448,2554,1328,1388
Dominican Republic,Colombia,2838,2962,1446,1507,1392,1455
Dominican Republic,Cook Islands,8,8,2,2,6,6
Dominican Republic,Costa Rica,307,320,164,171,143,149
Dominican Republic,Cuba,3259,3402,1903,1984,1356,1418
Dominican Republic,Czechia,29,29,16,16,13,13
Dominican Republic,Denmark,25,25,16,16,9,9
Dominican Republic,Dominica,14,14,6,6,8,8
Dominican Republic,Ecuador,581,605,298,310,283,295
Dominican Republic,El Salvador,267,278,127,132,140,146
Dominican Republic,Finland,27,27,11,11,16,16
Dominican Republic,France,3731,3894,2622,2734,1109,1160
Dominican Republic,State of Palestine,18,18,11,11,7,7
Dominican Republic,Germany,1857,1938,1170,1221,687,717
Dominican Republic,Greece,63,65,46,48,17,17
Dominican Republic,Guadeloupe,55,57,32,34,23,23
Dominican Republic,Guatemala,428,446,231,241,197,205
Dominican Republic,Guyana,23,23,17,17,6,6
Dominican Republic,Haiti,475084,496112,310466,323796,164618,172316
Dominican Republic,Honduras,424,442,204,213,220,229
Dominican Republic,Hungary,21,21,15,15,6,6
Dominican Republic,India,94,97,70,72,24,25
Dominican Republic,Iran (Islamic Republic of),30,31,24,25,6,6
Dominican Republic,Iraq,27,27,19,19,8,8
Dominican Republic,Ireland,32,33,20,20,12,13
Dominican Republic,Israel,61,63,44,46,17,17
Dominican Republic,Italy,4192,4375,3120,3255,1072,1120
Dominican Republic,Jamaica,132,137,97,100,35,37
Dominican Republic,Japan,345,359,174,182,171,177
Dominican Republic,Kazakhstan,10,10,5,5,5,5
Dominican Republic,Republic of Korea,564,587,321,333,243,254
Dominican Republic,Lebanon,149,154,101,104,48,50
Dominican Republic,Malaysia,17,17,7,7,10,10
Dominican Republic,Malta,25,25,14,14,11,11
Dominican Republic,Martinique,32,33,23,24,9,9
Dominican Republic,Mexico,1497,1563,780,815,717,748
Dominican Republic,Republic of Moldova,11,11,5,5,6,6
Dominican Republic,Morocco,33,34,25,26,8,8
Dominican Republic,Netherlands,593,617,384,400,209,217
Dominican Republic,Aruba,160,167,98,103,62,64
Dominican Republic,Nicaragua,292,303,127,131,165,172
Dominican Republic,Nigeria,25,25,20,20,5,5
Dominican Republic,Norway,54,56,31,33,23,23
Dominican Republic,Pakistan,79,81,59,61,20,20
Dominican Republic,Panama,756,789,393,410,363,379
Dominican Republic,Paraguay,25,25,14,14,11,11
Dominican Republic,Peru,1428,1489,870,906,558,583
Dominican Republic,Philippines,50,51,26,26,24,25
Dominican Republic,Poland,44,45,30,31,14,14
Dominican Republic,Portugal,106,110,64,67,42,43
Dominican Republic,Puerto Rico,4578,4780,2552,2662,2026,2118
Dominican Republic,Romania,43,44,19,19,24,25
Dominican Republic,Russian Federation,482,503,198,207,284,296
Dominican Republic,Saint Helena,97,100,48,50,49,50
Dominican Republic,Saint Kitts and Nevis,137,142,83,87,54,55
Dominican Republic,Anguilla,33,34,21,21,12,13
Dominican Republic,Saint Pierre and Miquelon,64,66,38,40,26,26
Dominican Republic,Saudi Arabia,17,17,14,14,3,3
Dominican Republic,Serbia,72,75,32,34,40,41
Dominican Republic,South Africa,10,10,3,3,7,7
Dominican Republic,Spain,6967,7272,4349,4534,2618,2738
Dominican Republic,Suriname,27,27,17,17,10,10
Dominican Republic,Sweden,73,76,43,45,30,31
Dominican Republic,Switzerland,1044,1088,690,719,354,369
Dominican Republic,Syrian Arab Republic,25,25,16,16,9,9
Dominican Republic,Trinidad and Tobago,23,23,14,14,9,9
Dominican Republic,Turkey,30,31,21,22,9,9
Dominican Republic,Turks and Caicos Islands,34,35,14,15,20,20
Dominican Republic,Ukraine,75,77,25,26,50,51
Dominican Republic,North Macedonia,26,26,16,16,10,10
Dominican Republic,United Kingdom,482,503,256,268,226,235
Dominican Republic,United States of America,14010,14626,7373,7684,6637,6942
Dominican Republic,United States Virgin Islands,82,84,46,46,36,38
Dominican Republic,Uruguay,182,189,93,98,89,91
Dominican Republic,Venezuela (Bolivarian Republic of),3561,34063,1695,15722,1866,18341
Dominican Republic,Wallis and Futuna Islands,11,11,5,5,6,6
Dominican Republic,Other,8468,8788,4764,4964,3704,3824
Grenada,Micronesia,0,0,0,0,0,0
Grenada,Antigua and Barbuda,38,39,19,18,19,21
Grenada,Bahamas,30,30,15,14,15,16
Grenada,Barbados,178,180,89,83,89,97
Grenada,British Virgin Islands,14,14,7,6,7,8
Grenada,Canada,227,225,152,143,75,82
Grenada,Dominica,74,74,37,34,37,40
Grenada,Guyana,341,365,53,50,288,315
Grenada,Jamaica,115,117,57,54,58,63
Grenada,Montserrat,10,10,5,5,5,5
Grenada,Saint Kitts and Nevis,15,15,8,7,7,8
Grenada,Saint Lucia,163,165,81,76,82,89
Grenada,Saint Vincent and the Grenadines,377,398,88,82,289,316
Grenada,Trinidad and Tobago,2196,2291,728,681,1468,1610
Grenada,United States Virgin Islands,704,658,699,653,5,5
Grenada,Venezuela (Bolivarian Republic of),341,324,304,284,37,40
Grenada,Other,2234,2308,1160,1102,1074,1206
Guadeloupe,Micronesia,0,0,0,0,0,0
Guadeloupe,Algeria,144,142,63,62,81,80
Guadeloupe,Belgium,428,424,214,211,214,213
Guadeloupe,Brazil,59,58,25,25,34,33
Guadeloupe,Canada,458,452,198,193,260,259
Guadeloupe,Dominica,4037,3997,1397,1361,2640,2636
Guadeloupe,Dominican Republic,874,864,292,284,582,580
Guadeloupe,France,51467,50960,22149,21664,29318,29296
Guadeloupe,French Guiana,1099,1088,468,458,631,630
Guadeloupe,Germany,290,287,124,122,166,165
Guadeloupe,Guyana,174,170,74,72,100,98
Guadeloupe,Haiti,14113,13973,6273,6139,7840,7834
Guadeloupe,India,184,181,79,77,105,104
Guadeloupe,Italy,334,330,144,142,190,188
Guadeloupe,Lebanon,234,231,101,99,133,132
Guadeloupe,Martinique,8722,8635,3554,3473,5168,5162
Guadeloupe,Netherlands,739,731,318,310,421,421
Guadeloupe,Portugal,431,426,185,181,246,245
Guadeloupe,Réunion,367,363,89,86,278,277
Guadeloupe,Saint Lucia,381,377,165,162,216,215
Guadeloupe,Suriname,34,33,15,15,19,18
Guadeloupe,Switzerland,206,203,88,86,118,117
Guadeloupe,Syrian Arab Republic,273,270,118,116,155,154
Guadeloupe,United Kingdom,385,381,166,163,219,218
Guadeloupe,United States of America,458,452,198,193,260,259
Guadeloupe,Other,5065,5178,2183,2220,2882,2958
Haiti,Micronesia,0,0,0,0,0,0
Haiti,Argentina,437,456,251,263,186,193
Haiti,Austria,158,164,134,141,24,23
Haiti,Canada,591,617,291,304,300,313
Haiti,Chile,312,326,201,211,111,115
Haiti,China,326,341,189,199,137,142
Haiti,Colombia,780,815,398,417,382,398
Haiti,Costa Rica,256,267,99,104,157,163
Haiti,Cuba,1133,1185,635,665,498,520
Haiti,Dominican Republic,2272,2377,1272,1332,1000,1045
Haiti,France,416,434,255,267,161,167
Haiti,Germany,845,883,505,529,340,354
Haiti,Italy,1157,1210,819,858,338,352
Haiti,Japan,206,215,112,119,94,96
Haiti,Mexico,287,299,124,130,163,169
Haiti,Peru,330,345,197,207,133,138
Haiti,Puerto Rico,1459,1526,665,696,794,830
Haiti,Spain,1224,1280,779,816,445,464
Haiti,Switzerland,354,369,227,237,127,132
Haiti,United States of America,1516,1586,809,847,707,739
Haiti,Uruguay,268,279,106,111,162,168
Haiti,Venezuela (Bolivarian Republic of),2369,2488,1252,1307,1117,1181
Haiti,Other,1351,1422,716,739,635,683
Jamaica,Micronesia,0,0,0,0,0,0
Jamaica,Antigua and Barbuda,153,154,76,77,77,77
Jamaica,Bahamas,662,674,327,333,335,341
Jamaica,Barbados,533,541,263,268,270,273
Jamaica,Belize,7,7,3,3,4,4
Jamaica,Canada,1313,1338,691,705,622,633
Jamaica,Costa Rica,99,100,44,45,55,55
Jamaica,Cuba,1791,1825,892,911,899,914
Jamaica,Dominica,137,138,68,69,69,69
Jamaica,El Salvador,132,133,58,59,74,74
Jamaica,Grenada,205,207,100,101,105,106
Jamaica,Guatemala,302,307,133,136,169,171
Jamaica,Honduras,160,162,69,70,91,92
Jamaica,India,1127,1148,706,720,421,428
Jamaica,Nicaragua,123,124,54,55,69,69
Jamaica,Panama,74,74,33,33,41,41
Jamaica,Saint Kitts and Nevis,96,97,47,48,49,49
Jamaica,Saint Lucia,328,334,163,167,165,167
Jamaica,Saint Vincent and the Grenadines,224,226,110,111,114,115
Jamaica,Trinidad and Tobago,2299,2343,1137,1161,1162,1182
Jamaica,United Kingdom,4739,4832,2319,2366,2420,2466
Jamaica,United States of America,6193,6349,3186,3257,3007,3092
Jamaica,Other,2468,2516,1286,1313,1182,1203
Martinique,Micronesia,0,0,0,0,0,0
Martinique,Algeria,114,113,46,46,68,67
Martinique,Belgium,147,145,60,59,87,86
Martinique,Brazil,85,84,31,31,54,53
Martinique,China,175,173,92,91,83,82
Martinique,Dominica,473,469,195,194,278,275
Martinique,Dominican Republic,155,153,65,64,90,89
Martinique,France,52770,52350,23236,23052,29534,29298
Martinique,French Guiana,2025,2008,644,639,1381,1369
Martinique,Guadeloupe,6119,6070,1854,1840,4265,4230
Martinique,Haiti,1982,1966,1184,1175,798,791
Martinique,Italy,94,93,42,42,52,51
Martinique,Réunion,464,460,113,112,351,348
Martinique,Saint Lucia,2275,2256,941,933,1334,1323
Martinique,Syrian Arab Republic,174,172,73,72,101,100
Martinique,United Kingdom,171,169,53,52,118,117
Martinique,Other,1951,1943,803,797,1148,1146
Montserrat,Micronesia,0,0,0,0,0,0
Montserrat,Antigua and Barbuda,115,116,55,56,60,60
Montserrat,Canada,36,35,18,18,18,17
Montserrat,Dominica,283,306,127,131,156,175
Montserrat,Dominican Republic,24,23,18,18,6,5
Montserrat,Guyana,240,244,139,143,101,101
Montserrat,Saint Kitts and Nevis,118,119,51,52,67,67
Montserrat,Saint Vincent and the Grenadines,29,28,20,20,9,8
Montserrat,Trinidad and Tobago,43,42,27,27,16,15
Montserrat,United Kingdom,104,104,53,54,51,50
Montserrat,United States of America,120,121,63,65,57,56
Montserrat,Other,239,241,125,127,114,114
Puerto Rico,Micronesia,0,0,0,0,0,0
Puerto Rico,Argentina,1180,828,551,386,629,442
Puerto Rico,Bolivia (Plurinational State of),56,24,27,12,29,12
Puerto Rico,Brazil,95,40,45,19,50,21
Puerto Rico,Canada,119,51,56,24,63,27
Puerto Rico,Chile,789,452,368,210,421,242
Puerto Rico,China,1088,1212,508,564,580,648
Puerto Rico,Colombia,3788,4039,1767,1877,2021,2162
Puerto Rico,Costa Rica,685,924,320,430,365,494
Puerto Rico,Cuba,13321,12637,6214,5871,7107,6766
Puerto Rico,Dominica,1190,513,556,239,634,274
Puerto Rico,Dominican Republic,57891,46905,27004,21789,30887,25116
Puerto Rico,Ecuador,851,348,397,162,454,186
Puerto Rico,Egypt,35,14,16,7,19,7
Puerto Rico,El Salvador,846,130,395,61,451,69
Puerto Rico,France,143,61,67,29,76,32
Puerto Rico,Germany,504,217,236,102,268,115
Puerto Rico,Guatemala,381,331,178,155,203,176
Puerto Rico,Guyana,50,21,23,10,27,11
Puerto Rico,Haiti,160,129,74,60,86,69
Puerto Rico,Honduras,408,531,190,247,218,284
Puerto Rico,India,49,21,23,10,26,11
Puerto Rico,Israel,45,19,21,9,24,10
Puerto Rico,Italy,192,82,90,39,102,43
Puerto Rico,Jamaica,43,18,20,9,23,9
Puerto Rico,Japan,83,35,39,17,44,18
Puerto Rico,Jordan,90,38,43,19,47,19
Puerto Rico,Republic of Korea,114,4,54,2,60,2
Puerto Rico,Lebanon,18,7,9,4,9,3
Puerto Rico,Mexico,2647,1831,1235,851,1412,980
Puerto Rico,Netherlands,27,11,13,6,14,5
Puerto Rico,Nicaragua,234,101,110,48,124,53
Puerto Rico,Panama,921,589,430,274,491,315
Puerto Rico,Peru,686,2094,321,976,365,1118
Puerto Rico,Philippines,140,60,65,28,75,32
Puerto Rico,Poland,18,7,9,4,9,3
Puerto Rico,Portugal,35,14,16,7,19,7
Puerto Rico,Spain,1816,2604,847,1210,969,1394
Puerto Rico,Thailand,18,7,9,4,9,3
Puerto Rico,Trinidad and Tobago,174,75,81,35,93,40
Puerto Rico,Turkey,21,8,10,4,11,4
Puerto Rico,United Kingdom,173,74,81,35,92,39
Puerto Rico,United States of America,165147,159515,77034,74099,88113,85416
Puerto Rico,United States Virgin Islands,433,256,202,119,231,137
Puerto Rico,Venezuela (Bolivarian Republic of),2302,994,1074,462,1228,532
Puerto Rico,Viet Nam,64,27,30,13,34,14
Puerto Rico,Other,21424,9234,10058,4330,11366,4904
Saint Barthélemy,Micronesia,0,0,0,0,0,0
Saint Kitts and Nevis,Micronesia,0,0,0,0,0,0
Saint Kitts and Nevis,Antigua and Barbuda,404,417,197,204,207,213
Saint Kitts and Nevis,Bahamas,24,23,15,15,9,8
Saint Kitts and Nevis,Barbados,96,98,45,47,51,51
Saint Kitts and Nevis,British Virgin Islands,243,250,123,127,120,123
Saint Kitts and Nevis,Dominica,200,206,106,110,94,96
Saint Kitts and Nevis,Grenada,57,58,31,33,26,25
Saint Kitts and Nevis,Guyana,777,805,413,429,364,376
Saint Kitts and Nevis,Jamaica,141,144,70,72,71,72
Saint Kitts and Nevis,Montserrat,430,445,217,225,213,220
Saint Kitts and Nevis,Saint Lucia,102,104,57,59,45,45
Saint Kitts and Nevis,Saint Vincent and the Grenadines,168,173,88,91,80,82
Saint Kitts and Nevis,Trinidad and Tobago,266,275,153,158,113,117
Saint Kitts and Nevis,United States Virgin Islands,613,634,292,302,321,332
Saint Kitts and Nevis,Other,3922,4093,2109,2194,1813,1899
Saint Lucia,Micronesia,0,0,0,0,0,0
Saint Lucia,Antigua and Barbuda,90,85,45,43,45,42
Saint Lucia,Australia,12,10,4,4,8,6
Saint Lucia,Austria,10,8,6,6,4,2
Saint Lucia,Bahamas,11,9,9,9,2,0
Saint Lucia,Barbados,421,403,208,199,213,204
Saint Lucia,Belgium,9,7,6,6,3,1
Saint Lucia,Bermuda,2,0,2,0,0,0
Saint Lucia,Brazil,8,6,6,6,2,0
Saint Lucia,Belize,0,0,0,0,0,0
Saint Lucia,British Virgin Islands,8,6,7,6,1,0
Saint Lucia,Canada,257,245,119,114,138,131
Saint Lucia,Cayman Islands,10,8,9,8,1,0
Saint Lucia,China,52,49,26,25,26,24
Saint Lucia,Cuba,83,79,36,35,47,44
Saint Lucia,Dominica,261,249,134,129,127,120
Saint Lucia,Dominican Republic,38,35,16,16,22,19
Saint Lucia,Ethiopia,2,0,1,0,1,0
Saint Lucia,France,54,51,37,36,17,15
Saint Lucia,French Guiana,142,135,50,48,92,87
Saint Lucia,Germany,50,47,19,19,31,28
Saint Lucia,Ghana,18,16,12,12,6,4
Saint Lucia,Grenada,168,160,100,96,68,64
Saint Lucia,Guadeloupe,27,25,6,6,21,19
Saint Lucia,Guatemala,3,1,3,1,0,0
Saint Lucia,Guyana,2185,2111,965,930,1220,1181
Saint Lucia,Haiti,24,22,13,13,11,9
Saint Lucia,India,218,214,130,125,88,89
Saint Lucia,Ireland,17,15,10,10,7,5
Saint Lucia,Italy,14,12,7,7,7,5
Saint Lucia,Jamaica,390,373,156,150,234,223
Saint Lucia,Japan,10,8,2,2,8,6
Saint Lucia,Lebanon,0,0,0,0,0,0
Saint Lucia,Malaysia,10,8,6,6,4,2
Saint Lucia,Martinique,285,272,156,150,129,122
Saint Lucia,Mexico,18,16,2,2,16,14
Saint Lucia,Montserrat,30,27,15,14,15,13
Saint Lucia,Netherlands,12,10,9,9,3,1
Saint Lucia,Curaçao,83,79,41,40,42,39
Saint Lucia,Aruba,29,27,11,11,18,16
Saint Lucia,Sint Maarten (Dutch part),54,51,28,27,26,24
Saint Lucia,New Zealand,1,0,1,0,0,0
Saint Lucia,Nigeria,69,65,19,19,50,46
Saint Lucia,Pakistan,2,0,2,0,0,0
Saint Lucia,Panama,7,5,5,5,2,0
Saint Lucia,Philippines,23,21,12,12,11,9
Saint Lucia,Puerto Rico,8,6,7,6,1,0
Saint Lucia,Saint Kitts and Nevis,36,33,16,16,20,17
Saint Lucia,Anguilla,5,3,3,3,2,0
Saint Lucia,Saint Vincent and the Grenadines,315,314,132,124,183,190
Saint Lucia,South Africa,5,3,4,3,1,0
Saint Lucia,Zimbabwe,0,0,0,0,0,0
Saint Lucia,Suriname,22,20,10,10,12,10
Saint Lucia,Switzerland,9,7,6,6,3,1
Saint Lucia,Syrian Arab Republic,137,130,106,102,31,28
Saint Lucia,Trinidad and Tobago,526,504,247,237,279,267
Saint Lucia,United Kingdom,791,759,379,363,412,396
Saint Lucia,United States of America,877,851,463,449,414,402
Saint Lucia,United States Virgin Islands,94,89,34,33,60,56
Saint Lucia,Venezuela (Bolivarian Republic of),29,27,14,14,15,13
Saint Lucia,Other,602,622,307,282,295,340
Saint Martin (French part),Micronesia,0,0,0,0,0,0
Saint Vincent and the Grenadines,Micronesia,0,0,0,0,0,0
Saint Vincent and the Grenadines,Antigua and Barbuda,58,56,33,33,25,23
Saint Vincent and the Grenadines,Barbados,351,355,201,207,150,148
Saint Vincent and the Grenadines,Canada,172,173,94,97,78,76
Saint Vincent and the Grenadines,Dominica,87,86,41,40,46,46
Saint Vincent and the Grenadines,Grenada,439,450,192,204,247,246
Saint Vincent and the Grenadines,Guyana,246,249,115,117,131,132
Saint Vincent and the Grenadines,Jamaica,126,125,60,61,66,64
Saint Vincent and the Grenadines,Curaçao,152,152,76,78,76,74
Saint Vincent and the Grenadines,Sint Maarten (Dutch part),112,117,52,59,60,58
Saint Vincent and the Grenadines,"Bonaire, Sint Eustatius and Saba",201,202,109,109,92,93
Saint Vincent and the Grenadines,Saint Kitts and Nevis,39,37,10,10,29,27
Saint Vincent and the Grenadines,Saint Lucia,240,241,103,106,137,135
Saint Vincent and the Grenadines,Trinidad and Tobago,976,1011,500,518,476,493
Saint Vincent and the Grenadines,United Kingdom,805,829,427,452,378,377
Saint Vincent and the Grenadines,United States of America,342,346,183,189,159,157
Saint Vincent and the Grenadines,Other,291,309,159,163,132,146
Sint Maarten (Dutch part),Micronesia,0,0,0,0,0,0
Sint Maarten (Dutch part),Antigua and Barbuda,534,563,241,255,293,308
Sint Maarten (Dutch part),Barbados,73,76,36,38,37,38
Sint Maarten (Dutch part),British Virgin Islands,904,953,412,435,492,518
Sint Maarten (Dutch part),Canada,38,39,18,20,20,19
Sint Maarten (Dutch part),China,174,183,91,97,83,86
Sint Maarten (Dutch part),Colombia,208,218,85,90,123,128
Sint Maarten (Dutch part),Cuba,828,874,306,324,522,550
Sint Maarten (Dutch part),Dominica,1495,1578,768,811,727,767
Sint Maarten (Dutch part),Dominican Republic,3546,3762,1275,1346,2271,2416
Sint Maarten (Dutch part),France,89,93,47,50,42,43
Sint Maarten (Dutch part),Guadeloupe,2051,2166,956,1010,1095,1156
Sint Maarten (Dutch part),Guyana,1807,1907,879,928,928,979
Sint Maarten (Dutch part),Haiti,2746,2901,1581,1671,1165,1230
Sint Maarten (Dutch part),India,834,880,794,839,40,41
Sint Maarten (Dutch part),Indonesia,60,62,36,39,24,23
Sint Maarten (Dutch part),Jamaica,2364,2496,1013,1070,1351,1426
Sint Maarten (Dutch part),Lebanon,321,338,194,205,127,133
Sint Maarten (Dutch part),Martinique,75,78,36,38,39,40
Sint Maarten (Dutch part),Netherlands,730,770,354,374,376,396
Sint Maarten (Dutch part),Curaçao,1425,1504,724,765,701,739
Sint Maarten (Dutch part),Aruba,1286,1358,563,595,723,763
Sint Maarten (Dutch part),"Bonaire, Sint Eustatius and Saba",165,173,77,81,88,92
Sint Maarten (Dutch part),Puerto Rico,26,25,13,13,13,12
Sint Maarten (Dutch part),Saint Kitts and Nevis,1042,1099,374,395,668,704
Sint Maarten (Dutch part),Anguilla,383,403,209,220,174,183
Sint Maarten (Dutch part),Saint Lucia,487,513,222,234,265,279
Sint Maarten (Dutch part),Saint Vincent and the Grenadines,70,73,37,39,33,34
Sint Maarten (Dutch part),Suriname,521,549,238,252,283,297
Sint Maarten (Dutch part),Trinidad and Tobago,208,218,74,78,134,140
Sint Maarten (Dutch part),United Kingdom,53,54,28,30,25,24
Sint Maarten (Dutch part),United States of America,312,329,140,148,172,181
Sint Maarten (Dutch part),United States Virgin Islands,70,73,36,38,34,35
Sint Maarten (Dutch part),Venezuela (Bolivarian Republic of),41,42,21,23,20,19
Sint Maarten (Dutch part),Other,2329,2495,1199,1271,1130,1224
Trinidad and Tobago,Micronesia,0,0,0,0,0,0
Trinidad and Tobago,Barbados,1066,1184,512,660,554,524
Trinidad and Tobago,Canada,1777,1972,920,1160,857,812
Trinidad and Tobago,China,866,961,480,596,386,365
Trinidad and Tobago,Cuba,157,2412,86,1294,71,1118
Trinidad and Tobago,Germany,253,280,130,165,123,115
Trinidad and Tobago,Grenada,8026,8913,3551,4676,4475,4237
Trinidad and Tobago,Guyana,9830,10923,4640,6002,5190,4921
Trinidad and Tobago,India,959,1064,562,689,397,375
Trinidad and Tobago,Jamaica,1497,1661,787,989,710,672
Trinidad and Tobago,Nigeria,502,557,323,388,179,169
Trinidad and Tobago,Philippines,346,383,173,220,173,163
Trinidad and Tobago,Saint Lucia,880,977,425,547,455,430
Trinidad and Tobago,Saint Vincent and the Grenadines,6430,7141,2873,3774,3557,3367
Trinidad and Tobago,United Kingdom,2368,2629,1273,1593,1095,1036
Trinidad and Tobago,United States of America,5798,6439,3036,3824,2762,2615
Trinidad and Tobago,Venezuela (Bolivarian Republic of),1870,24001,879,8273,991,15728
Trinidad and Tobago,Other,7396,7352,3814,4329,3582,3023
Turks and Caicos Islands,Micronesia,0,0,0,0,0,0
Turks and Caicos Islands,Bahamas,273,307,142,160,131,147
Turks and Caicos Islands,Canada,462,521,246,279,216,242
Turks and Caicos Islands,Dominican Republic,1756,1989,879,998,877,991
Turks and Caicos Islands,Haiti,13928,15787,6965,7896,6963,7891
Turks and Caicos Islands,United Kingdom,416,471,231,263,185,208
Turks and Caicos Islands,United States of America,925,1046,499,566,426,480
Turks and Caicos Islands,Other,4963,5627,2797,3163,2166,2464
United States Virgin Islands,Micronesia,0,0,0,0,0,0
United States Virgin Islands,Antigua and Barbuda,4587,4588,2085,2086,2502,2502
United States Virgin Islands,Barbados,368,367,192,192,176,175
United States Virgin Islands,British Virgin Islands,2464,2464,1053,1054,1411,1410
United States Virgin Islands,Dominica,5508,5510,2651,2653,2857,2857
United States Virgin Islands,Dominican Republic,4641,4642,1822,1823,2819,2819
United States Virgin Islands,Grenada,590,589,283,283,307,306
United States Virgin Islands,Haiti,644,643,308,308,336,335
United States Virgin Islands,Jamaica,373,372,169,169,204,203
United States Virgin Islands,Montserrat,780,779,328,328,452,451
United States Virgin Islands,Curaçao,278,278,140,141,138,137
United States Virgin Islands,Aruba,501,500,239,239,262,261
United States Virgin Islands,Sint Maarten (Dutch part),99,97,51,50,48,47
United States Virgin Islands,"Bonaire, Sint Eustatius and Saba",19,18,10,10,9,8
United States Virgin Islands,Puerto Rico,4067,4067,2037,2038,2030,2029
United States Virgin Islands,Saint Kitts and Nevis,7100,7103,3257,3260,3843,3843
United States Virgin Islands,Anguilla,972,971,503,503,469,468
United States Virgin Islands,Saint Lucia,3425,3425,1645,1646,1780,1779
United States Virgin Islands,Saint Vincent and the Grenadines,518,517,261,261,257,256
United States Virgin Islands,Trinidad and Tobago,1759,1758,841,841,918,917
United States Virgin Islands,United States of America,16861,16886,8193,8196,8668,8690
United States Virgin Islands,Other,1167,1179,660,663,507,516
Belize,Micronesia,0,0,0,0,0,0
Belize,Canada,807,914,392,444,415,470
Belize,China,2048,2323,1124,1277,924,1046
Belize,El Salvador,8828,10016,4525,5134,4303,4882
Belize,Germany,68,76,44,51,24,25
Belize,Guatemala,23580,26767,11393,12929,12187,13838
Belize,Haiti,54,60,30,35,24,25
Belize,Honduras,8624,9784,4329,4912,4295,4872
Belize,"China, Hong Kong SAR",71,78,37,41,34,37
Belize,India,592,670,326,370,266,300
Belize,Jamaica,496,561,302,343,194,218
Belize,Lebanon,54,60,39,44,15,16
Belize,Mexico,3523,3997,1860,2112,1663,1885
Belize,Nigeria,44,49,37,43,7,6
Belize,United Kingdom,409,462,251,285,158,177
Belize,United States of America,4097,4647,2142,2430,1955,2217
Belize,Other,1320,1579,642,760,678,819
Costa Rica,Micronesia,5,6,2,3,3,3
Costa Rica,Afghanistan,4,4,1,1,3,3
Costa Rica,Albania,4,4,4,4,0,0
Costa Rica,Algeria,12,14,5,6,7,8
Costa Rica,Angola,3,3,2,2,1,1
Costa Rica,Azerbaijan,3,3,2,2,1,1
Costa Rica,Argentina,1468,1761,705,892,763,869
Costa Rica,Australia,67,79,34,41,33,38
Costa Rica,Austria,128,152,92,112,36,40
Costa Rica,Bahamas,12,14,9,11,3,3
Costa Rica,Bahrain,1,1,1,1,0,0
Costa Rica,Bangladesh,3,3,3,3,0,0
Costa Rica,Armenia,7,8,4,5,3,3
Costa Rica,Barbados,11,13,7,9,4,4
Costa Rica,Belgium,292,350,171,214,121,136
Costa Rica,Bermuda,11,13,6,8,5,5
Costa Rica,Bhutan,4,4,3,3,1,1
Costa Rica,Bolivia (Plurinational State of),369,442,231,285,138,157
Costa Rica,Brazil,544,652,267,337,277,315
Costa Rica,Belize,139,167,83,104,56,63
Costa Rica,Bulgaria,71,85,32,41,39,44
Costa Rica,Myanmar,12,14,4,5,8,9
Costa Rica,Belarus,5,6,2,3,3,3
Costa Rica,Cambodia,3,3,0,0,3,3
Costa Rica,Cameroon,9,11,4,6,5,5
Costa Rica,Canada,1408,1689,792,987,616,702
Costa Rica,Cayman Islands,8,9,7,8,1,1
Costa Rica,Central African Republic,5,6,4,5,1,1
Costa Rica,Sri Lanka,1,1,1,1,0,0
Costa Rica,Chile,1739,2086,885,1113,854,973
Costa Rica,China,291,348,182,225,109,123
Costa Rica,Colombia,21270,25530,10421,13157,10849,12373
Costa Rica,Congo,8,9,5,6,3,3
Costa Rica,Democratic Republic of the Congo,3,3,0,0,3,3
Costa Rica,Croatia,24,28,13,15,11,13
Costa Rica,Cuba,5756,6908,3015,3783,2741,3125
Costa Rica,Cyprus,3,3,3,3,0,0
Costa Rica,Benin,1,1,0,0,1,1
Costa Rica,Denmark,63,75,36,44,27,31
Costa Rica,Dominica,5,6,0,1,5,5
Costa Rica,Dominican Republic,1098,1317,365,483,733,834
Costa Rica,Ecuador,1272,1526,691,864,581,662
Costa Rica,El Salvador,13900,16682,6160,7856,7740,8826
Costa Rica,Ethiopia,1,1,1,1,0,0
Costa Rica,Estonia,3,3,0,0,3,3
Costa Rica,Fiji,1,1,0,0,1,1
Costa Rica,Finland,22,26,7,9,15,17
Costa Rica,France,873,1046,483,603,390,443
Costa Rica,French Guiana,12,14,5,6,7,8
Costa Rica,Gabon,1,1,0,0,1,1
Costa Rica,Georgia,12,14,5,6,7,8
Costa Rica,Germany,1866,2238,1071,1332,795,906
Costa Rica,Ghana,1,1,1,1,0,0
Costa Rica,Gibraltar,4,4,0,0,4,4
Costa Rica,Greece,33,39,22,26,11,13
Costa Rica,Greenland,8,9,5,6,3,3
Costa Rica,Grenada,8,9,5,6,3,3
Costa Rica,Guam,5,6,2,3,3,3
Costa Rica,Guatemala,2660,3192,1356,1706,1304,1486
Costa Rica,Guyana,28,33,16,19,12,14
Costa Rica,Haiti,71,85,42,52,29,33
Costa Rica,Honduras,3924,4708,1676,2145,2248,2563
Costa Rica,"China, Hong Kong SAR",3285,3943,1743,2185,1542,1758
Costa Rica,Hungary,74,89,41,51,33,38
Costa Rica,Iceland,1,1,0,0,1,1
Costa Rica,India,54,64,33,41,21,23
Costa Rica,Indonesia,17,20,10,12,7,8
Costa Rica,Iran (Islamic Republic of),100,119,81,98,19,21
Costa Rica,Iraq,15,18,10,13,5,5
Costa Rica,Ireland,29,35,14,18,15,17
Costa Rica,Israel,170,203,109,134,61,69
Costa Rica,Italy,2132,2558,1315,1628,817,930
Costa Rica,Côte d'Ivoire,3,3,2,2,1,1
Costa Rica,Jamaica,217,260,92,118,125,142
Costa Rica,Japan,283,338,162,202,121,136
Costa Rica,Kazakhstan,5,6,0,1,5,5
Costa Rica,Jordan,11,13,8,10,3,3
Costa Rica,Kenya,8,9,8,9,0,0
Costa Rica,Dem. People's Republic of Korea,36,42,17,21,19,21
Costa Rica,Republic of Korea,253,302,138,172,115,130
Costa Rica,Lao People's Democratic Republic,4,4,1,1,3,3
Costa Rica,Lebanon,88,105,59,72,29,33
Costa Rica,Latvia,1,1,0,0,1,1
Costa Rica,Libya,11,13,6,8,5,5
Costa Rica,Liechtenstein,4,4,3,3,1,1
Costa Rica,Lithuania,9,11,5,7,4,4
Costa Rica,Luxembourg,15,18,4,5,11,13
Costa Rica,"China, Macao SAR",1,1,1,1,0,0
Costa Rica,Madagascar,3,3,0,0,3,3
Costa Rica,Malaysia,4,4,4,4,0,0
Costa Rica,Maldives,1,1,0,0,1,1
Costa Rica,Martinique,4,4,3,3,1,1
Costa Rica,Mexico,3100,3720,1423,1809,1677,1911
Costa Rica,Monaco,1,1,1,1,0,0
Costa Rica,Mongolia,15,18,11,14,4,4
Costa Rica,Republic of Moldova,4,4,3,3,1,1
Costa Rica,Montserrat,4,4,1,1,3,3
Costa Rica,Morocco,4,4,1,1,3,3
Costa Rica,Mozambique,4,4,1,1,3,3
Costa Rica,Oman,3,3,3,3,0,0
Costa Rica,Nepal,8,9,7,8,1,1
Costa Rica,Netherlands,586,702,348,433,238,269
Costa Rica,Aruba,32,38,21,25,11,13
Costa Rica,New Zealand,17,20,4,5,13,15
Costa Rica,Nicaragua,292232,350854,137289,174075,154943,176779
Costa Rica,Nigeria,3,3,0,0,3,3
Costa Rica,Norway,76,91,47,58,29,33
Costa Rica,Pakistan,9,11,9,11,0,0
Costa Rica,Panama,11424,13711,5828,7330,5596,6381
Costa Rica,Paraguay,83,99,25,34,58,65
Costa Rica,Peru,3783,4540,1941,2440,1842,2100
Costa Rica,Philippines,139,167,50,67,89,100
Costa Rica,Poland,302,361,130,166,172,195
Costa Rica,Portugal,78,94,46,57,32,37
Costa Rica,Puerto Rico,356,426,216,267,140,159
Costa Rica,Qatar,3,3,2,2,1,1
Costa Rica,Romania,99,118,47,60,52,58
Costa Rica,Russian Federation,599,718,204,269,395,449
Costa Rica,Rwanda,1,1,0,0,1,1
Costa Rica,Saint Kitts and Nevis,1,1,0,0,1,1
Costa Rica,Saint Lucia,1,1,0,0,1,1
Costa Rica,Saint Pierre and Miquelon,1,1,1,1,0,0
Costa Rica,Saint Vincent and the Grenadines,1,1,1,1,0,0
Costa Rica,Saudi Arabia,13,16,9,12,4,4
Costa Rica,Senegal,1,1,0,0,1,1
Costa Rica,Singapore,8,9,7,8,1,1
Costa Rica,Slovakia,22,26,14,17,8,9
Costa Rica,Viet Nam,1,1,1,1,0,0
Costa Rica,Somalia,1,1,0,0,1,1
Costa Rica,South Africa,57,67,25,30,32,37
Costa Rica,Zimbabwe,1,1,1,1,0,0
Costa Rica,Spain,2163,2595,1207,1506,956,1089
Costa Rica,Sudan,1,1,1,1,0,0
Costa Rica,Suriname,20,23,11,13,9,10
Costa Rica,Eswatini,1,1,1,1,0,0
Costa Rica,Sweden,137,164,76,95,61,69
Costa Rica,Switzerland,672,805,374,466,298,339
Costa Rica,Syrian Arab Republic,11,13,10,12,1,1
Costa Rica,Thailand,7,8,0,0,7,8
Costa Rica,Trinidad and Tobago,34,40,10,13,24,27
Costa Rica,Tunisia,4,4,1,1,3,3
Costa Rica,Turkey,8,9,4,5,4,4
Costa Rica,Uganda,9,11,6,8,3,3
Costa Rica,Ukraine,155,186,54,72,101,114
Costa Rica,North Macedonia,26,31,14,17,12,14
Costa Rica,Egypt,11,13,10,12,1,1
Costa Rica,United Kingdom,519,622,303,377,216,245
Costa Rica,Channel Islands,111,132,35,46,76,86
Costa Rica,United Republic of Tanzania,4,4,1,1,3,3
Costa Rica,United States of America,12673,15209,7214,8984,5459,6225
Costa Rica,United States Virgin Islands,7,8,3,4,4,4
Costa Rica,Uruguay,313,374,161,202,152,172
Costa Rica,Uzbekistan,1,1,0,0,1,1
Costa Rica,Venezuela (Bolivarian Republic of),1381,28214,672,14487,709,13727
Costa Rica,Other,13948,16756,6910,8716,7038,8040
El Salvador,Micronesia,0,0,0,0,0,0
El Salvador,Argentina,216,218,132,133,84,85
El Salvador,Australia,27,27,10,10,17,17
El Salvador,Austria,11,11,5,5,6,6
El Salvador,Bangladesh,6,6,6,6,0,0
El Salvador,Barbados,40,40,20,20,20,20
El Salvador,Belgium,52,52,26,26,26,26
El Salvador,Bolivia (Plurinational State of),53,53,29,29,24,24
El Salvador,Brazil,242,245,114,116,128,129
El Salvador,Belize,339,344,161,164,178,180
El Salvador,Canada,245,248,131,133,114,115
El Salvador,Chile,229,232,115,117,114,115
El Salvador,China,259,262,160,162,99,100
El Salvador,Colombia,577,585,282,285,295,300
El Salvador,Costa Rica,876,889,405,411,471,478
El Salvador,Cuba,128,129,71,72,57,57
El Salvador,Dominican Republic,72,72,40,40,32,32
El Salvador,Ecuador,123,124,58,59,65,65
El Salvador,France,214,216,129,130,85,86
El Salvador,State of Palestine,46,46,16,16,30,30
El Salvador,Germany,227,230,128,130,99,100
El Salvador,Guatemala,8885,9036,4153,4224,4732,4812
El Salvador,Honduras,11676,11878,4775,4861,6901,7017
El Salvador,"China, Hong Kong SAR",8,8,4,4,4,4
El Salvador,India,11,11,7,7,4,4
El Salvador,Iran (Islamic Republic of),18,18,12,12,6,6
El Salvador,Ireland,11,11,6,6,5,5
El Salvador,Israel,43,43,19,19,24,24
El Salvador,Italy,282,285,181,183,101,102
El Salvador,Jamaica,10,10,6,6,4,4
El Salvador,Japan,54,54,37,37,17,17
El Salvador,Republic of Korea,128,129,78,79,50,50
El Salvador,Mexico,1714,1742,786,799,928,943
El Salvador,Netherlands,33,33,22,22,11,11
El Salvador,Nicaragua,7823,7956,4144,4216,3679,3740
El Salvador,Panama,451,458,206,210,245,248
El Salvador,Paraguay,11,11,7,7,4,4
El Salvador,Peru,234,237,138,140,96,97
El Salvador,Philippines,19,19,11,11,8,8
El Salvador,Portugal,13,13,10,10,3,3
El Salvador,Puerto Rico,62,62,35,35,27,27
El Salvador,Russian Federation,18,18,8,8,10,10
El Salvador,Spain,534,542,304,309,230,233
El Salvador,Sweden,35,35,23,23,12,12
El Salvador,Switzerland,59,59,25,25,34,34
El Salvador,United Kingdom,90,91,54,55,36,36
El Salvador,United States of America,5397,5488,2676,2722,2721,2766
El Salvador,Uruguay,75,76,50,51,25,25
El Salvador,Venezuela (Bolivarian Republic of),242,245,111,113,131,132
El Salvador,Other,141,170,80,86,61,84
Guatemala,Micronesia,0,0,0,0,0,0
Guatemala,Argentina,529,595,330,371,199,224
Guatemala,Australia,67,74,41,47,26,27
Guatemala,Bolivia (Plurinational State of),130,145,60,68,70,77
Guatemala,Brazil,229,257,135,152,94,105
Guatemala,Belize,874,984,454,508,420,476
Guatemala,Canada,379,426,249,280,130,146
Guatemala,Chile,287,322,174,195,113,127
Guatemala,China,627,705,343,385,284,320
Guatemala,Colombia,1102,1242,599,671,503,571
Guatemala,Costa Rica,1108,1248,576,646,532,602
Guatemala,Cuba,630,708,380,425,250,283
Guatemala,Dominican Republic,104,115,63,70,41,45
Guatemala,Ecuador,160,178,92,103,68,75
Guatemala,El Salvador,18301,20683,4249,4665,14052,16018
Guatemala,France,246,275,174,194,72,81
Guatemala,French Guiana,20,20,11,12,9,8
Guatemala,State of Palestine,44,48,14,17,30,31
Guatemala,Germany,611,687,394,441,217,246
Guatemala,Greenland,380,427,205,231,175,196
Guatemala,Haiti,14,13,9,9,5,4
Guatemala,Honduras,7995,9023,3688,4123,4307,4900
Guatemala,Indonesia,39,42,21,24,18,18
Guatemala,Iran (Islamic Republic of),18,18,12,13,6,5
Guatemala,Israel,125,140,81,92,44,48
Guatemala,Italy,351,394,249,281,102,113
Guatemala,Japan,141,157,89,100,52,57
Guatemala,Republic of Korea,1703,1921,1061,1193,642,728
Guatemala,Lebanon,24,25,21,23,3,2
Guatemala,Mexico,16720,18872,9895,11108,6825,7764
Guatemala,Netherlands,134,149,68,76,66,73
Guatemala,Nicaragua,8161,9211,4402,4936,3759,4275
Guatemala,Pakistan,25,26,11,13,14,13
Guatemala,Panama,286,321,150,169,136,152
Guatemala,Paraguay,57,62,30,34,27,28
Guatemala,Peru,436,491,252,284,184,207
Guatemala,Philippines,64,71,15,17,49,54
Guatemala,Portugal,28,29,26,28,2,1
Guatemala,Puerto Rico,97,107,57,63,40,44
Guatemala,Saudi Arabia,31,32,28,30,3,2
Guatemala,Spain,1259,1418,796,893,463,525
Guatemala,Sweden,45,49,31,36,14,13
Guatemala,Switzerland,147,165,99,112,48,53
Guatemala,Syrian Arab Republic,75,83,51,58,24,25
Guatemala,Turkey,24,25,9,11,15,14
Guatemala,Egypt,31,32,1,1,30,31
Guatemala,United Kingdom,213,238,139,155,74,83
Guatemala,United States of America,8239,9299,4600,5160,3639,4139
Guatemala,Uruguay,134,149,87,97,47,52
Guatemala,Venezuela (Bolivarian Republic of),270,303,132,149,138,154
Guatemala,Other,2138,2307,1075,1147,1063,1160
Honduras,Micronesia,0,0,0,0,0,0
Honduras,Argentina,191,194,109,111,82,83
Honduras,Belgium,25,25,17,17,8,8
Honduras,Bolivia (Plurinational State of),147,149,108,110,39,39
Honduras,Brazil,237,240,97,98,140,142
Honduras,Belize,365,372,194,199,171,173
Honduras,Canada,349,355,194,198,155,157
Honduras,Cayman Islands,90,91,47,48,43,43
Honduras,Chile,309,314,157,160,152,154
Honduras,China,596,608,379,388,217,220
Honduras,Colombia,868,886,491,501,377,385
Honduras,Costa Rica,861,879,462,472,399,407
Honduras,Cuba,612,624,417,426,195,198
Honduras,Dominican Republic,135,137,85,87,50,50
Honduras,Ecuador,461,470,312,319,149,151
Honduras,El Salvador,8853,9071,4101,4200,4752,4871
Honduras,France,144,146,83,85,61,61
Honduras,State of Palestine,154,156,83,84,71,72
Honduras,Germany,292,297,192,196,100,101
Honduras,Guatemala,4607,4711,2347,2401,2260,2310
Honduras,Haiti,43,43,38,38,5,5
Honduras,Israel,90,91,60,61,30,30
Honduras,Italy,260,265,196,200,64,65
Honduras,Jamaica,27,27,23,23,4,4
Honduras,Japan,139,141,76,77,63,64
Honduras,Jordan,40,40,21,21,19,19
Honduras,Dem. People's Republic of Korea,62,62,43,43,19,19
Honduras,Republic of Korea,68,69,42,43,26,26
Honduras,Mexico,1567,1602,779,797,788,805
Honduras,Netherlands,91,92,64,65,27,27
Honduras,Nicaragua,7767,7943,3931,4020,3836,3923
Honduras,Panama,398,406,228,234,170,172
Honduras,Paraguay,35,35,22,22,13,13
Honduras,Peru,384,392,221,227,163,165
Honduras,Puerto Rico,129,131,80,82,49,49
Honduras,Russian Federation,25,25,15,15,10,10
Honduras,Spain,525,536,299,307,226,229
Honduras,Sweden,31,31,18,18,13,13
Honduras,Switzerland,61,61,44,44,17,17
Honduras,United Kingdom,102,103,72,73,30,30
Honduras,United States of America,6799,6954,3751,3837,3048,3117
Honduras,Uruguay,66,67,42,43,24,24
Honduras,Venezuela (Bolivarian Republic of),102,103,49,50,53,53
Honduras,Other,223,251,134,135,89,116
Mexico,Micronesia,0,0,0,0,0,0
Mexico,Algeria,102,110,74,81,28,29
Mexico,Angola,54,57,26,28,28,29
Mexico,Argentina,15214,16688,7787,8638,7427,8050
Mexico,Australia,454,496,229,253,225,243
Mexico,Austria,524,573,264,292,260,281
Mexico,Bangladesh,51,54,40,42,11,12
Mexico,Armenia,100,108,50,55,50,53
Mexico,Belgium,885,969,482,534,403,435
Mexico,Bolivia (Plurinational State of),1599,1753,684,763,915,990
Mexico,Brazil,6350,6964,2951,3282,3399,3682
Mexico,Belize,1940,2127,913,1014,1027,1113
Mexico,Bulgaria,258,282,112,124,146,158
Mexico,Cameroon,41,44,33,36,8,8
Mexico,Canada,9475,10394,4630,5142,4845,5252
Mexico,Chile,6121,6714,3028,3362,3093,3352
Mexico,China,8849,9706,5630,6217,3219,3489
Mexico,Colombia,18461,20253,7799,8698,10662,11555
Mexico,Democratic Republic of the Congo,81,88,55,61,26,27
Mexico,Costa Rica,3128,3430,1547,1718,1581,1712
Mexico,Croatia,55,58,27,29,28,29
Mexico,Cuba,12348,13546,6590,7305,5758,6241
Mexico,Czechia,344,376,124,139,220,237
Mexico,Denmark,264,288,153,170,111,118
Mexico,Dominican Republic,2832,3107,1136,1270,1696,1837
Mexico,Ecuador,3189,3497,1355,1511,1834,1986
Mexico,El Salvador,10427,16807,5239,8463,5188,8344
Mexico,Finland,153,167,58,66,95,101
Mexico,France,9635,10569,5231,5797,4404,4772
Mexico,State of Palestine,29,30,13,14,16,16
Mexico,Germany,6630,7272,3472,3850,3158,3422
Mexico,Greece,261,286,177,196,84,90
Mexico,Guatemala,42221,46318,19636,21837,22585,24481
Mexico,Haiti,570,5787,296,3010,274,2777
Mexico,Honduras,14623,38764,6500,17273,8123,21491
Mexico,Hungary,386,422,146,164,240,258
Mexico,India,1965,2154,1434,1580,531,574
Mexico,Indonesia,160,175,81,91,79,84
Mexico,Iran (Islamic Republic of),285,312,188,208,97,104
Mexico,Iraq,49,52,40,42,9,10
Mexico,Ireland,282,308,185,204,97,104
Mexico,Israel,1932,2118,1155,1276,777,842
Mexico,Italy,5806,6368,4237,4668,1569,1700
Mexico,Côte d'Ivoire,26,27,19,20,7,7
Mexico,Jamaica,132,143,78,86,54,57
Mexico,Japan,3753,4116,2247,2485,1506,1631
Mexico,Jordan,43,46,34,36,9,10
Mexico,Kenya,68,73,40,44,28,29
Mexico,Dem. People's Republic of Korea,1719,1885,1106,1222,613,663
Mexico,Republic of Korea,1863,2041,1029,1138,834,903
Mexico,Lebanon,527,576,316,348,211,228
Mexico,Latvia,35,38,13,15,22,23
Mexico,Lithuania,61,65,18,19,43,46
Mexico,Malaysia,57,60,32,35,25,25
Mexico,Morocco,244,265,151,166,93,99
Mexico,Netherlands,1309,1435,891,982,418,453
Mexico,New Zealand,108,117,60,67,48,50
Mexico,Nicaragua,3924,4303,1807,2009,2117,2294
Mexico,Nigeria,144,157,113,125,31,32
Mexico,Norway,185,201,119,131,66,70
Mexico,Pakistan,150,163,116,127,34,36
Mexico,Panama,1612,1767,937,1037,675,730
Mexico,Paraguay,529,579,222,248,307,331
Mexico,Peru,4730,5187,3119,3443,1611,1744
Mexico,Philippines,522,572,263,292,259,280
Mexico,Poland,682,747,325,361,357,386
Mexico,Portugal,570,624,400,441,170,183
Mexico,Puerto Rico,1120,1227,650,720,470,507
Mexico,Romania,415,455,150,169,265,286
Mexico,Russian Federation,1664,1824,603,675,1061,1149
Mexico,Saudi Arabia,111,119,82,89,29,30
Mexico,Senegal,33,36,20,23,13,13
Mexico,Serbia,61,65,26,28,35,37
Mexico,Singapore,49,52,20,22,29,30
Mexico,Slovakia,108,117,35,38,73,79
Mexico,Viet Nam,84,91,43,48,41,43
Mexico,Slovenia,54,57,25,27,29,30
Mexico,South Africa,202,220,114,127,88,93
Mexico,Spain,22544,24731,12548,13897,9996,10834
Mexico,Sweden,647,709,367,407,280,302
Mexico,Switzerland,1527,1675,838,929,689,746
Mexico,Syrian Arab Republic,200,218,132,146,68,72
Mexico,Thailand,123,132,44,48,79,84
Mexico,Trinidad and Tobago,28,29,15,16,13,13
Mexico,Turkey,282,308,183,202,99,106
Mexico,Ukraine,344,376,118,132,226,244
Mexico,Egypt,203,221,160,175,43,46
Mexico,United Kingdom,3536,3877,1764,1958,1772,1919
Mexico,United States of America,728502,799248,364187,404288,364315,394960
Mexico,Uruguay,3163,3469,1255,1400,1908,2069
Mexico,Venezuela (Bolivarian Republic of),16491,70377,6953,29741,9538,40636
Mexico,Other,21074,23213,10638,11824,10436,11389
Nicaragua,Micronesia,0,0,0,0,0,0
Nicaragua,Afghanistan,61,62,34,35,27,27
Nicaragua,Algeria,113,117,52,55,61,62
Nicaragua,Antigua and Barbuda,119,123,58,61,61,62
Nicaragua,Argentina,270,281,141,147,129,134
Nicaragua,Austria,38,38,23,24,15,14
Nicaragua,Bahamas,84,86,43,45,41,41
Nicaragua,Belgium,44,45,34,36,10,9
Nicaragua,Bolivia (Plurinational State of),64,66,39,41,25,25
Nicaragua,Brazil,122,126,56,58,66,68
Nicaragua,Belize,24,24,13,14,11,10
Nicaragua,Bulgaria,61,62,22,23,39,39
Nicaragua,Canada,252,262,131,137,121,125
Nicaragua,Chile,126,130,75,78,51,52
Nicaragua,China,139,144,91,95,48,49
Nicaragua,Colombia,447,467,245,256,202,211
Nicaragua,Democratic Republic of the Congo,47,48,32,34,15,14
Nicaragua,Costa Rica,10772,11281,5473,5728,5299,5553
Nicaragua,Cuba,941,984,583,610,358,374
Nicaragua,Denmark,52,53,35,37,17,16
Nicaragua,Dominican Republic,69,71,37,39,32,32
Nicaragua,Ecuador,111,115,67,70,44,45
Nicaragua,El Salvador,2444,2557,1332,1393,1112,1164
Nicaragua,Ethiopia,81,83,50,52,31,31
Nicaragua,France,148,154,89,94,59,60
Nicaragua,Germany,300,313,192,201,108,112
Nicaragua,Guatemala,1762,1843,935,977,827,866
Nicaragua,Haiti,23,23,12,13,11,10
Nicaragua,Honduras,12439,13110,6071,6354,6368,6756
Nicaragua,India,24,24,13,14,11,10
Nicaragua,Ireland,24,24,18,19,6,5
Nicaragua,Italy,190,198,146,153,44,45
Nicaragua,Jamaica,20,19,14,14,6,5
Nicaragua,Japan,40,40,27,28,13,12
Nicaragua,Jordan,26,26,16,17,10,9
Nicaragua,Republic of Korea,61,62,38,39,23,23
Nicaragua,Mexico,846,885,381,399,465,486
Nicaragua,Netherlands,267,278,123,129,144,149
Nicaragua,Nigeria,24,24,9,10,15,14
Nicaragua,Panama,405,423,228,239,177,184
Nicaragua,Peru,228,237,133,139,95,98
Nicaragua,Puerto Rico,58,59,32,33,26,26
Nicaragua,Russian Federation,194,202,78,82,116,120
Nicaragua,Senegal,188,195,82,84,106,111
Nicaragua,Somalia,38,38,7,7,31,31
Nicaragua,Spain,460,480,261,272,199,208
Nicaragua,Sweden,33,33,21,22,12,11
Nicaragua,Switzerland,84,86,62,64,22,22
Nicaragua,Ukraine,78,80,33,34,45,46
Nicaragua,United Kingdom,71,73,47,49,24,24
Nicaragua,United States of America,3606,3775,1928,2018,1678,1757
Nicaragua,Uruguay,38,38,15,15,23,23
Nicaragua,Venezuela (Bolivarian Republic of),159,165,81,85,78,80
Nicaragua,Yemen,30,30,9,10,21,20
Nicaragua,Other,1916,2005,956,1001,960,1004
Panama,Micronesia,0,0,0,0,0,0
Panama,Argentina,2550,3062,1397,1729,1153,1333
Panama,Australia,279,335,194,237,85,98
Panama,Austria,108,129,59,73,49,56
Panama,Bangladesh,42,51,33,41,9,10
Panama,Barbados,32,38,15,20,17,18
Panama,Belgium,271,324,186,226,85,98
Panama,Bolivia (Plurinational State of),454,543,223,277,231,266
Panama,Brazil,2002,2406,941,1179,1061,1227
Panama,Belize,86,103,56,69,30,34
Panama,Bulgaria,73,87,45,55,28,32
Panama,Myanmar,98,117,97,117,1,0
Panama,Canada,1808,2171,1053,1297,755,874
Panama,Chile,1813,2178,965,1198,848,980
Panama,China,18665,22427,9846,12215,8819,10212
Panama,Colombia,55251,50702,25446,22699,29805,28003
Panama,Costa Rica,7760,9320,3688,4607,4072,4713
Panama,Croatia,102,121,79,95,23,26
Panama,Cuba,2825,2194,1648,1332,1177,862
Panama,Czechia,38,45,15,19,23,26
Panama,Denmark,147,176,117,142,30,34
Panama,Dominica,58,68,21,26,37,42
Panama,Dominican Republic,8095,9711,2627,3386,5468,6325
Panama,Ecuador,2672,3201,1435,1773,1237,1428
Panama,El Salvador,3225,4147,1602,2157,1623,1990
Panama,Finland,46,55,23,29,23,26
Panama,France,969,1163,579,713,390,450
Panama,Georgia,58,68,53,63,5,5
Panama,State of Palestine,167,199,115,141,52,58
Panama,Germany,1065,1279,625,770,440,509
Panama,Greece,325,389,268,324,57,65
Panama,Grenada,27,31,17,20,10,11
Panama,Guatemala,1606,1925,904,1116,702,809
Panama,Guyana,48,57,23,29,25,28
Panama,Haiti,542,651,248,311,294,340
Panama,Honduras,1504,1797,715,889,789,908
Panama,"China, Hong Kong SAR",281,337,138,173,143,164
Panama,Hungary,59,69,37,44,22,25
Panama,India,4481,5383,2798,3435,1683,1948
Panama,Indonesia,135,161,105,127,30,34
Panama,Iran (Islamic Republic of),86,99,64,76,22,23
Panama,Ireland,92,109,67,81,25,28
Panama,Israel,1114,1338,764,934,350,404
Panama,Italy,1318,1587,913,1117,405,470
Panama,Jamaica,697,830,337,417,360,413
Panama,Japan,372,446,204,252,168,194
Panama,Jordan,119,141,84,101,35,40
Panama,Republic of Korea,402,483,240,296,162,187
Panama,Lebanon,526,632,310,382,216,250
Panama,Libya,38,45,29,35,9,10
Panama,Lithuania,46,54,36,44,10,10
Panama,Malaysia,28,33,11,15,17,18
Panama,Mexico,4832,5801,2634,3259,2198,2542
Panama,Morocco,79,94,54,66,25,28
Panama,Netherlands,482,579,327,400,155,179
Panama,Curaçao,31,37,16,21,15,16
Panama,New Zealand,50,59,35,43,15,16
Panama,Nicaragua,12915,15517,5351,6758,7564,8759
Panama,Nigeria,37,43,28,34,9,9
Panama,Norway,77,91,49,59,28,32
Panama,Pakistan,84,99,49,60,35,39
Panama,Paraguay,122,145,48,60,74,85
Panama,Peru,4290,5155,2407,2975,1883,2180
Panama,Philippines,1601,1923,1518,1829,83,94
Panama,Poland,196,235,125,154,71,81
Panama,Portugal,254,305,169,207,85,98
Panama,Puerto Rico,721,865,463,567,258,298
Panama,Romania,182,215,133,161,49,54
Panama,Russian Federation,995,1192,635,777,360,415
Panama,Saint Pierre and Miquelon,46,55,23,29,23,26
Panama,Saudi Arabia,50,59,33,41,17,18
Panama,Serbia,27,31,23,26,4,5
Panama,Singapore,46,55,26,34,20,21
Panama,Slovakia,36,43,14,18,22,25
Panama,Viet Nam,59,69,36,43,23,26
Panama,South Africa,46,55,23,29,23,26
Panama,Spain,3702,4447,2305,2829,1397,1618
Panama,Sweden,212,254,155,189,57,65
Panama,Switzerland,367,439,247,301,120,138
Panama,Syrian Arab Republic,265,329,158,202,107,127
Panama,Thailand,144,171,129,155,15,16
Panama,Trinidad and Tobago,119,141,65,80,54,61
Panama,Turkey,112,134,89,108,23,26
Panama,Ukraine,502,603,417,505,85,98
Panama,Egypt,73,87,45,55,28,32
Panama,United Kingdom,2017,2422,1309,1602,708,820
Panama,United States of America,14040,16867,8361,10292,5679,6575
Panama,Uruguay,762,914,446,548,316,366
Panama,Venezuela (Bolivarian Republic of),9883,119553,5019,65036,4864,54517
Panama,Other,649,1065,382,602,267,463
South America,Micronesia,128,137,77,85,51,52
South America,Burundi,25,27,25,27,0,0
South America,Comoros,0,0,0,0,0,0
South America,Djibouti,0,0,0,0,0,0
South America,Eritrea,28,25,15,14,13,11
South America,Ethiopia,82,78,41,39,41,39
South America,Kenya,70,73,7,10,63,63
South America,Madagascar,55,56,10,11,45,45
South America,Malawi,19,18,11,11,8,7
South America,Mauritius,0,0,0,0,0,0
South America,Mayotte,0,0,0,0,0,0
South America,Mozambique,1735,1871,749,832,986,1039
South America,Réunion,353,396,163,183,190,213
South America,Rwanda,18,18,16,17,2,1
South America,Seychelles,35,37,35,37,0,0
South America,Somalia,6,5,2,2,4,3
South America,South Sudan,0,0,0,0,0,0
South America,Uganda,77,81,42,45,35,36
South America,United Republic of Tanzania,110,117,63,70,47,47
South America,Zambia,4,3,2,2,2,1
South America,Zimbabwe,141,147,78,86,63,61
South America,Angola,7794,8444,3968,4403,3826,4041
South America,Cameroon,221,234,136,149,85,85
South America,Central African Republic,79,84,54,59,25,25
South America,Chad,0,0,0,0,0,0
South America,Congo,144,147,111,115,33,32
South America,Democratic Republic of the Congo,1997,4378,1462,3238,535,1140
South America,Equatorial Guinea,65,70,16,20,49,50
South America,Gabon,36,38,36,38,0,0
South America,Sao Tome and Principe,69,73,15,18,54,55
South America,Algeria,844,913,478,527,366,386
South America,Egypt,4191,4514,2256,2487,1935,2027
South America,Libya,302,300,175,176,127,124
South America,Morocco,1925,1951,1058,1087,867,864
South America,Sudan,11,10,11,10,0,0
South America,Tunisia,155,156,119,122,36,34
South America,Western Sahara,0,0,0,0,0,0
South America,Botswana,0,0,0,0,0,0
South America,Eswatini,0,0,0,0,0,0
South America,Lesotho,0,0,0,0,0,0
South America,Namibia,59,63,48,52,11,11
South America,South Africa,2310,2569,1585,1783,725,786
South America,Benin,33,33,21,22,12,11
South America,Burkina Faso,41,42,15,15,26,27
South America,Cabo Verde,1550,1681,671,750,879,931
South America,Côte d'Ivoire,393,425,285,312,108,113
South America,Gambia,33,34,28,30,5,4
South America,Ghana,157,2542,114,1775,43,767
South America,Guinea,79,83,45,50,34,33
South America,Guinea-Bissau,1105,1199,732,805,373,394
South America,Liberia,44,45,24,25,20,20
South America,Mali,9,8,7,7,2,1
South America,Mauritania,2,1,0,0,2,1
South America,Niger,17,18,17,18,0,0
South America,Nigeria,2368,3696,1743,2731,625,965
South America,Saint Helena,323,402,181,227,142,175
South America,Senegal,5242,6287,4645,5586,597,701
South America,Sierra Leone,10,9,10,9,0,0
South America,Togo,13,12,13,12,0,0
South America,Kazakhstan,53,55,9,10,44,45
South America,Kyrgyzstan,6,5,3,3,3,2
South America,Tajikistan,10,9,8,8,2,1
South America,Turkmenistan,25,27,7,8,18,19
South America,Uzbekistan,37,37,4,5,33,32
South America,China,91083,114604,54997,70993,36086,43611
South America,"China, Hong Kong SAR",677,646,393,378,284,268
South America,"China, Macao SAR",0,0,0,0,0,0
South America,"China, Taiwan Province of China",0,0,0,0,0,0
South America,Dem. People's Republic of Korea,813,917,459,550,354,367
South America,Japan,70601,78956,35788,41072,34813,37884
South America,Mongolia,2,1,0,0,2,1
South America,Republic of Korea,24010,26703,12046,13840,11964,12863
South America,Brunei Darussalam,168,181,12,18,156,163
South America,Cambodia,53,55,31,33,22,22
South America,Indonesia,1049,1152,482,547,567,605
South America,Lao People's Democratic Republic,1139,1244,560,611,579,633
South America,Malaysia,265,310,132,163,133,147
South America,Myanmar,23,23,16,16,7,7
South America,Philippines,1138,1451,607,822,531,629
South America,Singapore,157,164,36,40,121,124
South America,Thailand,699,754,363,397,336,357
South America,Timor-Leste,58,62,10,1,48,61
South America,Viet Nam,227,239,142,157,85,82
South America,Afghanistan,191,250,107,147,84,103
South America,Bangladesh,82,5414,80,5413,2,1
South America,Bhutan,0,0,0,0,0,0
South America,India,3155,4486,2300,3447,855,1039
South America,Iran (Islamic Republic of),1166,1274,675,760,491,514
South America,Maldives,11,11,0,0,11,11
South America,Nepal,66,69,62,66,4,3
South America,Pakistan,446,2308,281,1385,165,923
South America,Sri Lanka,5,4,5,4,0,0
South America,Armenia,700,704,382,391,318,313
South America,Azerbaijan,2,1,0,0,2,1
South America,Bahrain,43,44,39,40,4,4
South America,Cyprus,65,61,30,29,35,32
South America,Georgia,91,93,28,32,63,61
South America,Iraq,779,870,495,562,284,308
South America,Israel,4595,5260,2727,3191,1868,2069
South America,Jordan,1632,1757,1155,1262,477,495
South America,Kuwait,101,96,45,42,56,54
South America,Lebanon,23247,24151,14384,15090,8863,9061
South America,Oman,23,24,13,14,10,10
South America,Qatar,2,1,2,1,0,0
South America,Saudi Arabia,2216,2183,1523,1503,693,680
South America,State of Palestine,592,568,368,358,224,210
South America,Syrian Arab Republic,20249,24041,12088,14143,8161,9898
South America,Turkey,1280,1357,741,801,539,556
South America,United Arab Emirates,39,40,39,40,0,0
South America,Yemen,0,0,0,0,0,0
South America,Belarus,320,322,154,157,166,165
South America,Bulgaria,1004,1085,509,574,495,511
South America,Czechia,3150,3283,1491,1591,1659,1692
South America,Hungary,3935,4096,1866,1981,2069,2115
South America,Poland,15066,15938,6952,7495,8114,8443
South America,Republic of Moldova,465,467,217,220,248,247
South America,Romania,5118,5536,2298,2548,2820,2988
South America,Russian Federation,7261,8064,2931,3380,4330,4684
South America,Slovakia,342,362,164,184,178,178
South America,Ukraine,6237,6577,2903,3091,3334,3486
South America,Channel Islands,0,0,0,0,0,0
South America,Denmark,1505,1776,911,1085,594,691
South America,Estonia,338,361,104,120,234,241
South America,Faroe Islands,0,0,0,0,0,0
South America,Finland,986,1099,475,554,511,545
South America,Iceland,590,648,389,437,201,211
South America,Ireland,819,1031,498,630,321,401
South America,Isle of Man,3,2,3,2,0,0
South America,Latvia,430,435,148,152,282,283
South America,Lithuania,1288,1340,394,419,894,921
South America,Norway,1259,1418,799,917,460,501
South America,Sweden,1990,2340,1152,1381,838,959
South America,United Kingdom,17796,21356,10092,12341,7704,9015
South America,Albania,158,157,86,91,72,66
South America,Andorra,13,14,13,14,0,0
South America,Bosnia and Herzegovina,116,118,57,61,59,57
South America,Croatia,2277,2400,1139,1233,1138,1167
South America,Gibraltar,14,14,5,5,9,9
South America,Greece,3711,3884,2093,2221,1618,1663
South America,Holy See,0,0,0,0,0,0
South America,Italy,278749,280286,141709,143438,137040,136848
South America,Malta,62,79,59,77,3,2
South America,Montenegro,301,284,146,137,155,147
South America,North Macedonia,1549,1579,729,752,820,827
South America,Portugal,222035,233217,115573,122824,106462,110393
South America,San Marino,57,59,14,15,43,44
South America,Serbia,1359,1353,592,588,767,765
South America,Slovenia,1159,1197,599,629,560,568
South America,Spain,280947,301077,139152,150994,141795,150083
South America,Austria,5489,5895,2593,2866,2896,3029
South America,Belgium,4960,5752,2959,3484,2001,2268
South America,France,64587,72243,35408,39691,29179,32552
South America,Germany,65460,63678,34906,34384,30554,29294
South America,Liechtenstein,97,98,70,71,27,27
South America,Luxembourg,181,196,89,102,92,94
South America,Monaco,158,170,55,63,103,107
South America,Netherlands,10498,11948,6464,7426,4034,4522
South America,Switzerland,9064,10256,5700,6524,3364,3732
South America,Anguilla,0,0,0,0,0,0
South America,Antigua and Barbuda,9,9,4,4,5,5
South America,Aruba,490,460,201,185,289,275
South America,Bahamas,74,77,38,43,36,34
South America,Barbados,197,204,98,103,99,101
South America,"Bonaire, Sint Eustatius and Saba",72,68,34,33,38,35
South America,British Virgin Islands,0,0,0,0,0,0
South America,Cayman Islands,0,0,0,0,0,0
South America,Cuba,24838,61417,13327,34779,11511,26638
South America,Curaçao,886,862,421,406,465,456
South America,Dominica,471,524,133,149,338,375
South America,Dominican Republic,17981,54232,6827,20901,11154,33331
South America,Grenada,312,307,141,140,171,167
South America,Guadeloupe,2021,2271,1039,1168,982,1103
South America,Haiti,61642,293827,32900,171416,28742,122411
South America,Jamaica,479,493,305,321,174,172
South America,Martinique,2697,3022,1312,1472,1385,1550
South America,Montserrat,0,0,0,0,0,0
South America,Puerto Rico,1172,1290,563,651,609,639
South America,Saint Barthélemy,0,0,0,0,0,0
South America,Saint Kitts and Nevis,36,38,31,33,5,5
South America,Saint Lucia,1083,1197,474,529,609,668
South America,Saint Martin (French part),0,0,0,0,0,0
South America,Saint Vincent and the Grenadines,384,406,197,206,187,200
South America,Sint Maarten (Dutch part),305,293,145,139,160,154
South America,Trinidad and Tobago,3608,3487,1742,1675,1866,1812
South America,Turks and Caicos Islands,0,0,0,0,0,0
South America,United States Virgin Islands,0,0,0,0,0,0
South America,Belize,938,1036,467,517,471,519
South America,Costa Rica,4572,5330,2212,2687,2360,2643
South America,El Salvador,2701,2988,1349,1537,1352,1451
South America,Guatemala,2265,2639,1151,1399,1114,1240
South America,Honduras,1900,2248,889,1073,1011,1175
South America,Mexico,35045,46160,17785,23322,17260,22838
South America,Nicaragua,3233,3317,1503,1556,1730,1761
South America,Panama,5646,6545,2911,3466,2735,3079
South America,Argentina,251968,306242,130780,158087,121188,148155
South America,Bolivia (Plurinational State of),539885,635043,269626,311949,270259,323094
South America,Brazil,225982,253696,112281,126430,113701,127266
South America,Chile,278910,292722,134364,143225,144546,149497
South America,Colombia,1268849,1329616,616604,647056,652245,682560
South America,Ecuador,86351,113372,42744,56014,43607,57358
South America,Falkland Islands (Malvinas),52,54,26,31,26,23
South America,French Guiana,893,985,514,576,379,409
South America,Guyana,27126,28551,13824,14593,13302,13958
South America,Paraguay,734874,749084,327767,336586,407107,412498
South America,Peru,441574,534230,206927,259181,234647,275049
South America,Suriname,26141,29172,12473,13912,13668,15260
South America,Uruguay,177996,181532,86708,89359,91288,92173
South America,Venezuela (Bolivarian Republic of),130842,4103204,65639,2035335,65203,2067869
South America,Bermuda,0,0,0,0,0,0
South America,Canada,14473,18109,8434,10991,6039,7118
South America,Greenland,15,15,3,3,12,12
South America,Saint Pierre and Miquelon,0,0,0,0,0,0
South America,United States of America,124725,154000,66445,85926,58280,68074
South America,Australia,2357,2973,1443,1838,914,1135
South America,New Zealand,647,764,410,490,237,274
South America,Fiji,1,1,0,0,1,1
South America,New Caledonia,0,0,0,0,0,0
South America,Papua New Guinea,2,1,2,1,0,0
South America,Solomon Islands,2,1,0,0,2,1
South America,Vanuatu,8,8,8,8,0,0
South America,Guam,0,0,0,0,0,0
South America,Kiribati,100,108,63,70,37,38
South America,Marshall Islands,0,0,0,0,0,0
South America,Micronesia (Fed. States of),4,4,0,0,4,4
South America,Nauru,0,0,0,0,0,0
South America,Northern Mariana Islands,0,0,0,0,0,0
South America,Palau,24,25,14,15,10,10
South America,American Samoa,0,0,0,0,0,0
South America,Cook Islands,0,0,0,0,0,0
South America,French Polynesia,0,0,0,0,0,0
South America,Niue,2,1,0,0,2,1
South America,Samoa,0,0,0,0,0,0
South America,Tokelau,0,0,0,0,0,0
South America,Tonga,0,0,0,0,0,0
South America,Tuvalu,4,4,2,2,2,2
South America,Wallis and Futuna Islands,0,0,0,0,0,0
Argentina,Micronesia,4,4,0,0,4,4
Argentina,Afghanistan,9,9,2,2,7,7
Argentina,Albania,66,66,39,39,27,27
Argentina,Algeria,104,103,64,64,40,39
Argentina,Andorra,1,1,1,1,0,0
Argentina,Angola,9,9,3,3,6,6
Argentina,Australia,275,276,148,150,127,126
Argentina,Austria,1022,1030,471,478,551,552
Argentina,Bahrain,12,12,8,8,4,4
Argentina,Armenia,561,565,292,296,269,269
Argentina,Barbados,7,7,1,1,6,6
Argentina,Belgium,537,541,267,271,270,270
Argentina,Bolivia (Plurinational State of),419048,423136,207475,210826,211573,212310
Argentina,Brazil,48792,49267,20566,20943,28226,28324
Argentina,Belize,6,6,1,1,5,5
Argentina,Brunei Darussalam,1,1,1,1,0,0
Argentina,Bulgaria,295,298,138,140,157,158
Argentina,Myanmar,9,9,9,9,0,0
Argentina,Belarus,304,307,141,144,163,163
Argentina,Cambodia,20,20,14,14,6,6
Argentina,Canada,530,535,273,279,257,256
Argentina,Cabo Verde,24,24,10,10,14,14
Argentina,Sri Lanka,2,2,2,2,0,0
Argentina,Chile,213119,215198,98228,99908,114891,115290
Argentina,China,14397,14537,7709,7827,6688,6710
Argentina,Colombia,8640,8723,4333,4403,4307,4320
Argentina,Congo,42,41,22,21,20,20
Argentina,Costa Rica,123,124,68,69,55,55
Argentina,Croatia,986,995,502,509,484,486
Argentina,Cuba,1106,1116,595,604,511,512
Argentina,Cyprus,47,46,23,22,24,24
Argentina,Czechia,1793,1810,721,735,1072,1075
Argentina,Denmark,245,247,119,122,126,125
Argentina,Dominica,4,4,0,0,4,4
Argentina,Dominican Republic,684,689,185,189,499,500
Argentina,Ecuador,955,963,479,486,476,477
Argentina,El Salvador,73,74,37,39,36,35
Argentina,Ethiopia,32,31,15,14,17,17
Argentina,Estonia,49,48,18,18,31,30
Argentina,Fiji,1,1,0,0,1,1
Argentina,Finland,70,71,22,24,48,47
Argentina,France,8160,8239,4118,4185,4042,4054
Argentina,Germany,9242,9332,4293,4366,4949,4966
Argentina,Gibraltar,14,14,5,5,9,9
Argentina,Greece,1017,1025,507,514,510,511
Argentina,Greenland,15,15,3,3,12,12
Argentina,Grenada,11,11,1,1,10,10
Argentina,Guatemala,96,96,48,49,48,47
Argentina,Guinea,1,1,0,0,1,1
Argentina,Haiti,41,40,30,29,11,11
Argentina,Honduras,66,66,32,33,34,33
Argentina,"China, Hong Kong SAR",4,4,4,4,0,0
Argentina,Hungary,816,822,376,382,440,440
Argentina,Iceland,8,8,1,1,7,7
Argentina,India,97,97,45,46,52,51
Argentina,Indonesia,21,21,7,7,14,14
Argentina,Iran (Islamic Republic of),137,137,74,75,63,62
Argentina,Iraq,37,36,17,16,20,20
Argentina,Ireland,64,64,35,36,29,28
Argentina,Israel,557,562,288,293,269,269
Argentina,Italy,152338,153824,65756,66941,86582,86883
Argentina,Côte d'Ivoire,1,1,1,1,0,0
Argentina,Jamaica,11,11,11,11,0,0
Argentina,Japan,4453,4496,2132,2168,2321,2328
Argentina,Jordan,73,74,49,50,24,24
Argentina,Kenya,2,2,0,0,2,2
Argentina,Dem. People's Republic of Korea,14,14,14,14,0,0
Argentina,Republic of Korea,8154,8232,4069,4133,4085,4099
Argentina,Lao People's Democratic Republic,283,284,149,151,134,133
Argentina,Lebanon,791,797,364,369,427,428
Argentina,Latvia,124,125,47,48,77,77
Argentina,Libya,51,50,33,32,18,18
Argentina,Liechtenstein,78,78,51,51,27,27
Argentina,Lithuania,392,394,155,157,237,237
Argentina,Luxembourg,96,96,29,30,67,66
Argentina,Madagascar,7,7,2,2,5,5
Argentina,Malaysia,2,2,0,0,2,2
Argentina,Malta,2,2,0,0,2,2
Argentina,Mexico,1450,1463,754,765,696,698
Argentina,Monaco,10,10,1,1,9,9
Argentina,Republic of Moldova,456,459,211,214,245,245
Argentina,Morocco,212,213,93,95,119,118
Argentina,Mozambique,11,11,1,1,10,10
Argentina,Namibia,2,2,2,2,0,0
Argentina,Netherlands,387,389,217,219,170,170
Argentina,Aruba,1,1,0,0,1,1
Argentina,Vanuatu,8,8,8,8,0,0
Argentina,New Zealand,11,11,6,6,5,5
Argentina,Nicaragua,91,91,48,49,43,42
Argentina,Niger,1,1,1,1,0,0
Argentina,Nigeria,43,42,14,14,29,28
Argentina,Norway,58,57,45,44,13,13
Argentina,Micronesia (Fed. States of),4,4,0,0,4,4
Argentina,Pakistan,5,5,5,5,0,0
Argentina,Panama,161,161,93,94,68,67
Argentina,Paraguay,679044,685714,302136,307457,376908,378257
Argentina,Peru,195320,197226,88634,90168,106686,107058
Argentina,Philippines,58,57,21,21,37,36
Argentina,Poland,7315,7386,3266,3325,4049,4061
Argentina,Portugal,4961,5008,2569,2610,2392,2398
Argentina,Puerto Rico,75,76,34,36,41,40
Argentina,Romania,1078,1087,504,512,574,575
Argentina,Russian Federation,1884,1902,893,908,991,994
Argentina,San Marino,16,16,14,14,2,2
Argentina,Saudi Arabia,80,80,51,52,29,28
Argentina,Singapore,2,2,0,0,2,2
Argentina,Viet Nam,5,5,3,3,2,2
Argentina,Slovenia,810,817,407,414,403,403
Argentina,Somalia,2,2,2,2,0,0
Argentina,South Africa,126,127,62,64,64,63
Argentina,Zimbabwe,2,2,0,0,2,2
Argentina,Spain,98050,99006,41914,42674,56136,56332
Argentina,Sudan,8,8,8,8,0,0
Argentina,Suriname,5,5,0,0,5,5
Argentina,Sweden,204,205,106,108,98,97
Argentina,Switzerland,794,800,421,426,373,374
Argentina,Syrian Arab Republic,1125,1135,592,601,533,534
Argentina,Thailand,60,60,33,33,27,27
Argentina,Trinidad and Tobago,34,33,23,22,11,11
Argentina,Tunisia,45,44,31,30,14,14
Argentina,Turkey,635,641,323,329,312,312
Argentina,Tuvalu,4,4,2,2,2,2
Argentina,Uganda,1,1,0,0,1,1
Argentina,Ukraine,4408,4451,2165,2201,2243,2250
Argentina,North Macedonia,1489,1503,690,702,799,801
Argentina,Egypt,238,240,135,138,103,102
Argentina,United Kingdom,943,951,471,478,472,473
Argentina,United Republic of Tanzania,1,1,1,1,0,0
Argentina,United States of America,5135,5184,2797,2839,2338,2345
Argentina,Burkina Faso,11,11,2,2,9,9
Argentina,Uruguay,132749,134043,62845,63897,69904,70146
Argentina,Venezuela (Bolivarian Republic of),1240,176369,606,87094,634,89275
Argentina,Zambia,1,1,1,1,0,0
Argentina,Other,44156,44576,21301,20968,22855,23608
Bolivia (Plurinational State of),Micronesia,0,0,0,0,0,0
Bolivia (Plurinational State of),Afghanistan,2,1,2,1,0,0
Bolivia (Plurinational State of),Albania,2,1,0,0,2,1
Bolivia (Plurinational State of),Algeria,4,3,2,2,2,1
Bolivia (Plurinational State of),Andorra,0,0,0,0,0,0
Bolivia (Plurinational State of),Angola,7,6,5,5,2,1
Bolivia (Plurinational State of),Antigua and Barbuda,0,0,0,0,0,0
Bolivia (Plurinational State of),Azerbaijan,2,1,0,0,2,1
Bolivia (Plurinational State of),Argentina,42697,47601,21804,24260,20893,23341
Bolivia (Plurinational State of),Australia,229,253,126,140,103,113
Bolivia (Plurinational State of),Austria,160,176,72,81,88,95
Bolivia (Plurinational State of),Bahamas,0,0,0,0,0,0
Bolivia (Plurinational State of),Bahrain,0,0,0,0,0,0
Bolivia (Plurinational State of),Bangladesh,29,30,27,29,2,1
Bolivia (Plurinational State of),Armenia,6,5,3,3,3,2
Bolivia (Plurinational State of),Barbados,0,0,0,0,0,0
Bolivia (Plurinational State of),Belgium,378,419,204,228,174,191
Bolivia (Plurinational State of),Bermuda,0,0,0,0,0,0
Bolivia (Plurinational State of),Bosnia and Herzegovina,11,10,8,8,3,2
Bolivia (Plurinational State of),Brazil,25692,28612,13393,14893,12299,13719
Bolivia (Plurinational State of),Belize,906,1007,456,506,450,501
Bolivia (Plurinational State of),Solomon Islands,2,1,0,0,2,1
Bolivia (Plurinational State of),Bulgaria,25,26,12,13,13,13
Bolivia (Plurinational State of),Myanmar,0,0,0,0,0,0
Bolivia (Plurinational State of),Burundi,0,0,0,0,0,0
Bolivia (Plurinational State of),Belarus,6,5,3,3,3,2
Bolivia (Plurinational State of),Cameroon,13,13,11,12,2,1
Bolivia (Plurinational State of),Canada,1381,1536,651,724,730,812
Bolivia (Plurinational State of),Cabo Verde,129,141,45,50,84,91
Bolivia (Plurinational State of),Central African Republic,66,71,51,56,15,15
Bolivia (Plurinational State of),Sri Lanka,3,2,3,2,0,0
Bolivia (Plurinational State of),Chad,0,0,0,0,0,0
Bolivia (Plurinational State of),Chile,4731,5268,2474,2752,2257,2516
Bolivia (Plurinational State of),China,1128,1254,703,782,425,472
Bolivia (Plurinational State of),Colombia,2965,3301,1723,1918,1242,1383
Bolivia (Plurinational State of),Congo,8,7,5,5,3,2
Bolivia (Plurinational State of),Democratic Republic of the Congo,4,3,1,1,3,2
Bolivia (Plurinational State of),Costa Rica,147,162,75,84,72,78
Bolivia (Plurinational State of),Croatia,39,41,23,25,16,16
Bolivia (Plurinational State of),Cuba,1771,1971,900,1002,871,969
Bolivia (Plurinational State of),Cyprus,3,2,0,0,3,2
Bolivia (Plurinational State of),Czechia,53,57,18,20,35,37
Bolivia (Plurinational State of),Benin,2,1,0,0,2,1
Bolivia (Plurinational State of),Denmark,108,118,46,50,62,68
Bolivia (Plurinational State of),Dominica,4,3,2,2,2,1
Bolivia (Plurinational State of),Dominican Republic,117,128,62,69,55,59
Bolivia (Plurinational State of),Ecuador,1003,1115,554,615,449,500
Bolivia (Plurinational State of),El Salvador,128,140,56,62,72,78
Bolivia (Plurinational State of),Ethiopia,3,2,3,2,0,0
Bolivia (Plurinational State of),Eritrea,0,0,0,0,0,0
Bolivia (Plurinational State of),Estonia,7,6,1,1,6,5
Bolivia (Plurinational State of),Fiji,0,0,0,0,0,0
Bolivia (Plurinational State of),Finland,41,43,20,22,21,21
Bolivia (Plurinational State of),France,1238,1377,719,800,519,577
Bolivia (Plurinational State of),French Guiana,2,1,2,1,0,0
Bolivia (Plurinational State of),Gabon,0,0,0,0,0,0
Bolivia (Plurinational State of),Georgia,3,2,1,1,2,1
Bolivia (Plurinational State of),State of Palestine,14,14,10,11,4,3
Bolivia (Plurinational State of),Germany,2023,2251,1007,1119,1016,1132
Bolivia (Plurinational State of),Ghana,15,15,12,13,3,2
Bolivia (Plurinational State of),Gibraltar,0,0,0,0,0,0
Bolivia (Plurinational State of),Greece,27,28,19,21,8,7
Bolivia (Plurinational State of),Grenada,0,0,0,0,0,0
Bolivia (Plurinational State of),Guatemala,143,158,79,89,64,69
Bolivia (Plurinational State of),Guinea,10,9,7,7,3,2
Bolivia (Plurinational State of),Guyana,6,5,4,4,2,1
Bolivia (Plurinational State of),Haiti,16,16,10,11,6,5
Bolivia (Plurinational State of),Honduras,232,257,116,130,116,127
Bolivia (Plurinational State of),"China, Hong Kong SAR",3,2,1,1,2,1
Bolivia (Plurinational State of),Hungary,28,29,14,15,14,14
Bolivia (Plurinational State of),Iceland,3,2,1,1,2,1
Bolivia (Plurinational State of),India,108,118,73,81,35,37
Bolivia (Plurinational State of),Indonesia,11,10,4,4,7,6
Bolivia (Plurinational State of),Iran (Islamic Republic of),63,68,39,43,24,25
Bolivia (Plurinational State of),Iraq,11,10,8,8,3,2
Bolivia (Plurinational State of),Ireland,78,85,43,48,35,37
Bolivia (Plurinational State of),Israel,183,201,106,118,77,83
Bolivia (Plurinational State of),Italy,1428,1588,826,918,602,670
Bolivia (Plurinational State of),Côte d'Ivoire,4,3,1,1,3,2
Bolivia (Plurinational State of),Jamaica,8,7,5,5,3,2
Bolivia (Plurinational State of),Japan,1661,1848,851,946,810,902
Bolivia (Plurinational State of),Kazakhstan,24,25,9,10,15,15
Bolivia (Plurinational State of),Jordan,17,17,14,15,3,2
Bolivia (Plurinational State of),Kenya,15,15,5,6,10,9
Bolivia (Plurinational State of),Dem. People's Republic of Korea,11,10,7,7,4,3
Bolivia (Plurinational State of),Republic of Korea,506,561,267,296,239,265
Bolivia (Plurinational State of),Kuwait,6,5,4,4,2,1
Bolivia (Plurinational State of),Kyrgyzstan,6,5,3,3,3,2
Bolivia (Plurinational State of),Lao People's Democratic Republic,0,0,0,0,0,0
Bolivia (Plurinational State of),Lebanon,38,40,29,32,9,8
Bolivia (Plurinational State of),Lesotho,0,0,0,0,0,0
Bolivia (Plurinational State of),Latvia,0,0,0,0,0,0
Bolivia (Plurinational State of),Liberia,3,2,1,1,2,1
Bolivia (Plurinational State of),Libya,4,3,1,1,3,2
Bolivia (Plurinational State of),Liechtenstein,0,0,0,0,0,0
Bolivia (Plurinational State of),Lithuania,10,9,2,2,8,7
Bolivia (Plurinational State of),Luxembourg,7,6,5,5,2,1
Bolivia (Plurinational State of),Madagascar,6,5,3,3,3,2
Bolivia (Plurinational State of),Malawi,8,7,0,0,8,7
Bolivia (Plurinational State of),Malaysia,9,8,5,5,4,3
Bolivia (Plurinational State of),Mali,2,1,0,0,2,1
Bolivia (Plurinational State of),Malta,6,5,6,5,0,0
Bolivia (Plurinational State of),Mauritania,2,1,0,0,2,1
Bolivia (Plurinational State of),Mexico,9524,10606,4655,5176,4869,5430
Bolivia (Plurinational State of),Monaco,0,0,0,0,0,0
Bolivia (Plurinational State of),Mongolia,2,1,0,0,2,1
Bolivia (Plurinational State of),Republic of Moldova,9,8,6,6,3,2
Bolivia (Plurinational State of),Montenegro,3,2,3,2,0,0
Bolivia (Plurinational State of),Morocco,25,26,11,12,14,14
Bolivia (Plurinational State of),Mozambique,4,3,2,2,2,1
Bolivia (Plurinational State of),Oman,0,0,0,0,0,0
Bolivia (Plurinational State of),Nepal,7,6,3,3,4,3
Bolivia (Plurinational State of),Netherlands,383,425,205,228,178,197
Bolivia (Plurinational State of),Curaçao,168,185,85,95,83,90
Bolivia (Plurinational State of),Aruba,3,2,1,1,2,1
Bolivia (Plurinational State of),Sint Maarten (Dutch part),49,53,25,28,24,25
Bolivia (Plurinational State of),"Bonaire, Sint Eustatius and Saba",21,21,10,11,11,10
Bolivia (Plurinational State of),New Caledonia,0,0,0,0,0,0
Bolivia (Plurinational State of),Vanuatu,0,0,0,0,0,0
Bolivia (Plurinational State of),New Zealand,65,70,36,40,29,30
Bolivia (Plurinational State of),Nicaragua,112,123,49,55,63,68
Bolivia (Plurinational State of),Niger,0,0,0,0,0,0
Bolivia (Plurinational State of),Nigeria,14,14,14,14,0,0
Bolivia (Plurinational State of),Niue,2,1,0,0,2,1
Bolivia (Plurinational State of),Norway,98,107,46,51,52,56
Bolivia (Plurinational State of),Pakistan,24,25,18,20,6,5
Bolivia (Plurinational State of),Panama,110,121,58,65,52,56
Bolivia (Plurinational State of),Papua New Guinea,2,1,2,1,0,0
Bolivia (Plurinational State of),Paraguay,4286,4772,2206,2454,2080,2318
Bolivia (Plurinational State of),Peru,11284,12565,6520,7251,4764,5314
Bolivia (Plurinational State of),Philippines,48,52,20,23,28,29
Bolivia (Plurinational State of),Poland,219,243,110,124,109,119
Bolivia (Plurinational State of),Portugal,176,195,110,124,66,71
Bolivia (Plurinational State of),Puerto Rico,39,41,19,21,20,20
Bolivia (Plurinational State of),Qatar,2,1,2,1,0,0
Bolivia (Plurinational State of),Romania,73,79,30,34,43,45
Bolivia (Plurinational State of),Russian Federation,329,364,135,150,194,214
Bolivia (Plurinational State of),Rwanda,2,1,0,0,2,1
Bolivia (Plurinational State of),Saint Kitts and Nevis,0,0,0,0,0,0
Bolivia (Plurinational State of),Saudi Arabia,14,14,10,11,4,3
Bolivia (Plurinational State of),Senegal,9,8,7,7,2,1
Bolivia (Plurinational State of),Serbia,22,22,16,17,6,5
Bolivia (Plurinational State of),Sierra Leone,3,2,3,2,0,0
Bolivia (Plurinational State of),Singapore,2,1,2,1,0,0
Bolivia (Plurinational State of),Slovakia,21,21,15,16,6,5
Bolivia (Plurinational State of),Viet Nam,13,13,10,11,3,2
Bolivia (Plurinational State of),Slovenia,10,9,6,6,4,3
Bolivia (Plurinational State of),Somalia,4,3,0,0,4,3
Bolivia (Plurinational State of),South Africa,18,18,9,10,9,8
Bolivia (Plurinational State of),Zimbabwe,4,3,2,2,2,1
Bolivia (Plurinational State of),Spain,12183,13568,6471,7196,5712,6372
Bolivia (Plurinational State of),Sudan,3,2,3,2,0,0
Bolivia (Plurinational State of),Suriname,0,0,0,0,0,0
Bolivia (Plurinational State of),Sweden,294,325,149,165,145,160
Bolivia (Plurinational State of),Switzerland,660,733,347,386,313,347
Bolivia (Plurinational State of),Syrian Arab Republic,3,2,1,1,2,1
Bolivia (Plurinational State of),Tajikistan,2,1,0,0,2,1
Bolivia (Plurinational State of),Thailand,10,9,2,2,8,7
Bolivia (Plurinational State of),Togo,2,1,2,1,0,0
Bolivia (Plurinational State of),Tonga,0,0,0,0,0,0
Bolivia (Plurinational State of),Trinidad and Tobago,6,5,3,3,3,2
Bolivia (Plurinational State of),United Arab Emirates,0,0,0,0,0,0
Bolivia (Plurinational State of),Tunisia,2,1,2,1,0,0
Bolivia (Plurinational State of),Turkey,38,40,23,25,15,15
Bolivia (Plurinational State of),Turkmenistan,0,0,0,0,0,0
Bolivia (Plurinational State of),Uganda,0,0,0,0,0,0
Bolivia (Plurinational State of),Ukraine,115,126,30,34,85,92
Bolivia (Plurinational State of),North Macedonia,13,13,10,11,3,2
Bolivia (Plurinational State of),Egypt,22,22,15,16,7,6
Bolivia (Plurinational State of),United Kingdom,904,1004,478,530,426,474
Bolivia (Plurinational State of),Isle of Man,3,2,3,2,0,0
Bolivia (Plurinational State of),United Republic of Tanzania,6,5,2,2,4,3
Bolivia (Plurinational State of),United States of America,4897,5453,2551,2837,2346,2616
Bolivia (Plurinational State of),Uruguay,510,565,301,333,209,232
Bolivia (Plurinational State of),Uzbekistan,6,5,3,3,3,2
Bolivia (Plurinational State of),Venezuela (Bolivarian Republic of),774,5707,417,3076,357,2631
Bolivia (Plurinational State of),Yemen,0,0,0,0,0,0
Bolivia (Plurinational State of),Zambia,3,2,1,1,2,1
Bolivia (Plurinational State of),Other,3339,3932,1811,2040,1528,1892
Brazil,Micronesia,124,133,77,85,47,48
Brazil,Afghanistan,68,73,44,48,24,25
Brazil,Algeria,215,232,108,120,107,112
Brazil,Andorra,12,13,12,13,0,0
Brazil,Angola,7533,8184,3840,4273,3693,3911
Brazil,Argentina,33971,36910,19662,21754,14309,15156
Brazil,Australia,689,747,519,568,170,179
Brazil,Austria,2733,2968,1223,1369,1510,1599
Brazil,Bahamas,18,19,6,7,12,12
Brazil,Bahrain,31,32,31,32,0,0
Brazil,Bangladesh,53,5384,53,5384,0,0
Brazil,Armenia,62,65,51,54,11,11
Brazil,Barbados,33,35,9,10,24,25
Brazil,Belgium,1980,2151,1414,1553,566,598
Brazil,Bolivia (Plurinational State of),45364,49289,24156,26825,21208,22464
Brazil,Bosnia and Herzegovina,81,86,36,40,45,46
Brazil,Belize,6,5,0,0,6,5
Brazil,Brunei Darussalam,167,180,11,17,156,163
Brazil,Bulgaria,279,301,139,155,140,146
Brazil,Myanmar,14,14,7,7,7,7
Brazil,Burundi,25,27,25,27,0,0
Brazil,Belarus,10,10,10,10,0,0
Brazil,Cambodia,33,35,17,19,16,16
Brazil,Cameroon,163,175,93,103,70,72
Brazil,Canada,1855,2014,1240,1364,615,650
Brazil,Cabo Verde,1397,1516,616,690,781,826
Brazil,Central African Republic,13,13,3,3,10,10
Brazil,Chile,18036,19596,10731,11859,7305,7737
Brazil,China,22671,24632,12197,13539,10474,11093
Brazil,Colombia,8008,8700,4002,4458,4006,4242
Brazil,Congo,94,99,84,89,10,10
Brazil,Democratic Republic of the Congo,1993,4375,1461,3237,532,1138
Brazil,Costa Rica,452,490,271,300,181,190
Brazil,Croatia,669,726,254,287,415,439
Brazil,Cuba,2427,14798,1431,8773,996,6025
Brazil,Czechia,522,566,285,316,237,250
Brazil,Benin,31,32,21,22,10,10
Brazil,Denmark,577,626,389,429,188,197
Brazil,Dominica,25,27,12,14,13,13
Brazil,Dominican Republic,365,1274,80,284,285,990
Brazil,Ecuador,2022,2195,1016,1131,1006,1064
Brazil,El Salvador,267,289,196,214,71,75
Brazil,Equatorial Guinea,65,70,16,20,49,50
Brazil,Ethiopia,12,13,0,1,12,12
Brazil,Estonia,213,231,61,71,152,160
Brazil,Finland,605,655,320,354,285,301
Brazil,France,11172,12138,7026,7747,4146,4391
Brazil,French Guiana,827,896,484,535,343,361
Brazil,Gabon,36,38,36,38,0,0
Brazil,Georgia,75,80,24,28,51,52
Brazil,Germany,18983,20625,10953,12121,8030,8504
Brazil,Ghana,72,2459,49,1708,23,751
Brazil,Kiribati,100,108,63,70,37,38
Brazil,Greece,1801,1956,998,1107,803,849
Brazil,Grenada,31,32,26,27,5,5
Brazil,Guatemala,341,369,179,199,162,170
Brazil,Guinea,68,73,38,43,30,30
Brazil,Guyana,2217,2407,1059,1181,1158,1226
Brazil,Haiti,64,32796,21,11274,43,21522
Brazil,Honduras,148,160,88,98,60,62
Brazil,Hungary,1783,1936,848,947,935,989
Brazil,Iceland,564,612,375,413,189,199
Brazil,India,1030,1118,664,732,366,386
Brazil,Indonesia,851,924,392,440,459,484
Brazil,Iran (Islamic Republic of),625,678,328,365,297,313
Brazil,Iraq,597,646,381,418,216,228
Brazil,Ireland,201,217,158,173,43,44
Brazil,Israel,2351,2554,1420,1569,931,985
Brazil,Italy,43436,47193,25433,28123,18003,19070
Brazil,Côte d'Ivoire,388,421,283,310,105,111
Brazil,Jamaica,162,174,137,148,25,26
Brazil,Japan,57336,62296,28992,32274,28344,30022
Brazil,Kazakhstan,29,30,0,0,29,30
Brazil,Jordan,1232,1338,886,973,346,365
Brazil,Kenya,53,56,2,4,51,52
Brazil,Dem. People's Republic of Korea,169,182,102,113,67,69
Brazil,Republic of Korea,10025,10891,4688,5238,5337,5653
Brazil,Kuwait,24,25,0,0,24,25
Brazil,Lao People's Democratic Republic,6,5,6,5,0,0
Brazil,Lebanon,14418,15664,9096,10028,5322,5636
Brazil,Latvia,166,179,33,40,133,139
Brazil,Liberia,41,43,23,24,18,19
Brazil,Libya,112,121,58,66,54,55
Brazil,Liechtenstein,19,20,19,20,0,0
Brazil,Lithuania,739,801,169,198,570,603
Brazil,Luxembourg,63,68,46,50,17,18
Brazil,Madagascar,42,44,5,6,37,38
Brazil,Malawi,11,11,11,11,0,0
Brazil,Malaysia,142,154,66,75,76,79
Brazil,Maldives,11,11,0,0,11,11
Brazil,Mali,7,7,7,7,0,0
Brazil,Malta,33,35,33,35,0,0
Brazil,Mexico,3131,3400,1669,1852,1462,1548
Brazil,Monaco,148,160,54,62,94,98
Brazil,Montenegro,26,27,12,13,14,14
Brazil,Morocco,594,644,365,402,229,242
Brazil,Mozambique,1667,1809,721,807,946,1002
Brazil,Oman,23,24,13,14,10,10
Brazil,Namibia,57,61,46,50,11,11
Brazil,Nepal,59,63,59,63,0,0
Brazil,Netherlands,3885,4219,2746,3013,1139,1206
Brazil,New Zealand,320,346,256,280,64,66
Brazil,Nicaragua,429,465,224,249,205,216
Brazil,Niger,16,17,16,17,0,0
Brazil,Nigeria,2181,3505,1620,2606,561,899
Brazil,Norway,671,728,488,535,183,193
Brazil,Palau,24,25,14,15,10,10
Brazil,Pakistan,301,2094,174,1222,127,872
Brazil,Panama,608,660,394,434,214,226
Brazil,Paraguay,45874,49842,20766,23247,25108,26595
Brazil,Peru,17555,19074,10610,11718,6945,7356
Brazil,Philippines,418,452,198,219,220,233
Brazil,Poland,4070,4421,1951,2178,2119,2243
Brazil,Portugal,161250,175251,80618,89800,80632,85451
Brazil,Guinea-Bissau,1105,1199,732,805,373,394
Brazil,Timor-Leste,58,62,10,1,48,61
Brazil,Romania,1994,2164,858,961,1136,1203
Brazil,Russian Federation,1622,1761,615,696,1007,1065
Brazil,Rwanda,16,17,16,17,0,0
Brazil,Saint Kitts and Nevis,36,38,31,33,5,5
Brazil,Saint Lucia,170,183,55,63,115,120
Brazil,Saint Vincent and the Grenadines,35,37,0,1,35,36
Brazil,San Marino,41,43,0,1,41,42
Brazil,Sao Tome and Principe,69,73,15,18,54,55
Brazil,Saudi Arabia,383,416,277,305,106,111
Brazil,Senegal,5219,6267,4632,5573,587,694
Brazil,Serbia,507,550,176,201,331,349
Brazil,Seychelles,35,37,35,37,0,0
Brazil,Sierra Leone,7,7,7,7,0,0
Brazil,Singapore,135,145,26,31,109,114
Brazil,Slovakia,248,268,118,132,130,136
Brazil,Viet Nam,149,161,96,106,53,55
Brazil,Slovenia,207,224,113,126,94,98
Brazil,South Africa,1855,2014,1318,1447,537,567
Brazil,Zimbabwe,120,129,68,76,52,53
Brazil,Spain,35922,39028,19461,21593,16461,17435
Brazil,Suriname,319,346,184,204,135,142
Brazil,Sweden,742,804,499,548,243,256
Brazil,Switzerland,3489,3789,2345,2577,1144,1212
Brazil,Syrian Arab Republic,3425,8003,1970,4600,1455,3403
Brazil,Tajikistan,8,8,8,8,0,0
Brazil,Thailand,538,583,287,318,251,265
Brazil,Togo,11,11,11,11,0,0
Brazil,Trinidad and Tobago,220,238,98,110,122,128
Brazil,United Arab Emirates,39,40,39,40,0,0
Brazil,Tunisia,94,99,80,85,14,14
Brazil,Turkey,423,459,284,314,139,145
Brazil,Turkmenistan,25,27,7,8,18,19
Brazil,Uganda,76,80,42,45,34,35
Brazil,Ukraine,857,930,362,407,495,523
Brazil,North Macedonia,46,48,29,30,17,18
Brazil,Egypt,3642,3957,1932,2147,1710,1810
Brazil,United Kingdom,5782,6281,3536,3903,2246,2378
Brazil,United Republic of Tanzania,103,111,60,67,43,44
Brazil,United States of America,20626,22410,9380,10499,11246,11911
Brazil,Burkina Faso,30,31,13,13,17,18
Brazil,Uruguay,28106,30537,14328,15944,13778,14593
Brazil,Uzbekistan,31,32,1,2,30,30
Brazil,Venezuela (Bolivarian Republic of),3354,248105,1706,127178,1648,120927
Brazil,Other,16618,18206,12726,13973,3892,4233
Chile,Micronesia,0,0,0,0,0,0
Chile,Argentina,56363,79253,29777,39468,26586,39785
Chile,Bolivia (Plurinational State of),53244,128782,26050,57194,27194,71588
Chile,Brazil,15247,18976,7647,8404,7600,10572
Chile,China,7889,15921,4541,9028,3348,6893
Chile,Colombia,73601,173487,35152,79942,38449,93545
Chile,Cuba,2051,23929,1133,13685,918,10244
Chile,Dominican Republic,821,36485,403,14406,418,22079
Chile,Ecuador,22146,42266,10518,20309,11628,21957
Chile,France,9403,9260,5123,4722,4280,4538
Chile,Germany,16250,7559,8485,3530,7765,4029
Chile,Haiti,39825,236912,23322,149600,16503,87312
Chile,Italy,11216,4670,6449,2690,4767,1980
Chile,Mexico,5155,10558,2729,4913,2426,5645
Chile,Paraguay,3632,6045,1843,2292,1789,3753
Chile,Peru,150885,240273,63463,112709,87422,127564
Chile,Spain,17097,21798,9354,11927,7743,9871
Chile,United States of America,15178,17015,8856,8429,6322,8586
Chile,Uruguay,6786,5652,3725,3101,3061,2551
Chile,Venezuela (Bolivarian Republic of),54787,523553,28008,261477,26779,262076
Chile,Other,78148,42621,43136,22247,35012,20374
Colombia,Micronesia,0,0,0,0,0,0
Colombia,Argentina,4464,5719,2651,3450,1813,2269
Colombia,Bolivia (Plurinational State of),958,1129,485,559,473,570
Colombia,Brazil,3525,4685,1641,2226,1884,2459
Colombia,Canada,1350,1715,777,1006,573,709
Colombia,Chile,3388,4732,1942,2752,1446,1980
Colombia,China,1616,1584,954,951,662,633
Colombia,Costa Rica,1442,1828,718,918,724,910
Colombia,Cuba,2144,2534,1340,1591,804,943
Colombia,Dominican Republic,714,1046,381,577,333,469
Colombia,Ecuador,16397,19180,8399,9792,7998,9388
Colombia,El Salvador,586,782,320,423,266,359
Colombia,France,2603,3180,1543,1940,1060,1240
Colombia,Germany,2088,2156,1251,1313,837,843
Colombia,Guatemala,661,857,358,481,303,376
Colombia,Honduras,523,690,247,319,276,371
Colombia,Italy,2902,3225,1908,2130,994,1095
Colombia,Japan,658,689,375,390,283,299
Colombia,Mexico,4265,5641,2323,3107,1942,2534
Colombia,Netherlands,495,635,330,427,165,208
Colombia,Panama,2573,3123,1293,1604,1280,1519
Colombia,Peru,5144,5680,3090,3442,2054,2238
Colombia,Russian Federation,616,646,226,235,390,411
Colombia,Spain,11877,17122,6675,9761,5202,7361
Colombia,Switzerland,704,782,458,513,246,269
Colombia,United Kingdom,1439,1686,891,1061,548,625
Colombia,United States of America,18963,20810,10204,11343,8759,9467
Colombia,Uruguay,544,662,359,444,185,218
Colombia,Venezuela (Bolivarian Republic of),55893,1780486,27744,883775,28149,896711
Colombia,Other,10875,12389,6275,7205,4600,5184
Ecuador,Micronesia,0,0,0,0,0,0
Ecuador,Afghanistan,112,167,59,96,53,71
Ecuador,Albania,71,73,38,43,33,30
Ecuador,Algeria,48,50,37,40,11,10
Ecuador,Angola,42,43,16,20,26,23
Ecuador,Argentina,5399,5645,3149,3560,2250,2085
Ecuador,Australia,373,389,206,235,167,154
Ecuador,Austria,546,571,306,349,240,222
Ecuador,Bahamas,48,50,28,32,20,18
Ecuador,Armenia,37,38,18,21,19,17
Ecuador,Belgium,855,893,432,501,423,392
Ecuador,Bolivia (Plurinational State of),1528,1597,808,930,720,667
Ecuador,Brazil,2654,2774,1212,1438,1442,1336
Ecuador,Bulgaria,194,201,88,103,106,98
Ecuador,Cameroon,45,46,32,34,13,12
Ecuador,Canada,2341,2447,1121,1316,1220,1131
Ecuador,Chile,11341,11859,6148,7047,5193,4812
Ecuador,China,2928,3061,1735,1956,1193,1105
Ecuador,Colombia,194721,203470,97851,113685,96870,89785
Ecuador,Costa Rica,938,1027,430,556,508,471
Ecuador,Croatia,81,84,54,60,27,24
Ecuador,Cuba,2994,3130,1642,1878,1352,1252
Ecuador,Czechia,315,329,229,250,86,79
Ecuador,Denmark,183,191,126,139,57,52
Ecuador,Dominican Republic,353,369,154,185,199,184
Ecuador,El Salvador,522,544,246,289,276,255
Ecuador,Falkland Islands (Malvinas),52,54,26,31,26,23
Ecuador,Finland,126,131,47,58,79,73
Ecuador,France,2264,2366,1134,1320,1130,1046
Ecuador,Gambia,33,34,28,30,5,4
Ecuador,State of Palestine,97,101,48,56,49,45
Ecuador,Germany,4405,4606,2173,2537,2232,2069
Ecuador,Ghana,37,38,26,28,11,10
Ecuador,Greece,71,73,58,61,13,12
Ecuador,Guatemala,430,449,206,242,224,207
Ecuador,Haiti,96,100,69,76,27,24
Ecuador,Honduras,469,489,209,248,260,241
Ecuador,"China, Hong Kong SAR",97,101,56,64,41,37
Ecuador,Hungary,216,225,83,103,133,122
Ecuador,India,228,238,154,170,74,68
Ecuador,Indonesia,64,66,37,42,27,24
Ecuador,Iran (Islamic Republic of),192,200,137,149,55,51
Ecuador,Iraq,36,72,19,42,17,30
Ecuador,Ireland,199,207,115,130,84,77
Ecuador,Israel,520,542,318,357,202,185
Ecuador,Italy,3845,4020,2263,2554,1582,1466
Ecuador,Jamaica,37,38,17,20,20,18
Ecuador,Japan,734,766,422,477,312,289
Ecuador,Jordan,71,73,58,61,13,12
Ecuador,Dem. People's Republic of Korea,485,507,264,303,221,204
Ecuador,Republic of Korea,810,846,402,468,408,378
Ecuador,Lebanon,443,463,285,317,158,146
Ecuador,Malaysia,34,35,21,23,13,12
Ecuador,Mexico,2258,2361,1028,1221,1230,1140
Ecuador,Morocco,48,50,29,33,19,17
Ecuador,Netherlands,829,867,459,525,370,342
Ecuador,New Zealand,112,116,48,57,64,59
Ecuador,Nicaragua,392,408,198,229,194,179
Ecuador,Nigeria,25,38,14,22,11,16
Ecuador,Norway,235,245,114,133,121,112
Ecuador,Pakistan,29,38,16,22,13,16
Ecuador,Panama,964,1008,490,570,474,438
Ecuador,Paraguay,242,252,128,147,114,105
Ecuador,Peru,13705,14331,8045,9086,5660,5245
Ecuador,Philippines,125,130,87,96,38,34
Ecuador,Poland,312,326,154,180,158,146
Ecuador,Portugal,366,382,229,256,137,126
Ecuador,Puerto Rico,500,523,254,296,246,227
Ecuador,Romania,302,315,133,159,169,156
Ecuador,Russian Federation,1495,1562,533,670,962,892
Ecuador,Saudi Arabia,88,91,55,61,33,30
Ecuador,Slovakia,49,51,23,28,26,23
Ecuador,Viet Nam,48,50,28,32,20,18
Ecuador,South Africa,122,127,87,95,35,32
Ecuador,Spain,7473,7814,3767,4379,3706,3435
Ecuador,Sweden,349,365,184,213,165,152
Ecuador,Switzerland,1962,2051,1290,1429,672,622
Ecuador,Syrian Arab Republic,64,164,45,95,19,69
Ecuador,Trinidad and Tobago,45,46,19,23,26,23
Ecuador,Ukraine,401,418,173,207,228,211
Ecuador,North Macedonia,1,15,0,9,1,6
Ecuador,Egypt,84,87,58,64,26,23
Ecuador,United Kingdom,2158,2255,1134,1306,1024,949
Ecuador,United States of America,26802,28026,13980,16141,12822,11885
Ecuador,Uruguay,958,1002,598,669,360,333
Ecuador,Venezuela (Bolivarian Republic of),8901,388861,4104,179976,4797,208885
Ecuador,Other,71309,74524,38008,43701,33301,30823
Falkland Islands (Malvinas),Micronesia,0,0,0,0,0,0
Falkland Islands (Malvinas),Argentina,26,31,13,17,13,14
Falkland Islands (Malvinas),Australia,42,51,25,32,17,19
Falkland Islands (Malvinas),Chile,198,245,111,138,87,107
Falkland Islands (Malvinas),New Zealand,26,31,12,16,14,15
Falkland Islands (Malvinas),Saint Helena,323,402,181,227,142,175
Falkland Islands (Malvinas),United Kingdom,872,1089,486,605,386,484
Falkland Islands (Malvinas),United States of America,19,23,8,11,11,12
Falkland Islands (Malvinas),Other,65,85,37,43,28,42
French Guiana,Micronesia,0,0,0,0,0,0
French Guiana,Algeria,359,403,209,235,150,168
French Guiana,Belgium,189,212,97,109,92,103
French Guiana,Brazil,22921,25759,12709,14283,10212,11476
French Guiana,China,1466,1647,682,766,784,881
French Guiana,Dominica,414,465,104,117,310,348
French Guiana,France,20934,23526,11029,12395,9905,11131
French Guiana,Guadeloupe,2021,2271,1039,1168,982,1103
French Guiana,Guyana,3522,3958,1600,1799,1922,2159
French Guiana,Haiti,19651,22084,8360,9395,11291,12689
French Guiana,Italy,160,179,98,110,62,69
French Guiana,Lao People's Democratic Republic,850,955,405,455,445,500
French Guiana,Martinique,2654,2982,1298,1459,1356,1523
French Guiana,Peru,584,656,297,334,287,322
French Guiana,Réunion,353,396,163,183,190,213
French Guiana,Saint Lucia,785,882,341,384,444,498
French Guiana,Suriname,23185,26064,10920,12272,12265,13792
French Guiana,Other,6060,6810,1048,1178,5012,5632
Guyana,Micronesia,0,0,0,0,0,0
Guyana,Antigua and Barbuda,9,9,4,4,5,5
Guyana,Bahamas,8,8,4,4,4,4
Guyana,Barbados,150,157,83,87,67,70
Guyana,Brazil,1201,1260,753,791,448,469
Guyana,Canada,224,235,123,130,101,105
Guyana,China,645,676,397,416,248,260
Guyana,Dominica,24,25,15,16,9,9
Guyana,Grenada,107,112,61,64,46,48
Guyana,Jamaica,166,174,94,99,72,75
Guyana,Saint Lucia,122,128,74,78,48,50
Guyana,Saint Vincent and the Grenadines,206,216,118,124,88,92
Guyana,Suriname,2586,2714,1346,1414,1240,1300
Guyana,Trinidad and Tobago,495,519,285,299,210,220
Guyana,United Kingdom,322,337,184,193,138,144
Guyana,United States of America,706,740,400,420,306,320
Guyana,Venezuela (Bolivarian Republic of),1181,23326,635,10129,546,13197
Guyana,Other,509,533,218,229,291,304
Paraguay,Micronesia,0,0,0,0,0,0
Paraguay,Argentina,57056,61833,28685,31162,28371,30671
Paraguay,Bolivia (Plurinational State of),1009,1092,522,567,487,525
Paraguay,Brazil,73715,79897,38569,41893,35146,38004
Paraguay,Canada,2281,2471,1470,1595,811,876
Paraguay,Chile,2109,2283,1239,1344,870,939
Paraguay,China,780,844,436,474,344,370
Paraguay,France,614,663,371,401,243,262
Paraguay,Germany,1659,1797,958,1041,701,756
Paraguay,Italy,876,947,539,585,337,362
Paraguay,Japan,1983,2148,1035,1125,948,1023
Paraguay,Republic of Korea,2547,2759,1333,1448,1214,1311
Paraguay,Mexico,1605,1738,806,876,799,862
Paraguay,Poland,872,943,462,502,410,441
Paraguay,Spain,883,955,511,554,372,401
Paraguay,United Kingdom,174,187,95,102,79,85
Paraguay,United States of America,1576,1706,843,915,733,791
Paraguay,Uruguay,2925,3168,1665,1807,1260,1361
Paraguay,Other,3798,4136,1764,1920,2034,2216
Peru,Micronesia,0,0,0,0,0,0
Peru,Algeria,19,33,13,24,6,9
Peru,Angola,15,26,5,10,10,16
Peru,Argentina,14386,26854,7795,14769,6591,12085
Peru,Australia,601,1120,343,643,258,477
Peru,Austria,200,371,111,209,89,162
Peru,Belgium,626,1166,335,628,291,538
Peru,Bolivia (Plurinational State of),16767,28165,9112,14102,7655,14063
Peru,Brazil,8817,16458,5147,9639,3670,6819
Peru,Bulgaria,69,126,43,80,26,46
Peru,Canada,3062,5714,2083,3898,979,1816
Peru,Chile,9437,17615,4983,9339,4454,8276
Peru,China,18783,31931,14936,24783,3847,7148
Peru,Colombia,7599,14182,3948,7399,3651,6783
Peru,Costa Rica,343,638,170,318,173,320
Peru,Croatia,92,169,72,134,20,35
Peru,Cuba,922,3170,558,1930,364,1240
Peru,Czechia,91,168,51,96,40,72
Peru,Denmark,247,458,139,259,108,199
Peru,Dominican Republic,184,342,92,172,92,170
Peru,Ecuador,6855,12795,3683,6902,3172,5893
Peru,El Salvador,110,203,55,104,55,99
Peru,Estonia,17,29,9,17,8,12
Peru,Finland,72,132,36,68,36,64
Peru,France,3952,7375,2204,4128,1748,3247
Peru,French Guiana,34,61,15,28,19,33
Peru,Germany,5215,9733,2925,5510,2290,4223
Peru,Greece,60,111,43,81,17,30
Peru,Guatemala,166,308,84,157,82,151
Peru,Haiti,49,89,19,35,30,54
Peru,Honduras,168,311,67,125,101,186
Peru,Hungary,65,118,32,59,33,59
Peru,Iceland,15,26,12,22,3,4
Peru,India,1434,2673,1228,2292,206,381
Peru,Indonesia,43,77,18,32,25,45
Peru,Iran (Islamic Republic of),59,107,41,75,18,32
Peru,Iraq,19,33,15,27,4,6
Peru,Ireland,215,401,111,210,104,191
Peru,Israel,516,961,319,596,197,365
Peru,Italy,4153,7748,2479,4673,1674,3075
Peru,Japan,3417,6376,1769,3494,1648,2882
Peru,Jordan,39,69,29,53,10,16
Peru,Dem. People's Republic of Korea,88,161,50,92,38,69
Peru,Republic of Korea,1691,3154,1127,2108,564,1046
Peru,Lebanon,71,131,44,83,27,48
Peru,Luxembourg,15,26,9,17,6,9
Peru,Malaysia,44,80,23,44,21,36
Peru,Malta,21,37,20,37,1,0
Peru,Mexico,3294,6148,1905,3570,1389,2578
Peru,Morocco,38,69,26,49,12,20
Peru,Netherlands,691,1288,387,725,304,563
Peru,New Zealand,95,174,44,83,51,91
Peru,Nicaragua,164,303,69,128,95,175
Peru,Norway,107,197,58,109,49,88
Peru,Pakistan,73,134,56,104,17,30
Peru,Panama,350,644,176,323,174,321
Peru,Paraguay,555,1034,258,484,297,550
Peru,Philippines,328,610,215,403,113,207
Peru,Poland,201,371,105,195,96,176
Peru,Portugal,131,242,85,159,46,83
Peru,Puerto Rico,139,257,65,122,74,135
Peru,Romania,186,340,89,162,97,178
Peru,Russian Federation,641,1194,243,456,398,738
Peru,Saint Vincent and the Grenadines,22,40,6,13,16,27
Peru,Saudi Arabia,33,58,18,33,15,25
Peru,Slovenia,29,52,17,32,12,20
Peru,South Africa,118,217,74,134,44,83
Peru,Spain,6648,12094,3667,6701,2981,5393
Peru,Sweden,287,535,155,293,132,242
Peru,Switzerland,794,1479,437,818,357,661
Peru,Thailand,21,37,5,10,16,27
Peru,Turkey,52,94,33,61,19,33
Peru,Ukraine,245,455,88,164,157,291
Peru,Egypt,20,35,16,29,4,6
Peru,United Kingdom,2945,5326,1687,3056,1258,2270
Peru,United States of America,18958,41292,11472,26870,7486,14422
Peru,Uruguay,623,1384,361,817,262,567
Peru,Venezuela (Bolivarian Republic of),4129,941889,2135,475119,1994,466770
Peru,Other,1994,4496,736,1681,1258,2815
Suriname,Micronesia,0,0,0,0,0,0
Suriname,Brazil,5023,5566,2743,3061,2280,2505
Suriname,China,4915,5446,2683,2993,2232,2453
Suriname,Guyana,12232,13557,6678,7452,5554,6105
Suriname,Netherlands,3138,3476,1713,1910,1425,1566
Suriname,Other,17819,19756,9727,10855,8092,8901
Uruguay,Micronesia,0,0,0,0,0,0
Uruguay,Argentina,27662,33022,12086,14856,15576,18166
Uruguay,Brazil,12369,14762,4965,6137,7404,8625
Uruguay,Canada,313,372,103,128,210,244
Uruguay,Chile,1288,1536,614,752,674,784
Uruguay,France,470,560,225,275,245,285
Uruguay,Germany,1384,1651,629,773,755,878
Uruguay,Italy,7327,8744,3987,4854,3340,3890
Uruguay,Mexico,532,635,235,290,297,345
Uruguay,Paraguay,1027,1225,326,409,701,816
Uruguay,Peru,90,106,62,75,28,31
Uruguay,Poland,1166,1390,508,625,658,765
Uruguay,Portugal,560,668,290,354,270,314
Uruguay,Romania,611,728,290,356,321,372
Uruguay,Spain,16232,19374,7353,9030,8879,10344
Uruguay,United Kingdom,454,541,191,235,263,306
Uruguay,United States of America,623,743,327,400,296,343
Uruguay,Venezuela (Bolivarian Republic of),583,14908,284,7511,299,7397
Uruguay,Other,6108,7302,3167,3877,2941,3425
Venezuela (Bolivarian Republic of),Micronesia,0,0,0,0,0,0
Venezuela (Bolivarian Republic of),Albania,19,17,9,9,10,8
Venezuela (Bolivarian Republic of),Algeria,95,89,45,42,50,47
Venezuela (Bolivarian Republic of),Angola,188,176,99,92,89,84
Venezuela (Bolivarian Republic of),Argentina,9944,9374,5158,4791,4786,4583
Venezuela (Bolivarian Republic of),Australia,148,137,76,70,72,67
Venezuela (Bolivarian Republic of),Austria,828,779,410,380,418,399
Venezuela (Bolivarian Republic of),Armenia,34,31,18,17,16,14
Venezuela (Bolivarian Republic of),Barbados,7,5,5,5,2,0
Venezuela (Bolivarian Republic of),Belgium,395,370,210,194,185,176
Venezuela (Bolivarian Republic of),Bolivia (Plurinational State of),1967,1853,1018,946,949,907
Venezuela (Bolivarian Republic of),Bosnia and Herzegovina,24,22,13,13,11,9
Venezuela (Bolivarian Republic of),Brazil,6026,5680,2936,2722,3090,2958
Venezuela (Bolivarian Republic of),Belize,20,18,10,10,10,8
Venezuela (Bolivarian Republic of),Bulgaria,142,133,89,83,53,50
Venezuela (Bolivarian Republic of),Canada,1136,1070,593,551,543,519
Venezuela (Bolivarian Republic of),Chile,15263,14390,7894,7334,7369,7056
Venezuela (Bolivarian Republic of),China,13865,13071,8024,7478,5841,5593
Venezuela (Bolivarian Republic of),Colombia,973315,917753,469595,435251,503720,482502
Venezuela (Bolivarian Republic of),Costa Rica,1127,1061,480,442,647,619
Venezuela (Bolivarian Republic of),Croatia,410,385,234,218,176,167
Venezuela (Bolivarian Republic of),Cuba,11423,10769,5728,5316,5695,5453
Venezuela (Bolivarian Republic of),Cyprus,15,13,7,7,8,6
Venezuela (Bolivarian Republic of),Czechia,376,353,187,174,189,179
Venezuela (Bolivarian Republic of),Denmark,145,136,92,86,53,50
Venezuela (Bolivarian Republic of),Dominica,0,0,0,0,0,0
Venezuela (Bolivarian Republic of),Dominican Republic,14743,13899,5470,5019,9273,8880
Venezuela (Bolivarian Republic of),Ecuador,36973,34858,18095,16779,18878,18079
Venezuela (Bolivarian Republic of),El Salvador,1015,956,439,406,576,550
Venezuela (Bolivarian Republic of),Ethiopia,35,32,23,22,12,10
Venezuela (Bolivarian Republic of),Eritrea,28,25,15,14,13,11
Venezuela (Bolivarian Republic of),Estonia,52,47,15,13,37,34
Venezuela (Bolivarian Republic of),Finland,72,67,30,28,42,39
Venezuela (Bolivarian Republic of),France,3777,3559,1916,1778,1861,1781
Venezuela (Bolivarian Republic of),French Guiana,30,27,13,12,17,15
Venezuela (Bolivarian Republic of),Georgia,13,11,3,3,10,8
Venezuela (Bolivarian Republic of),State of Palestine,481,453,310,291,171,162
Venezuela (Bolivarian Republic of),Germany,4211,3968,2232,2074,1979,1894
Venezuela (Bolivarian Republic of),Ghana,33,30,27,26,6,4
Venezuela (Bolivarian Republic of),Greece,735,691,468,437,267,254
Venezuela (Bolivarian Republic of),Grenada,163,152,53,48,110,104
Venezuela (Bolivarian Republic of),Guatemala,428,402,197,182,231,220
Venezuela (Bolivarian Republic of),Guyana,9149,8624,4483,4157,4666,4467
Venezuela (Bolivarian Republic of),Haiti,1900,1790,1069,996,831,794
Venezuela (Bolivarian Republic of),Honduras,294,275,130,120,164,155
Venezuela (Bolivarian Republic of),"China, Hong Kong SAR",573,539,332,309,241,230
Venezuela (Bolivarian Republic of),Hungary,1027,966,513,475,514,491
Venezuela (Bolivarian Republic of),India,258,242,136,126,122,116
Venezuela (Bolivarian Republic of),Indonesia,59,54,24,22,35,32
Venezuela (Bolivarian Republic of),Iran (Islamic Republic of),90,84,56,53,34,31
Venezuela (Bolivarian Republic of),Iraq,79,73,55,51,24,22
Venezuela (Bolivarian Republic of),Ireland,62,57,36,33,26,24
Venezuela (Bolivarian Republic of),Israel,468,440,276,258,192,182
Venezuela (Bolivarian Republic of),Italy,51068,48148,31971,29860,19097,18288
Venezuela (Bolivarian Republic of),Jamaica,95,89,41,38,54,51
Venezuela (Bolivarian Republic of),Japan,359,337,212,198,147,139
Venezuela (Bolivarian Republic of),Jordan,200,186,119,110,81,76
Venezuela (Bolivarian Republic of),Dem. People's Republic of Korea,46,43,22,21,24,22
Venezuela (Bolivarian Republic of),Republic of Korea,277,260,160,149,117,111
Venezuela (Bolivarian Republic of),Kuwait,71,66,41,38,30,28
Venezuela (Bolivarian Republic of),Lebanon,7486,7056,4566,4261,2920,2795
Venezuela (Bolivarian Republic of),Latvia,140,131,68,64,72,67
Venezuela (Bolivarian Republic of),Libya,135,126,83,77,52,49
Venezuela (Bolivarian Republic of),Lithuania,147,136,68,62,79,74
Venezuela (Bolivarian Republic of),Malaysia,34,31,17,16,17,15
Venezuela (Bolivarian Republic of),Martinique,43,40,14,13,29,27
Venezuela (Bolivarian Republic of),Mexico,3831,3610,1681,1552,2150,2058
Venezuela (Bolivarian Republic of),Montenegro,272,255,131,122,141,133
Venezuela (Bolivarian Republic of),Morocco,1008,949,534,496,474,453
Venezuela (Bolivarian Republic of),Mozambique,53,48,25,22,28,26
Venezuela (Bolivarian Republic of),Netherlands,690,649,407,379,283,270
Venezuela (Bolivarian Republic of),Curaçao,718,677,336,311,382,366
Venezuela (Bolivarian Republic of),Aruba,486,457,200,184,286,273
Venezuela (Bolivarian Republic of),Sint Maarten (Dutch part),256,240,120,111,136,129
Venezuela (Bolivarian Republic of),"Bonaire, Sint Eustatius and Saba",51,47,24,22,27,25
Venezuela (Bolivarian Republic of),New Zealand,18,16,8,8,10,8
Venezuela (Bolivarian Republic of),Nicaragua,2045,1927,915,846,1130,1081
Venezuela (Bolivarian Republic of),Nigeria,105,97,81,75,24,22
Venezuela (Bolivarian Republic of),Norway,90,84,48,45,42,39
Venezuela (Bolivarian Republic of),Pakistan,14,12,12,12,2,0
Venezuela (Bolivarian Republic of),Panama,880,828,407,376,473,452
Venezuela (Bolivarian Republic of),Paraguay,214,200,104,96,110,104
Venezuela (Bolivarian Republic of),Peru,47007,44319,26206,24398,20801,19921
Venezuela (Bolivarian Republic of),Philippines,161,150,66,60,95,90
Venezuela (Bolivarian Republic of),Poland,911,858,396,366,515,492
Venezuela (Bolivarian Republic of),Portugal,54591,51471,31672,29521,22919,21950
Venezuela (Bolivarian Republic of),Puerto Rico,419,393,191,176,228,217
Venezuela (Bolivarian Republic of),Romania,874,823,394,364,480,459
Venezuela (Bolivarian Republic of),Russian Federation,674,635,286,265,388,370
Venezuela (Bolivarian Republic of),Saint Lucia,6,4,4,4,2,0
Venezuela (Bolivarian Republic of),Saint Vincent and the Grenadines,121,113,73,68,48,45
Venezuela (Bolivarian Republic of),Saudi Arabia,1618,1524,1112,1041,506,483
Venezuela (Bolivarian Republic of),Senegal,14,12,6,6,8,6
Venezuela (Bolivarian Republic of),Serbia,830,781,400,370,430,411
Venezuela (Bolivarian Republic of),Singapore,18,16,8,8,10,8
Venezuela (Bolivarian Republic of),Slovakia,24,22,8,8,16,14
Venezuela (Bolivarian Republic of),Viet Nam,12,10,5,5,7,5
Venezuela (Bolivarian Republic of),Slovenia,103,95,56,51,47,44
Venezuela (Bolivarian Republic of),South Africa,71,66,35,33,36,33
Venezuela (Bolivarian Republic of),Zimbabwe,15,13,8,8,7,5
Venezuela (Bolivarian Republic of),Spain,74582,70318,39979,37179,34603,33139
Venezuela (Bolivarian Republic of),Suriname,46,43,23,22,23,21
Venezuela (Bolivarian Republic of),Sweden,114,106,59,54,55,52
Venezuela (Bolivarian Republic of),Switzerland,661,622,402,375,259,247
Venezuela (Bolivarian Republic of),Syrian Arab Republic,15632,14737,9480,8846,6152,5891
Venezuela (Bolivarian Republic of),Thailand,70,65,36,34,34,31
Venezuela (Bolivarian Republic of),Trinidad and Tobago,2808,2646,1314,1218,1494,1428
Venezuela (Bolivarian Republic of),Tunisia,14,12,6,6,8,6
Venezuela (Bolivarian Republic of),Turkey,132,123,78,72,54,51
Venezuela (Bolivarian Republic of),Ukraine,211,197,85,78,126,119
Venezuela (Bolivarian Republic of),Egypt,185,173,100,93,85,80
Venezuela (Bolivarian Republic of),United Kingdom,1803,1699,939,872,864,827
Venezuela (Bolivarian Republic of),United States of America,11242,10598,5627,5222,5615,5376
Venezuela (Bolivarian Republic of),Uruguay,4795,4519,2526,2347,2269,2172
Venezuela (Bolivarian Republic of),Other,192,279,117,126,75,153
Bermuda,Micronesia,0,0,0,0,0,0
Bermuda,Australia,133,176,67,90,66,86
Bermuda,Austria,42,47,30,32,12,15
Bermuda,Belgium,10,6,4,3,6,3
Bermuda,Canada,2154,2032,921,890,1233,1142
Bermuda,China,65,54,19,23,46,31
Bermuda,Cuba,24,24,7,8,17,16
Bermuda,Denmark,20,18,10,9,10,9
Bermuda,Dominican Republic,128,233,25,75,103,158
Bermuda,France,101,99,50,53,51,46
Bermuda,Germany,164,158,76,76,88,82
Bermuda,Ghana,25,20,15,12,10,8
Bermuda,Greece,4,2,1,1,3,1
Bermuda,Guyana,90,95,34,40,56,55
Bermuda,Haiti,10,3,5,1,5,2
Bermuda,India,493,572,395,411,98,161
Bermuda,Ireland,285,377,138,206,147,171
Bermuda,Israel,13,9,5,3,8,6
Bermuda,Italy,118,108,95,88,23,20
Bermuda,Jamaica,1537,1658,724,790,813,868
Bermuda,Japan,45,30,24,12,21,18
Bermuda,Malaysia,42,48,25,26,17,22
Bermuda,Nigeria,39,34,26,23,13,11
Bermuda,Pakistan,26,29,15,17,11,12
Bermuda,Philippines,1302,1782,629,829,673,953
Bermuda,Poland,36,39,18,15,18,24
Bermuda,Portugal,1632,1600,954,894,678,706
Bermuda,Romania,89,137,39,83,50,54
Bermuda,South Africa,227,287,119,167,108,120
Bermuda,Spain,38,30,18,16,20,14
Bermuda,Switzerland,63,54,35,30,28,24
Bermuda,Trinidad and Tobago,218,219,115,117,103,102
Bermuda,Turkey,9,6,7,5,2,1
Bermuda,Turks and Caicos Islands,2,1,2,1,0,0
Bermuda,United Kingdom,4066,3877,2013,1905,2053,1972
Bermuda,United States of America,3572,3606,1499,1526,2073,2080
Bermuda,Other,2390,2269,1262,1247,1128,1022
Canada,Micronesia,0,0,0,0,0,0
Canada,Afghanistan,51641,55954,25859,28019,25782,27935
Canada,Albania,15270,16544,7540,8170,7730,8374
Canada,Algeria,64223,69587,33698,36513,30525,33074
Canada,Angola,3100,3358,1564,1696,1536,1662
Canada,Antigua and Barbuda,2295,2486,1063,1152,1232,1334
Canada,Azerbaijan,3821,4139,1684,1824,2137,2315
Canada,Argentina,19310,20921,9482,10274,9828,10647
Canada,Australia,20980,22731,10819,11723,10161,11008
Canada,Austria,15747,17061,7475,8099,8272,8962
Canada,Bahamas,1624,1759,779,845,845,914
Canada,Bahrain,2375,2572,1282,1389,1093,1183
Canada,Bangladesh,58374,63250,29673,32153,28701,31097
Canada,Armenia,4139,4484,1977,2143,2162,2341
Canada,Barbados,14008,15177,6367,6899,7641,8278
Canada,Belgium,18823,20395,9283,10059,9540,10336
Canada,Bermuda,1833,1985,958,1039,875,946
Canada,Bhutan,4218,4569,2116,2293,2102,2276
Canada,Bolivia (Plurinational State of),4368,4731,2106,2282,2262,2449
Canada,Bosnia and Herzegovina,35908,38906,17926,19424,17982,19482
Canada,Botswana,844,913,347,376,497,537
Canada,Brazil,29135,31568,13147,14246,15988,17322
Canada,Belize,1982,2146,953,1033,1029,1113
Canada,British Virgin Islands,84,90,40,44,44,46
Canada,Brunei Darussalam,4457,4828,2330,2524,2127,2304
Canada,Bulgaria,18515,20060,9074,9831,9441,10229
Canada,Myanmar,8164,8845,3998,4332,4166,4513
Canada,Burundi,8418,9119,4143,4488,4275,4631
Canada,Belarus,11121,12049,5245,5684,5876,6365
Canada,Cambodia,23177,25111,10694,11587,12483,13524
Canada,Cameroon,18456,19996,9229,10000,9227,9996
Canada,Cabo Verde,163,175,84,91,79,84
Canada,Cayman Islands,268,289,144,156,124,133
Canada,Central African Republic,1048,1134,536,581,512,553
Canada,Sri Lanka,131185,142144,64397,69778,66788,72366
Canada,Chad,1585,1716,835,905,750,811
Canada,Chile,26541,28757,13078,14170,13463,14587
Canada,China,645278,699190,288860,312899,356418,386291
Canada,Colombia,69610,75425,31856,34519,37754,40906
Canada,Comoros,134,144,65,71,69,73
Canada,Congo,2444,2647,1346,1459,1098,1188
Canada,Democratic Republic of the Congo,25492,27620,12134,13147,13358,14473
Canada,Costa Rica,3925,4252,1773,1921,2152,2331
Canada,Croatia,39799,43123,19873,21534,19926,21589
Canada,Cuba,17740,19221,8518,9230,9222,9991
Canada,Cyprus,3990,4322,2007,2174,1983,2148
Canada,Czechia,20930,22677,9913,10741,11017,11936
Canada,Benin,2748,2976,1600,1733,1148,1243
Canada,Denmark,12433,13470,6383,6916,6050,6554
Canada,Dominica,2762,2991,1137,1231,1625,1760
Canada,Dominican Republic,10535,11414,5087,5512,5448,5902
Canada,Ecuador,14873,16115,6755,7320,8118,8795
Canada,El Salvador,47785,51776,23713,25695,24072,26081
Canada,Equatorial Guinea,59,63,35,39,24,24
Canada,Ethiopia,32588,35309,15874,17200,16714,18109
Canada,Eritrea,14917,16162,7739,8385,7178,7777
Canada,Estonia,3180,3444,1331,1442,1849,2002
Canada,Fiji,24513,26559,11279,12221,13234,14338
Canada,Finland,9466,10255,3849,4170,5617,6085
Canada,France,104922,113686,55037,59634,49885,54052
Canada,French Guiana,278,299,134,144,144,155
Canada,French Polynesia,178,191,89,96,89,95
Canada,Djibouti,2221,2405,994,1078,1227,1327
Canada,Gabon,1068,1156,497,539,571,617
Canada,Georgia,2554,2765,1192,1291,1362,1474
Canada,Gambia,665,719,372,403,293,316
Canada,State of Palestine,8159,8840,4540,4920,3619,3920
Canada,Germany,144950,157059,69064,74834,75886,82225
Canada,Ghana,22769,24670,11424,12378,11345,12292
Canada,Gibraltar,163,175,74,80,89,95
Canada,Greece,62330,67536,31372,33992,30958,33544
Canada,Grenada,10202,11053,4043,4380,6159,6673
Canada,Guadeloupe,511,552,243,263,268,289
Canada,Guatemala,17169,18602,8603,9322,8566,9280
Canada,Guinea,5158,5588,2598,2816,2560,2772
Canada,Guyana,87142,94421,38674,41905,48468,52516
Canada,Haiti,92911,100672,40685,44083,52226,56589
Canada,Honduras,7737,8382,3691,4000,4046,4382
Canada,"China, Hong Kong SAR",207658,225006,97379,105515,110279,119491
Canada,Hungary,36594,39650,17827,19317,18767,20333
Canada,Iceland,586,633,268,290,318,343
Canada,India,664465,720083,331826,359654,332639,360429
Canada,Indonesia,14192,15377,6352,6883,7840,8494
Canada,Iran (Islamic Republic of),153473,166294,77453,83923,76020,82371
Canada,Iraq,68065,73750,34557,37444,33508,36306
Canada,Ireland,28151,30502,14261,15453,13890,15049
Canada,Israel,26571,28789,14287,15481,12284,13308
Canada,Italy,235183,254831,117814,127657,117369,127174
Canada,Côte d'Ivoire,11255,12194,5737,6216,5518,5978
Canada,Jamaica,137496,148982,59552,64528,77944,84454
Canada,Japan,27072,29332,7897,8556,19175,20776
Canada,Kazakhstan,12373,13406,5736,6216,6637,7190
Canada,Jordan,13208,14310,7049,7637,6159,6673
Canada,Kenya,26988,29241,12730,13793,14258,15448
Canada,Dem. People's Republic of Korea,775,838,413,448,362,390
Canada,Republic of Korea,122548,132786,56784,61529,65764,71257
Canada,Kuwait,15141,16405,7878,8536,7263,7869
Canada,Kyrgyzstan,2956,3201,1361,1474,1595,1727
Canada,Lao People's Democratic Republic,14386,15587,7078,7670,7308,7917
Canada,Lebanon,88200,95568,46986,50912,41214,44656
Canada,Lesotho,104,111,60,65,44,46
Canada,Latvia,5843,6330,2652,2874,3191,3456
Canada,Liberia,2459,2664,1142,1238,1317,1426
Canada,Libya,6261,6783,3293,3568,2968,3215
Canada,Lithuania,4949,5361,2111,2287,2838,3074
Canada,Luxembourg,670,724,352,381,318,343
Canada,"China, Macao SAR",5714,6190,2528,2739,3186,3451
Canada,Madagascar,3528,3821,1600,1733,1928,2088
Canada,Malawi,665,719,352,381,313,338
Canada,Malaysia,23644,25618,10733,11630,12911,13988
Canada,Mali,2082,2255,1083,1174,999,1081
Canada,Malta,7419,8037,3780,4095,3639,3942
Canada,Martinique,641,693,293,318,348,375
Canada,Mauritania,899,973,576,624,323,349
Canada,Mauritius,15802,17120,7908,8568,7894,8552
Canada,Mexico,80090,86780,37280,40395,42810,46385
Canada,Monaco,109,116,95,102,14,14
Canada,Mongolia,1411,1528,636,690,775,838
Canada,Republic of Moldova,17497,18958,8544,9258,8953,9700
Canada,Montenegro,1853,2006,919,996,934,1010
Canada,Montserrat,606,655,278,301,328,354
Canada,Morocco,69227,75009,35883,38881,33344,36128
Canada,Mozambique,1242,1344,591,640,651,704
Canada,Oman,1530,1656,770,834,760,822
Canada,Namibia,1028,1112,482,522,546,590
Canada,Nepal,14301,15495,7272,7880,7029,7615
Canada,Netherlands,87932,95278,44883,48634,43049,46644
Canada,Curaçao,467,505,194,211,273,294
Canada,Aruba,571,617,223,242,348,375
Canada,Sint Maarten (Dutch part),104,111,40,43,64,68
Canada,"Bonaire, Sint Eustatius and Saba",4069,4407,1849,2004,2220,2403
Canada,New Caledonia,218,234,109,118,109,116
Canada,New Zealand,9819,10638,5275,5716,4544,4922
Canada,Nicaragua,9809,10627,4694,5086,5115,5541
Canada,Niger,1023,1107,546,591,477,516
Canada,Nigeria,42169,45690,21687,23499,20482,22191
Canada,Norway,3856,4177,1893,2051,1963,2126
Canada,Pakistan,201014,217807,102542,111109,98472,106698
Canada,Panama,2598,2814,1226,1329,1372,1485
Canada,Papua New Guinea,233,251,99,107,134,144
Canada,Paraguay,7255,7859,3522,3816,3733,4043
Canada,Peru,29433,31890,12863,13937,16570,17953
Canada,Philippines,584697,633547,245426,265931,339271,367616
Canada,Poland,145571,157733,66006,71521,79565,86212
Canada,Portugal,138589,150166,67695,73350,70894,76816
Canada,Guinea-Bissau,109,116,70,76,39,40
Canada,Puerto Rico,501,541,193,208,308,333
Canada,Qatar,2474,2680,1256,1362,1218,1318
Canada,Réunion,293,316,144,156,149,160
Canada,Romania,89756,97253,42516,46067,47240,51186
Canada,Russian Federation,78202,84735,34035,36879,44167,47856
Canada,Rwanda,6067,6572,2836,3073,3231,3499
Canada,Saint Kitts and Nevis,2092,2265,929,1006,1163,1259
Canada,Anguilla,64,68,40,44,24,24
Canada,Saint Lucia,6057,6561,2304,2496,3753,4065
Canada,Saint Pierre and Miquelon,288,311,159,172,129,139
Canada,Saint Vincent and the Grenadines,12865,13939,4816,5219,8049,8720
Canada,Saudi Arabia,19956,21622,10406,11276,9550,10346
Canada,Senegal,7463,8085,4192,4542,3271,3543
Canada,Serbia,33120,35885,16217,17571,16903,18314
Canada,Seychelles,1028,1112,452,489,576,623
Canada,Sierra Leone,3021,3272,1520,1647,1501,1625
Canada,Singapore,11742,12721,5354,5801,6388,6920
Canada,Slovakia,14316,15511,6745,7309,7571,8202
Canada,Viet Nam,168212,182265,77481,83955,90731,98310
Canada,Slovenia,8164,8845,3735,4047,4429,4798
Canada,Somalia,27067,29327,11989,12991,15078,16336
Canada,South Africa,44386,48093,22059,23903,22327,24190
Canada,Zimbabwe,10430,11299,5081,5504,5349,5795
Canada,Spain,10634,11521,5519,5980,5115,5541
Canada,South Sudan,5506,5965,2976,3225,2530,2740
Canada,Sudan,10753,11650,5543,6006,5210,5644
Canada,Suriname,1043,1128,561,607,482,521
Canada,Eswatini,397,429,159,172,238,257
Canada,Sweden,6589,7137,2980,3228,3609,3909
Canada,Switzerland,18923,20503,9890,10717,9033,9786
Canada,Syrian Arab Republic,52635,57031,26420,28627,26215,28404
Canada,Tajikistan,1301,1409,635,689,666,720
Canada,Thailand,14982,16232,5372,5820,9610,10412
Canada,Togo,3329,3606,1903,2062,1426,1544
Canada,Tonga,139,149,55,59,84,90
Canada,Trinidad and Tobago,64636,70035,29129,31563,35507,38472
Canada,United Arab Emirates,20866,22608,11067,11992,9799,10616
Canada,Tunisia,17328,18774,9806,10625,7522,8149
Canada,Turkey,26546,28763,14426,15633,12120,13130
Canada,Turkmenistan,496,536,213,230,283,306
Canada,Turks and Caicos Islands,59,63,30,33,29,30
Canada,Uganda,13128,14224,6352,6883,6776,7341
Canada,Ukraine,72582,78644,33143,35911,39439,42733
Canada,North Macedonia,10236,11090,5046,5468,5190,5622
Canada,Egypt,64223,69587,33907,36739,30316,32848
Canada,United Kingdom,496059,537504,241618,261806,254441,275698
Canada,United Republic of Tanzania,20473,22182,9819,10640,10654,11542
Canada,United States of America,252159,273226,112741,122161,139418,151065
Canada,United States Virgin Islands,89,95,50,55,39,40
Canada,Burkina Faso,1967,2130,978,1060,989,1070
Canada,Uruguay,6494,7036,3233,3504,3261,3532
Canada,Uzbekistan,6345,6874,2960,3208,3385,3666
Canada,Venezuela (Bolivarian Republic of),20652,22375,9367,10148,11285,12227
Canada,Samoa,159,171,80,87,79,84
Canada,Yemen,2941,3185,1465,1587,1476,1598
Canada,Zambia,3692,3999,1798,1949,1894,2050
Canada,Other,3798,4312,1806,1954,1992,2358
Greenland,Micronesia,0,0,0,0,0,0
Greenland,Bulgaria,18,17,12,12,6,5
Greenland,Canada,15,14,10,10,5,4
Greenland,China,11,10,2,2,9,8
Greenland,Denmark,4614,4539,3052,2946,1562,1593
Greenland,Faroe Islands,279,273,229,224,50,49
Greenland,Finland,13,12,4,4,9,8
Greenland,France,14,13,9,9,5,4
Greenland,Germany,58,56,45,44,13,12
Greenland,United Kingdom,15,14,12,12,3,2
Greenland,Iceland,163,159,135,132,28,27
Greenland,Norway,68,65,46,44,22,21
Greenland,Philippines,130,127,51,49,79,78
Greenland,Poland,31,29,23,22,8,7
Greenland,Romania,15,14,13,13,2,1
Greenland,Sweden,87,85,57,55,30,30
Greenland,Thailand,157,153,60,56,97,97
Greenland,United States of America,39,38,24,24,15,14
Greenland,Other,282,281,167,164,115,117
Saint Pierre and Miquelon,Micronesia,0,0,0,0,0,0
Saint Pierre and Miquelon,Canada,181,175,69,67,112,108
Saint Pierre and Miquelon,France,723,703,400,388,323,315
Saint Pierre and Miquelon,United States of America,63,60,35,34,28,26
Saint Pierre and Miquelon,Other,19,60,12,34,7,26
United States of America,Micronesia,15252,22159,7509,10791,7743,11368
United States of America,Afghanistan,74106,142504,37912,72138,36194,70366
United States of America,Albania,91865,97252,45147,47248,46718,50004
United States of America,Algeria,19633,28531,9549,13718,10084,14813
United States of America,Angola,14068,20445,6916,9938,7152,10507
United States of America,Antigua and Barbuda,31677,46037,14061,20155,17616,25882
United States of America,Argentina,199314,219448,90196,97977,109118,121471
United States of America,Armenia,94229,87494,46311,42510,47918,44984
United States of America,Aruba,6591,9576,2669,3818,3922,5758
United States of America,Australia,89293,103446,30461,35184,58832,68262
United States of America,Austria,51129,39133,18465,14093,32664,25040
United States of America,Azerbaijan,21961,31914,10797,15513,11164,16401
United States of America,Bahamas,36504,46921,15038,19026,21466,27895
United States of America,Bangladesh,222616,261496,109401,127036,113215,134460
United States of America,Barbados,58480,51738,26505,23138,31975,28600
United States of America,Belarus,60494,51507,29733,25029,30761,26478
United States of America,Belgium,36906,30733,18138,14933,18768,15800
United States of America,Belize,54147,42970,22479,17563,31668,25407
United States of America,Bermuda,9068,13176,4459,6406,4609,6770
United States of America,Bolivia (Plurinational State of),86529,80028,42527,38882,44002,41146
United States of America,Bosnia and Herzegovina,127501,104136,62661,50592,64840,53544
United States of America,Brazil,361374,517519,138165,197162,223209,320357
United States of America,Bulgaria,73631,64474,37783,32738,35848,31736
United States of America,Cambodia,181502,154891,84098,70848,97404,84043
United States of America,Cameroon,49251,70087,26858,37869,22393,32218
United States of America,Canada,830628,793897,269786,256674,560842,537223
United States of America,Cabo Verde,40495,36082,18593,16352,21902,19730
United States of America,Chile,106717,89714,45119,37358,61598,52356
United States of America,China,2676697,2184110,1298394,1056972,1378303,1127138
United States of America,"China, Hong Kong SAR",248913,230584,122324,112021,126589,118563
United States of America,"China, Macao SAR",12568,18265,6181,8884,6387,9381
United States of America,Colombia,699399,817604,308309,359410,391090,458194
United States of America,Costa Rica,91939,96903,36953,38310,54986,58593
United States of America,Côte d'Ivoire,28813,41873,14163,20350,14650,21523
United States of America,Croatia,44944,36110,21862,17360,23082,18750
United States of America,Cuba,1210674,1376211,571563,648113,639111,728098
United States of America,Cyprus,20420,29674,11480,16542,8940,13132
United States of America,Czechia,75864,110257,37284,53570,38580,56687
United States of America,Democratic Republic of the Congo,25560,37145,12571,18062,12989,19083
United States of America,Denmark,31599,33223,11757,12328,19842,20895
United States of America,Dominica,32379,36016,13943,15284,18436,20732
United States of America,Dominican Republic,1086819,1167738,467139,494545,619680,673193
United States of America,Ecuador,478039,425294,238781,210079,239258,215215
United States of America,Egypt,188170,204993,98887,106654,89283,98339
United States of America,El Salvador,1352357,1410659,683083,710992,669274,699667
United States of America,Eritrea,36332,51625,17862,25091,18470,26534
United States of America,Estonia,11086,16109,5375,7720,5711,8389
United States of America,Ethiopia,221489,245671,108846,119348,112643,126323
United States of America,Fiji,46821,51535,22140,24068,24681,27467
United States of America,Finland,21879,31795,10754,15452,11125,16343
United States of America,France,173561,162365,85076,79407,88485,82958
United States of America,Gambia,23157,33653,11393,16371,11764,17282
United States of America,Georgia,27126,39422,13337,19163,13789,20259
United States of America,Germany,585298,534203,283924,258532,301374,275671
United States of America,Ghana,161082,201086,95582,118417,65500,82669
United States of America,Greece,151699,116619,77913,59270,73786,57349
United States of America,Grenada,35652,25303,15505,10848,20147,14455
United States of America,Guatemala,991516,1226849,498006,609443,493510,617406
United States of America,Guinea,20333,29548,10002,14373,10331,15175
United States of America,Guyana,299148,241573,140441,111994,158707,129579
United States of America,Haiti,682521,705361,338275,345656,344246,359705
United States of America,Honduras,607457,773045,258482,324025,348975,449020
United States of America,Hungary,78760,63678,37878,30262,40882,33416
United States of America,Iceland,5672,8241,2790,4011,2882,4230
United States of America,India,2389639,2723764,1258676,1431847,1130963,1291917
United States of America,Indonesia,104522,105617,51365,51312,53157,54305
United States of America,Iran (Islamic Republic of),394223,387246,204887,200854,189336,186392
United States of America,Iraq,213417,256028,104878,124378,108539,131650
United States of America,Ireland,120144,105858,46849,41137,73295,64721
United States of America,Israel,129681,133771,66026,67966,63655,65805
United States of America,Italy,352492,309965,153503,134600,198989,175365
United States of America,Jamaica,711134,792370,307426,341554,403708,450816
United States of America,Japan,335767,319968,164585,156484,171182,163484
United States of America,Jordan,75355,91208,45681,55199,29674,36009
United States of America,Kazakhstan,28892,36353,14202,17666,14690,18687
United States of America,Kenya,125185,156960,64876,80508,60309,76452
United States of America,Kuwait,29826,29083,14661,14134,15165,14949
United States of America,Kyrgyzstan,6119,8890,3015,4334,3104,4556
United States of America,Lao People's Democratic Republic,213777,173275,107435,86129,106342,87146
United States of America,Latvia,25163,22342,9784,8665,15379,13677
United States of America,Lebanon,119613,119145,64873,64501,54740,54644
United States of America,Liberia,85482,105233,40739,49542,44743,55691
United States of America,Libya,9676,14059,4759,6839,4917,7220
United States of America,Lithuania,39449,32434,16918,13706,22531,18728
United States of America,Luxembourg,2669,3875,1316,1890,1353,1985
United States of America,Malaysia,71903,73947,35337,35927,36566,38020
United States of America,Malta,8365,12154,4250,6111,4115,6043
United States of America,Marshall Islands,7188,10442,3541,5088,3647,5354
United States of America,Mexico,11643298,10853105,6230901,5796774,5412397,5056331
United States of America,Micronesia (Fed. States of),8064,11717,3968,5703,4096,6014
United States of America,Montserrat,6749,9805,2921,4184,3828,5621
United States of America,Morocco,73754,76460,33128,33878,40626,42582
United States of America,Myanmar,134424,156410,66326,76299,68098,80111
United States of America,Nepal,105677,176462,51938,85735,53739,90727
United States of America,Netherlands,92801,79923,42805,36391,49996,43532
United States of America,New Zealand,34157,49640,13312,19296,20845,30344
United States of America,Nicaragua,280437,255008,133503,119919,146934,135089
United States of America,Nigeria,286784,402186,140934,195382,145850,206804
United States of America,Norway,28874,18055,12126,7468,16748,10587
United States of America,Pakistan,376432,408412,184989,198405,191443,210007
United States of America,Panama,116055,99764,57035,48469,59020,51295
United States of America,Paraguay,31770,46170,10301,14924,21469,31246
United States of America,Peru,486643,435868,193103,172509,293540,263359
United States of America,Philippines,1982369,2061178,754986,782161,1227383,1279017
United States of America,Poland,419332,406794,190716,184527,228616,222267
United States of America,Portugal,176803,191313,83799,90457,93004,100856
United States of America,Republic of Korea,1060019,1038778,514190,502699,545829,536079
United States of America,Republic of Moldova,43928,45713,21593,22216,22335,23497
United States of America,Romania,177831,170469,83741,79277,94090,91192
United States of America,Russian Federation,386529,397061,189469,194187,197060,202874
United States of America,Saint Kitts and Nevis,19107,27765,8366,11986,10741,15779
United States of America,Saint Lucia,23377,33973,9991,14308,13386,19665
United States of America,Saint Vincent and the Grenadines,25299,15175,13037,7740,12262,7435
United States of America,Samoa,18708,27186,9198,13216,9510,13970
United States of America,Saudi Arabia,87863,77946,38693,33845,49170,44101
United States of America,Senegal,42314,61497,20798,29884,21516,31613
United States of America,Serbia,38320,39837,18837,19361,19483,20476
United States of America,Sierra Leone,41701,44384,18375,19285,23326,25099
United States of America,Singapore,36132,33505,14729,13441,21403,20064
United States of America,Slovenia,9666,14046,4757,6836,4909,7210
United States of America,Somalia,93003,120671,45745,58678,47258,61993
United States of America,South Africa,101037,117321,48729,55912,52308,61409
United States of America,Spain,111685,102633,31566,28903,80119,73730
United States of America,Sri Lanka,52908,51543,26004,25044,26904,26499
United States of America,State of Palestine,40177,58389,19750,28377,20427,30012
United States of America,Sudan,45327,50713,19973,22033,25354,28680
United States of America,Suriname,14794,21498,6544,9373,8250,12125
United States of America,Sweden,52116,40687,21256,16329,30860,24358
United States of America,Switzerland,43436,47989,18168,19764,25268,28225
United States of America,Syrian Arab Republic,84881,84169,41716,40894,43165,43275
United States of America,Tajikistan,4803,6979,2366,3402,2437,3577
United States of America,Thailand,267938,256642,94509,90262,173429,166380
United States of America,North Macedonia,28018,32866,13774,15973,14244,16893
United States of America,Tonga,19652,28559,9463,13590,10189,14969
United States of America,Trinidad and Tobago,255967,208075,105675,84560,150292,123515
United States of America,Tunisia,120883,175685,59434,85393,61449,90292
United States of America,Turkey,379182,112943,166078,48767,213104,64176
United States of America,Turkmenistan,2306,3347,1023,1464,1283,1883
United States of America,Uganda,45703,66421,19577,28035,26126,38386
United States of America,Ukraine,383559,370255,186544,177968,197015,192287
United States of America,United Arab Emirates,12419,18046,6106,8773,6313,9273
United States of America,United Kingdom,683475,673667,335023,329401,348452,344266
United States of America,United Republic of Tanzania,50245,73021,24693,35477,25552,37544
United States of America,Uruguay,52070,50274,20027,19285,32043,30989
United States of America,Uzbekistan,61204,63496,30078,30848,31126,32648
United States of America,Venezuela (Bolivarian Republic of),236264,505647,91861,196082,144403,309565
United States of America,Viet Nam,1300575,1403193,637503,686215,663072,716978
United States of America,Yemen,45642,56816,22424,27603,23218,29213
United States of America,Zambia,24856,36122,10155,14525,14701,21597
United States of America,Zimbabwe,55463,80606,25134,36038,30329,44568
United States of America,Puerto Rico,1695637,1829251,831150,894566,864487,934685
United States of America,Other,2403302,4046231,1260596,2067504,1142706,1978727
Australia,Micronesia,1550,1789,708,813,842,976
Australia,Afghanistan,49550,60879,28587,37292,20963,23587
Australia,Albania,3460,3941,1793,2052,1667,1889
Australia,Algeria,1600,1776,982,1051,618,725
Australia,American Samoa,120,0,67,0,53,0
Australia,Andorra,20,30,12,17,8,13
Australia,Angola,560,602,293,324,267,278
Australia,Antigua and Barbuda,60,63,34,34,26,29
Australia,Azerbaijan,650,753,273,340,377,413
Australia,Argentina,15510,17900,7616,8695,7894,9205
Australia,Austria,17990,18417,9428,9652,8562,8765
Australia,Bahamas,310,332,144,155,166,177
Australia,Bahrain,1730,2055,933,1123,797,932
Australia,Bangladesh,43090,52907,24012,29567,19078,23340
Australia,Armenia,1460,1658,638,750,822,908
Australia,Barbados,450,483,246,271,204,212
Australia,Belgium,7290,8067,3722,4087,3568,3980
Australia,Bermuda,580,623,290,302,290,321
Australia,Bhutan,5850,7937,3017,4037,2833,3900
Australia,Bolivia (Plurinational State of),1050,1183,500,558,550,625
Australia,Bosnia and Herzegovina,36750,38485,18404,19186,18346,19299
Australia,Botswana,1320,1539,668,763,652,776
Australia,Brazil,26790,43321,12803,20904,13987,22417
Australia,Belize,80,85,45,44,35,41
Australia,Solomon Islands,2300,2627,1055,1179,1245,1448
Australia,British Virgin Islands,0,0,0,0,0,0
Australia,Brunei Darussalam,2890,3294,1406,1587,1484,1707
Australia,Bulgaria,3930,4361,1844,2014,2086,2347
Australia,Myanmar,32160,38215,16000,19617,16160,18598
Australia,Burundi,2390,2789,1228,1422,1162,1367
Australia,Belarus,2180,2433,900,969,1280,1464
Australia,Cambodia,34420,38969,15851,17761,18569,21208
Australia,Cameroon,450,548,268,331,182,217
Australia,Canada,52590,58843,24794,27338,27796,31505
Australia,Cabo Verde,40,42,23,23,17,19
Australia,Cayman Islands,130,160,67,68,63,92
Australia,Central African Republic,30,42,18,23,12,19
Australia,Sri Lanka,119700,139456,62147,74026,57553,65430
Australia,Chad,70,63,40,34,30,29
Australia,Chile,30180,34316,14772,16770,15408,17546
Australia,China,508870,653232,228993,292955,279877,360277
Australia,Colombia,19810,28338,9284,13314,10526,15024
Australia,Congo,1610,1884,809,880,801,1004
Australia,Democratic Republic of the Congo,4270,5535,2150,2833,2120,2702
Australia,Cook Islands,8040,8745,4160,4478,3880,4267
Australia,Costa Rica,500,580,254,299,246,281
Australia,Croatia,61820,63657,31372,31941,30448,31716
Australia,Cuba,880,990,489,548,391,442
Australia,Cyprus,20100,20884,9995,10300,10105,10584
Australia,Czechia,13240,14045,6284,6627,6956,7418
Australia,Benin,110,117,76,84,34,33
Australia,Denmark,10230,10877,5346,5613,4884,5264
Australia,Dominica,40,42,23,23,17,19
Australia,Dominican Republic,210,235,90,85,120,150
Australia,Ecuador,2810,2949,1397,1468,1413,1481
Australia,El Salvador,11350,12310,5565,5984,5785,6326
Australia,Ethiopia,13130,15951,6451,7808,6679,8143
Australia,Eritrea,4660,5879,2308,2940,2352,2939
Australia,Estonia,3440,3887,1472,1638,1968,2249
Australia,Faroe Islands,30,20,18,12,12,8
Australia,Falkland Islands (Malvinas),120,117,60,58,60,59
Australia,Fiji,72600,80860,34451,38122,38149,42738
Australia,Finland,9210,9779,3793,3962,5417,5817
Australia,France,36670,41469,19318,21609,17352,19860
Australia,French Guiana,20,20,12,12,8,8
Australia,French Polynesia,530,590,231,268,299,322
Australia,Djibouti,190,214,99,113,91,101
Australia,Gabon,50,63,29,34,21,29
Australia,Georgia,620,720,296,334,324,386
Australia,Gambia,130,138,77,90,53,48
Australia,State of Palestine,3190,3424,1814,1933,1376,1491
Australia,Germany,119100,124818,57076,59542,62024,65276
Australia,Ghana,5900,7194,3264,4000,2636,3194
Australia,Gibraltar,490,515,244,266,246,249
Australia,Kiribati,650,795,250,320,400,475
Australia,Greece,115820,119831,57050,58397,58770,61434
Australia,Grenada,140,150,75,81,65,69
Australia,Guadeloupe,20,20,12,12,8,8
Australia,Guam,120,127,66,65,54,62
Australia,Guatemala,540,613,258,296,282,317
Australia,Guinea,940,1129,487,546,453,583
Australia,Guyana,660,709,312,346,348,363
Australia,Haiti,120,138,64,74,56,64
Australia,Honduras,320,343,153,163,167,180
Australia,"China, Hong Kong SAR",95050,107067,46370,52121,48680,54946
Australia,Hungary,21120,22037,10519,10810,10601,11227
Australia,Iceland,610,613,333,320,277,293
Australia,India,449040,579264,246605,317525,202435,261739
Australia,Indonesia,77000,88852,33884,38788,43116,50064
Australia,Iran (Islamic Republic of),61690,74322,32733,40680,28957,33642
Australia,Iraq,70870,90780,36813,47175,34057,43605
Australia,Ireland,90530,93742,48787,50518,41743,43224
Australia,Israel,11240,12666,6356,7112,4884,5554
Australia,Italy,198510,206282,103617,106955,94893,99327
Australia,Côte d'Ivoire,600,688,313,355,287,333
Australia,Jamaica,1290,1409,696,738,594,671
Australia,Japan,47560,54136,15726,17753,31834,36383
Australia,Kazakhstan,1920,2304,722,839,1198,1465
Australia,Jordan,6530,8012,3660,4470,2870,3542
Australia,Kenya,19720,24557,9876,12078,9844,12479
Australia,Dem. People's Republic of Korea,220,268,99,134,121,134
Australia,Republic of Korea,106550,123396,50650,58864,55900,64532
Australia,Kuwait,6580,7754,3928,4630,2652,3124
Australia,Kyrgyzstan,490,602,190,225,300,377
Australia,Lao People's Democratic Republic,11030,11912,5232,5577,5798,6335
Australia,Lebanon,93290,101508,49037,53450,44253,48058
Australia,Lesotho,150,160,83,83,67,77
Australia,Latvia,4990,5072,2020,2067,2970,3005
Australia,Liberia,3520,3973,1699,1897,1821,2076
Australia,Libya,2790,3079,1500,1649,1290,1430
Australia,Liechtenstein,20,20,12,12,8,8
Australia,Lithuania,3370,3822,1392,1561,1978,2261
Australia,Luxembourg,250,301,115,145,135,156
Australia,"China, Macao SAR",2780,3294,1234,1514,1546,1780
Australia,Madagascar,290,343,116,134,174,209
Australia,Malawi,1400,1658,698,827,702,831
Australia,Malaysia,143420,177286,68296,84718,75124,92568
Australia,Maldives,610,656,284,306,326,350
Australia,Mali,80,96,45,50,35,46
Australia,Malta,44070,45357,22558,23106,21512,22251
Australia,Martinique,40,42,23,23,17,19
Australia,Mauritania,60,63,34,34,26,29
Australia,Mauritius,28660,31947,14323,15853,14337,16094
Australia,Mexico,5390,6881,2650,3336,2740,3545
Australia,Monaco,80,96,45,50,35,46
Australia,Mongolia,1780,3854,792,1798,988,2056
Australia,Republic of Moldova,1160,1269,529,554,631,715
Australia,Montenegro,2030,2196,1033,1089,997,1107
Australia,Morocco,2170,2497,1206,1375,964,1122
Australia,Mozambique,1010,1108,501,542,509,566
Australia,Oman,1560,2260,836,1294,724,966
Australia,Namibia,1430,1668,713,824,717,844
Australia,Nauru,690,785,340,383,350,402
Australia,Nepal,50150,79427,28134,43946,22016,35481
Australia,Netherlands,80620,83585,41362,42682,39258,40903
Australia,Curaçao,150,160,65,70,85,90
Australia,Aruba,70,75,40,40,30,35
Australia,New Caledonia,1560,1754,693,795,867,959
Australia,Vanuatu,1380,1592,714,800,666,792
Australia,New Zealand,575430,611266,296315,313603,279115,297663
Australia,Nicaragua,860,947,410,458,450,489
Australia,Niger,30,42,18,23,12,19
Australia,Nigeria,8360,12354,5073,7431,3287,4923
Australia,Niue,940,1054,479,543,461,511
Australia,Norway,4360,4748,1961,2175,2399,2573
Australia,Northern Mariana Islands,0,0,0,0,0,0
Australia,Micronesia (Fed. States of),40,30,23,17,17,13
Australia,Marshall Islands,50,52,29,28,21,24
Australia,Pakistan,62270,82497,37991,50633,24279,31864
Australia,Panama,250,289,134,138,116,151
Australia,Paraguay,500,613,234,287,266,326
Australia,Peru,11270,12698,4974,5549,6296,7149
Australia,Philippines,241130,286303,96365,113580,144765,172723
Australia,Poland,54530,57292,23997,25066,30533,32226
Australia,Portugal,19140,20550,9921,10603,9219,9947
Australia,Guinea-Bissau,20,20,12,12,8,8
Australia,Timor-Leste,10000,10555,5019,5276,4981,5279
Australia,Puerto Rico,170,204,96,109,74,95
Australia,Qatar,1100,1507,606,799,494,708
Australia,Réunion,220,268,99,125,121,143
Australia,Romania,17070,18278,8292,8805,8778,9473
Australia,Russian Federation,25760,29254,10028,11222,15732,18032
Australia,Rwanda,980,1173,480,547,500,626
Australia,Saint Helena,21,20,13,13,8,7
Australia,Saint Kitts and Nevis,19,18,12,12,7,6
Australia,Saint Lucia,13,12,9,9,4,3
Australia,Saint Vincent and the Grenadines,47,47,27,28,20,19
Australia,Saudi Arabia,14480,15444,8127,8577,6353,6867
Australia,Senegal,430,483,277,275,153,208
Australia,Serbia,33820,35652,16902,17646,16918,18006
Australia,Seychelles,3030,3231,1395,1472,1635,1759
Australia,Sierra Leone,3990,4447,2010,2217,1980,2230
Australia,Singapore,59480,65909,28209,30526,31271,35383
Australia,Slovakia,6720,7366,3143,3409,3577,3957
Australia,Viet Nam,235590,269812,108279,122319,127311,147493
Australia,Slovenia,8060,8454,4080,4183,3980,4271
Australia,Somalia,8650,10155,4239,4922,4411,5233
Australia,South Africa,177390,199690,89230,100148,88160,99542
Australia,Zimbabwe,40170,45917,20276,23064,19894,22853
Australia,Spain,17730,19947,9059,10065,8671,9882
Australia,South Sudan,7480,9510,4171,5106,3309,4404
Australia,Sudan,19730,20992,10142,10851,9588,10141
Australia,Suriname,170,181,71,71,99,110
Australia,Eswatini,390,408,181,197,209,211
Australia,Sweden,11480,12504,4889,5241,6591,7263
Australia,Switzerland,14190,15359,7388,8012,6802,7347
Australia,Syrian Arab Republic,14170,26291,6922,13133,7248,13158
Australia,Tajikistan,160,171,59,71,101,100
Australia,Thailand,66400,82292,22105,26834,44295,55458
Australia,Togo,370,408,193,202,177,206
Australia,Tokelau,670,720,369,392,301,328
Australia,Tonga,11880,13236,6398,7082,5482,6154
Australia,Trinidad and Tobago,1910,2013,981,997,929,1016
Australia,United Arab Emirates,8090,11136,4295,5993,3795,5143
Australia,Tunisia,660,753,392,421,268,332
Australia,Turkey,39710,43655,20737,22938,18973,20717
Australia,Turkmenistan,100,127,29,35,71,92
Australia,Tuvalu,200,214,106,100,94,114
Australia,Uganda,3800,4480,1936,2247,1864,2233
Australia,Ukraine,17090,18568,7243,7769,9847,10799
Australia,North Macedonia,49990,53144,25344,26787,24646,26357
Australia,Egypt,44680,49257,23477,25881,21203,23376
Australia,United Kingdom,1206060,1285149,619846,659401,586214,625748
Australia,Isle of Man,810,1000,453,523,357,477
Australia,United Republic of Tanzania,4500,5061,2410,2676,2090,2385
Australia,United States of America,104650,116620,54014,57806,50636,58814
Australia,Burkina Faso,60,63,34,34,26,29
Australia,Uruguay,10580,11449,5129,5506,5451,5943
Australia,Uzbekistan,1840,2185,820,1005,1020,1180
Australia,Venezuela (Bolivarian Republic of),5760,7560,2911,3795,2849,3765
Australia,Samoa,27780,32754,14003,16502,13777,16252
Australia,Yemen,710,903,404,514,306,389
Australia,Zambia,7310,8153,3642,4028,3668,4125
Australia,Other,90030,99272,43215,54610,46815,44662
New Zealand,Micronesia,1533,2307,742,1117,791,1190
New Zealand,Australia,65161,85289,31511,41245,33650,44044
New Zealand,Fiji,54815,64271,26507,31080,28308,33191
New Zealand,Samoa,52640,57947,25456,28023,27184,29924
New Zealand,Tonga,23291,28331,11263,13701,12028,14630
New Zealand,Cook Islands,13460,12309,6509,5953,6951,6356
New Zealand,Niue,4364,4087,2111,1978,2253,2109
New Zealand,Kiribati,1533,2307,742,1117,791,1190
New Zealand,Tuvalu,1474,1903,713,921,761,982
New Zealand,Papua New Guinea,1399,1618,677,783,722,835
New Zealand,Tokelau,1390,1288,673,624,717,664
New Zealand,Ireland,9398,11361,4545,5495,4853,5866
New Zealand,United Kingdom,265014,286746,128154,138664,136860,148082
New Zealand,Netherlands,20589,21758,9957,10523,10632,11235
New Zealand,Germany,13447,24824,6503,12005,6944,12819
New Zealand,France,3905,10507,1889,5083,2016,5424
New Zealand,Switzerland,3185,4323,1541,2092,1644,2231
New Zealand,Denmark,1465,2258,709,1093,756,1165
New Zealand,Sweden,1402,2548,678,1233,724,1315
New Zealand,Austria,1340,1906,648,922,692,984
New Zealand,Russian Federation,5679,8157,2747,3946,2932,4211
New Zealand,Romania,2319,2496,1122,1208,1197,1288
New Zealand,Italy,2044,3788,989,1833,1055,1955
New Zealand,Poland,2019,2738,977,1325,1042,1413
New Zealand,Croatia,1795,1854,869,898,926,956
New Zealand,Hungary,1421,1768,688,857,733,911
New Zealand,Ukraine,1402,2050,678,992,724,1058
New Zealand,Czechia,1337,2756,647,1334,690,1422
New Zealand,Serbia,1103,1226,534,594,569,632
New Zealand,Iraq,5698,5899,2756,2854,2942,3045
New Zealand,Iran (Islamic Republic of),3201,4751,1548,2298,1653,2453
New Zealand,Saudi Arabia,1951,1973,944,955,1007,1018
New Zealand,Egypt,1324,1774,641,859,683,915
New Zealand,Philippines,38756,70412,18742,34051,20014,36361
New Zealand,Malaysia,16991,21317,8217,10310,8774,11007
New Zealand,Thailand,8023,11205,3880,5419,4143,5786
New Zealand,Cambodia,6826,7931,3301,3836,3525,4095
New Zealand,Viet Nam,6393,9742,3092,4712,3301,5030
New Zealand,Singapore,5579,7264,2698,3513,2881,3751
New Zealand,Indonesia,5105,7481,2469,3619,2636,3862
New Zealand,Myanmar,2200,3047,1064,1474,1136,1573
New Zealand,China,92602,144207,44780,69735,47822,74472
New Zealand,Republic of Korea,27640,32519,13366,15726,14274,16793
New Zealand,Japan,10670,15889,5160,7684,5510,8205
New Zealand,"China, Hong Kong SAR",7334,11734,3547,5676,3787,6058
New Zealand,India,69800,122506,33754,59242,36046,63264
New Zealand,Sri Lanka,9956,14916,4815,7214,5141,7702
New Zealand,Pakistan,2961,5899,1432,2853,1529,3046
New Zealand,Afghanistan,2540,3827,1229,1852,1311,1975
New Zealand,Bangladesh,1530,2652,740,1283,790,1369
New Zealand,Nepal,1465,3815,709,1847,756,1968
New Zealand,United States of America,22300,35989,10784,17404,11516,18585
New Zealand,Canada,9950,14974,4812,7242,5138,7732
New Zealand,Brazil,3728,8319,1803,4024,1925,4295
New Zealand,Chile,2503,4262,1211,2063,1292,2199
New Zealand,Argentina,1770,4136,856,2001,914,2135
New Zealand,Colombia,1197,2763,579,1337,618,1426
New Zealand,South Africa,56396,73846,27272,35711,29124,38135
New Zealand,Zimbabwe,8416,8992,4070,4349,4346,4643
New Zealand,Kenya,1714,1955,829,946,885,1009
New Zealand,Zambia,1471,1594,712,772,759,822
New Zealand,Ethiopia,1187,1520,574,736,613,784
New Zealand,Somalia,1147,1165,555,564,592,601
New Zealand,Other,41021,59035,19809,28481,21212,30554
Fiji,Micronesia,775,793,419,430,356,363
Fiji,Australia,1887,1941,1019,1043,868,898
Fiji,Bangladesh,1366,1398,738,755,628,643
Fiji,Solomon Islands,703,718,379,388,324,330
Fiji,China,925,946,499,511,426,435
Fiji,Cook Islands,33,32,18,18,15,14
Fiji,Kiribati,775,793,419,430,356,363
Fiji,India,1292,1321,697,712,595,609
Fiji,Vanuatu,184,186,98,100,86,86
Fiji,New Zealand,606,619,327,335,279,284
Fiji,Pakistan,1824,1867,984,1008,840,859
Fiji,Tonga,1332,1362,720,736,612,626
Fiji,Tuvalu,411,420,222,229,189,191
Fiji,United Kingdom,341,348,184,189,157,159
Fiji,Samoa,296,302,161,166,135,136
Fiji,Other,1776,1834,956,981,820,853
New Caledonia,Micronesia,0,0,0,0,0,0
New Caledonia,Algeria,586,621,299,317,287,304
New Caledonia,Australia,258,272,98,102,160,170
New Caledonia,Cambodia,551,584,226,239,325,345
New Caledonia,China,87,91,42,45,45,46
New Caledonia,France,43901,46642,24043,25448,19858,21194
New Caledonia,French Polynesia,532,563,423,448,109,115
New Caledonia,Indonesia,938,994,526,556,412,438
New Caledonia,Italy,263,277,184,194,79,83
New Caledonia,Lao People's Democratic Republic,590,625,242,256,348,369
New Caledonia,Morocco,548,581,282,299,266,282
New Caledonia,Vanuatu,3611,3833,1749,1850,1862,1983
New Caledonia,New Zealand,111,116,49,52,62,64
New Caledonia,Viet Nam,583,617,238,251,345,366
New Caledonia,Spain,107,112,52,55,55,57
New Caledonia,Tunisia,625,663,316,335,309,328
New Caledonia,Wallis and Futuna Islands,11177,11867,5347,5654,5830,6213
New Caledonia,Other,4413,4683,2065,2183,2348,2500
Papua New Guinea,Micronesia,0,0,0,0,0,0
Papua New Guinea,Australia,9183,9219,6223,6268,2960,2951
Papua New Guinea,Solomon Islands,221,220,155,156,66,64
Papua New Guinea,Canada,235,235,170,172,65,63
Papua New Guinea,Sri Lanka,79,78,64,65,15,13
Papua New Guinea,China,88,87,30,31,58,56
Papua New Guinea,Fiji,84,83,56,57,28,26
Papua New Guinea,India,156,156,123,125,33,31
Papua New Guinea,Indonesia,13527,13592,6950,7015,6577,6577
Papua New Guinea,Ireland,42,41,20,21,22,20
Papua New Guinea,Japan,258,258,186,188,72,70
Papua New Guinea,Republic of Korea,64,63,35,36,29,27
Papua New Guinea,Malaysia,79,78,48,49,31,29
Papua New Guinea,Vanuatu,99,98,51,52,48,46
Papua New Guinea,New Zealand,1778,1783,1243,1251,535,532
Papua New Guinea,Philippines,1459,1463,1051,1057,408,406
Papua New Guinea,Russian Federation,26,25,21,22,5,3
Papua New Guinea,Singapore,51,50,33,34,18,16
Papua New Guinea,Tonga,27,26,17,18,10,8
Papua New Guinea,United Kingdom,1616,1621,931,939,685,682
Papua New Guinea,United Republic of Tanzania,28,27,21,22,7,5
Papua New Guinea,United States of America,731,733,600,604,131,129
Papua New Guinea,Other,1109,1132,706,713,403,419
Solomon Islands,Micronesia,265,258,150,147,115,111
Solomon Islands,Australia,279,271,157,153,122,118
Solomon Islands,Fiji,103,100,59,58,44,42
Solomon Islands,Kiribati,265,258,150,147,115,111
Solomon Islands,New Caledonia,33,32,19,19,14,13
Solomon Islands,New Zealand,73,71,42,41,31,30
Solomon Islands,Papua New Guinea,564,549,317,309,247,240
Solomon Islands,Vanuatu,66,64,38,37,28,27
Solomon Islands,China,197,192,111,109,86,83
Solomon Islands,Indonesia,69,67,40,39,29,28
Solomon Islands,Japan,29,28,17,17,12,11
Solomon Islands,Republic of Korea,31,30,18,18,13,12
Solomon Islands,Malaysia,108,105,61,60,47,45
Solomon Islands,Philippines,120,116,68,66,52,50
Solomon Islands,United States of America,29,28,17,17,12,11
Solomon Islands,United Kingdom,39,38,23,23,16,15
Solomon Islands,Other,580,571,313,302,267,269
Vanuatu,Micronesia,0,0,0,0,0,0
Vanuatu,Australia,651,665,324,331,327,334
Vanuatu,New Zealand,318,325,159,163,159,162
Vanuatu,France,543,555,271,278,272,277
Vanuatu,United Kingdom,113,115,57,58,56,57
Vanuatu,Fiji,230,235,115,118,115,117
Vanuatu,New Caledonia,257,262,129,132,128,130
Vanuatu,Tonga,30,30,16,16,14,14
Vanuatu,Solomon Islands,120,122,61,62,59,60
Vanuatu,Papua New Guinea,67,68,34,35,33,33
Vanuatu,Other,857,880,417,426,440,454
Micronesia,Micronesia,20547,21575,10355,10849,10192,10726
Micronesia,Burundi,0,0,0,0,0,0
Micronesia,Comoros,0,0,0,0,0,0
Micronesia,Djibouti,0,0,0,0,0,0
Micronesia,Eritrea,0,0,0,0,0,0
Micronesia,Ethiopia,0,0,0,0,0,0
Micronesia,Kenya,0,0,0,0,0,0
Micronesia,Madagascar,0,0,0,0,0,0
Micronesia,Malawi,0,0,0,0,0,0
Micronesia,Mauritius,0,0,0,0,0,0
Micronesia,Mayotte,0,0,0,0,0,0
Micronesia,Mozambique,0,0,0,0,0,0
Micronesia,Réunion,0,0,0,0,0,0
Micronesia,Rwanda,0,0,0,0,0,0
Micronesia,Seychelles,0,0,0,0,0,0
Micronesia,Somalia,0,0,0,0,0,0
Micronesia,South Sudan,0,0,0,0,0,0
Micronesia,Uganda,0,0,0,0,0,0
Micronesia,United Republic of Tanzania,0,0,0,0,0,0
Micronesia,Zambia,0,0,0,0,0,0
Micronesia,Zimbabwe,0,0,0,0,0,0
Micronesia,Angola,0,0,0,0,0,0
Micronesia,Cameroon,0,0,0,0,0,0
Micronesia,Central African Republic,0,0,0,0,0,0
Micronesia,Chad,0,0,0,0,0,0
Micronesia,Congo,0,0,0,0,0,0
Micronesia,Democratic Republic of the Congo,0,0,0,0,0,0
Micronesia,Equatorial Guinea,0,0,0,0,0,0
Micronesia,Gabon,0,0,0,0,0,0
Micronesia,Sao Tome and Principe,0,0,0,0,0,0
Micronesia,Algeria,0,0,0,0,0,0
Micronesia,Egypt,0,0,0,0,0,0
Micronesia,Libya,0,0,0,0,0,0
Micronesia,Morocco,0,0,0,0,0,0
Micronesia,Sudan,0,0,0,0,0,0
Micronesia,Tunisia,0,0,0,0,0,0
Micronesia,Western Sahara,0,0,0,0,0,0
Micronesia,Botswana,0,0,0,0,0,0
Micronesia,Eswatini,0,0,0,0,0,0
Micronesia,Lesotho,0,0,0,0,0,0
Micronesia,Namibia,0,0,0,0,0,0
Micronesia,South Africa,0,0,0,0,0,0
Micronesia,Benin,0,0,0,0,0,0
Micronesia,Burkina Faso,0,0,0,0,0,0
Micronesia,Cabo Verde,0,0,0,0,0,0
Micronesia,Côte d'Ivoire,0,0,0,0,0,0
Micronesia,Gambia,0,0,0,0,0,0
Micronesia,Ghana,0,0,0,0,0,0
Micronesia,Guinea,0,0,0,0,0,0
Micronesia,Guinea-Bissau,0,0,0,0,0,0
Micronesia,Liberia,0,0,0,0,0,0
Micronesia,Mali,0,0,0,0,0,0
Micronesia,Mauritania,0,0,0,0,0,0
Micronesia,Niger,0,0,0,0,0,0
Micronesia,Nigeria,0,0,0,0,0,0
Micronesia,Saint Helena,0,0,0,0,0,0
Micronesia,Senegal,0,0,0,0,0,0
Micronesia,Sierra Leone,0,0,0,0,0,0
Micronesia,Togo,0,0,0,0,0,0
Micronesia,Kazakhstan,0,0,0,0,0,0
Micronesia,Kyrgyzstan,0,0,0,0,0,0
Micronesia,Tajikistan,0,0,0,0,0,0
Micronesia,Turkmenistan,0,0,0,0,0,0
Micronesia,Uzbekistan,0,0,0,0,0,0
Micronesia,China,5733,5922,2007,2096,3726,3826
Micronesia,"China, Hong Kong SAR",21,20,14,14,7,6
Micronesia,"China, Macao SAR",0,0,0,0,0,0
Micronesia,"China, Taiwan Province of China",0,0,0,0,0,0
Micronesia,Dem. People's Republic of Korea,0,0,0,0,0,0
Micronesia,Japan,2824,2948,1451,1511,1373,1437
Micronesia,Mongolia,0,0,0,0,0,0
Micronesia,Republic of Korea,4262,4427,2100,2184,2162,2243
Micronesia,Brunei Darussalam,0,0,0,0,0,0
Micronesia,Cambodia,0,0,0,0,0,0
Micronesia,Indonesia,0,0,0,0,0,0
Micronesia,Lao People's Democratic Republic,0,0,0,0,0,0
Micronesia,Malaysia,0,0,0,0,0,0
Micronesia,Myanmar,0,0,0,0,0,0
Micronesia,Philippines,43976,45898,22635,23509,21341,22389
Micronesia,Singapore,0,0,0,0,0,0
Micronesia,Thailand,0,0,0,0,0,0
Micronesia,Timor-Leste,0,0,0,0,0,0
Micronesia,Viet Nam,354,373,184,194,170,179
Micronesia,Afghanistan,0,0,0,0,0,0
Micronesia,Bangladesh,370,371,352,354,18,17
Micronesia,Bhutan,0,0,0,0,0,0
Micronesia,India,0,0,0,0,0,0
Micronesia,Iran (Islamic Republic of),372,356,274,268,98,88
Micronesia,Maldives,0,0,0,0,0,0
Micronesia,Nepal,125,124,101,101,24,23
Micronesia,Pakistan,0,0,0,0,0,0
Micronesia,Sri Lanka,39,134,30,103,9,31
Micronesia,Armenia,0,0,0,0,0,0
Micronesia,Azerbaijan,0,0,0,0,0,0
Micronesia,Bahrain,0,0,0,0,0,0
Micronesia,Cyprus,0,0,0,0,0,0
Micronesia,Georgia,0,0,0,0,0,0
Micronesia,Iraq,0,0,0,0,0,0
Micronesia,Israel,0,0,0,0,0,0
Micronesia,Jordan,0,0,0,0,0,0
Micronesia,Kuwait,0,0,0,0,0,0
Micronesia,Lebanon,0,0,0,0,0,0
Micronesia,Oman,0,0,0,0,0,0
Micronesia,Qatar,0,0,0,0,0,0
Micronesia,Saudi Arabia,0,0,0,0,0,0
Micronesia,State of Palestine,0,0,0,0,0,0
Micronesia,Syrian Arab Republic,0,0,0,0,0,0
Micronesia,Turkey,0,0,0,0,0,0
Micronesia,United Arab Emirates,0,0,0,0,0,0
Micronesia,Yemen,0,0,0,0,0,0
Micronesia,Belarus,0,0,0,0,0,0
Micronesia,Bulgaria,0,0,0,0,0,0
Micronesia,Czechia,0,0,0,0,0,0
Micronesia,Hungary,0,0,0,0,0,0
Micronesia,Poland,0,0,0,0,0,0
Micronesia,Republic of Moldova,0,0,0,0,0,0
Micronesia,Romania,0,0,0,0,0,0
Micronesia,Russian Federation,0,0,0,0,0,0
Micronesia,Slovakia,0,0,0,0,0,0
Micronesia,Ukraine,0,0,0,0,0,0
Micronesia,Channel Islands,0,0,0,0,0,0
Micronesia,Denmark,0,0,0,0,0,0
Micronesia,Estonia,0,0,0,0,0,0
Micronesia,Faroe Islands,0,0,0,0,0,0
Micronesia,Finland,0,0,0,0,0,0
Micronesia,Iceland,0,0,0,0,0,0
Micronesia,Ireland,0,0,0,0,0,0
Micronesia,Isle of Man,0,0,0,0,0,0
Micronesia,Latvia,0,0,0,0,0,0
Micronesia,Lithuania,0,0,0,0,0,0
Micronesia,Norway,0,0,0,0,0,0
Micronesia,Sweden,0,0,0,0,0,0
Micronesia,United Kingdom,8,7,4,4,4,3
Micronesia,Albania,0,0,0,0,0,0
Micronesia,Andorra,0,0,0,0,0,0
Micronesia,Bosnia and Herzegovina,0,0,0,0,0,0
Micronesia,Croatia,0,0,0,0,0,0
Micronesia,Gibraltar,0,0,0,0,0,0
Micronesia,Greece,0,0,0,0,0,0
Micronesia,Holy See,0,0,0,0,0,0
Micronesia,Italy,0,0,0,0,0,0
Micronesia,Malta,0,0,0,0,0,0
Micronesia,Montenegro,0,0,0,0,0,0
Micronesia,North Macedonia,0,0,0,0,0,0
Micronesia,Portugal,0,0,0,0,0,0
Micronesia,San Marino,0,0,0,0,0,0
Micronesia,Serbia,0,0,0,0,0,0
Micronesia,Slovenia,0,0,0,0,0,0
Micronesia,Spain,0,0,0,0,0,0
Micronesia,Austria,0,0,0,0,0,0
Micronesia,Belgium,0,0,0,0,0,0
Micronesia,France,0,0,0,0,0,0
Micronesia,Germany,0,0,0,0,0,0
Micronesia,Liechtenstein,0,0,0,0,0,0
Micronesia,Luxembourg,0,0,0,0,0,0
Micronesia,Monaco,0,0,0,0,0,0
Micronesia,Netherlands,0,0,0,0,0,0
Micronesia,Switzerland,0,0,0,0,0,0
Micronesia,Anguilla,0,0,0,0,0,0
Micronesia,Antigua and Barbuda,0,0,0,0,0,0
Micronesia,Aruba,0,0,0,0,0,0
Micronesia,Bahamas,0,0,0,0,0,0
Micronesia,Barbados,0,0,0,0,0,0
Micronesia,"Bonaire, Sint Eustatius and Saba",0,0,0,0,0,0
Micronesia,British Virgin Islands,0,0,0,0,0,0
Micronesia,Cayman Islands,0,0,0,0,0,0
Micronesia,Cuba,0,0,0,0,0,0
Micronesia,Curaçao,0,0,0,0,0,0
Micronesia,Dominica,0,0,0,0,0,0
Micronesia,Dominican Republic,0,0,0,0,0,0
Micronesia,Grenada,0,0,0,0,0,0
Micronesia,Guadeloupe,0,0,0,0,0,0
Micronesia,Haiti,0,0,0,0,0,0
Micronesia,Jamaica,0,0,0,0,0,0
Micronesia,Martinique,0,0,0,0,0,0
Micronesia,Montserrat,0,0,0,0,0,0
Micronesia,Puerto Rico,4861,5094,2407,2527,2454,2567
Micronesia,Saint Barthélemy,0,0,0,0,0,0
Micronesia,Saint Kitts and Nevis,0,0,0,0,0,0
Micronesia,Saint Lucia,0,0,0,0,0,0
Micronesia,Saint Martin (French part),0,0,0,0,0,0
Micronesia,Saint Vincent and the Grenadines,0,0,0,0,0,0
Micronesia,Sint Maarten (Dutch part),0,0,0,0,0,0
Micronesia,Trinidad and Tobago,0,0,0,0,0,0
Micronesia,Turks and Caicos Islands,0,0,0,0,0,0
Micronesia,United States Virgin Islands,0,0,0,0,0,0
Micronesia,Belize,0,0,0,0,0,0
Micronesia,Costa Rica,0,0,0,0,0,0
Micronesia,El Salvador,0,0,0,0,0,0
Micronesia,Guatemala,0,0,0,0,0,0
Micronesia,Honduras,0,0,0,0,0,0
Micronesia,Mexico,0,0,0,0,0,0
Micronesia,Nicaragua,0,0,0,0,0,0
Micronesia,Panama,0,0,0,0,0,0
Micronesia,Argentina,0,0,0,0,0,0
Micronesia,Bolivia (Plurinational State of),0,0,0,0,0,0
Micronesia,Brazil,0,0,0,0,0,0
Micronesia,Chile,0,0,0,0,0,0
Micronesia,Colombia,0,0,0,0,0,0
Micronesia,Ecuador,0,0,0,0,0,0
Micronesia,Falkland Islands (Malvinas),0,0,0,0,0,0
Micronesia,French Guiana,0,0,0,0,0,0
Micronesia,Guyana,0,0,0,0,0,0
Micronesia,Paraguay,0,0,0,0,0,0
Micronesia,Peru,0,0,0,0,0,0
Micronesia,Suriname,0,0,0,0,0,0
Micronesia,Uruguay,0,0,0,0,0,0
Micronesia,Venezuela (Bolivarian Republic of),0,0,0,0,0,0
Micronesia,Bermuda,0,0,0,0,0,0
Micronesia,Canada,0,0,0,0,0,0
Micronesia,Greenland,0,0,0,0,0,0
Micronesia,Saint Pierre and Miquelon,0,0,0,0,0,0
Micronesia,United States of America,21723,22822,11364,11920,10359,10902
Micronesia,Australia,120,129,69,77,51,52
Micronesia,New Zealand,57,59,39,42,18,17
Micronesia,Fiji,706,753,393,424,313,329
Micronesia,New Caledonia,0,0,0,0,0,0
Micronesia,Papua New Guinea,0,0,0,0,0,0
Micronesia,Solomon Islands,64,73,43,51,21,22
Micronesia,Vanuatu,0,0,0,0,0,0
Micronesia,Guam,999,1009,462,458,537,551
Micronesia,Kiribati,484,516,273,296,211,220
Micronesia,Marshall Islands,372,383,184,192,188,191
Micronesia,Micronesia (Fed. States of),12396,13032,6263,6570,6133,6462
Micronesia,Nauru,1471,1586,740,792,731,794
Micronesia,Northern Mariana Islands,2532,2664,1296,1354,1236,1310
Micronesia,Palau,2293,2385,1137,1187,1156,1198
Micronesia,American Samoa,23,22,12,12,11,10
Micronesia,Cook Islands,0,0,0,0,0,0
Micronesia,French Polynesia,0,0,0,0,0,0
Micronesia,Niue,0,0,0,0,0,0
Micronesia,Samoa,21,20,10,10,11,10
Micronesia,Tokelau,0,0,0,0,0,0
Micronesia,Tonga,18,17,9,9,9,8
Micronesia,Tuvalu,325,348,186,202,139,146
Micronesia,Wallis and Futuna Islands,0,0,0,0,0,0
Guam,Micronesia,14538,15370,7500,7933,7038,7437
Guam,China,2152,2275,1110,1175,1042,1100
Guam,Japan,2100,2219,1084,1146,1016,1073
Guam,Republic of Korea,2711,2865,1399,1479,1312,1386
Guam,Northern Mariana Islands,2216,2342,1143,1209,1073,1133
Guam,Micronesia (Fed. States of),10639,11251,5488,5805,5151,5446
Guam,Marshall Islands,234,246,121,128,113,118
Guam,Palau,1449,1531,748,791,701,740
Guam,Philippines,29289,30994,15107,15980,14182,15014
Guam,Puerto Rico,3950,4176,2038,2155,1912,2021
Guam,Viet Nam,354,373,184,194,170,179
Guam,United States of America,18508,19572,9547,10096,8961,9476
Guam,Other,2487,2628,1277,1350,1210,1278
Kiribati,Micronesia,1471,1586,740,792,731,794
Kiribati,Australia,82,86,46,49,36,37
Kiribati,Fiji,497,531,263,282,234,249
Kiribati,Nauru,1471,1586,740,792,731,794
Kiribati,New Zealand,54,56,36,39,18,17
Kiribati,Tuvalu,292,311,165,177,127,134
Kiribati,United Kingdom,8,7,4,4,4,3
Kiribati,United States of America,40,42,29,32,11,10
Kiribati,Other,475,507,256,275,219,232
Marshall Islands,Micronesia,517,521,307,309,210,212
Marshall Islands,China,318,318,211,212,107,106
Marshall Islands,Fiji,118,117,74,74,44,43
Marshall Islands,Kiribati,275,275,169,170,106,105
Marshall Islands,Micronesia (Fed. States of),242,246,138,139,104,107
Marshall Islands,Philippines,541,541,311,312,230,229
Marshall Islands,United States of America,1430,1441,876,881,554,560
Marshall Islands,Other,360,360,232,233,128,127
Micronesia (Fed. States of),Micronesia,485,490,263,269,222,221
Micronesia (Fed. States of),American Samoa,23,22,12,12,11,10
Micronesia (Fed. States of),Guam,38,37,22,22,16,15
Micronesia (Fed. States of),"China, Hong Kong SAR",21,20,14,14,7,6
Micronesia (Fed. States of),Japan,48,47,28,28,20,19
Micronesia (Fed. States of),Republic of Korea,47,46,28,28,19,18
Micronesia (Fed. States of),Northern Mariana Islands,75,75,42,43,33,32
Micronesia (Fed. States of),Marshall Islands,92,92,51,52,41,40
Micronesia (Fed. States of),Palau,280,286,148,152,132,134
Micronesia (Fed. States of),Philippines,125,127,68,70,57,57
Micronesia (Fed. States of),Tonga,18,17,9,9,9,8
Micronesia (Fed. States of),United States of America,172,175,94,97,78,78
Micronesia (Fed. States of),Samoa,21,20,10,10,11,10
Micronesia (Fed. States of),Other,1796,1868,947,978,849,890
Nauru,Micronesia,209,241,104,126,105,115
Nauru,Australia,38,43,23,28,15,15
Nauru,Solomon Islands,64,73,43,51,21,22
Nauru,Sri Lanka,39,134,30,103,9,31
Nauru,China,198,229,120,144,78,85
Nauru,Fiji,91,105,56,68,35,37
Nauru,Kiribati,209,241,104,126,105,115
Nauru,Iran (Islamic Republic of),372,356,274,268,98,88
Nauru,New Zealand,3,3,3,3,0,0
Nauru,Philippines,57,65,41,49,16,16
Nauru,Tuvalu,33,37,21,25,12,12
Nauru,Other,729,915,322,432,407,483
Northern Mariana Islands,Micronesia,2451,2468,1012,1022,1439,1446
Northern Mariana Islands,Bangladesh,370,371,352,354,18,17
Northern Mariana Islands,China,2592,2614,230,232,2362,2382
Northern Mariana Islands,Guam,726,731,319,322,407,409
Northern Mariana Islands,Japan,536,540,262,265,274,275
Northern Mariana Islands,Republic of Korea,1436,1448,631,637,805,811
Northern Mariana Islands,Nepal,125,124,101,101,24,23
Northern Mariana Islands,Micronesia (Fed. States of),1115,1124,440,444,675,680
Northern Mariana Islands,Marshall Islands,46,45,12,12,34,33
Northern Mariana Islands,Palau,564,568,241,244,323,324
Northern Mariana Islands,Philippines,11045,11150,5260,5305,5785,5845
Northern Mariana Islands,Puerto Rico,911,918,369,372,542,546
Northern Mariana Islands,United States of America,1249,1259,646,652,603,607
Northern Mariana Islands,Other,933,951,237,243,696,708
Palau,Micronesia,876,899,429,398,447,501
Palau,China,473,486,336,333,137,153
Palau,Guam,235,241,121,114,114,127
Palau,Japan,140,142,77,72,63,70
Palau,Republic of Korea,68,68,42,40,26,28
Palau,Northern Mariana Islands,241,247,111,102,130,145
Palau,Micronesia (Fed. States of),400,411,197,182,203,229
Palau,Philippines,2919,3021,1848,1793,1071,1228
Palau,United States of America,324,333,172,162,152,171
Palau,Other,137,139,92,90,45,49
American Samoa,Micronesia,0,0,0,0,0,0
American Samoa,China,598,599,416,418,182,181
American Samoa,Fiji,332,332,167,168,165,164
American Samoa,Republic of Korea,295,295,151,152,144,143
American Samoa,New Zealand,724,725,366,367,358,358
American Samoa,Philippines,1115,1118,622,624,493,494
American Samoa,Viet Nam,211,210,107,107,104,103
American Samoa,Tokelau,20,19,10,10,10,9
American Samoa,Tonga,1288,1292,675,678,613,614
American Samoa,United States of America,2548,2557,1267,1272,1281,1285
American Samoa,Samoa,15813,15880,7935,7966,7878,7914
American Samoa,Other,569,581,282,285,287,296
Cook Islands,Micronesia,0,0,0,0,0,0
Cook Islands,Australia,388,426,205,225,183,201
Cook Islands,Fiji,480,527,252,276,228,251
Cook Islands,French Polynesia,117,128,36,39,81,89
Cook Islands,Netherlands,17,18,13,14,4,4
Cook Islands,New Zealand,2294,2520,1100,1205,1194,1315
Cook Islands,Niue,16,17,12,13,4,4
Cook Islands,Papua New Guinea,17,18,6,6,11,12
Cook Islands,United Kingdom,90,98,64,70,26,28
Cook Islands,United States of America,30,32,19,20,11,12
Cook Islands,Samoa,9,9,1,1,8,8
Cook Islands,Other,710,786,382,421,328,365
French Polynesia,Micronesia,0,0,0,0,0,0
French Polynesia,Algeria,681,681,432,432,249,249
French Polynesia,Australia,70,70,34,34,36,36
French Polynesia,Canada,128,128,90,90,38,38
French Polynesia,China,615,615,306,306,309,309
French Polynesia,Fiji,30,30,15,15,15,15
French Polynesia,France,22387,22404,12902,12913,9485,9491
French Polynesia,Germany,360,360,252,252,108,108
French Polynesia,India,38,38,29,29,9,9
French Polynesia,Indonesia,17,17,10,10,7,7
French Polynesia,Italy,148,148,117,117,31,31
French Polynesia,Japan,23,23,11,11,12,12
French Polynesia,New Caledonia,2235,2236,1143,1144,1092,1092
French Polynesia,New Zealand,111,111,59,59,52,52
French Polynesia,Spain,80,80,61,61,19,19
French Polynesia,Switzerland,120,120,106,106,14,14
French Polynesia,United Kingdom,84,84,82,82,2,2
French Polynesia,United States of America,419,419,235,235,184,184
French Polynesia,Vanuatu,210,210,118,118,92,92
French Polynesia,Wallis and Futuna Islands,35,35,12,12,23,23
French Polynesia,Other,2267,2272,1122,1124,1145,1148
Niue,Micronesia,0,0,0,0,0,0
Niue,Australia,15,14,7,7,8,7
Niue,Fiji,40,39,21,21,19,18
Niue,New Zealand,335,342,178,178,157,164
Niue,Tonga,48,47,26,26,22,21
Niue,Tuvalu,36,35,23,23,13,12
Niue,United States of America,10,9,8,8,2,1
Niue,Samoa,45,44,26,26,19,18
Niue,Other,59,58,30,30,29,28
Samoa,Micronesia,18,14,5,5,13,9
Samoa,American Samoa,1379,1307,706,672,673,635
Samoa,Australia,287,270,160,151,127,119
Samoa,Solomon Islands,10,8,4,4,6,4
Samoa,Canada,9,7,4,4,5,3
Samoa,China,50,46,39,37,11,9
Samoa,Cook Islands,11,9,2,2,9,7
Samoa,Fiji,118,110,51,48,67,62
Samoa,France,8,6,7,6,1,0
Samoa,Germany,37,34,22,21,15,13
Samoa,Kiribati,12,10,4,4,8,6
Samoa,Japan,43,39,35,33,8,6
Samoa,Nauru,6,4,1,1,5,3
Samoa,Vanuatu,14,12,9,9,5,3
Samoa,New Zealand,1290,1218,612,576,678,642
Samoa,Niue,6,4,3,3,3,1
Samoa,Papua New Guinea,40,36,15,14,25,22
Samoa,Tokelau,91,85,44,42,47,43
Samoa,Tonga,65,60,33,31,32,29
Samoa,Tuvalu,63,58,34,32,29,26
Samoa,United Kingdom,23,20,16,15,7,5
Samoa,United States of America,316,297,151,142,165,155
Samoa,Other,377,381,199,184,178,197
Tokelau,Micronesia,0,0,0,0,0,0
Tokelau,Samoa,187,195,85,88,102,107
Tokelau,Tuvalu,45,47,28,30,17,17
Tokelau,New Zealand,169,166,60,52,109,114
Tokelau,Australia,39,40,32,33,7,7
Tokelau,Other,745,790,359,383,386,407
Tonga,Micronesia,0,0,0,0,0,0
Tonga,China,122,114,78,74,44,40
Tonga,Fiji,499,470,278,262,221,208
Tonga,India,188,177,98,93,90,84
Tonga,Japan,70,65,41,39,29,26
Tonga,Samoa,230,217,95,90,135,127
Tonga,Other,2845,2699,1568,1486,1277,1213
Tuvalu,Micronesia,67,67,18,14,49,53
Tuvalu,Fiji,51,55,31,34,20,21
Tuvalu,Kiribati,61,62,16,12,45,50
Tuvalu,Nauru,6,5,2,2,4,3
Tuvalu,United States of America,4,3,3,3,1,0
Tuvalu,Samoa,3,2,2,2,1,0
Tuvalu,Other,105,112,72,79,33,33
Wallis and Futuna Islands,Micronesia,0,0,0,0,0,0
Wallis and Futuna Islands,France,877,889,443,446,434,443
Wallis and Futuna Islands,French Polynesia,15,10,8,5,7,5
Wallis and Futuna Islands,Mayotte,38,27,26,18,12,9
Wallis and Futuna Islands,New Caledonia,1021,1021,508,509,513,512
Wallis and Futuna Islands,Vanuatu,72,67,38,39,34,28
Wallis and Futuna Islands,Other,27,26,12,13,15,13
