Destination,Origin,2015 Combined,2020 Combined,2015 Males,2020 Males,2015 Females,2020 Females
WORLD,WORLD,247958644,280598105,128238058,145655844,119720586,134942261
WORLD,  Sub-Saharan Africa,24197211,28284538,12578348,14732802,11618863,13551736
WORLD,  Northern Africa and Western Asia,32606047,37563820,18177303,20941050,14428744,16622770
WORLD,  Central and Southern Asia,46481130,51229549,27971106,31211577,18510024,20017972
WORLD,  Eastern and South-Eastern Asia,35205590,38400740,17150433,18801912,18055157,19598828
WORLD,  Latin America and the Caribbean,36206000,42890481,17582139,20697275,18623861,22193206
WORLD,  Oceania (excluding Australia and New Zealand),495220,565281,240815,273803,254405,291478
WORLD,  Australia and New Zealand,1256202,1404924,622696,693842,633506,711082
WORLD,  Europe and Northern America,60592402,67601621,28229706,31770385,32362696,35831236
WORLD,  Developed regions,62613012,69815370,29203683,32827157,33409329,36988213
WORLD,  Less developed regions,174426790,198125584,93348863,106295489,81077927,91830095
WORLD," Less developed regions, excluding least developed countries",132944110,150520987,70333340,79492160,62610770,71028827
WORLD," Less developed regions, excluding China",163095388,186511434,88028326,100946274,75067062,85565160
WORLD,  Least developed countries,41482680,47604597,23015523,26803329,18467157,20801268
WORLD,  Land-locked Developing Countries (LLDC),31336289,35277768,16089640,18147434,15246649,17130334
WORLD,  Small island developing States (SIDS),10467162,11559408,4903522,5417850,5563640,6141558
WORLD,  High-income countries,47356719,52808019,22710503,25556460,24646216,27251559
WORLD,  Middle-income countries,157981964,177395834,82602967,92895832,75378997,84500002
WORLD, Upper-middle-income countries,77576140,87648518,37485261,42001984,40090879,45646534
WORLD, Lower-middle-income countries,80405824,89747316,45117706,50893848,35288118,38853468
WORLD,  Low-income countries,31399947,37419672,17088744,20512220,14311203,16907452
WORLD, AFRICA,35111959,40567163,18809167,21729832,16302792,18837331
WORLD,  Eastern Africa,9824290,12027289,5021946,6136440,4802344,5890849
WORLD,  Middle Africa,3816990,4420662,1910761,2223566,1906229,2197096
WORLD,  Northern Africa,10914748,12282625,6230819,6997030,4683929,5285595
WORLD,  Southern Africa,1129951,1278435,545606,628886,584345,649549
WORLD,  Western Africa,9425980,10558152,5100035,5743910,4325945,4814242
WORLD, ASIA,103378019,114911484,57068023,63957509,46309996,50953975
WORLD,  Central Asia,7428032,7835504,3640447,3807379,3787585,4028125
WORLD,  Eastern Asia,14417725,14820004,6820704,6898164,7597021,7921840
WORLD,  South-Eastern Asia,20787865,23580736,10329729,11903748,10458136,11676988
WORLD,  Southern Asia,39053098,43394045,24330659,27404198,14722439,15989847
WORLD,  Western Asia,21691299,25281195,11946484,13944020,9744815,11337175
WORLD, EUROPE,56577753,63273663,26369327,29748898,30208426,33524765
WORLD,  Eastern Europe,28822615,32194352,12864866,14468129,15957749,17726223
WORLD,  Northern Europe,7315147,7884780,3529209,3820591,3785938,4064189
WORLD,  Southern Europe,12045253,14017111,6004592,7109579,6040661,6907532
WORLD,  Western Europe,8394738,9177420,3970660,4350599,4424078,4826821
WORLD, LATIN AMERICA AND THE CARIBBEAN,36206000,42890481,17582139,20697275,18623861,22193206
WORLD,  Caribbean,8135307,9078772,3802917,4252967,4332390,4825805
WORLD,  Central America,16291222,16198974,8439482,8312535,7851740,7886439
WORLD,  South America,11779471,17612735,5339740,8131773,6439731,9480962
WORLD, NORTHERN AMERICA,4014649,4327958,1860379,2021487,2154270,2306471
WORLD, OCEANIA ,1751422,1970205,863511,967645,887911,1002560
WORLD,  Australia and New Zealand,1256202,1404924,622696,693842,633506,711082
WORLD,  Melanesia,229769,256021,109523,121526,120246,134495
WORLD,  Micronesia,41950,50998,20869,25179,21081,25819
WORLD,  Polynesia*,223501,258262,110423,127098,113078,131164
WORLD,   Burundi,459979,551105,227726,274913,232253,276192
WORLD,   Comoros,121749,150823,59176,73002,62573,77821
WORLD,   Djibouti,16969,18365,8659,9293,8310,9072
WORLD,   Eritrea,624757,802822,326403,422881,298354,379941
WORLD,   Ethiopia,842496,946129,451972,510262,390524,435867
WORLD,   Kenya,480647,535348,227217,252759,253430,282589
WORLD,   Madagascar,175868,193526,68219,74976,107649,118550
WORLD,   Malawi,297471,311052,172322,185426,125149,125626
WORLD,   Mauritius*,165869,182973,74559,82790,91310,100183
WORLD,   Mayotte*,6545,6767,3199,3305,3346,3462
WORLD,   Mozambique,596949,640160,348100,385940,248849,254220
WORLD,   Réunion*,2907,3064,1087,1189,1820,1875
WORLD,   Rwanda,503667,492489,247155,241187,256512,251302
WORLD,   Seychelles,27483,29258,11783,12624,15700,16634
WORLD,   Somalia,2008490,2034221,1040985,1064786,967505,969435
WORLD,   South Sudan,1060678,2575870,543822,1271104,516856,1304766
WORLD,   Uganda,786229,781440,375951,372735,410278,408705
WORLD,   United Republic of Tanzania*,294102,327863,145322,162475,148780,165388
WORLD,   Zambia,184371,200700,86165,93621,98206,107079
WORLD,   Zimbabwe,1167064,1243314,602124,641172,564940,602142
WORLD,   Angola,618288,668066,305926,334386,312362,333680
WORLD,   Cameroon,348974,441015,171870,219379,177104,221636
WORLD,   Central African Republic,686224,816668,348076,409486,338148,407182
WORLD,   Chad,191269,222303,104493,119894,86776,102409
WORLD,   Congo,204829,223767,102286,113453,102543,110314
WORLD,   Democratic Republic of the Congo,1572222,1832069,778269,916179,793953,915890
WORLD,   Equatorial Guinea,116947,128774,62959,68753,53988,60021
WORLD,   Gabon,43075,48392,20636,23205,22439,25187
WORLD,   Sao Tome and Principe,35162,39608,16246,18831,18916,20777
WORLD,   Algeria,1836502,2022337,985595,1085651,850907,936686
WORLD,   Egypt,3151069,3610461,2041623,2341886,1109446,1268575
WORLD,   Libya,152544,185518,81637,101126,70907,84392
WORLD,   Morocco,2971770,3262222,1575252,1707428,1396518,1554794
WORLD,   Sudan,1842602,2104887,1013988,1155684,828614,949203
WORLD,   Tunisia,774376,902268,434592,502404,339784,399864
WORLD,   Western Sahara,185885,194932,98132,102851,87753,92081
WORLD,   Botswana,55294,63561,32477,39730,22817,23831
WORLD,   Eswatini,46236,50039,22566,24339,23670,25700
WORLD,   Lesotho,191457,202164,86078,89567,105379,112597
WORLD,   Namibia,50410,47770,25042,23612,25368,24158
WORLD,   South Africa,786554,914901,379443,451638,407111,463263
WORLD,   Benin,634923,681827,341137,365338,293786,316489
WORLD,   Burkina Faso,1518568,1599347,848841,894339,669727,705008
WORLD,   Cabo Verde,171429,187558,76690,85032,94739,102526
WORLD,   Côte d'Ivoire,1056380,1149298,520911,571219,535469,578079
WORLD,   Gambia,96963,139210,60472,93414,36491,45796
WORLD,   Ghana,892253,1004324,466166,529432,426087,474892
WORLD,   Guinea,493411,550790,273042,312062,220369,238728
WORLD,   Guinea-Bissau,98151,111790,51546,60632,46605,51158
WORLD,   Liberia,205741,233564,102946,116235,102795,117329
WORLD,   Mali,1228544,1303511,696316,742057,532228,561454
WORLD,   Mauritania,114630,130226,71355,80059,43275,50167
WORLD,   Niger,374993,399707,221615,236316,153378,163391
WORLD,   Nigeria,1306526,1670455,682707,877687,623819,792768
WORLD,   Saint Helena*,4285,4885,1731,1981,2554,2904
WORLD,   Senegal,594507,693765,368123,430442,226384,263323
WORLD,   Sierra Leone,139296,152486,69275,76143,70021,76343
WORLD,   Togo,495380,545409,247162,271522,248218,273887
WORLD,   Kazakhstan,3885576,4203899,1810038,1934708,2075538,2269191
WORLD,   Kyrgyzstan,742841,774377,358754,368266,384087,406111
WORLD,   Tajikistan,585060,586851,334196,337393,250864,249458
WORLD,   Turkmenistan,238531,242554,113826,115596,124705,126958
WORLD,   Uzbekistan,1976024,2027823,1023633,1051416,952391,976407
WORLD,   China*,10240817,10461170,4769179,4768512,5471638,5692658
WORLD,"   China, Hong Kong SAR*",957289,1007788,490995,516106,466294,491682
WORLD,"   China, Macao SAR*",133296,145192,60363,64597,72933,80595
WORLD,"   China, Taiwan Province of China*",0,0,0,0,0,0
WORLD,   Dem. People's Republic of Korea,103898,110377,54930,58162,48968,52215
WORLD,   Japan,764408,808825,351281,362930,413127,445895
WORLD,   Mongolia,65485,82098,30999,39366,34486,42732
WORLD,   Republic of Korea,2152532,2204554,1062957,1088491,1089575,1116063
WORLD,   Brunei Darussalam,45110,45340,26000,25825,19110,19515
WORLD,   Cambodia,1074572,1104819,505718,513004,568854,591815
WORLD,   Indonesia,4065095,4601369,2272231,2560770,1792864,2040599
WORLD,   Lao People's Democratic Republic,1288179,1296051,592231,571192,695948,724859
WORLD,   Malaysia*,1781038,1860037,816165,805157,964873,1054880
WORLD,   Myanmar,2842494,3711751,1593428,2323899,1249066,1387852
WORLD,   Philippines,5498232,6094307,2533069,2804967,2965163,3289340
WORLD,   Singapore,324639,348464,157614,166831,167025,181633
WORLD,   Thailand,921690,1086985,348078,423456,573612,663529
WORLD,   Timor-Leste,37325,39588,20585,21796,16740,17792
WORLD,   Viet Nam,2909491,3392025,1464610,1686851,1444881,1705174
WORLD,   Afghanistan,5400916,5853838,2902913,3226319,2498003,2627519
WORLD,   Bangladesh,6831282,7401763,4505672,4971930,2325610,2429833
WORLD,   Bhutan,51391,51998,26218,26295,25173,25703
WORLD,   India,15885657,17869492,10356573,11732041,5529084,6137451
WORLD,   Iran (Islamic Republic of),1155617,1325113,617010,708864,538607,616249
WORLD,   Maldives,3606,3715,1685,1745,1921,1970
WORLD,   Nepal,2270166,2599701,1239154,1461696,1031012,1138005
WORLD,   Pakistan,5798210,6328400,3743863,4147071,2054347,2181329
WORLD,   Sri Lanka,1656253,1960025,937571,1128237,718682,831788
WORLD,   Armenia,944520,958190,507143,513437,437377,444753
WORLD,   Azerbaijan*,1130348,1163922,606730,623400,523618,540522
WORLD,   Bahrain,56721,58270,29822,23771,26899,34499
WORLD,   Cyprus*,166585,173210,79109,83014,87476,90196
WORLD,   Georgia*,828931,861077,411330,428794,417601,432283
WORLD,   Iraq,1675613,2077976,910222,1038010,765391,1039966
WORLD,   Israel,331326,358691,169899,185213,161427,173478
WORLD,   Jordan,706832,814909,449065,516954,257767,297955
WORLD,   Kuwait,195034,212271,118278,129614,76756,82657
WORLD,   Lebanon,757183,856814,447670,506899,309513,349915
WORLD,   Oman,22797,25099,11967,13574,10830,11525
WORLD,   Qatar,23574,25705,11902,13145,11672,12560
WORLD,   Saudi Arabia,282906,299268,154312,165183,128594,134085
WORLD,   State of Palestine*,3773988,4022791,1972565,2112254,1801423,1910537
WORLD,   Syrian Arab Republic,6447843,8457214,3664034,4869975,2783809,3587239
WORLD,   Turkey,3073534,3411408,1587410,1766026,1486124,1645382
WORLD,   United Arab Emirates,178324,203214,94400,107455,83924,95759
WORLD,   Yemen,1095240,1301166,720626,847302,374614,453864
WORLD,   Belarus,1469882,1483626,623669,630018,846213,853608
WORLD,   Bulgaria,1179625,1683074,496720,692856,682905,990218
WORLD,   Czechia,819776,1026108,353286,436228,466490,589880
WORLD,   Hungary,600887,714420,292523,352495,308364,361925
WORLD,   Poland,4077038,4825096,1884117,2298995,2192921,2526101
WORLD,   Republic of Moldova*,929759,1159443,430866,554320,498893,605123
WORLD,   Romania,3420714,3987093,1567809,1874015,1852905,2113078
WORLD,   Russian Federation,10179999,10756697,4449268,4655021,5730731,6101676
WORLD,   Slovakia,347385,419651,157103,195564,190282,224087
WORLD,   Ukraine*,5797550,6139144,2609505,2778617,3188045,3360527
WORLD,   Channel Islands*,16469,17158,8292,8836,8177,8322
WORLD,   Denmark*,236832,257025,111890,122100,124942,134925
WORLD,   Estonia,189109,206631,84113,91437,104996,115194
WORLD,   Faroe Islands*,13407,12927,5736,5511,7671,7416
WORLD,   Finland*,282223,311889,108794,123798,173429,188091
WORLD,   Iceland,37006,43251,18348,21173,18658,22078
WORLD,   Ireland,736639,734317,334784,341607,401855,392710
WORLD,   Isle of Man*,10580,12032,5185,5816,5395,6216
WORLD,   Latvia,369238,380010,165315,172595,203923,207415
WORLD,   Lithuania,556292,658057,244904,288652,311388,369405
WORLD,   Norway*,185578,191392,82268,82789,103310,108603
WORLD,   Sweden,302408,327581,135980,147538,166428,180043
WORLD,   United Kingdom*,4379366,4732510,2223600,2408739,2155766,2323771
WORLD,   Albania,1142844,1250451,576220,642626,566624,607825
WORLD,   Andorra,8740,11132,4200,5302,4540,5830
WORLD,   Bosnia and Herzegovina,1593430,1687639,763150,820732,830280,866907
WORLD,   Croatia,806242,1039526,375750,495533,430492,543993
WORLD,   Gibraltar*,11916,13389,5766,6434,6150,6955
WORLD,   Greece,820119,1088507,421173,567041,398946,521466
WORLD,   Holy See*,310,174,115,71,195,103
WORLD,   Italy,2662661,3258831,1400582,1757002,1262079,1501829
WORLD,   Malta,93554,102793,47197,51684,46357,51109
WORLD,   Montenegro,134028,132965,61328,61547,72700,71418
WORLD,   North Macedonia,563354,693896,291278,357739,272076,336157
WORLD,   Portugal,1971655,2081419,1010281,1074098,961374,1007321
WORLD,   San Marino,3688,2407,1269,986,2419,1421
WORLD,   Serbia*,826891,1003962,406341,497564,420550,506398
WORLD,   Slovenia,136538,160197,61173,73387,75365,86810
WORLD,   Spain*,1269283,1489823,578769,697833,690514,791990
WORLD,   Austria,515234,600740,233867,281323,281367,319417
WORLD,   Belgium,515793,577463,243956,276754,271837,300709
WORLD,   France*,2119266,2341908,1023721,1139109,1095545,1202799
WORLD,   Germany,3630278,3855268,1689326,1784487,1940952,2070781
WORLD,   Liechtenstein,3536,3706,1565,1655,1971,2051
WORLD,   Luxembourg,69366,81757,32722,40460,36644,41297
WORLD,   Monaco,29317,32552,13915,15473,15402,17079
WORLD,   Netherlands*,867093,970403,435630,484739,431463,485664
WORLD,   Switzerland,644855,713623,295958,326599,348897,387024
WORLD,   Anguilla*,2553,2505,1350,1293,1203,1212
WORLD,   Antigua and Barbuda,52189,66561,23792,29948,28397,36613
WORLD,   Aruba*,16621,21456,7257,9326,9364,12130
WORLD,   Bahamas,42965,53793,18115,22329,24850,31464
WORLD,   Barbados,101879,99611,47152,45906,54727,53705
WORLD,"   Bonaire, Sint Eustatius and Saba*",7295,8148,3247,3657,4048,4491
WORLD,   British Virgin Islands*,5118,5355,2245,2343,2873,3012
WORLD,   Cayman Islands*,1709,1908,796,863,913,1045
WORLD,   Cuba,1505827,1757300,702390,822706,803437,934594
WORLD,   Curaçao*,6239,7611,3141,3800,3098,3811
WORLD,   Dominica,72585,78191,30442,32456,42143,45735
WORLD,   Dominican Republic,1454602,1608567,608480,664406,846122,944161
WORLD,   Grenada,69055,62204,30025,27572,39030,34632
WORLD,   Guadeloupe*,11993,12542,4674,4953,7319,7589
WORLD,   Haiti,1467042,1769671,793349,964896,673693,804775
WORLD,   Jamaica,1031596,1118931,440347,475022,591249,643909
WORLD,   Martinique*,12675,12963,5516,5623,7159,7340
WORLD,   Montserrat*,20136,24582,8863,10680,11273,13902
WORLD,   Puerto Rico*,1715817,1850529,841611,905682,874206,944847
WORLD,   Saint Barthélemy*,0,0,0,0,0,0
WORLD,   Saint Kitts and Nevis,40211,50285,18114,22359,22097,27926
WORLD,   Saint Lucia,57939,71227,24201,29632,33738,41595
WORLD,   Saint Martin (French part)*,0,0,0,0,0,0
WORLD,   Saint Vincent and the Grenadines,62292,55525,29062,25768,33230,29757
WORLD,   Sint Maarten (Dutch part)*,1929,2191,932,1065,997,1126
WORLD,   Trinidad and Tobago,368633,330519,154574,137377,214059,193142
WORLD,   Turks and Caicos Islands*,2454,2689,1036,1136,1418,1553
WORLD,   United States Virgin Islands*,3953,3908,2206,2169,1747,1739
WORLD,   Belize,63099,52756,26615,22097,36484,30659
WORLD,   Costa Rica,138237,150241,59116,64129,79121,86112
WORLD,   El Salvador,1512895,1599058,753461,794168,759434,804890
WORLD,   Guatemala,1118115,1368431,557854,676642,560261,691789
WORLD,   Honduras,729855,985077,305667,401073,424188,584004
WORLD,   Mexico,11923234,11185737,6358119,5947873,5565115,5237864
WORLD,   Nicaragua,655577,718154,305105,338488,350472,379666
WORLD,   Panama,150210,139520,73545,68065,76665,71455
WORLD,   Argentina,943843,1076148,462826,525891,481017,550257
WORLD,   Bolivia (Plurinational State of),824008,927244,390857,435335,433151,491909
WORLD,   Brazil,1504231,1897128,637038,801922,867193,1095206
WORLD,   Chile,618015,643800,291195,306204,326820,337596
WORLD,   Colombia,2698688,3024273,1234218,1376442,1464470,1647831
WORLD,   Ecuador,1130774,1127891,538153,531506,592621,596385
WORLD,   Falkland Islands (Malvinas)*,1370,1518,578,636,792,882
WORLD,   French Guiana*,4517,4595,1847,1904,2670,2691
WORLD,   Guyana,481258,438413,222385,201232,258873,237181
WORLD,   Paraguay,845591,896484,363105,384808,482486,511676
WORLD,   Peru,1410199,1519635,605953,665107,804246,854528
WORLD,   Suriname,254612,273209,112784,120783,141828,152426
WORLD,   Uruguay,353225,367060,167247,174801,185978,192259
WORLD,   Venezuela (Bolivarian Republic of),709140,5415337,311554,2605202,397586,2810135
WORLD,   Bermuda*,16225,21107,8007,10312,8218,10795
WORLD,   Canada,1263552,1292329,479163,499038,784389,793291
WORLD,   Greenland*,16711,17866,7154,7658,9557,10208
WORLD,   Saint Pierre and Miquelon*,400,433,222,242,178,191
WORLD,   United States of America*,2717761,2996223,1365833,1504237,1351928,1491986
WORLD,   Australia*,518158,598765,248125,287109,270033,311656
WORLD,   New Zealand*,738044,806159,374571,406733,363473,399426
WORLD,   Fiji,208568,233856,99311,110816,109257,123040
WORLD,   New Caledonia*,5584,5839,2725,2855,2859,2984
WORLD,   Papua New Guinea,4980,4810,2351,2353,2629,2457
WORLD,   Solomon Islands,3886,4270,1913,2072,1973,2198
WORLD,   Vanuatu,6751,7246,3223,3430,3528,3816
WORLD,   Guam*,2132,2213,981,1007,1151,1206
WORLD,   Kiribati,4127,5103,2017,2495,2110,2608
WORLD,   Marshall Islands,7625,10886,3763,5315,3862,5571
WORLD,   Micronesia (Fed. States of),20633,24945,10312,12361,10321,12584
WORLD,   Nauru,2267,2454,1128,1214,1139,1240
WORLD,   Northern Mariana Islands*,2607,2741,1339,1401,1268,1340
WORLD,   Palau,2559,2656,1329,1386,1230,1270
WORLD,   American Samoa*,1961,1832,992,924,969,908
WORLD,   Cook Islands*,21555,21106,10691,10453,10864,10653
WORLD,   French Polynesia*,1978,2157,1082,1187,896,970
WORLD,   Niue*,5348,5186,2620,2555,2728,2631
WORLD,   Samoa,116855,135732,57509,66671,59346,69061
WORLD,   Tokelau*,2171,2112,1096,1068,1075,1044
WORLD,   Tonga,59203,74550,29476,36751,29727,37799
WORLD,   Tuvalu,3203,3670,1593,1816,1610,1854
WORLD,   Wallis and Futuna Islands*,11227,11917,5364,5673,5863,6244
  Sub-Saharan Africa,WORLD,20721874,22221538,10866306,11651019,9855568,10570519
  Sub-Saharan Africa,  Sub-Saharan Africa,16017580,17808594,8414178,9335728,7603402,8472866
  Sub-Saharan Africa,  Northern Africa and Western Asia,1145027,1239160,554696,593971,590331,645189
  Sub-Saharan Africa,  Central and Southern Asia,144452,128690,90094,84521,54358,44169
  Sub-Saharan Africa,  Eastern and South-Eastern Asia,48065,51394,27324,30144,20741,21250
  Sub-Saharan Africa,  Latin America and the Caribbean,28430,30679,14227,16055,14203,14624
  Sub-Saharan Africa,  Oceania (excluding Australia and New Zealand),1978,2068,1084,1148,894,920
  Sub-Saharan Africa,  Australia and New Zealand,9434,11054,4599,5636,4835,5418
  Sub-Saharan Africa,  Europe and Northern America,478832,527437,245963,278517,232869,248920
  Sub-Saharan Africa,  Developed regions,491242,541895,251960,285895,239282,256000
  Sub-Saharan Africa,  Less developed regions,17382556,19257181,9100205,10059825,8282351,9197356
  Sub-Saharan Africa," Less developed regions, excluding least developed countries",3799692,4090210,1967424,2131044,1832268,1959166
  Sub-Saharan Africa," Less developed regions, excluding China",17352540,19226034,9081181,10039751,8271359,9186283
  Sub-Saharan Africa,  Least developed countries,13582864,15166971,7132781,7928781,6450083,7238190
  Sub-Saharan Africa,  Land-locked Developing Countries (LLDC),7665701,8887538,4085513,4692953,3580188,4194585
  Sub-Saharan Africa,  Small island developing States (SIDS),215518,248644,104429,121497,111089,127147
  Sub-Saharan Africa,  High-income countries,535733,590270,274305,310892,261428,279378
  Sub-Saharan Africa,  Middle-income countries,5621984,6021306,2926464,3148962,2695520,2872344
  Sub-Saharan Africa, Upper-middle-income countries,386768,412419,210503,229961,176265,182458
  Sub-Saharan Africa, Lower-middle-income countries,5235216,5608887,2715961,2919001,2519255,2689886
  Sub-Saharan Africa,  Low-income countries,11679184,13147474,6132520,6865282,5546664,6282192
  Sub-Saharan Africa, AFRICA,17119491,18993545,8945726,9899540,8173765,9094005
  Sub-Saharan Africa,  Eastern Africa,5984906,6865566,3116495,3557806,2868411,3307760
  Sub-Saharan Africa,  Middle Africa,2762381,3155809,1410291,1617205,1352090,1538604
  Sub-Saharan Africa,  Northern Africa,1101911,1184951,531548,563812,570363,621139
  Sub-Saharan Africa,  Southern Africa,413393,435497,201476,214253,211917,221244
  Sub-Saharan Africa,  Western Africa,6856900,7351722,3685916,3946464,3170984,3405258
  Sub-Saharan Africa, ASIA,235633,234293,140566,144824,95067,89469
  Sub-Saharan Africa,  Central Asia,1869,2188,1068,1254,801,934
  Sub-Saharan Africa,  Eastern Asia,39098,41209,23541,25336,15557,15873
  Sub-Saharan Africa,  South-Eastern Asia,8967,10185,3783,4808,5184,5377
  Sub-Saharan Africa,  Southern Asia,142583,126502,89026,83267,53557,43235
  Sub-Saharan Africa,  Western Asia,43116,54209,23148,30159,19968,24050
  Sub-Saharan Africa, EUROPE,452197,497863,232091,262645,220106,235218
  Sub-Saharan Africa,  Eastern Europe,31749,36130,15040,19079,16709,17051
  Sub-Saharan Africa,  Northern Europe,105281,115166,51118,57211,54163,57955
  Sub-Saharan Africa,  Southern Europe,76360,85347,40140,47571,36220,37776
  Sub-Saharan Africa,  Western Europe,238807,261220,125793,138784,113014,122436
  Sub-Saharan Africa, LATIN AMERICA AND THE CARIBBEAN,28430,30679,14227,16055,14203,14624
  Sub-Saharan Africa,  Caribbean,13068,13685,6736,7149,6332,6536
  Sub-Saharan Africa,  Central America,989,1051,514,588,475,463
  Sub-Saharan Africa,  South America,14373,15943,6977,8318,7396,7625
  Sub-Saharan Africa, NORTHERN AMERICA,26635,29574,13872,15872,12763,13702
  Sub-Saharan Africa, OCEANIA ,11412,13122,5683,6784,5729,6338
  Sub-Saharan Africa,  Australia and New Zealand,9434,11054,4599,5636,4835,5418
  Sub-Saharan Africa,  Melanesia,136,146,75,90,61,56
  Sub-Saharan Africa,  Micronesia,85,82,55,60,30,22
  Sub-Saharan Africa,  Polynesia*,1757,1840,954,998,803,842
  Sub-Saharan Africa,   Burundi,427361,513608,212478,257385,214883,256223
  Sub-Saharan Africa,   Comoros,78144,102762,37645,49165,40499,53597
  Sub-Saharan Africa,   Djibouti,3720,3455,1901,1718,1819,1737
  Sub-Saharan Africa,   Eritrea,221167,211752,111958,104236,109209,107516
  Sub-Saharan Africa,   Ethiopia,144646,127142,80960,74740,63686,52402
  Sub-Saharan Africa,   Kenya,124965,122582,57468,57830,67497,64752
  Sub-Saharan Africa,   Madagascar,36321,39185,17524,18905,18797,20280
  Sub-Saharan Africa,   Malawi,276696,287452,162321,174136,114375,113316
  Sub-Saharan Africa,   Mauritius*,14964,16571,7367,8765,7597,7806
  Sub-Saharan Africa,   Mayotte*,6507,6740,3173,3287,3334,3453
  Sub-Saharan Africa,   Mozambique,509709,540877,308813,339967,200896,200910
  Sub-Saharan Africa,   Réunion*,1196,1246,467,513,729,733
  Sub-Saharan Africa,   Rwanda,465506,450482,229780,222146,235726,228336
  Sub-Saharan Africa,   Seychelles,17381,18267,7846,8372,9535,9895
  Sub-Saharan Africa,   Somalia,1137110,1033232,582930,525738,554180,507494
  Sub-Saharan Africa,   South Sudan,762973,1648384,391800,807546,371173,840838
  Sub-Saharan Africa,   Uganda,591676,554097,291720,274713,299956,279384
  Sub-Saharan Africa,   United Republic of Tanzania*,166172,167621,82377,84322,83795,83299
  Sub-Saharan Africa,   Zambia,108933,107845,52716,53168,56217,54677
  Sub-Saharan Africa,   Zimbabwe,889759,912266,475251,491154,414508,421112
  Sub-Saharan Africa,   Angola,375315,385603,193251,200330,182064,185273
  Sub-Saharan Africa,   Cameroon,123463,159721,67202,86510,56261,73211
  Sub-Saharan Africa,   Central African Republic,651956,767662,331276,385346,320680,382316
  Sub-Saharan Africa,   Chad,96567,96316,54515,54471,42052,41845
  Sub-Saharan Africa,   Congo,96061,103581,48225,53649,47836,49932
  Sub-Saharan Africa,   Democratic Republic of the Congo,1288899,1500845,643566,757907,645333,742938
  Sub-Saharan Africa,   Equatorial Guinea,96124,104343,54995,59620,41129,44723
  Sub-Saharan Africa,   Gabon,18259,20597,9242,10440,9017,10157
  Sub-Saharan Africa,   Sao Tome and Principe,15737,17141,8019,8932,7718,8209
  Sub-Saharan Africa,   Algeria,14864,15195,8184,8400,6680,6795
  Sub-Saharan Africa,   Egypt,11305,12418,6287,7208,5018,5210
  Sub-Saharan Africa,   Libya,9490,10210,5497,5909,3993,4301
  Sub-Saharan Africa,   Morocco,7365,7893,3852,4192,3513,3701
  Sub-Saharan Africa,   Sudan,1029778,1107440,492377,521277,537401,586163
  Sub-Saharan Africa,   Tunisia,1102,1143,627,665,475,478
  Sub-Saharan Africa,   Western Sahara,28007,30652,14724,16161,13283,14491
  Sub-Saharan Africa,   Botswana,49021,56567,29472,36416,19549,20151
  Sub-Saharan Africa,   Eswatini,42943,46394,21041,22647,21902,23747
  Sub-Saharan Africa,   Lesotho,190083,200642,85451,88883,104632,111759
  Sub-Saharan Africa,   Namibia,43747,39961,21906,19986,21841,19975
  Sub-Saharan Africa,   South Africa,87599,91933,43606,46321,43993,45612
  Sub-Saharan Africa,   Benin,602769,644492,323480,344394,279289,300098
  Sub-Saharan Africa,   Burkina Faso,1489836,1565304,831478,873271,658358,692033
  Sub-Saharan Africa,   Cabo Verde,17546,18189,8589,9188,8957,9001
  Sub-Saharan Africa,   Côte d'Ivoire,869665,922034,430161,456611,439504,465423
  Sub-Saharan Africa,   Gambia,19881,20075,10119,10208,9762,9867
  Sub-Saharan Africa,   Ghana,455623,481028,221625,234210,233998,246818
  Sub-Saharan Africa,   Guinea,391492,410743,217332,230345,174160,180398
  Sub-Saharan Africa,   Guinea-Bissau,54496,57415,26019,27383,28477,30032
  Sub-Saharan Africa,   Liberia,100414,106383,50732,53977,49682,52406
  Sub-Saharan Africa,   Mali,1111543,1164370,618768,647141,492775,517229
  Sub-Saharan Africa,   Mauritania,79541,91846,47616,54532,31925,37314
  Sub-Saharan Africa,   Niger,362860,385170,214448,227405,148412,157765
  Sub-Saharan Africa,   Nigeria,555816,673280,293799,351917,262017,321363
  Sub-Saharan Africa,   Saint Helena*,232,269,76,110,156,159
  Sub-Saharan Africa,   Senegal,255018,277706,149331,162490,105687,115216
  Sub-Saharan Africa,   Sierra Leone,51504,55152,27006,29043,24498,26109
  Sub-Saharan Africa,   Togo,438664,478266,215337,234239,223327,244027
  Sub-Saharan Africa,   Kazakhstan,1830,2146,1052,1235,778,911
  Sub-Saharan Africa,   Kyrgyzstan,37,42,14,19,23,23
  Sub-Saharan Africa,   Tajikistan,1,0,1,0,0,0
  Sub-Saharan Africa,   Turkmenistan,0,0,0,0,0,0
  Sub-Saharan Africa,   Uzbekistan,1,0,1,0,0,0
  Sub-Saharan Africa,   China*,28319,29182,18208,19007,10111,10175
  Sub-Saharan Africa,"   China, Hong Kong SAR*",1697,1965,816,1067,881,898
  Sub-Saharan Africa,"   China, Macao SAR*",0,0,0,0,0,0
  Sub-Saharan Africa,"   China, Taiwan Province of China*",0,0,0,0,0,0
  Sub-Saharan Africa,   Dem. People's Republic of Korea,3515,3800,1828,1970,1687,1830
  Sub-Saharan Africa,   Japan,2976,3404,1398,1742,1578,1662
  Sub-Saharan Africa,   Mongolia,0,0,0,0,0,0
  Sub-Saharan Africa,   Republic of Korea,2591,2858,1291,1550,1300,1308
  Sub-Saharan Africa,   Brunei Darussalam,21,24,9,12,12,12
  Sub-Saharan Africa,   Cambodia,9,7,5,5,4,2
  Sub-Saharan Africa,   Indonesia,1491,1702,751,947,740,755
  Sub-Saharan Africa,   Lao People's Democratic Republic,30,34,18,22,12,12
  Sub-Saharan Africa,   Malaysia*,1006,1156,227,363,779,793
  Sub-Saharan Africa,   Myanmar,225,258,75,105,150,153
  Sub-Saharan Africa,   Philippines,2530,2809,1215,1464,1315,1345
  Sub-Saharan Africa,   Singapore,1759,2051,880,1100,879,951
  Sub-Saharan Africa,   Thailand,1717,1942,529,693,1188,1249
  Sub-Saharan Africa,   Timor-Leste,8,7,5,5,3,2
  Sub-Saharan Africa,   Viet Nam,171,195,69,92,102,103
  Sub-Saharan Africa,   Afghanistan,614,709,443,521,171,188
  Sub-Saharan Africa,   Bangladesh,31670,24352,20229,17601,11441,6751
  Sub-Saharan Africa,   Bhutan,3,1,2,1,1,0
  Sub-Saharan Africa,   India,81733,78397,50204,48950,31529,29447
  Sub-Saharan Africa,   Iran (Islamic Republic of),759,877,376,487,383,390
  Sub-Saharan Africa,   Maldives,96,104,64,73,32,31
  Sub-Saharan Africa,   Nepal,330,349,253,274,77,75
  Sub-Saharan Africa,   Pakistan,23684,17772,15727,13432,7957,4340
  Sub-Saharan Africa,   Sri Lanka,3694,3941,1728,1928,1966,2013
  Sub-Saharan Africa,   Armenia,70,71,70,71,0,0
  Sub-Saharan Africa,   Azerbaijan*,5,3,5,3,0,0
  Sub-Saharan Africa,   Bahrain,220,247,109,135,111,112
  Sub-Saharan Africa,   Cyprus*,5105,5924,2468,3233,2637,2691
  Sub-Saharan Africa,   Georgia*,0,0,0,0,0,0
  Sub-Saharan Africa,   Iraq,282,319,193,228,89,91
  Sub-Saharan Africa,   Israel,6143,7127,3143,3974,3000,3153
  Sub-Saharan Africa,   Jordan,60,67,37,44,23,23
  Sub-Saharan Africa,   Kuwait,123,139,82,98,41,41
  Sub-Saharan Africa,   Lebanon,8458,8758,5570,5820,2888,2938
  Sub-Saharan Africa,   Oman,31,35,19,23,12,12
  Sub-Saharan Africa,   Qatar,0,0,0,0,0,0
  Sub-Saharan Africa,   Saudi Arabia,3855,4278,1869,2115,1986,2163
  Sub-Saharan Africa,   State of Palestine*,260,289,113,137,147,152
  Sub-Saharan Africa,   Syrian Arab Republic,527,835,296,487,231,348
  Sub-Saharan Africa,   Turkey,1247,1519,786,1011,461,508
  Sub-Saharan Africa,   United Arab Emirates,3283,3842,1706,2013,1577,1829
  Sub-Saharan Africa,   Yemen,13447,20756,6682,10767,6765,9989
  Sub-Saharan Africa,   Belarus,247,286,113,150,134,136
  Sub-Saharan Africa,   Bulgaria,4113,4769,2038,2651,2075,2118
  Sub-Saharan Africa,   Czechia,2142,2479,1090,1404,1052,1075
  Sub-Saharan Africa,   Hungary,8,7,0,0,8,7
  Sub-Saharan Africa,   Poland,10445,12127,5011,6573,5434,5554
  Sub-Saharan Africa,   Republic of Moldova*,3,1,2,1,1,0
  Sub-Saharan Africa,   Romania,1712,1981,769,1020,943,961
  Sub-Saharan Africa,   Russian Federation,8408,9089,3784,4375,4624,4714
  Sub-Saharan Africa,   Slovakia,437,507,314,382,123,125
  Sub-Saharan Africa,   Ukraine*,4234,4884,1919,2523,2315,2361
  Sub-Saharan Africa,   Channel Islands*,0,0,0,0,0,0
  Sub-Saharan Africa,   Denmark*,3278,3712,1666,2072,1612,1640
  Sub-Saharan Africa,   Estonia,149,172,121,144,28,28
  Sub-Saharan Africa,   Faroe Islands*,0,0,0,0,0,0
  Sub-Saharan Africa,   Finland*,755,865,192,291,563,574
  Sub-Saharan Africa,   Iceland,30,34,25,29,5,5
  Sub-Saharan Africa,   Ireland,13265,15328,5589,7481,7676,7847
  Sub-Saharan Africa,   Isle of Man*,0,0,0,0,0,0
  Sub-Saharan Africa,   Latvia,457,523,299,364,158,159
  Sub-Saharan Africa,   Lithuania,416,482,169,230,247,252
  Sub-Saharan Africa,   Norway*,1590,1800,672,856,918,944
  Sub-Saharan Africa,   Sweden,1054,1063,578,609,476,454
  Sub-Saharan Africa,   United Kingdom*,84287,91187,41807,45135,42480,46052
  Sub-Saharan Africa,   Albania,1443,1686,640,765,803,921
  Sub-Saharan Africa,   Andorra,1033,1208,544,639,489,569
  Sub-Saharan Africa,   Bosnia and Herzegovina,212,243,82,111,130,132
  Sub-Saharan Africa,   Croatia,2032,2364,1153,1417,879,947
  Sub-Saharan Africa,   Gibraltar*,55,63,43,51,12,12
  Sub-Saharan Africa,   Greece,9596,11130,5040,6472,4556,4658
  Sub-Saharan Africa,   Holy See*,0,0,0,0,0,0
  Sub-Saharan Africa,   Italy,28154,32186,14741,18421,13413,13765
  Sub-Saharan Africa,   Malta,352,408,103,154,249,254
  Sub-Saharan Africa,   Montenegro,0,0,0,0,0,0
  Sub-Saharan Africa,   North Macedonia,124,143,96,115,28,28
  Sub-Saharan Africa,   Portugal,24543,25990,13103,13857,11440,12133
  Sub-Saharan Africa,   San Marino,0,0,0,0,0,0
  Sub-Saharan Africa,   Serbia*,4025,4670,1941,2543,2084,2127
  Sub-Saharan Africa,   Slovenia,71,69,41,40,30,29
  Sub-Saharan Africa,   Spain*,4720,5187,2613,2986,2107,2201
  Sub-Saharan Africa,   Austria,6213,7153,3376,4245,2837,2908
  Sub-Saharan Africa,   Belgium,9860,11352,5061,6395,4799,4957
  Sub-Saharan Africa,   France*,182278,196790,98099,106066,84179,90724
  Sub-Saharan Africa,   Germany,27096,30434,12708,14320,14388,16114
  Sub-Saharan Africa,   Liechtenstein,4,2,1,1,3,1
  Sub-Saharan Africa,   Luxembourg,71,76,26,31,45,45
  Sub-Saharan Africa,   Monaco,25,29,22,26,3,3
  Sub-Saharan Africa,   Netherlands*,10343,12095,5176,6047,5167,6048
  Sub-Saharan Africa,   Switzerland,2917,3289,1324,1653,1593,1636
  Sub-Saharan Africa,   Anguilla*,0,0,0,0,0,0
  Sub-Saharan Africa,   Antigua and Barbuda,4911,4766,2731,2652,2180,2114
  Sub-Saharan Africa,   Aruba*,0,0,0,0,0,0
  Sub-Saharan Africa,   Bahamas,61,61,18,18,43,43
  Sub-Saharan Africa,   Barbados,40,42,27,30,13,12
  Sub-Saharan Africa,"   Bonaire, Sint Eustatius and Saba*",0,0,0,0,0,0
  Sub-Saharan Africa,   British Virgin Islands*,521,609,227,266,294,343
  Sub-Saharan Africa,   Cayman Islands*,0,0,0,0,0,0
  Sub-Saharan Africa,   Cuba,4721,4947,2463,2684,2258,2263
  Sub-Saharan Africa,   Curaçao*,0,0,0,0,0,0
  Sub-Saharan Africa,   Dominica,13,11,4,4,9,7
  Sub-Saharan Africa,   Dominican Republic,2,0,1,0,1,0
  Sub-Saharan Africa,   Grenada,369,431,159,187,210,244
  Sub-Saharan Africa,   Guadeloupe*,935,1096,421,495,514,601
  Sub-Saharan Africa,   Haiti,25,22,13,12,12,10
  Sub-Saharan Africa,   Jamaica,199,231,73,103,126,128
  Sub-Saharan Africa,   Martinique*,0,0,0,0,0,0
  Sub-Saharan Africa,   Montserrat*,0,0,0,0,0,0
  Sub-Saharan Africa,   Puerto Rico*,0,0,0,0,0,0
  Sub-Saharan Africa,   Saint Barthélemy*,0,0,0,0,0,0
  Sub-Saharan Africa,   Saint Kitts and Nevis,25,29,16,20,9,9
  Sub-Saharan Africa,   Saint Lucia,0,0,0,0,0,0
  Sub-Saharan Africa,   Saint Martin (French part)*,0,0,0,0,0,0
  Sub-Saharan Africa,   Saint Vincent and the Grenadines,30,27,19,18,11,9
  Sub-Saharan Africa,   Sint Maarten (Dutch part)*,0,0,0,0,0,0
  Sub-Saharan Africa,   Trinidad and Tobago,25,29,13,17,12,12
  Sub-Saharan Africa,   Turks and Caicos Islands*,659,771,290,340,369,431
  Sub-Saharan Africa,   United States Virgin Islands*,532,613,261,303,271,310
  Sub-Saharan Africa,   Belize,2,0,2,0,0,0
  Sub-Saharan Africa,   Costa Rica,118,112,73,71,45,41
  Sub-Saharan Africa,   El Salvador,4,2,2,2,2,0
  Sub-Saharan Africa,   Guatemala,92,106,64,78,28,28
  Sub-Saharan Africa,   Honduras,298,285,166,161,132,124
  Sub-Saharan Africa,   Mexico,299,345,134,177,165,168
  Sub-Saharan Africa,   Nicaragua,117,133,42,59,75,74
  Sub-Saharan Africa,   Panama,59,68,31,40,28,28
  Sub-Saharan Africa,   Argentina,2689,3083,1228,1597,1461,1486
  Sub-Saharan Africa,   Bolivia (Plurinational State of),173,198,23,47,150,151
  Sub-Saharan Africa,   Brazil,4689,5262,2134,2634,2555,2628
  Sub-Saharan Africa,   Chile,2262,2636,1201,1452,1061,1184
  Sub-Saharan Africa,   Colombia,3238,3233,1718,1755,1520,1478
  Sub-Saharan Africa,   Ecuador,2,0,2,0,0,0
  Sub-Saharan Africa,   Falkland Islands (Malvinas)*,0,0,0,0,0,0
  Sub-Saharan Africa,   French Guiana*,0,0,0,0,0,0
  Sub-Saharan Africa,   Guyana,58,67,26,35,32,32
  Sub-Saharan Africa,   Paraguay,121,140,58,76,63,64
  Sub-Saharan Africa,   Peru,213,245,114,144,99,101
  Sub-Saharan Africa,   Suriname,0,0,0,0,0,0
  Sub-Saharan Africa,   Uruguay,618,720,322,381,296,339
  Sub-Saharan Africa,   Venezuela (Bolivarian Republic of),310,359,151,197,159,162
  Sub-Saharan Africa,   Bermuda*,61,70,38,47,23,23
  Sub-Saharan Africa,   Canada,8219,9277,4083,5030,4136,4247
  Sub-Saharan Africa,   Greenland*,0,0,0,0,0,0
  Sub-Saharan Africa,   Saint Pierre and Miquelon*,0,0,0,0,0,0
  Sub-Saharan Africa,   United States of America*,18355,20227,9751,10795,8604,9432
  Sub-Saharan Africa,   Australia*,6114,7204,2960,3502,3154,3702
  Sub-Saharan Africa,   New Zealand*,3320,3850,1639,2134,1681,1716
  Sub-Saharan Africa,   Fiji,49,54,28,34,21,20
  Sub-Saharan Africa,   New Caledonia*,0,0,0,0,0,0
  Sub-Saharan Africa,   Papua New Guinea,75,82,39,48,36,34
  Sub-Saharan Africa,   Solomon Islands,12,10,8,8,4,2
  Sub-Saharan Africa,   Vanuatu,0,0,0,0,0,0
  Sub-Saharan Africa,   Guam*,0,0,0,0,0,0
  Sub-Saharan Africa,   Kiribati,3,1,3,1,0,0
  Sub-Saharan Africa,   Marshall Islands,6,4,3,3,3,1
  Sub-Saharan Africa,   Micronesia (Fed. States of),3,1,1,1,2,0
  Sub-Saharan Africa,   Nauru,39,40,21,24,18,16
  Sub-Saharan Africa,   Northern Mariana Islands*,25,29,22,26,3,3
  Sub-Saharan Africa,   Palau,9,7,5,5,4,2
  Sub-Saharan Africa,   American Samoa*,395,462,185,218,210,244
  Sub-Saharan Africa,   Cook Islands*,0,0,0,0,0,0
  Sub-Saharan Africa,   French Polynesia*,341,398,170,200,171,198
  Sub-Saharan Africa,   Niue*,20,23,15,18,5,5
  Sub-Saharan Africa,   Samoa,28,25,17,16,11,9
  Sub-Saharan Africa,   Tokelau*,0,0,0,0,0,0
  Sub-Saharan Africa,   Tonga,972,932,566,546,406,386
  Sub-Saharan Africa,   Tuvalu,1,0,1,0,0,0
  Sub-Saharan Africa,   Wallis and Futuna Islands*,0,0,0,0,0,0
  Northern Africa and Western Asia,WORLD,42036092,49767746,27119963,31936084,14916129,17831662
  Northern Africa and Western Asia,  Sub-Saharan Africa,1411666,2263512,794916,1239795,616750,1023717
  Northern Africa and Western Asia,  Northern Africa and Western Asia,16701758,19145437,9691185,11095059,7010573,8050378
  Northern Africa and Western Asia,  Central and Southern Asia,16003389,19093586,12229844,14555041,3773545,4538545
  Northern Africa and Western Asia,  Eastern and South-Eastern Asia,3666905,4377077,2312129,2732713,1354776,1644364
  Northern Africa and Western Asia,  Latin America and the Caribbean,69539,68381,32151,31559,37388,36822
  Northern Africa and Western Asia,  Oceania (excluding Australia and New Zealand),2,1,0,0,2,1
  Northern Africa and Western Asia,  Australia and New Zealand,10752,12329,5159,5666,5593,6663
  Northern Africa and Western Asia,  Europe and Northern America,2299628,2772902,1006796,1136212,1292832,1636690
  Northern Africa and Western Asia,  Developed regions,2314255,2790395,1013931,1144307,1300324,1646088
  Northern Africa and Western Asia,  Less developed regions,37849384,44942830,25058249,29651738,12791135,15291092
  Northern Africa and Western Asia," Less developed regions, excluding least developed countries",30609221,35578068,19812296,23014175,10796925,12563893
  Northern Africa and Western Asia," Less developed regions, excluding China",37822206,44909515,25047768,29639335,12774438,15270180
  Northern Africa and Western Asia,  Least developed countries,7240163,9364762,5245953,6637563,1994210,2727199
  Northern Africa and Western Asia,  Land-locked Developing Countries (LLDC),2319668,3442954,1443327,2072119,876341,1370835
  Northern Africa and Western Asia,  Small island developing States (SIDS),22011,23802,13004,14140,9007,9662
  Northern Africa and Western Asia,  High-income countries,1627091,1888301,798186,889937,828905,998364
  Northern Africa and Western Asia,  Middle-income countries,29098477,33927565,19724169,22914493,9374308,11013072
  Northern Africa and Western Asia, Upper-middle-income countries,5258274,6258527,2876567,3280595,2381707,2977932
  Northern Africa and Western Asia, Lower-middle-income countries,23840203,27669038,16847602,19633898,6992601,8035140
  Northern Africa and Western Asia,  Low-income countries,9281367,11754346,5467016,6905572,3814351,4848774
  Northern Africa and Western Asia, AFRICA,5170960,6567141,3207154,4009959,1963806,2557182
  Northern Africa and Western Asia,  Eastern Africa,1221849,2016932,688783,1104928,533066,912004
  Northern Africa and Western Asia,  Middle Africa,108165,155213,57295,80766,50870,74447
  Northern Africa and Western Asia,  Northern Africa,3759294,4303629,2412238,2770164,1347056,1533465
  Northern Africa and Western Asia,  Southern Africa,17885,18068,8341,8424,9544,9644
  Northern Africa and Western Asia,  Western Africa,63767,73299,40497,45677,23270,27622
  Northern Africa and Western Asia, ASIA,32612758,38312471,21820920,25612649,10791838,12699822
  Northern Africa and Western Asia,  Central Asia,93181,99664,43986,46478,49195,53186
  Northern Africa and Western Asia,  Eastern Asia,32957,40891,13550,16149,19407,24742
  Northern Africa and Western Asia,  South-Eastern Asia,3633948,4336186,2298579,2716564,1335369,1619622
  Northern Africa and Western Asia,  Southern Asia,15910208,18993922,12185858,14508563,3724350,4485359
  Northern Africa and Western Asia,  Western Asia,12942464,14841808,7278947,8324895,5663517,6516913
  Northern Africa and Western Asia, EUROPE,2139019,2600363,921751,1044484,1217268,1555879
  Northern Africa and Western Asia,  Eastern Europe,1154736,1355185,453372,488820,701364,866365
  Northern Africa and Western Asia,  Northern Europe,171832,197411,89531,101766,82301,95645
  Northern Africa and Western Asia,  Southern Europe,272310,360268,143123,178840,129187,181428
  Northern Africa and Western Asia,  Western Europe,540141,687499,235725,275058,304416,412441
  Northern Africa and Western Asia, LATIN AMERICA AND THE CARIBBEAN,69539,68381,32151,31559,37388,36822
  Northern Africa and Western Asia,  Caribbean,268,329,119,140,149,189
  Northern Africa and Western Asia,  Central America,3794,3939,1948,2009,1846,1930
  Northern Africa and Western Asia,  South America,65477,64113,30084,29410,35393,34703
  Northern Africa and Western Asia, NORTHERN AMERICA,160609,172539,85045,91728,75564,80811
  Northern Africa and Western Asia, OCEANIA ,10754,12330,5159,5666,5595,6664
  Northern Africa and Western Asia,  Australia and New Zealand,10752,12329,5159,5666,5593,6663
  Northern Africa and Western Asia,  Melanesia,2,1,0,0,2,1
  Northern Africa and Western Asia,  Micronesia,0,0,0,0,0,0
  Northern Africa and Western Asia,  Polynesia*,0,0,0,0,0,0
  Northern Africa and Western Asia,   Burundi,26,36,25,35,1,1
  Northern Africa and Western Asia,   Comoros,4866,5497,4186,4721,680,776
  Northern Africa and Western Asia,   Djibouti,1662,1891,1201,1353,461,538
  Northern Africa and Western Asia,   Eritrea,196881,279890,106516,147956,90365,131934
  Northern Africa and Western Asia,   Ethiopia,303775,364977,180529,215533,123246,149444
  Northern Africa and Western Asia,   Kenya,3248,4372,1759,2328,1489,2044
  Northern Africa and Western Asia,   Madagascar,33,45,30,43,3,2
  Northern Africa and Western Asia,   Malawi,26,34,22,30,4,4
  Northern Africa and Western Asia,   Mauritius*,9,8,7,7,2,1
  Northern Africa and Western Asia,   Mayotte*,0,0,0,0,0,0
  Northern Africa and Western Asia,   Mozambique,20,23,9,11,11,12
  Northern Africa and Western Asia,   Réunion*,0,0,0,0,0,0
  Northern Africa and Western Asia,   Rwanda,29,44,24,37,5,7
  Northern Africa and Western Asia,   Seychelles,20,25,14,18,6,7
  Northern Africa and Western Asia,   Somalia,424169,445271,248230,276011,175939,169260
  Northern Africa and Western Asia,   South Sudan,284585,911626,144799,455014,139786,456612
  Northern Africa and Western Asia,   Uganda,1324,1832,704,956,620,876
  Northern Africa and Western Asia,   United Republic of Tanzania*,714,870,533,661,181,209
  Northern Africa and Western Asia,   Zambia,148,160,58,65,90,95
  Northern Africa and Western Asia,   Zimbabwe,314,331,137,149,177,182
  Northern Africa and Western Asia,   Angola,19,28,11,16,8,12
  Northern Africa and Western Asia,   Cameroon,851,2769,470,1547,381,1222
  Northern Africa and Western Asia,   Central African Republic,13539,26032,6938,13154,6601,12878
  Northern Africa and Western Asia,   Chad,82768,112188,43327,57579,39441,54609
  Northern Africa and Western Asia,   Congo,2296,2529,1264,1420,1032,1109
  Northern Africa and Western Asia,   Democratic Republic of the Congo,8692,11667,5285,7050,3407,4617
  Northern Africa and Western Asia,   Equatorial Guinea,0,0,0,0,0,0
  Northern Africa and Western Asia,   Gabon,0,0,0,0,0,0
  Northern Africa and Western Asia,   Sao Tome and Principe,0,0,0,0,0,0
  Northern Africa and Western Asia,   Algeria,74463,75996,35813,36902,38650,39094
  Northern Africa and Western Asia,   Egypt,2555744,2936241,1692676,1947038,863068,989203
  Northern Africa and Western Asia,   Libya,53111,61432,28752,33552,24359,27880
  Northern Africa and Western Asia,   Morocco,189360,187255,92355,91538,97005,95717
  Northern Africa and Western Asia,   Sudan,689820,838498,458490,552987,231330,285511
  Northern Africa and Western Asia,   Tunisia,40138,41255,21364,22129,18774,19126
  Northern Africa and Western Asia,   Western Sahara,156658,162952,82788,86018,73870,76934
  Northern Africa and Western Asia,   Botswana,7,6,5,5,2,1
  Northern Africa and Western Asia,   Eswatini,75,103,24,29,51,74
  Northern Africa and Western Asia,   Lesotho,0,0,0,0,0,0
  Northern Africa and Western Asia,   Namibia,174,269,77,98,97,171
  Northern Africa and Western Asia,   South Africa,17629,17690,8235,8292,9394,9398
  Northern Africa and Western Asia,   Benin,31,41,31,41,0,0
  Northern Africa and Western Asia,   Burkina Faso,42,64,37,57,5,7
  Northern Africa and Western Asia,   Cabo Verde,0,0,0,0,0,0
  Northern Africa and Western Asia,   Côte d'Ivoire,1754,2123,1042,1197,712,926
  Northern Africa and Western Asia,   Gambia,19,28,14,21,5,7
  Northern Africa and Western Asia,   Ghana,1006,1192,792,942,214,250
  Northern Africa and Western Asia,   Guinea,2014,2202,1191,1328,823,874
  Northern Africa and Western Asia,   Guinea-Bissau,1376,1474,823,898,553,576
  Northern Africa and Western Asia,   Liberia,31,47,20,28,11,19
  Northern Africa and Western Asia,   Mali,2523,2961,1471,1728,1052,1233
  Northern Africa and Western Asia,   Mauritania,3344,3647,2028,2235,1316,1412
  Northern Africa and Western Asia,   Niger,438,502,356,412,82,90
  Northern Africa and Western Asia,   Nigeria,45521,52780,29144,32842,16377,19938
  Northern Africa and Western Asia,   Saint Helena*,0,0,0,0,0,0
  Northern Africa and Western Asia,   Senegal,5389,5925,3363,3743,2026,2182
  Northern Africa and Western Asia,   Sierra Leone,279,313,185,205,94,108
  Northern Africa and Western Asia,   Togo,0,0,0,0,0,0
  Northern Africa and Western Asia,   Kazakhstan,25804,27384,11710,12090,14094,15294
  Northern Africa and Western Asia,   Kyrgyzstan,7310,7911,3504,3759,3806,4152
  Northern Africa and Western Asia,   Tajikistan,3317,3450,1821,1939,1496,1511
  Northern Africa and Western Asia,   Turkmenistan,7316,7990,3834,4295,3482,3695
  Northern Africa and Western Asia,   Uzbekistan,49434,52929,23117,24395,26317,28534
  Northern Africa and Western Asia,   China*,27093,33202,10439,12350,16654,20852
  Northern Africa and Western Asia,"   China, Hong Kong SAR*",85,113,42,53,43,60
  Northern Africa and Western Asia,"   China, Macao SAR*",0,0,0,0,0,0
  Northern Africa and Western Asia,"   China, Taiwan Province of China*",0,0,0,0,0,0
  Northern Africa and Western Asia,   Dem. People's Republic of Korea,190,253,115,151,75,102
  Northern Africa and Western Asia,   Japan,3875,5164,1976,2429,1899,2735
  Northern Africa and Western Asia,   Mongolia,225,300,102,129,123,171
  Northern Africa and Western Asia,   Republic of Korea,1489,1859,876,1037,613,822
  Northern Africa and Western Asia,   Brunei Darussalam,67,93,23,29,44,64
  Northern Africa and Western Asia,   Cambodia,0,0,0,0,0,0
  Northern Africa and Western Asia,   Indonesia,1921596,2328157,1142172,1388522,779424,939635
  Northern Africa and Western Asia,   Lao People's Democratic Republic,2,1,0,0,2,1
  Northern Africa and Western Asia,   Malaysia*,11058,12836,8506,9714,2552,3122
  Northern Africa and Western Asia,   Myanmar,214478,267904,148565,183880,65913,84024
  Northern Africa and Western Asia,   Philippines,1462805,1700676,982608,1115971,480197,584705
  Northern Africa and Western Asia,   Singapore,985,1157,607,682,378,475
  Northern Africa and Western Asia,   Thailand,22854,25249,16070,17735,6784,7514
  Northern Africa and Western Asia,   Timor-Leste,0,0,0,0,0,0
  Northern Africa and Western Asia,   Viet Nam,103,113,28,31,75,82
  Northern Africa and Western Asia,   Afghanistan,496736,617110,329690,402688,167046,214422
  Northern Africa and Western Asia,   Bangladesh,2888553,3463951,2410003,2885854,478550,578097
  Northern Africa and Western Asia,   Bhutan,0,0,0,0,0,0
  Northern Africa and Western Asia,   India,8287952,9606150,6336382,7333526,1951570,2272624
  Northern Africa and Western Asia,   Iran (Islamic Republic of),116825,161178,62796,83209,54029,77969
  Northern Africa and Western Asia,   Maldives,19,28,14,21,5,7
  Northern Africa and Western Asia,   Nepal,605060,813031,472532,634557,132528,178474
  Northern Africa and Western Asia,   Pakistan,2833252,3420338,2141280,2583373,691972,836965
  Northern Africa and Western Asia,   Sri Lanka,681811,912136,433161,585335,248650,326801
  Northern Africa and Western Asia,   Armenia,163151,157256,83253,80264,79898,76992
  Northern Africa and Western Asia,   Azerbaijan*,114842,120874,49017,51470,65825,69404
  Northern Africa and Western Asia,   Bahrain,14464,15282,7234,7653,7230,7629
  Northern Africa and Western Asia,   Cyprus*,10389,14508,4444,5589,5945,8919
  Northern Africa and Western Asia,   Georgia*,119689,119935,53949,53732,65740,66203
  Northern Africa and Western Asia,   Iraq,795814,944294,427953,411867,367861,532427
  Northern Africa and Western Asia,   Israel,68046,69710,29174,29887,38872,39823
  Northern Africa and Western Asia,   Jordan,559150,638060,357811,408734,201339,229326
  Northern Africa and Western Asia,   Kuwait,108618,119343,72966,80685,35652,38658
  Northern Africa and Western Asia,   Lebanon,216514,255709,144644,170008,71870,85701
  Northern Africa and Western Asia,   Oman,14445,15205,7443,8157,7002,7048
  Northern Africa and Western Asia,   Qatar,14905,15634,7374,7791,7531,7843
  Northern Africa and Western Asia,   Saudi Arabia,90052,100614,58146,65256,31906,35358
  Northern Africa and Western Asia,   State of Palestine*,3701626,3922885,1933331,2058967,1768295,1863918
  Northern Africa and Western Asia,   Syrian Arab Republic,5761963,6948827,3261638,3983045,2500325,2965782
  Northern Africa and Western Asia,   Turkey,108805,116997,66191,70848,42614,46149
  Northern Africa and Western Asia,   United Arab Emirates,73241,81724,39652,44266,33589,37458
  Northern Africa and Western Asia,   Yemen,1006750,1184951,674727,786676,332023,398275
  Northern Africa and Western Asia,   Belarus,26510,26127,11145,10932,15365,15195
  Northern Africa and Western Asia,   Bulgaria,496354,684058,178410,213644,317944,470414
  Northern Africa and Western Asia,   Czechia,1946,2483,826,1008,1120,1475
  Northern Africa and Western Asia,   Hungary,14415,14447,6353,6325,8062,8122
  Northern Africa and Western Asia,   Poland,64487,64329,28003,27745,36484,36584
  Northern Africa and Western Asia,   Republic of Moldova*,14932,15580,5474,5238,9458,10342
  Northern Africa and Western Asia,   Romania,130480,135947,54877,55308,75603,80639
  Northern Africa and Western Asia,   Russian Federation,244270,252431,99362,100992,144908,151439
  Northern Africa and Western Asia,   Slovakia,497,646,209,254,288,392
  Northern Africa and Western Asia,   Ukraine*,160845,159137,68713,67374,92132,91763
  Northern Africa and Western Asia,   Channel Islands*,0,0,0,0,0,0
  Northern Africa and Western Asia,   Denmark*,6391,7822,2821,3299,3570,4523
  Northern Africa and Western Asia,   Estonia,758,787,322,323,436,464
  Northern Africa and Western Asia,   Faroe Islands*,0,0,0,0,0,0
  Northern Africa and Western Asia,   Finland*,3426,4225,1506,1761,1920,2464
  Northern Africa and Western Asia,   Iceland,73,87,26,29,47,58
  Northern Africa and Western Asia,   Ireland,1378,1653,537,629,841,1024
  Northern Africa and Western Asia,   Isle of Man*,0,0,0,0,0,0
  Northern Africa and Western Asia,   Latvia,4349,4267,1840,1798,2509,2469
  Northern Africa and Western Asia,   Lithuania,4417,4412,1773,1749,2644,2663
  Northern Africa and Western Asia,   Norway*,4135,5602,1930,2410,2205,3192
  Northern Africa and Western Asia,   Sweden,7862,10148,3497,4195,4365,5953
  Northern Africa and Western Asia,   United Kingdom*,139043,158408,75279,85573,63764,72835
  Northern Africa and Western Asia,   Albania,3914,5276,1955,2434,1959,2842
  Northern Africa and Western Asia,   Andorra,0,0,0,0,0,0
  Northern Africa and Western Asia,   Bosnia and Herzegovina,2809,3789,1375,1705,1434,2084
  Northern Africa and Western Asia,   Croatia,385,511,180,228,205,283
  Northern Africa and Western Asia,   Gibraltar*,8,9,7,8,1,1
  Northern Africa and Western Asia,   Greece,88899,113346,41099,47993,47800,65353
  Northern Africa and Western Asia,   Holy See*,0,0,0,0,0,0
  Northern Africa and Western Asia,   Italy,22869,26245,12229,13895,10640,12350
  Northern Africa and Western Asia,   Malta,73,87,33,35,40,52
  Northern Africa and Western Asia,   Montenegro,0,0,0,0,0,0
  Northern Africa and Western Asia,   North Macedonia,141904,198228,80810,106505,61094,91723
  Northern Africa and Western Asia,   Portugal,308,409,130,162,178,247
  Northern Africa and Western Asia,   San Marino,0,0,0,0,0,0
  Northern Africa and Western Asia,   Serbia*,2484,2575,1118,1165,1366,1410
  Northern Africa and Western Asia,   Slovenia,157,212,69,86,88,126
  Northern Africa and Western Asia,   Spain*,8500,9581,4118,4624,4382,4957
  Northern Africa and Western Asia,   Austria,20774,26530,9599,11466,11175,15064
  Northern Africa and Western Asia,   Belgium,17351,20997,7894,9026,9457,11971
  Northern Africa and Western Asia,   France*,136401,150039,69917,76678,66484,73361
  Northern Africa and Western Asia,   Germany,313358,423374,123336,148007,190022,275367
  Northern Africa and Western Asia,   Liechtenstein,0,0,0,0,0,0
  Northern Africa and Western Asia,   Luxembourg,53,67,21,25,32,42
  Northern Africa and Western Asia,   Monaco,329,375,218,244,111,131
  Northern Africa and Western Asia,   Netherlands*,35475,45168,17382,20820,18093,24348
  Northern Africa and Western Asia,   Switzerland,16400,20949,7358,8792,9042,12157
  Northern Africa and Western Asia,   Anguilla*,0,0,0,0,0,0
  Northern Africa and Western Asia,   Antigua and Barbuda,11,15,6,8,5,7
  Northern Africa and Western Asia,   Aruba*,0,0,0,0,0,0
  Northern Africa and Western Asia,   Bahamas,10,14,3,3,7,11
  Northern Africa and Western Asia,   Barbados,0,0,0,0,0,0
  Northern Africa and Western Asia,"   Bonaire, Sint Eustatius and Saba*",0,0,0,0,0,0
  Northern Africa and Western Asia,   British Virgin Islands*,74,102,31,41,43,61
  Northern Africa and Western Asia,   Cayman Islands*,0,0,0,0,0,0
  Northern Africa and Western Asia,   Cuba,88,101,46,51,42,50
  Northern Africa and Western Asia,   Curaçao*,0,0,0,0,0,0
  Northern Africa and Western Asia,   Dominica,0,0,0,0,0,0
  Northern Africa and Western Asia,   Dominican Republic,9,8,2,2,7,6
  Northern Africa and Western Asia,   Grenada,0,0,0,0,0,0
  Northern Africa and Western Asia,   Guadeloupe*,46,61,21,25,25,36
  Northern Africa and Western Asia,   Haiti,2,1,0,0,2,1
  Northern Africa and Western Asia,   Jamaica,13,13,6,7,7,6
  Northern Africa and Western Asia,   Martinique*,0,0,0,0,0,0
  Northern Africa and Western Asia,   Montserrat*,0,0,0,0,0,0
  Northern Africa and Western Asia,   Puerto Rico*,2,1,2,1,0,0
  Northern Africa and Western Asia,   Saint Barthélemy*,0,0,0,0,0,0
  Northern Africa and Western Asia,   Saint Kitts and Nevis,0,0,0,0,0,0
  Northern Africa and Western Asia,   Saint Lucia,0,0,0,0,0,0
  Northern Africa and Western Asia,   Saint Martin (French part)*,0,0,0,0,0,0
  Northern Africa and Western Asia,   Saint Vincent and the Grenadines,0,0,0,0,0,0
  Northern Africa and Western Asia,   Sint Maarten (Dutch part)*,0,0,0,0,0,0
  Northern Africa and Western Asia,   Trinidad and Tobago,13,13,2,2,11,11
  Northern Africa and Western Asia,   Turks and Caicos Islands*,0,0,0,0,0,0
  Northern Africa and Western Asia,   United States Virgin Islands*,0,0,0,0,0,0
  Northern Africa and Western Asia,   Belize,0,0,0,0,0,0
  Northern Africa and Western Asia,   Costa Rica,54,73,26,35,28,38
  Northern Africa and Western Asia,   El Salvador,852,974,535,598,317,376
  Northern Africa and Western Asia,   Guatemala,6,8,4,5,2,3
  Northern Africa and Western Asia,   Honduras,2,1,2,1,0,0
  Northern Africa and Western Asia,   Mexico,2853,2857,1358,1346,1495,1511
  Northern Africa and Western Asia,   Nicaragua,9,8,7,7,2,1
  Northern Africa and Western Asia,   Panama,18,18,16,17,2,1
  Northern Africa and Western Asia,   Argentina,39737,38740,18691,18224,21046,20516
  Northern Africa and Western Asia,   Bolivia (Plurinational State of),9,8,7,7,2,1
  Northern Africa and Western Asia,   Brazil,9747,9704,4237,4185,5510,5519
  Northern Africa and Western Asia,   Chile,3492,3417,1595,1555,1897,1862
  Northern Africa and Western Asia,   Colombia,2985,2945,1214,1201,1771,1744
  Northern Africa and Western Asia,   Ecuador,15,17,8,9,7,8
  Northern Africa and Western Asia,   Falkland Islands (Malvinas)*,0,0,0,0,0,0
  Northern Africa and Western Asia,   French Guiana*,0,0,0,0,0,0
  Northern Africa and Western Asia,   Guyana,0,0,0,0,0,0
  Northern Africa and Western Asia,   Paraguay,7,6,0,0,7,6
  Northern Africa and Western Asia,   Peru,2542,2488,1140,1112,1402,1376
  Northern Africa and Western Asia,   Suriname,2,1,0,0,2,1
  Northern Africa and Western Asia,   Uruguay,6423,6252,2960,2882,3463,3370
  Northern Africa and Western Asia,   Venezuela (Bolivarian Republic of),518,535,232,235,286,300
  Northern Africa and Western Asia,   Bermuda*,0,0,0,0,0,0
  Northern Africa and Western Asia,   Canada,14487,15352,7415,7800,7072,7552
  Northern Africa and Western Asia,   Greenland*,0,0,0,0,0,0
  Northern Africa and Western Asia,   Saint Pierre and Miquelon*,0,0,0,0,0,0
  Northern Africa and Western Asia,   United States of America*,146122,157187,77630,83928,68492,73259
  Northern Africa and Western Asia,   Australia*,10269,11686,4952,5404,5317,6282
  Northern Africa and Western Asia,   New Zealand*,483,643,207,262,276,381
  Northern Africa and Western Asia,   Fiji,2,1,0,0,2,1
  Northern Africa and Western Asia,   New Caledonia*,0,0,0,0,0,0
  Northern Africa and Western Asia,   Papua New Guinea,0,0,0,0,0,0
  Northern Africa and Western Asia,   Solomon Islands,0,0,0,0,0,0
  Northern Africa and Western Asia,   Vanuatu,0,0,0,0,0,0
  Northern Africa and Western Asia,   Guam*,0,0,0,0,0,0
  Northern Africa and Western Asia,   Kiribati,0,0,0,0,0,0
  Northern Africa and Western Asia,   Marshall Islands,0,0,0,0,0,0
  Northern Africa and Western Asia,   Micronesia (Fed. States of),0,0,0,0,0,0
  Northern Africa and Western Asia,   Nauru,0,0,0,0,0,0
  Northern Africa and Western Asia,   Northern Mariana Islands*,0,0,0,0,0,0
  Northern Africa and Western Asia,   Palau,0,0,0,0,0,0
  Northern Africa and Western Asia,   American Samoa*,0,0,0,0,0,0
  Northern Africa and Western Asia,   Cook Islands*,0,0,0,0,0,0
  Northern Africa and Western Asia,   French Polynesia*,0,0,0,0,0,0
  Northern Africa and Western Asia,   Niue*,0,0,0,0,0,0
  Northern Africa and Western Asia,   Samoa,0,0,0,0,0,0
  Northern Africa and Western Asia,   Tokelau*,0,0,0,0,0,0
  Northern Africa and Western Asia,   Tonga,0,0,0,0,0,0
  Northern Africa and Western Asia,   Tuvalu,0,0,0,0,0,0
  Northern Africa and Western Asia,   Wallis and Futuna Islands*,0,0,0,0,0,0
  Central and Southern Asia,WORLD,19266265,19427576,9603861,9727936,9662404,9699640
  Central and Southern Asia,  Sub-Saharan Africa,59931,56069,21464,19472,38467,36597
  Central and Southern Asia,  Northern Africa and Western Asia,346590,330579,185116,169334,161474,161245
  Central and Southern Asia,  Central and Southern Asia,12064784,11454177,6098738,5824079,5966046,5630098
  Central and Southern Asia,  Eastern and South-Eastern Asia,1280110,1931473,659175,1105665,620935,825808
  Central and Southern Asia,  Latin America and the Caribbean,14978,14684,8084,4545,6894,10139
  Central and Southern Asia,  Oceania (excluding Australia and New Zealand),833,779,327,298,506,481
  Central and Southern Asia,  Australia and New Zealand,4934,4677,2482,2334,2452,2343
  Central and Southern Asia,  Europe and Northern America,4462475,4590984,2123115,2167095,2339360,2423889
  Central and Southern Asia,  Developed regions,4484168,4612050,2134343,2174856,2349825,2437194
  Central and Southern Asia,  Less developed regions,13750467,13771372,6964158,7117966,6786309,6653406
  Central and Southern Asia," Less developed regions, excluding least developed countries",5368114,4974131,2797507,2472376,2570607,2501755
  Central and Southern Asia," Less developed regions, excluding China",13451127,13477994,6809174,7002898,6641953,6475096
  Central and Southern Asia,  Least developed countries,8382353,8797241,4166651,4645590,4215702,4151651
  Central and Southern Asia,  Land-locked Developing Countries (LLDC),5980283,5903309,2942571,2925481,3037712,2977828
  Central and Southern Asia,  Small island developing States (SIDS),52641,51228,26809,17048,25832,34180
  Central and Southern Asia,  High-income countries,391207,379595,203612,163153,187595,216442
  Central and Southern Asia,  Middle-income countries,13324074,13517912,6569155,6771507,6754919,6746405
  Central and Southern Asia, Upper-middle-income countries,4765935,4856366,2306722,2229033,2459213,2627333
  Central and Southern Asia, Lower-middle-income countries,8558139,8661546,4262433,4542474,4295706,4119072
  Central and Southern Asia,  Low-income countries,4519354,4485915,2325734,2358162,2193620,2127753
  Central and Southern Asia, AFRICA,60267,56405,21667,19680,38600,36725
  Central and Southern Asia,  Eastern Africa,58683,54884,20779,18828,37904,36056
  Central and Southern Asia,  Middle Africa,0,0,0,0,0,0
  Central and Southern Asia,  Northern Africa,336,336,203,208,133,128
  Central and Southern Asia,  Southern Africa,260,262,104,106,156,156
  Central and Southern Asia,  Western Africa,988,923,581,538,407,385
  Central and Southern Asia, ASIA,13691148,13715893,6942826,7098870,6748322,6617023
  Central and Southern Asia,  Central Asia,488831,491804,247167,250619,241664,241185
  Central and Southern Asia,  Eastern Asia,412416,410936,213402,172691,199014,238245
  Central and Southern Asia,  South-Eastern Asia,867694,1520537,445773,932974,421921,587563
  Central and Southern Asia,  Southern Asia,11575953,10962373,5851571,5573460,5724382,5388913
  Central and Southern Asia,  Western Asia,346254,330243,184913,169126,161341,161117
  Central and Southern Asia, EUROPE,4375287,4507238,2077489,2133961,2297798,2373277
  Central and Southern Asia,  Eastern Europe,4279027,4412734,2028168,2096359,2250859,2316375
  Central and Southern Asia,  Northern Europe,72558,71113,37934,26309,34624,44804
  Central and Southern Asia,  Southern Europe,5787,5844,2790,2843,2997,3001
  Central and Southern Asia,  Western Europe,17915,17547,8597,8450,9318,9097
  Central and Southern Asia, LATIN AMERICA AND THE CARIBBEAN,14978,14684,8084,4545,6894,10139
  Central and Southern Asia,  Caribbean,59,56,27,27,32,29
  Central and Southern Asia,  Central America,0,0,0,0,0,0
  Central and Southern Asia,  South America,14919,14628,8057,4518,6862,10110
  Central and Southern Asia, NORTHERN AMERICA,87188,83746,45626,33134,41562,50612
  Central and Southern Asia, OCEANIA ,5767,5456,2809,2632,2958,2824
  Central and Southern Asia,  Australia and New Zealand,4934,4677,2482,2334,2452,2343
  Central and Southern Asia,  Melanesia,833,779,327,298,506,481
  Central and Southern Asia,  Micronesia,0,0,0,0,0,0
  Central and Southern Asia,  Polynesia*,0,0,0,0,0,0
  Central and Southern Asia,   Burundi,0,0,0,0,0,0
  Central and Southern Asia,   Comoros,0,0,0,0,0,0
  Central and Southern Asia,   Djibouti,0,0,0,0,0,0
  Central and Southern Asia,   Eritrea,0,0,0,0,0,0
  Central and Southern Asia,   Ethiopia,0,0,0,0,0,0
  Central and Southern Asia,   Kenya,8268,7733,3855,3535,4413,4198
  Central and Southern Asia,   Madagascar,0,0,0,0,0,0
  Central and Southern Asia,   Malawi,0,0,0,0,0,0
  Central and Southern Asia,   Mauritius*,371,346,137,124,234,222
  Central and Southern Asia,   Mayotte*,0,0,0,0,0,0
  Central and Southern Asia,   Mozambique,0,0,0,0,0,0
  Central and Southern Asia,   Réunion*,0,0,0,0,0,0
  Central and Southern Asia,   Rwanda,0,0,0,0,0,0
  Central and Southern Asia,   Seychelles,25,24,13,13,12,11
  Central and Southern Asia,   Somalia,0,0,0,0,0,0
  Central and Southern Asia,   South Sudan,0,0,0,0,0,0
  Central and Southern Asia,   Uganda,48444,45309,16201,14635,32243,30674
  Central and Southern Asia,   United Republic of Tanzania*,0,0,0,0,0,0
  Central and Southern Asia,   Zambia,1575,1472,573,521,1002,951
  Central and Southern Asia,   Zimbabwe,0,0,0,0,0,0
  Central and Southern Asia,   Angola,0,0,0,0,0,0
  Central and Southern Asia,   Cameroon,0,0,0,0,0,0
  Central and Southern Asia,   Central African Republic,0,0,0,0,0,0
  Central and Southern Asia,   Chad,0,0,0,0,0,0
  Central and Southern Asia,   Congo,0,0,0,0,0,0
  Central and Southern Asia,   Democratic Republic of the Congo,0,0,0,0,0,0
  Central and Southern Asia,   Equatorial Guinea,0,0,0,0,0,0
  Central and Southern Asia,   Gabon,0,0,0,0,0,0
  Central and Southern Asia,   Sao Tome and Principe,0,0,0,0,0,0
  Central and Southern Asia,   Algeria,129,128,58,59,71,69
  Central and Southern Asia,   Egypt,167,169,120,124,47,45
  Central and Southern Asia,   Libya,40,39,25,25,15,14
  Central and Southern Asia,   Morocco,0,0,0,0,0,0
  Central and Southern Asia,   Sudan,0,0,0,0,0,0
  Central and Southern Asia,   Tunisia,0,0,0,0,0,0
  Central and Southern Asia,   Western Sahara,0,0,0,0,0,0
  Central and Southern Asia,   Botswana,0,0,0,0,0,0
  Central and Southern Asia,   Eswatini,0,0,0,0,0,0
  Central and Southern Asia,   Lesotho,0,0,0,0,0,0
  Central and Southern Asia,   Namibia,0,0,0,0,0,0
  Central and Southern Asia,   South Africa,260,262,104,106,156,156
  Central and Southern Asia,   Benin,0,0,0,0,0,0
  Central and Southern Asia,   Burkina Faso,0,0,0,0,0,0
  Central and Southern Asia,   Cabo Verde,0,0,0,0,0,0
  Central and Southern Asia,   Côte d'Ivoire,0,0,0,0,0,0
  Central and Southern Asia,   Gambia,0,0,0,0,0,0
  Central and Southern Asia,   Ghana,0,0,0,0,0,0
  Central and Southern Asia,   Guinea,0,0,0,0,0,0
  Central and Southern Asia,   Guinea-Bissau,0,0,0,0,0,0
  Central and Southern Asia,   Liberia,0,0,0,0,0,0
  Central and Southern Asia,   Mali,0,0,0,0,0,0
  Central and Southern Asia,   Mauritania,0,0,0,0,0,0
  Central and Southern Asia,   Niger,22,20,11,11,11,9
  Central and Southern Asia,   Nigeria,966,903,570,527,396,376
  Central and Southern Asia,   Saint Helena*,0,0,0,0,0,0
  Central and Southern Asia,   Senegal,0,0,0,0,0,0
  Central and Southern Asia,   Sierra Leone,0,0,0,0,0,0
  Central and Southern Asia,   Togo,0,0,0,0,0,0
  Central and Southern Asia,   Kazakhstan,47581,46958,21275,21182,26306,25776
  Central and Southern Asia,   Kyrgyzstan,22929,23292,11214,11387,11715,11905
  Central and Southern Asia,   Tajikistan,46026,36085,22911,18673,23115,17412
  Central and Southern Asia,   Turkmenistan,5604,5233,3120,2914,2484,2319
  Central and Southern Asia,   Uzbekistan,366691,380236,188647,196463,178044,183773
  Central and Southern Asia,   China*,299340,293378,154984,115068,144356,178310
  Central and Southern Asia,"   China, Hong Kong SAR*",0,0,0,0,0,0
  Central and Southern Asia,"   China, Macao SAR*",0,0,0,0,0,0
  Central and Southern Asia,"   China, Taiwan Province of China*",0,0,0,0,0,0
  Central and Southern Asia,   Dem. People's Republic of Korea,63532,66712,32600,34246,30932,32466
  Central and Southern Asia,   Japan,16759,16389,8746,5427,8013,10962
  Central and Southern Asia,   Mongolia,0,0,0,0,0,0
  Central and Southern Asia,   Republic of Korea,32785,34457,17072,17950,15713,16507
  Central and Southern Asia,   Brunei Darussalam,25181,23551,15443,14289,9738,9262
  Central and Southern Asia,   Cambodia,19642,19259,10607,5949,9035,13310
  Central and Southern Asia,   Indonesia,154998,151920,83466,47166,71532,104754
  Central and Southern Asia,   Lao People's Democratic Republic,88155,86447,47604,26701,40551,59746
  Central and Southern Asia,   Malaysia*,219116,214252,115986,67228,103130,147024
  Central and Southern Asia,   Myanmar,300966,966906,142122,752685,158844,214221
  Central and Southern Asia,   Philippines,929,1009,318,346,611,663
  Central and Southern Asia,   Singapore,18481,17775,8801,6250,9680,11525
  Central and Southern Asia,   Thailand,11182,11006,5961,3473,5221,7533
  Central and Southern Asia,   Timor-Leste,0,0,0,0,0,0
  Central and Southern Asia,   Viet Nam,29044,28412,15465,8887,13579,19525
  Central and Southern Asia,   Afghanistan,4361220,4337681,2253960,2290546,2107260,2047135
  Central and Southern Asia,   Bangladesh,2698616,2529809,1386906,1281843,1311710,1247966
  Central and Southern Asia,   Bhutan,39063,37173,19844,18701,19219,18472
  Central and Southern Asia,   India,2259132,2130862,1189228,1149504,1069904,981358
  Central and Southern Asia,   Iran (Islamic Republic of),7852,7533,3988,3878,3864,3655
  Central and Southern Asia,   Maldives,2314,2272,1012,990,1302,1282
  Central and Southern Asia,   Nepal,824613,773129,288807,253982,535806,519147
  Central and Southern Asia,   Pakistan,1178150,951137,604950,478493,573200,472644
  Central and Southern Asia,   Sri Lanka,204993,192777,102876,95523,102117,97254
  Central and Southern Asia,   Armenia,25886,26001,13774,13944,12112,12057
  Central and Southern Asia,   Azerbaijan*,86979,88219,46844,47735,40135,40484
  Central and Southern Asia,   Bahrain,30558,29976,16492,9346,14066,20630
  Central and Southern Asia,   Cyprus*,250,251,128,130,122,121
  Central and Southern Asia,   Georgia*,7209,7292,3957,4024,3252,3268
  Central and Southern Asia,   Iraq,69805,55447,38794,30786,31011,24661
  Central and Southern Asia,   Israel,55,54,37,37,18,17
  Central and Southern Asia,   Jordan,274,276,126,128,148,148
  Central and Southern Asia,   Kuwait,14328,13534,6922,6440,7406,7094
  Central and Southern Asia,   Lebanon,742,750,354,362,388,388
  Central and Southern Asia,   Oman,364,365,171,175,193,190
  Central and Southern Asia,   Qatar,273,275,149,152,124,123
  Central and Southern Asia,   Saudi Arabia,16845,15864,8746,8125,8099,7739
  Central and Southern Asia,   State of Palestine*,0,0,0,0,0,0
  Central and Southern Asia,   Syrian Arab Republic,73,72,35,35,38,37
  Central and Southern Asia,   Turkey,49816,51709,26517,27504,23299,24205
  Central and Southern Asia,   United Arab Emirates,42797,40158,21867,20203,20930,19955
  Central and Southern Asia,   Yemen,0,0,0,0,0,0
  Central and Southern Asia,   Belarus,108354,111497,52861,54527,55493,56970
  Central and Southern Asia,   Bulgaria,0,0,0,0,0,0
  Central and Southern Asia,   Czechia,0,0,0,0,0,0
  Central and Southern Asia,   Hungary,0,0,0,0,0,0
  Central and Southern Asia,   Poland,3249,3161,1231,1199,2018,1962
  Central and Southern Asia,   Republic of Moldova*,15495,16054,7786,8086,7709,7968
  Central and Southern Asia,   Romania,482,468,217,212,265,256
  Central and Southern Asia,   Russian Federation,3652831,3766915,1725190,1783177,1927641,1983738
  Central and Southern Asia,   Slovakia,0,0,0,0,0,0
  Central and Southern Asia,   Ukraine*,498616,514639,240883,249158,257733,265481
  Central and Southern Asia,   Channel Islands*,0,0,0,0,0,0
  Central and Southern Asia,   Denmark*,168,167,104,106,64,61
  Central and Southern Asia,   Estonia,1686,1727,763,785,923,942
  Central and Southern Asia,   Faroe Islands*,0,0,0,0,0,0
  Central and Southern Asia,   Finland*,177,171,86,84,91,87
  Central and Southern Asia,   Iceland,0,0,0,0,0,0
  Central and Southern Asia,   Ireland,0,0,0,0,0,0
  Central and Southern Asia,   Isle of Man*,0,0,0,0,0,0
  Central and Southern Asia,   Latvia,2015,2047,963,985,1052,1062
  Central and Southern Asia,   Lithuania,7035,7193,3488,3586,3547,3607
  Central and Southern Asia,   Norway*,14428,14149,7787,4395,6641,9754
  Central and Southern Asia,   Sweden,188,189,124,128,64,61
  Central and Southern Asia,   United Kingdom*,46861,45470,24619,16240,22242,29230
  Central and Southern Asia,   Albania,0,0,0,0,0,0
  Central and Southern Asia,   Andorra,0,0,0,0,0,0
  Central and Southern Asia,   Bosnia and Herzegovina,0,0,0,0,0,0
  Central and Southern Asia,   Croatia,0,0,0,0,0,0
  Central and Southern Asia,   Gibraltar*,0,0,0,0,0,0
  Central and Southern Asia,   Greece,90,89,50,50,40,39
  Central and Southern Asia,   Holy See*,0,0,0,0,0,0
  Central and Southern Asia,   Italy,5273,5357,2549,2616,2724,2741
  Central and Southern Asia,   Malta,0,0,0,0,0,0
  Central and Southern Asia,   Montenegro,0,0,0,0,0,0
  Central and Southern Asia,   North Macedonia,0,0,0,0,0,0
  Central and Southern Asia,   Portugal,389,364,176,162,213,202
  Central and Southern Asia,   San Marino,0,0,0,0,0,0
  Central and Southern Asia,   Serbia*,0,0,0,0,0,0
  Central and Southern Asia,   Slovenia,0,0,0,0,0,0
  Central and Southern Asia,   Spain*,35,34,15,15,20,19
  Central and Southern Asia,   Austria,86,84,49,50,37,34
  Central and Southern Asia,   Belgium,0,0,0,0,0,0
  Central and Southern Asia,   France*,2298,2189,1136,1077,1162,1112
  Central and Southern Asia,   Germany,14979,14715,7078,6976,7901,7739
  Central and Southern Asia,   Liechtenstein,0,0,0,0,0,0
  Central and Southern Asia,   Luxembourg,0,0,0,0,0,0
  Central and Southern Asia,   Monaco,0,0,0,0,0,0
  Central and Southern Asia,   Netherlands*,70,67,32,32,38,35
  Central and Southern Asia,   Switzerland,482,492,302,315,180,177
  Central and Southern Asia,   Anguilla*,0,0,0,0,0,0
  Central and Southern Asia,   Antigua and Barbuda,0,0,0,0,0,0
  Central and Southern Asia,   Aruba*,0,0,0,0,0,0
  Central and Southern Asia,   Bahamas,0,0,0,0,0,0
  Central and Southern Asia,   Barbados,0,0,0,0,0,0
  Central and Southern Asia,"   Bonaire, Sint Eustatius and Saba*",0,0,0,0,0,0
  Central and Southern Asia,   British Virgin Islands*,0,0,0,0,0,0
  Central and Southern Asia,   Cayman Islands*,0,0,0,0,0,0
  Central and Southern Asia,   Cuba,0,0,0,0,0,0
  Central and Southern Asia,   Curaçao*,0,0,0,0,0,0
  Central and Southern Asia,   Dominica,0,0,0,0,0,0
  Central and Southern Asia,   Dominican Republic,0,0,0,0,0,0
  Central and Southern Asia,   Grenada,0,0,0,0,0,0
  Central and Southern Asia,   Guadeloupe*,0,0,0,0,0,0
  Central and Southern Asia,   Haiti,37,36,16,16,21,20
  Central and Southern Asia,   Jamaica,0,0,0,0,0,0
  Central and Southern Asia,   Martinique*,0,0,0,0,0,0
  Central and Southern Asia,   Montserrat*,0,0,0,0,0,0
  Central and Southern Asia,   Puerto Rico*,0,0,0,0,0,0
  Central and Southern Asia,   Saint Barthélemy*,0,0,0,0,0,0
  Central and Southern Asia,   Saint Kitts and Nevis,0,0,0,0,0,0
  Central and Southern Asia,   Saint Lucia,0,0,0,0,0,0
  Central and Southern Asia,   Saint Martin (French part)*,0,0,0,0,0,0
  Central and Southern Asia,   Saint Vincent and the Grenadines,0,0,0,0,0,0
  Central and Southern Asia,   Sint Maarten (Dutch part)*,0,0,0,0,0,0
  Central and Southern Asia,   Trinidad and Tobago,0,0,0,0,0,0
  Central and Southern Asia,   Turks and Caicos Islands*,0,0,0,0,0,0
  Central and Southern Asia,   United States Virgin Islands*,22,20,11,11,11,9
  Central and Southern Asia,   Belize,0,0,0,0,0,0
  Central and Southern Asia,   Costa Rica,0,0,0,0,0,0
  Central and Southern Asia,   El Salvador,0,0,0,0,0,0
  Central and Southern Asia,   Guatemala,0,0,0,0,0,0
  Central and Southern Asia,   Honduras,0,0,0,0,0,0
  Central and Southern Asia,   Mexico,0,0,0,0,0,0
  Central and Southern Asia,   Nicaragua,0,0,0,0,0,0
  Central and Southern Asia,   Panama,0,0,0,0,0,0
  Central and Southern Asia,   Argentina,0,0,0,0,0,0
  Central and Southern Asia,   Bolivia (Plurinational State of),0,0,0,0,0,0
  Central and Southern Asia,   Brazil,14919,14628,8057,4518,6862,10110
  Central and Southern Asia,   Chile,0,0,0,0,0,0
  Central and Southern Asia,   Colombia,0,0,0,0,0,0
  Central and Southern Asia,   Ecuador,0,0,0,0,0,0
  Central and Southern Asia,   Falkland Islands (Malvinas)*,0,0,0,0,0,0
  Central and Southern Asia,   French Guiana*,0,0,0,0,0,0
  Central and Southern Asia,   Guyana,0,0,0,0,0,0
  Central and Southern Asia,   Paraguay,0,0,0,0,0,0
  Central and Southern Asia,   Peru,0,0,0,0,0,0
  Central and Southern Asia,   Suriname,0,0,0,0,0,0
  Central and Southern Asia,   Uruguay,0,0,0,0,0,0
  Central and Southern Asia,   Venezuela (Bolivarian Republic of),0,0,0,0,0,0
  Central and Southern Asia,   Bermuda*,0,0,0,0,0,0
  Central and Southern Asia,   Canada,4980,4691,2519,2347,2461,2344
  Central and Southern Asia,   Greenland*,0,0,0,0,0,0
  Central and Southern Asia,   Saint Pierre and Miquelon*,0,0,0,0,0,0
  Central and Southern Asia,   United States of America*,82208,79055,43107,30787,39101,48268
  Central and Southern Asia,   Australia*,4673,4418,2346,2195,2327,2223
  Central and Southern Asia,   New Zealand*,261,259,136,139,125,120
  Central and Southern Asia,   Fiji,833,779,327,298,506,481
  Central and Southern Asia,   New Caledonia*,0,0,0,0,0,0
  Central and Southern Asia,   Papua New Guinea,0,0,0,0,0,0
  Central and Southern Asia,   Solomon Islands,0,0,0,0,0,0
  Central and Southern Asia,   Vanuatu,0,0,0,0,0,0
  Central and Southern Asia,   Guam*,0,0,0,0,0,0
  Central and Southern Asia,   Kiribati,0,0,0,0,0,0
  Central and Southern Asia,   Marshall Islands,0,0,0,0,0,0
  Central and Southern Asia,   Micronesia (Fed. States of),0,0,0,0,0,0
  Central and Southern Asia,   Nauru,0,0,0,0,0,0
  Central and Southern Asia,   Northern Mariana Islands*,0,0,0,0,0,0
  Central and Southern Asia,   Palau,0,0,0,0,0,0
  Central and Southern Asia,   American Samoa*,0,0,0,0,0,0
  Central and Southern Asia,   Cook Islands*,0,0,0,0,0,0
  Central and Southern Asia,   French Polynesia*,0,0,0,0,0,0
  Central and Southern Asia,   Niue*,0,0,0,0,0,0
  Central and Southern Asia,   Samoa,0,0,0,0,0,0
  Central and Southern Asia,   Tokelau*,0,0,0,0,0,0
  Central and Southern Asia,   Tonga,0,0,0,0,0,0
  Central and Southern Asia,   Tuvalu,0,0,0,0,0,0
  Central and Southern Asia,   Wallis and Futuna Islands*,0,0,0,0,0,0
  Eastern and South-Eastern Asia,WORLD,18027810,19591106,9100814,9920938,8926996,9670168
  Eastern and South-Eastern Asia,  Sub-Saharan Africa,10449,14862,5622,7577,4827,7285
  Eastern and South-Eastern Asia,  Northern Africa and Western Asia,27424,29006,15603,16510,11821,12496
  Eastern and South-Eastern Asia,  Central and Southern Asia,1880946,2051518,1081254,1191694,799692,859824
  Eastern and South-Eastern Asia,  Eastern and South-Eastern Asia,14290497,15367927,7021123,7527415,7269374,7840512
  Eastern and South-Eastern Asia,  Latin America and the Caribbean,293779,333438,153262,173791,140517,159647
  Eastern and South-Eastern Asia,  Oceania (excluding Australia and New Zealand),1102,1168,493,526,609,642
  Eastern and South-Eastern Asia,  Australia and New Zealand,75917,84132,41947,47438,33970,36694
  Eastern and South-Eastern Asia,  Europe and Northern America,458535,518524,262996,296722,195539,221802
  Eastern and South-Eastern Asia,  Developed regions,632709,710241,359744,401014,272965,309227
  Eastern and South-Eastern Asia,  Less developed regions,16405940,17690334,8222556,8860659,8183384,8829675
  Eastern and South-Eastern Asia," Less developed regions, excluding least developed countries",11503421,12501179,5614180,6091530,5889241,6409649
  Eastern and South-Eastern Asia," Less developed regions, excluding China",11245712,12260107,5847836,6414303,5397876,5845804
  Eastern and South-Eastern Asia,  Least developed countries,4902519,5189155,2608376,2769129,2294143,2420026
  Eastern and South-Eastern Asia,  Land-locked Developing Countries (LLDC),1589439,1700311,804073,866965,785366,833346
  Eastern and South-Eastern Asia,  Small island developing States (SIDS),151205,160140,81608,87458,69597,72682
  Eastern and South-Eastern Asia,  High-income countries,1793861,1913544,984493,1051445,809368,862099
  Eastern and South-Eastern Asia,  Middle-income countries,15231006,16468832,7590333,8200791,7640673,8268041
  Eastern and South-Eastern Asia, Upper-middle-income countries,8168153,8696270,3879890,4109833,4288263,4586437
  Eastern and South-Eastern Asia, Lower-middle-income countries,7062853,7772562,3710443,4090958,3352410,3681604
  Eastern and South-Eastern Asia,  Low-income countries,13782,18199,7474,9437,6308,8762
  Eastern and South-Eastern Asia, AFRICA,15761,20577,8401,10562,7360,10015
  Eastern and South-Eastern Asia,  Eastern Africa,1700,3492,966,1500,734,1992
  Eastern and South-Eastern Asia,  Middle Africa,653,689,588,624,65,65
  Eastern and South-Eastern Asia,  Northern Africa,5312,5715,2779,2985,2533,2730
  Eastern and South-Eastern Asia,  Southern Africa,2025,3024,914,1340,1111,1684
  Eastern and South-Eastern Asia,  Western Africa,6071,7657,3154,4113,2917,3544
  Eastern and South-Eastern Asia, ASIA,16193555,17442736,8115201,8732634,8078354,8710102
  Eastern and South-Eastern Asia,  Central Asia,45633,59664,33304,43336,12329,16328
  Eastern and South-Eastern Asia,  Eastern Asia,5939342,6238856,2793434,2879393,3145908,3359463
  Eastern and South-Eastern Asia,  South-Eastern Asia,8351155,9129071,4227689,4648022,4123466,4481049
  Eastern and South-Eastern Asia,  Southern Asia,1835313,1991854,1047950,1148358,787363,843496
  Eastern and South-Eastern Asia,  Western Asia,22112,23291,12824,13525,9288,9766
  Eastern and South-Eastern Asia, EUROPE,189108,212621,103195,114631,85913,97990
  Eastern and South-Eastern Asia,  Eastern Europe,18774,22572,7973,9274,10801,13298
  Eastern and South-Eastern Asia,  Northern Europe,105602,115133,59586,64928,46016,50205
  Eastern and South-Eastern Asia,  Southern Europe,14424,16859,7018,8125,7406,8734
  Eastern and South-Eastern Asia,  Western Europe,50308,58057,28618,32304,21690,25753
  Eastern and South-Eastern Asia, LATIN AMERICA AND THE CARIBBEAN,293779,333438,153262,173791,140517,159647
  Eastern and South-Eastern Asia,  Caribbean,143,145,75,79,68,66
  Eastern and South-Eastern Asia,  Central America,2359,2962,1095,1369,1264,1593
  Eastern and South-Eastern Asia,  South America,291277,330331,152092,172343,139185,157988
  Eastern and South-Eastern Asia, NORTHERN AMERICA,269427,305903,159801,182091,109626,123812
  Eastern and South-Eastern Asia, OCEANIA ,77019,85300,42440,47964,34579,37336
  Eastern and South-Eastern Asia,  Australia and New Zealand,75917,84132,41947,47438,33970,36694
  Eastern and South-Eastern Asia,  Melanesia,60,62,27,28,33,34
  Eastern and South-Eastern Asia,  Micronesia,1042,1106,466,498,576,608
  Eastern and South-Eastern Asia,  Polynesia*,0,0,0,0,0,0
  Eastern and South-Eastern Asia,   Burundi,0,0,0,0,0,0
  Eastern and South-Eastern Asia,   Comoros,0,0,0,0,0,0
  Eastern and South-Eastern Asia,   Djibouti,0,0,0,0,0,0
  Eastern and South-Eastern Asia,   Eritrea,0,0,0,0,0,0
  Eastern and South-Eastern Asia,   Ethiopia,2,2,1,1,1,1
  Eastern and South-Eastern Asia,   Kenya,53,55,24,26,29,29
  Eastern and South-Eastern Asia,   Madagascar,0,0,0,0,0,0
  Eastern and South-Eastern Asia,   Malawi,0,0,0,0,0,0
  Eastern and South-Eastern Asia,   Mauritius*,0,0,0,0,0,0
  Eastern and South-Eastern Asia,   Mayotte*,0,0,0,0,0,0
  Eastern and South-Eastern Asia,   Mozambique,0,0,0,0,0,0
  Eastern and South-Eastern Asia,   Réunion*,0,0,0,0,0,0
  Eastern and South-Eastern Asia,   Rwanda,4,4,2,2,2,2
  Eastern and South-Eastern Asia,   Seychelles,0,0,0,0,0,0
  Eastern and South-Eastern Asia,   Somalia,1640,3430,938,1470,702,1960
  Eastern and South-Eastern Asia,   South Sudan,0,0,0,0,0,0
  Eastern and South-Eastern Asia,   Uganda,0,0,0,0,0,0
  Eastern and South-Eastern Asia,   United Republic of Tanzania*,0,0,0,0,0,0
  Eastern and South-Eastern Asia,   Zambia,0,0,0,0,0,0
  Eastern and South-Eastern Asia,   Zimbabwe,1,1,1,1,0,0
  Eastern and South-Eastern Asia,   Angola,76,79,35,37,41,42
  Eastern and South-Eastern Asia,   Cameroon,0,0,0,0,0,0
  Eastern and South-Eastern Asia,   Central African Republic,0,0,0,0,0,0
  Eastern and South-Eastern Asia,   Chad,0,0,0,0,0,0
  Eastern and South-Eastern Asia,   Congo,529,561,529,561,0,0
  Eastern and South-Eastern Asia,   Democratic Republic of the Congo,48,49,24,26,24,23
  Eastern and South-Eastern Asia,   Equatorial Guinea,0,0,0,0,0,0
  Eastern and South-Eastern Asia,   Gabon,0,0,0,0,0,0
  Eastern and South-Eastern Asia,   Sao Tome and Principe,0,0,0,0,0,0
  Eastern and South-Eastern Asia,   Algeria,462,490,234,249,228,241
  Eastern and South-Eastern Asia,   Egypt,1908,2129,856,957,1052,1172
  Eastern and South-Eastern Asia,   Libya,2311,2428,1369,1439,942,989
  Eastern and South-Eastern Asia,   Morocco,0,0,0,0,0,0
  Eastern and South-Eastern Asia,   Sudan,63,65,55,58,8,7
  Eastern and South-Eastern Asia,   Tunisia,568,603,265,282,303,321
  Eastern and South-Eastern Asia,   Western Sahara,0,0,0,0,0,0
  Eastern and South-Eastern Asia,   Botswana,0,0,0,0,0,0
  Eastern and South-Eastern Asia,   Eswatini,0,0,0,0,0,0
  Eastern and South-Eastern Asia,   Lesotho,0,0,0,0,0,0
  Eastern and South-Eastern Asia,   Namibia,0,0,0,0,0,0
  Eastern and South-Eastern Asia,   South Africa,2025,3024,914,1340,1111,1684
  Eastern and South-Eastern Asia,   Benin,0,0,0,0,0,0
  Eastern and South-Eastern Asia,   Burkina Faso,0,0,0,0,0,0
  Eastern and South-Eastern Asia,   Cabo Verde,131,139,131,139,0,0
  Eastern and South-Eastern Asia,   Côte d'Ivoire,16,16,9,9,7,7
  Eastern and South-Eastern Asia,   Gambia,0,0,0,0,0,0
  Eastern and South-Eastern Asia,   Ghana,2039,2410,929,1096,1110,1314
  Eastern and South-Eastern Asia,   Guinea,0,0,0,0,0,0
  Eastern and South-Eastern Asia,   Guinea-Bissau,0,0,0,0,0,0
  Eastern and South-Eastern Asia,   Liberia,1,1,1,1,0,0
  Eastern and South-Eastern Asia,   Mali,0,0,0,0,0,0
  Eastern and South-Eastern Asia,   Mauritania,0,0,0,0,0,0
  Eastern and South-Eastern Asia,   Niger,0,0,0,0,0,0
  Eastern and South-Eastern Asia,   Nigeria,3882,5089,2083,2867,1799,2222
  Eastern and South-Eastern Asia,   Saint Helena*,0,0,0,0,0,0
  Eastern and South-Eastern Asia,   Senegal,0,0,0,0,0,0
  Eastern and South-Eastern Asia,   Sierra Leone,0,0,0,0,0,0
  Eastern and South-Eastern Asia,   Togo,2,2,1,1,1,1
  Eastern and South-Eastern Asia,   Kazakhstan,1134,1937,538,1002,596,935
  Eastern and South-Eastern Asia,   Kyrgyzstan,851,2126,486,1216,365,910
  Eastern and South-Eastern Asia,   Tajikistan,0,0,0,0,0,0
  Eastern and South-Eastern Asia,   Turkmenistan,0,0,0,0,0,0
  Eastern and South-Eastern Asia,   Uzbekistan,43648,55601,32280,41118,11368,14483
  Eastern and South-Eastern Asia,   China*,4770512,5016032,2163926,2222792,2606586,2793240
  Eastern and South-Eastern Asia,"   China, Hong Kong SAR*",279495,299054,161226,173117,118269,125937
  Eastern and South-Eastern Asia,"   China, Macao SAR*",110221,115141,49568,50447,60653,64694
  Eastern and South-Eastern Asia,"   China, Taiwan Province of China*",0,0,0,0,0,0
  Eastern and South-Eastern Asia,   Dem. People's Republic of Korea,7931,8428,4156,4427,3775,4001
  Eastern and South-Eastern Asia,   Japan,98257,107585,54801,56854,43456,50731
  Eastern and South-Eastern Asia,   Mongolia,24452,31107,14037,17507,10415,13600
  Eastern and South-Eastern Asia,   Republic of Korea,648474,661509,345720,354249,302754,307260
  Eastern and South-Eastern Asia,   Brunei Darussalam,6739,7139,4175,4503,2564,2636
  Eastern and South-Eastern Asia,   Cambodia,730446,771682,344471,362727,385975,408955
  Eastern and South-Eastern Asia,   Indonesia,1593534,1704764,869274,940236,724260,764528
  Eastern and South-Eastern Asia,   Lao People's Democratic Republic,907209,949225,399756,417576,507453,531649
  Eastern and South-Eastern Asia,   Malaysia*,1197545,1223607,526740,537760,670805,685847
  Eastern and South-Eastern Asia,   Myanmar,2124017,2241126,1202008,1270783,922009,970343
  Eastern and South-Eastern Asia,   Philippines,628022,707090,234013,270012,394009,437078
  Eastern and South-Eastern Asia,   Singapore,126927,134610,67833,72981,59094,61629
  Eastern and South-Eastern Asia,   Thailand,270872,368940,146028,211393,124844,157547
  Eastern and South-Eastern Asia,   Timor-Leste,22666,23830,12960,13608,9706,10222
  Eastern and South-Eastern Asia,   Viet Nam,743178,997058,420431,546443,322747,450615
  Eastern and South-Eastern Asia,   Afghanistan,1766,3776,897,1982,869,1794
  Eastern and South-Eastern Asia,   Bangladesh,504380,539533,291240,314391,213140,225142
  Eastern and South-Eastern Asia,   Bhutan,0,0,0,0,0,0
  Eastern and South-Eastern Asia,   India,400812,427386,221893,237134,178919,190252
  Eastern and South-Eastern Asia,   Iran (Islamic Republic of),4958,6046,2201,2688,2757,3358
  Eastern and South-Eastern Asia,   Maldives,0,0,0,0,0,0
  Eastern and South-Eastern Asia,   Nepal,610199,656351,355987,386466,254212,269885
  Eastern and South-Eastern Asia,   Pakistan,248127,266840,138703,152073,109424,114767
  Eastern and South-Eastern Asia,   Sri Lanka,65071,91922,37029,53624,28042,38298
  Eastern and South-Eastern Asia,   Armenia,135,143,67,72,68,71
  Eastern and South-Eastern Asia,   Azerbaijan*,0,0,0,0,0,0
  Eastern and South-Eastern Asia,   Bahrain,111,117,54,58,57,59
  Eastern and South-Eastern Asia,   Cyprus*,0,0,0,0,0,0
  Eastern and South-Eastern Asia,   Georgia*,0,0,0,0,0,0
  Eastern and South-Eastern Asia,   Iraq,1396,1477,831,895,565,582
  Eastern and South-Eastern Asia,   Israel,614,652,287,306,327,346
  Eastern and South-Eastern Asia,   Jordan,12153,12777,7226,7588,4927,5189
  Eastern and South-Eastern Asia,   Kuwait,171,181,90,97,81,84
  Eastern and South-Eastern Asia,   Lebanon,134,142,68,73,66,69
  Eastern and South-Eastern Asia,   Oman,408,433,203,217,205,216
  Eastern and South-Eastern Asia,   Qatar,120,126,60,64,60,62
  Eastern and South-Eastern Asia,   Saudi Arabia,2997,3158,1778,1874,1219,1284
  Eastern and South-Eastern Asia,   State of Palestine*,15,15,8,8,7,7
  Eastern and South-Eastern Asia,   Syrian Arab Republic,2325,2442,1399,1469,926,973
  Eastern and South-Eastern Asia,   Turkey,1102,1171,540,577,562,594
  Eastern and South-Eastern Asia,   United Arab Emirates,431,457,213,227,218,230
  Eastern and South-Eastern Asia,   Yemen,0,0,0,0,0,0
  Eastern and South-Eastern Asia,   Belarus,0,0,0,0,0,0
  Eastern and South-Eastern Asia,   Bulgaria,16,15,12,12,4,3
  Eastern and South-Eastern Asia,   Czechia,18,18,11,12,7,6
  Eastern and South-Eastern Asia,   Hungary,255,268,197,209,58,59
  Eastern and South-Eastern Asia,   Poland,1776,1777,780,782,996,995
  Eastern and South-Eastern Asia,   Republic of Moldova*,0,0,0,0,0,0
  Eastern and South-Eastern Asia,   Romania,35,36,19,21,16,15
  Eastern and South-Eastern Asia,   Russian Federation,16671,20456,6951,8236,9720,12220
  Eastern and South-Eastern Asia,   Slovakia,3,2,3,2,0,0
  Eastern and South-Eastern Asia,   Ukraine*,0,0,0,0,0,0
  Eastern and South-Eastern Asia,   Channel Islands*,0,0,0,0,0,0
  Eastern and South-Eastern Asia,   Denmark*,1652,1845,902,996,750,849
  Eastern and South-Eastern Asia,   Estonia,0,0,0,0,0,0
  Eastern and South-Eastern Asia,   Faroe Islands*,0,0,0,0,0,0
  Eastern and South-Eastern Asia,   Finland*,793,961,369,446,424,515
  Eastern and South-Eastern Asia,   Iceland,53,55,42,45,11,10
  Eastern and South-Eastern Asia,   Ireland,2274,2603,1147,1291,1127,1312
  Eastern and South-Eastern Asia,   Isle of Man*,0,0,0,0,0,0
  Eastern and South-Eastern Asia,   Latvia,0,0,0,0,0,0
  Eastern and South-Eastern Asia,   Lithuania,0,0,0,0,0,0
  Eastern and South-Eastern Asia,   Norway*,1821,2004,922,1011,899,993
  Eastern and South-Eastern Asia,   Sweden,3102,3149,1659,1697,1443,1452
  Eastern and South-Eastern Asia,   United Kingdom*,95907,104516,54545,59442,41362,45074
  Eastern and South-Eastern Asia,   Albania,116,122,56,60,60,62
  Eastern and South-Eastern Asia,   Andorra,0,0,0,0,0,0
  Eastern and South-Eastern Asia,   Bosnia and Herzegovina,0,0,0,0,0,0
  Eastern and South-Eastern Asia,   Croatia,0,0,0,0,0,0
  Eastern and South-Eastern Asia,   Gibraltar*,0,0,0,0,0,0
  Eastern and South-Eastern Asia,   Greece,153,161,87,92,66,69
  Eastern and South-Eastern Asia,   Holy See*,0,0,0,0,0,0
  Eastern and South-Eastern Asia,   Italy,6553,7675,3263,3775,3290,3900
  Eastern and South-Eastern Asia,   Malta,0,0,0,0,0,0
  Eastern and South-Eastern Asia,   Montenegro,0,0,0,0,0,0
  Eastern and South-Eastern Asia,   North Macedonia,3,2,3,2,0,0
  Eastern and South-Eastern Asia,   Portugal,3398,3676,1780,1918,1618,1758
  Eastern and South-Eastern Asia,   San Marino,0,0,0,0,0,0
  Eastern and South-Eastern Asia,   Serbia*,0,0,0,0,0,0
  Eastern and South-Eastern Asia,   Slovenia,0,0,0,0,0,0
  Eastern and South-Eastern Asia,   Spain*,4201,5223,1829,2278,2372,2945
  Eastern and South-Eastern Asia,   Austria,1067,1228,530,607,537,621
  Eastern and South-Eastern Asia,   Belgium,1218,1416,548,638,670,778
  Eastern and South-Eastern Asia,   France*,17798,21691,9279,11098,8519,10593
  Eastern and South-Eastern Asia,   Germany,15941,18306,9487,10578,6454,7728
  Eastern and South-Eastern Asia,   Liechtenstein,0,0,0,0,0,0
  Eastern and South-Eastern Asia,   Luxembourg,0,0,0,0,0,0
  Eastern and South-Eastern Asia,   Monaco,0,0,0,0,0,0
  Eastern and South-Eastern Asia,   Netherlands*,10511,11249,6412,6815,4099,4434
  Eastern and South-Eastern Asia,   Switzerland,3773,4167,2362,2568,1411,1599
  Eastern and South-Eastern Asia,   Anguilla*,0,0,0,0,0,0
  Eastern and South-Eastern Asia,   Antigua and Barbuda,0,0,0,0,0,0
  Eastern and South-Eastern Asia,   Aruba*,63,65,35,37,28,28
  Eastern and South-Eastern Asia,   Bahamas,0,0,0,0,0,0
  Eastern and South-Eastern Asia,   Barbados,0,0,0,0,0,0
  Eastern and South-Eastern Asia,"   Bonaire, Sint Eustatius and Saba*",0,0,0,0,0,0
  Eastern and South-Eastern Asia,   British Virgin Islands*,0,0,0,0,0,0
  Eastern and South-Eastern Asia,   Cayman Islands*,0,0,0,0,0,0
  Eastern and South-Eastern Asia,   Cuba,29,27,17,17,12,10
  Eastern and South-Eastern Asia,   Curaçao*,0,0,0,0,0,0
  Eastern and South-Eastern Asia,   Dominica,0,0,0,0,0,0
  Eastern and South-Eastern Asia,   Dominican Republic,0,0,0,0,0,0
  Eastern and South-Eastern Asia,   Grenada,0,0,0,0,0,0
  Eastern and South-Eastern Asia,   Guadeloupe*,0,0,0,0,0,0
  Eastern and South-Eastern Asia,   Haiti,0,0,0,0,0,0
  Eastern and South-Eastern Asia,   Jamaica,0,0,0,0,0,0
  Eastern and South-Eastern Asia,   Martinique*,0,0,0,0,0,0
  Eastern and South-Eastern Asia,   Montserrat*,0,0,0,0,0,0
  Eastern and South-Eastern Asia,   Puerto Rico*,51,53,23,25,28,28
  Eastern and South-Eastern Asia,   Saint Barthélemy*,0,0,0,0,0,0
  Eastern and South-Eastern Asia,   Saint Kitts and Nevis,0,0,0,0,0,0
  Eastern and South-Eastern Asia,   Saint Lucia,0,0,0,0,0,0
  Eastern and South-Eastern Asia,   Saint Martin (French part)*,0,0,0,0,0,0
  Eastern and South-Eastern Asia,   Saint Vincent and the Grenadines,0,0,0,0,0,0
  Eastern and South-Eastern Asia,   Sint Maarten (Dutch part)*,0,0,0,0,0,0
  Eastern and South-Eastern Asia,   Trinidad and Tobago,0,0,0,0,0,0
  Eastern and South-Eastern Asia,   Turks and Caicos Islands*,0,0,0,0,0,0
  Eastern and South-Eastern Asia,   United States Virgin Islands*,0,0,0,0,0,0
  Eastern and South-Eastern Asia,   Belize,0,0,0,0,0,0
  Eastern and South-Eastern Asia,   Costa Rica,39,40,39,40,0,0
  Eastern and South-Eastern Asia,   El Salvador,0,0,0,0,0,0
  Eastern and South-Eastern Asia,   Guatemala,34,35,13,15,21,20
  Eastern and South-Eastern Asia,   Honduras,0,0,0,0,0,0
  Eastern and South-Eastern Asia,   Mexico,2286,2887,1043,1314,1243,1573
  Eastern and South-Eastern Asia,   Nicaragua,0,0,0,0,0,0
  Eastern and South-Eastern Asia,   Panama,0,0,0,0,0,0
  Eastern and South-Eastern Asia,   Argentina,3072,3784,1393,1713,1679,2071
  Eastern and South-Eastern Asia,   Bolivia (Plurinational State of),35,36,18,20,17,16
  Eastern and South-Eastern Asia,   Brazil,229401,265492,122477,141226,106924,124266
  Eastern and South-Eastern Asia,   Chile,93,97,39,41,54,56
  Eastern and South-Eastern Asia,   Colombia,125,131,90,95,35,36
  Eastern and South-Eastern Asia,   Ecuador,459,487,227,242,232,245
  Eastern and South-Eastern Asia,   Falkland Islands (Malvinas)*,0,0,0,0,0,0
  Eastern and South-Eastern Asia,   French Guiana*,0,0,0,0,0,0
  Eastern and South-Eastern Asia,   Guyana,0,0,0,0,0,0
  Eastern and South-Eastern Asia,   Paraguay,0,0,0,0,0,0
  Eastern and South-Eastern Asia,   Peru,57966,60173,27785,28939,30181,31234
  Eastern and South-Eastern Asia,   Suriname,125,131,62,67,63,64
  Eastern and South-Eastern Asia,   Uruguay,1,0,1,0,0,0
  Eastern and South-Eastern Asia,   Venezuela (Bolivarian Republic of),0,0,0,0,0,0
  Eastern and South-Eastern Asia,   Bermuda*,0,0,0,0,0,0
  Eastern and South-Eastern Asia,   Canada,56760,67768,33699,39387,23061,28381
  Eastern and South-Eastern Asia,   Greenland*,0,0,0,0,0,0
  Eastern and South-Eastern Asia,   Saint Pierre and Miquelon*,0,0,0,0,0,0
  Eastern and South-Eastern Asia,   United States of America*,212667,238135,126102,142704,86565,95431
  Eastern and South-Eastern Asia,   Australia*,60119,66080,33325,37235,26794,28845
  Eastern and South-Eastern Asia,   New Zealand*,15798,18052,8622,10203,7176,7849
  Eastern and South-Eastern Asia,   Fiji,0,0,0,0,0,0
  Eastern and South-Eastern Asia,   New Caledonia*,0,0,0,0,0,0
  Eastern and South-Eastern Asia,   Papua New Guinea,60,62,27,28,33,34
  Eastern and South-Eastern Asia,   Solomon Islands,0,0,0,0,0,0
  Eastern and South-Eastern Asia,   Vanuatu,0,0,0,0,0,0
  Eastern and South-Eastern Asia,   Guam*,1008,1071,451,481,557,590
  Eastern and South-Eastern Asia,   Kiribati,0,0,0,0,0,0
  Eastern and South-Eastern Asia,   Marshall Islands,0,0,0,0,0,0
  Eastern and South-Eastern Asia,   Micronesia (Fed. States of),0,0,0,0,0,0
  Eastern and South-Eastern Asia,   Nauru,0,0,0,0,0,0
  Eastern and South-Eastern Asia,   Northern Mariana Islands*,0,0,0,0,0,0
  Eastern and South-Eastern Asia,   Palau,34,35,15,17,19,18
  Eastern and South-Eastern Asia,   American Samoa*,0,0,0,0,0,0
  Eastern and South-Eastern Asia,   Cook Islands*,0,0,0,0,0,0
  Eastern and South-Eastern Asia,   French Polynesia*,0,0,0,0,0,0
  Eastern and South-Eastern Asia,   Niue*,0,0,0,0,0,0
  Eastern and South-Eastern Asia,   Samoa,0,0,0,0,0,0
  Eastern and South-Eastern Asia,   Tokelau*,0,0,0,0,0,0
  Eastern and South-Eastern Asia,   Tonga,0,0,0,0,0,0
  Eastern and South-Eastern Asia,   Tuvalu,0,0,0,0,0,0
  Eastern and South-Eastern Asia,   Wallis and Futuna Islands*,0,0,0,0,0,0
  Latin America and the Caribbean,WORLD,9441503,14794623,4738649,7473421,4702854,7321202
  Latin America and the Caribbean,  Sub-Saharan Africa,30799,39576,19154,25718,11645,13858
  Latin America and the Caribbean,  Northern Africa and Western Asia,73550,80477,44539,49005,29011,31472
  Latin America and the Caribbean,  Central and Southern Asia,19851,30246,13080,22078,6771,8168
  Latin America and the Caribbean,  Eastern and South-Eastern Asia,257140,300861,143343,172456,113797,128405
  Latin America and the Caribbean,  Latin America and the Caribbean,6166726,11297173,3040982,5626827,3125744,5670346
  Latin America and the Caribbean,  Oceania (excluding Australia and New Zealand),172,179,98,106,74,73
  Latin America and the Caribbean,  Australia and New Zealand,4551,5451,2715,3309,1836,2142
  Latin America and the Caribbean,  Europe and Northern America,2473848,2648939,1257645,1366537,1216203,1282402
  Latin America and the Caribbean,  Developed regions,2554631,2739482,1299410,1414526,1255221,1324956
  Latin America and the Caribbean,  Less developed regions,6472006,11663420,3222146,5851510,3249860,5811910
  Latin America and the Caribbean," Less developed regions, excluding least developed countries",5844693,10763261,2829290,5292971,3015403,5470290
  Latin America and the Caribbean," Less developed regions, excluding China",6336453,11497992,3142086,5751383,3194367,5746609
  Latin America and the Caribbean,  Least developed countries,627313,900159,392856,558539,234457,341620
  Latin America and the Caribbean,  Land-locked Developing Countries (LLDC),1284210,1394221,602112,653671,682098,740550
  Latin America and the Caribbean,  Small island developing States (SIDS),1090305,1439985,602936,804772,487369,635213
  Latin America and the Caribbean,  High-income countries,3147187,3360068,1590658,1724050,1556529,1636018
  Latin America and the Caribbean,  Middle-income countries,5207201,10099478,2518286,4967502,2688915,5131976
  Latin America and the Caribbean, Upper-middle-income countries,4125774,8799078,1989365,4322648,2136409,4476430
  Latin America and the Caribbean, Lower-middle-income countries,1081427,1300400,528921,644854,552506,655546
  Latin America and the Caribbean,  Low-income countries,636121,905926,397404,558605,238717,347321
  Latin America and the Caribbean, AFRICA,39533,48791,24019,30958,15514,17833
  Latin America and the Caribbean,  Eastern Africa,4029,4229,1667,1806,2362,2423
  Latin America and the Caribbean,  Middle Africa,10862,13934,6077,8334,4785,5600
  Latin America and the Caribbean,  Northern Africa,8734,9215,4865,5240,3869,3975
  Latin America and the Caribbean,  Southern Africa,2903,3208,1913,2145,990,1063
  Latin America and the Caribbean,  Western Africa,13005,18205,9497,13433,3508,4772
  Latin America and the Caribbean, ASIA,341807,402369,196097,238299,145710,164070
  Latin America and the Caribbean,  Central Asia,147,150,36,40,111,110
  Latin America and the Caribbean,  Eastern Asia,243598,285746,135793,163792,107805,121954
  Latin America and the Caribbean,  South-Eastern Asia,13542,15115,7550,8664,5992,6451
  Latin America and the Caribbean,  Southern Asia,19704,30096,13044,22038,6660,8058
  Latin America and the Caribbean,  Western Asia,64816,71262,39674,43765,25142,27497
  Latin America and the Caribbean, EUROPE,1291715,1355886,663122,704491,628593,651395
  Latin America and the Caribbean,  Eastern Europe,52879,56427,23967,26273,28912,30154
  Latin America and the Caribbean,  Northern Europe,57581,64623,31036,35704,26545,28919
  Latin America and the Caribbean,  Southern Europe,855748,895094,440448,465663,415300,429431
  Latin America and the Caribbean,  Western Europe,325507,339742,167671,176851,157836,162891
  Latin America and the Caribbean, LATIN AMERICA AND THE CARIBBEAN,6166726,11297173,3040982,5626827,3125744,5670346
  Latin America and the Caribbean,  Caribbean,993471,1335731,555895,753206,437576,582525
  Latin America and the Caribbean,  Central America,691735,827876,327439,402979,364296,424897
  Latin America and the Caribbean,  South America,4481520,9133566,2157648,4470642,2323872,4662924
  Latin America and the Caribbean, NORTHERN AMERICA,1182133,1293053,594523,662046,587610,631007
  Latin America and the Caribbean, OCEANIA ,4723,5630,2813,3415,1910,2215
  Latin America and the Caribbean,  Australia and New Zealand,4551,5451,2715,3309,1836,2142
  Latin America and the Caribbean,  Melanesia,14,12,10,9,4,3
  Latin America and the Caribbean,  Micronesia,133,143,79,88,54,55
  Latin America and the Caribbean,  Polynesia*,25,24,9,9,16,15
  Latin America and the Caribbean,   Burundi,28,30,25,27,3,3
  Latin America and the Caribbean,   Comoros,0,0,0,0,0,0
  Latin America and the Caribbean,   Djibouti,0,0,0,0,0,0
  Latin America and the Caribbean,   Eritrea,28,25,15,14,13,11
  Latin America and the Caribbean,   Ethiopia,256,254,134,135,122,119
  Latin America and the Caribbean,   Kenya,203,215,73,84,130,131
  Latin America and the Caribbean,   Madagascar,58,59,10,11,48,48
  Latin America and the Caribbean,   Malawi,19,18,11,11,8,7
  Latin America and the Caribbean,   Mauritius*,0,0,0,0,0,0
  Latin America and the Caribbean,   Mayotte*,0,0,0,0,0,0
  Latin America and the Caribbean,   Mozambique,1739,1875,750,833,989,1042
  Latin America and the Caribbean,   Réunion*,1184,1219,365,381,819,838
  Latin America and the Caribbean,   Rwanda,19,19,16,17,3,2
  Latin America and the Caribbean,   Seychelles,35,37,35,37,0,0
  Latin America and the Caribbean,   Somalia,45,44,9,9,36,35
  Latin America and the Caribbean,   South Sudan,0,0,0,0,0,0
  Latin America and the Caribbean,   Uganda,98,103,51,56,47,47
  Latin America and the Caribbean,   United Republic of Tanzania*,129,137,66,74,63,63
  Latin America and the Caribbean,   Zambia,13,13,8,9,5,4
  Latin America and the Caribbean,   Zimbabwe,175,181,99,108,76,73
  Latin America and the Caribbean,   Angola,7895,8534,4013,4444,3882,4090
  Latin America and the Caribbean,   Cameroon,294,312,185,203,109,109
  Latin America and the Caribbean,   Central African Republic,219,230,144,154,75,76
  Latin America and the Caribbean,   Chad,3,3,3,3,0,0
  Latin America and the Caribbean,   Congo,152,156,116,121,36,35
  Latin America and the Caribbean,   Democratic Republic of the Congo,2128,4517,1549,3333,579,1184
  Latin America and the Caribbean,   Equatorial Guinea,65,70,16,20,49,50
  Latin America and the Caribbean,   Gabon,37,39,36,38,1,1
  Latin America and the Caribbean,   Sao Tome and Principe,69,73,15,18,54,55
  Latin America and the Caribbean,   Algeria,1342,1417,723,780,619,637
  Latin America and the Caribbean,   Egypt,4585,4921,2511,2761,2074,2160
  Latin America and the Caribbean,   Libya,351,358,210,219,141,139
  Latin America and the Caribbean,   Morocco,2285,2348,1289,1346,996,1002
  Latin America and the Caribbean,   Sudan,12,11,12,11,0,0
  Latin America and the Caribbean,   Tunisia,159,160,120,123,39,37
  Latin America and the Caribbean,   Western Sahara,0,0,0,0,0,0
  Latin America and the Caribbean,   Botswana,14,13,9,9,5,4
  Latin America and the Caribbean,   Eswatini,13,12,6,6,7,6
  Latin America and the Caribbean,   Lesotho,0,0,0,0,0,0
  Latin America and the Caribbean,   Namibia,59,63,48,52,11,11
  Latin America and the Caribbean,   South Africa,2817,3120,1850,2078,967,1042
  Latin America and the Caribbean,   Benin,34,34,21,22,13,12
  Latin America and the Caribbean,   Burkina Faso,41,42,15,15,26,27
  Latin America and the Caribbean,   Cabo Verde,1553,1684,671,750,882,934
  Latin America and the Caribbean,   Côte d'Ivoire,422,455,306,334,116,121
  Latin America and the Caribbean,   Gambia,33,34,28,30,5,4
  Latin America and the Caribbean,   Ghana,255,2639,181,1845,74,794
  Latin America and the Caribbean,   Guinea,79,83,45,50,34,33
  Latin America and the Caribbean,   Guinea-Bissau,1105,1199,732,805,373,394
  Latin America and the Caribbean,   Liberia,44,45,24,25,20,20
  Latin America and the Caribbean,   Mali,9,8,7,7,2,1
  Latin America and the Caribbean,   Mauritania,2,1,0,0,2,1
  Latin America and the Caribbean,   Niger,46,50,46,50,0,0
  Latin America and the Caribbean,   Nigeria,3475,4889,2422,3509,1053,1380
  Latin America and the Caribbean,   Saint Helena*,420,502,229,277,191,225
  Latin America and the Caribbean,   Senegal,5464,6519,4747,5693,717,826
  Latin America and the Caribbean,   Sierra Leone,10,9,10,9,0,0
  Latin America and the Caribbean,   Togo,13,12,13,12,0,0
  Latin America and the Caribbean,   Kazakhstan,68,71,14,16,54,55
  Latin America and the Caribbean,   Kyrgyzstan,6,5,3,3,3,2
  Latin America and the Caribbean,   Tajikistan,10,9,8,8,2,1
  Latin America and the Caribbean,   Turkmenistan,25,27,7,8,18,19
  Latin America and the Caribbean,   Uzbekistan,38,38,4,5,34,33
  Latin America and the Caribbean,   China*,131093,160260,77660,97247,53433,63013
  Latin America and the Caribbean,"   China, Hong Kong SAR*",4459,5167,2399,2879,2060,2288
  Latin America and the Caribbean,"   China, Macao SAR*",1,1,1,1,0,0
  Latin America and the Caribbean,"   China, Taiwan Province of China*",0,0,0,0,0,0
  Latin America and the Caribbean,   Dem. People's Republic of Korea,2630,2906,1625,1836,1005,1070
  Latin America and the Caribbean,   Japan,76232,85092,39050,44680,37182,40412
  Latin America and the Caribbean,   Mongolia,17,19,11,14,6,5
  Latin America and the Caribbean,   Republic of Korea,29166,32301,15047,17135,14119,15166
  Latin America and the Caribbean,   Brunei Darussalam,168,181,12,18,156,163
  Latin America and the Caribbean,   Cambodia,177,184,93,98,84,86
  Latin America and the Caribbean,   Indonesia,1675,1857,836,958,839,899
  Latin America and the Caribbean,   Lao People's Democratic Republic,1143,1248,561,612,582,636
  Latin America and the Caribbean,   Malaysia*,399,451,205,244,194,207
  Latin America and the Caribbean,   Myanmar,133,154,117,138,16,16
  Latin America and the Caribbean,   Philippines,8048,9139,4780,5570,3268,3569
  Latin America and the Caribbean,   Singapore,260,280,89,104,171,176
  Latin America and the Caribbean,   Thailand,1046,1132,595,659,451,473
  Latin America and the Caribbean,   Timor-Leste,58,62,10,1,48,61
  Latin America and the Caribbean,   Viet Nam,435,427,252,262,183,165
  Latin America and the Caribbean,   Afghanistan,256,316,142,183,114,133
  Latin America and the Caribbean,   Bangladesh,184,5528,162,5505,22,23
  Latin America and the Caribbean,   Bhutan,12,12,11,11,1,1
  Latin America and the Caribbean,   India,16504,19415,10972,13302,5532,6113
  Latin America and the Caribbean,   Iran (Islamic Republic of),1712,1881,1062,1199,650,682
  Latin America and the Caribbean,   Maldives,12,12,0,0,12,12
  Latin America and the Caribbean,   Nepal,74,78,69,74,5,4
  Latin America and the Caribbean,   Pakistan,905,2809,598,1736,307,1073
  Latin America and the Caribbean,   Sri Lanka,45,45,28,28,17,17
  Latin America and the Caribbean,   Armenia,807,820,436,451,371,369
  Latin America and the Caribbean,   Azerbaijan*,5,4,2,2,3,2
  Latin America and the Caribbean,   Bahrain,65,66,58,59,7,7
  Latin America and the Caribbean,   Cyprus*,68,64,33,32,35,32
  Latin America and the Caribbean,   Georgia*,161,175,86,101,75,74
  Latin America and the Caribbean,   Iraq,870,967,564,636,306,331
  Latin America and the Caribbean,   Israel,8187,9287,4983,5764,3204,3523
  Latin America and the Caribbean,   Jordan,1961,2061,1361,1466,600,595
  Latin America and the Caribbean,   Kuwait,101,96,45,42,56,54
  Latin America and the Caribbean,   Lebanon,25567,26697,15784,16651,9783,10046
  Latin America and the Caribbean,   Oman,26,27,16,17,10,10
  Latin America and the Caribbean,   Qatar,5,4,4,3,1,1
  Latin America and the Caribbean,   Saudi Arabia,2438,2426,1689,1689,749,737
  Latin America and the Caribbean,   State of Palestine*,1050,1065,620,641,430,424
  Latin America and the Caribbean,   Syrian Arab Republic,21669,25550,12881,15001,8788,10549
  Latin America and the Caribbean,   Turkey,1767,1883,1064,1160,703,723
  Latin America and the Caribbean,   United Arab Emirates,39,40,39,40,0,0
  Latin America and the Caribbean,   Yemen,30,30,9,10,21,20
  Latin America and the Caribbean,   Belarus,325,328,156,160,169,168
  Latin America and the Caribbean,   Bulgaria,1588,1711,785,882,803,829
  Latin America and the Caribbean,   Czechia,3605,3757,1659,1772,1946,1985
  Latin America and the Caribbean,   Hungary,4491,4706,2112,2259,2379,2447
  Latin America and the Caribbean,   Poland,16349,17364,7583,8221,8766,9143
  Latin America and the Caribbean,   Republic of Moldova*,480,482,225,228,255,254
  Latin America and the Caribbean,   Romania,6025,6536,2764,3079,3261,3457
  Latin America and the Caribbean,   Russian Federation,11887,12947,4847,5517,7040,7430
  Latin America and the Caribbean,   Slovakia,508,548,227,257,281,291
  Latin America and the Caribbean,   Ukraine*,7621,8048,3609,3898,4012,4150
  Latin America and the Caribbean,   Channel Islands*,126,148,43,54,83,94
  Latin America and the Caribbean,   Denmark*,2090,2427,1287,1514,803,913
  Latin America and the Caribbean,   Estonia,357,379,110,126,247,253
  Latin America and the Caribbean,   Faroe Islands*,0,0,0,0,0,0
  Latin America and the Caribbean,   Finland*,1243,1384,578,674,665,710
  Latin America and the Caribbean,   Iceland,591,649,389,437,202,212
  Latin America and the Caribbean,   Ireland,1596,1884,958,1143,638,741
  Latin America and the Caribbean,   Isle of Man*,3,2,3,2,0,0
  Latin America and the Caribbean,   Latvia,466,474,161,167,305,307
  Latin America and the Caribbean,   Lithuania,1404,1470,453,489,951,981
  Latin America and the Caribbean,   Norway*,1663,1868,1049,1202,614,666
  Latin America and the Caribbean,   Sweden,3232,3720,1900,2231,1332,1489
  Latin America and the Caribbean,   United Kingdom*,44810,50218,24105,27665,20705,22553
  Latin America and the Caribbean,   Albania,163,161,91,95,72,66
  Latin America and the Caribbean,   Andorra,13,14,13,14,0,0
  Latin America and the Caribbean,   Bosnia and Herzegovina,121,123,62,66,59,57
  Latin America and the Caribbean,   Croatia,2458,2607,1258,1372,1200,1235
  Latin America and the Caribbean,   Gibraltar*,18,18,5,5,13,13
  Latin America and the Caribbean,   Greece,4484,4759,2665,2879,1819,1880
  Latin America and the Caribbean,   Holy See*,0,0,0,0,0,0
  Latin America and the Caribbean,   Italy,295752,298783,153616,156499,142136,142284
  Latin America and the Caribbean,   Malta,87,104,73,91,14,13
  Latin America and the Caribbean,   Montenegro,301,284,146,137,155,147
  Latin America and the Caribbean,   North Macedonia,1601,1636,759,785,842,851
  Latin America and the Caribbean,   Portugal,224649,236099,117033,124459,107616,111640
  Latin America and the Caribbean,   San Marino,57,59,14,15,43,44
  Latin America and the Caribbean,   Serbia*,1519,1524,673,676,846,848
  Latin America and the Caribbean,   Slovenia,1213,1254,624,656,589,598
  Latin America and the Caribbean,   Spain*,323312,347669,163416,177914,159896,169755
  Latin America and the Caribbean,   Austria,6763,7280,3370,3723,3393,3557
  Latin America and the Caribbean,   Belgium,7502,8505,4379,5052,3123,3453
  Latin America and the Caribbean,   France*,185902,194065,90839,95391,95063,98674
  Latin America and the Caribbean,   Germany,81194,80610,43655,43972,37539,36638
  Latin America and the Caribbean,   Liechtenstein,101,102,73,74,28,28
  Latin America and the Caribbean,   Luxembourg,196,214,93,107,103,107
  Latin America and the Caribbean,   Monaco,159,171,56,64,103,107
  Latin America and the Caribbean,   Netherlands*,29708,33166,16649,18785,13059,14381
  Latin America and the Caribbean,   Switzerland,13982,15629,8557,9683,5425,5946
  Latin America and the Caribbean,   Anguilla*,1493,1515,780,794,713,721
  Latin America and the Caribbean,   Antigua and Barbuda,7763,7933,3553,3636,4210,4297
  Latin America and the Caribbean,   Aruba*,4258,4592,1786,1947,2472,2645
  Latin America and the Caribbean,   Bahamas,1564,1648,799,853,765,795
  Latin America and the Caribbean,   Barbados,4634,4873,2375,2596,2259,2277
  Latin America and the Caribbean,"   Bonaire, Sint Eustatius and Saba*",3099,3524,1345,1559,1754,1965
  Latin America and the Caribbean,   British Virgin Islands*,3992,4065,1747,1781,2245,2284
  Latin America and the Caribbean,   Cayman Islands*,131,131,76,78,55,53
  Latin America and the Caribbean,   Cuba,70131,110555,36745,60534,33386,50021
  Latin America and the Caribbean,   Curaçao*,5341,5687,2734,2894,2607,2793
  Latin America and the Caribbean,   Dominica,20920,20787,9093,8993,11827,11794
  Latin America and the Caribbean,   Dominican Republic,116191,145936,48976,59753,67215,86183
  Latin America and the Caribbean,   Grenada,10722,11654,4756,5905,5966,5749
  Latin America and the Caribbean,   Guadeloupe*,10481,10813,3977,4158,6504,6655
  Latin America and the Caribbean,   Haiti,605494,868445,379090,535950,226404,332495
  Latin America and the Caribbean,   Jamaica,34751,37747,14492,15966,20259,21781
  Latin America and the Caribbean,   Martinique*,11994,12228,5200,5282,6794,6946
  Latin America and the Caribbean,   Montserrat*,3054,3157,1516,1572,1538,1585
  Latin America and the Caribbean,   Puerto Rico*,14542,15328,7715,8218,6827,7110
  Latin America and the Caribbean,   Saint Barthélemy*,0,0,0,0,0,0
  Latin America and the Caribbean,   Saint Kitts and Nevis,11774,12114,5506,5679,6268,6435
  Latin America and the Caribbean,   Saint Lucia,13113,13471,5834,6077,7279,7394
  Latin America and the Caribbean,   Saint Martin (French part)*,0,0,0,0,0,0
  Latin America and the Caribbean,   Saint Vincent and the Grenadines,15400,16603,7066,8199,8334,8404
  Latin America and the Caribbean,   Sint Maarten (Dutch part)*,1793,1945,874,953,919,992
  Latin America and the Caribbean,   Trinidad and Tobago,16103,16286,7413,7428,8690,8858
  Latin America and the Caribbean,   Turks and Caicos Islands*,1585,1695,639,685,946,1010
  Latin America and the Caribbean,   United States Virgin Islands*,3148,2999,1808,1716,1340,1283
  Latin America and the Caribbean,   Belize,5144,5635,2573,2845,2571,2790
  Latin America and the Caribbean,   Costa Rica,30608,34188,15103,17144,15505,17044
  Latin America and the Caribbean,   El Salvador,69997,83569,29205,35730,40792,47839
  Latin America and the Caribbean,   Guatemala,88762,97570,42448,47147,46314,50423
  Latin America and the Caribbean,   Honduras,65560,94543,29821,42961,35739,51582
  Latin America and the Caribbean,   Mexico,72149,86799,37869,45573,34280,41226
  Latin America and the Caribbean,   Nicaragua,337326,400268,158974,198069,178352,202199
  Latin America and the Caribbean,   Panama,22189,25304,11446,13510,10743,11794
  Latin America and the Caribbean,   Argentina,275296,331629,142889,171485,132407,160144
  Latin America and the Caribbean,   Bolivia (Plurinational State of),542979,638440,271151,313659,271828,324781
  Latin America and the Caribbean,   Brazil,236791,265651,117360,132167,119431,133484
  Latin America and the Caribbean,   Chile,291395,306240,140754,150292,150641,155948
  Latin America and the Caribbean,   Colombia,1389675,1454013,671330,703374,718345,750639
  Latin America and the Caribbean,   Ecuador,95867,123527,47499,61234,48368,62293
  Latin America and the Caribbean,   Falkland Islands (Malvinas)*,52,54,26,31,26,23
  Latin America and the Caribbean,   French Guiana*,4219,4276,1701,1748,2518,2528
  Latin America and the Caribbean,   Guyana,61244,64810,29774,32391,31470,32419
  Latin America and the Caribbean,   Paraguay,735736,750040,328135,337005,407601,413035
  Latin America and the Caribbean,   Peru,459723,556177,217315,271776,242408,284401
  Latin America and the Caribbean,   Suriname,30084,33607,14250,15925,15834,17682
  Latin America and the Caribbean,   Uruguay,183014,187104,88972,91934,94042,95170
  Latin America and the Caribbean,   Venezuela (Bolivarian Republic of),175445,4417998,86492,2187621,88953,2230377
  Latin America and the Caribbean,   Bermuda*,143,145,86,89,57,56
  Latin America and the Caribbean,   Canada,40607,46593,21843,25911,18764,20682
  Latin America and the Caribbean,   Greenland*,403,451,213,240,190,211
  Latin America and the Caribbean,   Saint Pierre and Miquelon*,111,122,62,70,49,52
  Latin America and the Caribbean,   United States of America*,1140869,1245742,572319,635736,568550,610006
  Latin America and the Caribbean,   Australia*,3635,4393,2153,2647,1482,1746
  Latin America and the Caribbean,   New Zealand*,916,1058,562,662,354,396
  Latin America and the Caribbean,   Fiji,2,2,0,0,2,2
  Latin America and the Caribbean,   New Caledonia*,0,0,0,0,0,0
  Latin America and the Caribbean,   Papua New Guinea,2,1,2,1,0,0
  Latin America and the Caribbean,   Solomon Islands,2,1,0,0,2,1
  Latin America and the Caribbean,   Vanuatu,8,8,8,8,0,0
  Latin America and the Caribbean,   Guam*,5,6,2,3,3,3
  Latin America and the Caribbean,   Kiribati,100,108,63,70,37,38
  Latin America and the Caribbean,   Marshall Islands,0,0,0,0,0,0
  Latin America and the Caribbean,   Micronesia (Fed. States of),4,4,0,0,4,4
  Latin America and the Caribbean,   Nauru,0,0,0,0,0,0
  Latin America and the Caribbean,   Northern Mariana Islands*,0,0,0,0,0,0
  Latin America and the Caribbean,   Palau,24,25,14,15,10,10
  Latin America and the Caribbean,   American Samoa*,0,0,0,0,0,0
  Latin America and the Caribbean,   Cook Islands*,8,8,2,2,6,6
  Latin America and the Caribbean,   French Polynesia*,0,0,0,0,0,0
  Latin America and the Caribbean,   Niue*,2,1,0,0,2,1
  Latin America and the Caribbean,   Samoa,0,0,0,0,0,0
  Latin America and the Caribbean,   Tokelau*,0,0,0,0,0,0
  Latin America and the Caribbean,   Tonga,0,0,0,0,0,0
  Latin America and the Caribbean,   Tuvalu,4,4,2,2,2,2
  Latin America and the Caribbean,   Wallis and Futuna Islands*,11,11,5,5,6,6
  Oceania (excluding Australia and New Zealand),WORLD,302810,313069,160348,165505,142462,147564
  Oceania (excluding Australia and New Zealand),  Sub-Saharan Africa,66,54,47,40,19,14
  Oceania (excluding Australia and New Zealand),  Northern Africa and Western Asia,2440,2546,1329,1383,1111,1163
  Oceania (excluding Australia and New Zealand),  Central and Southern Asia,5849,6020,3490,3613,2359,2407
  Oceania (excluding Australia and New Zealand),  Eastern and South-Eastern Asia,80083,82715,40628,41896,39455,40819
  Oceania (excluding Australia and New Zealand),  Latin America and the Caribbean,4861,5094,2407,2527,2454,2567
  Oceania (excluding Australia and New Zealand),  Oceania (excluding Australia and New Zealand),67700,69783,34236,35269,33464,34514
  Oceania (excluding Australia and New Zealand),  Australia and New Zealand,21043,21372,12562,12745,8481,8627
  Oceania (excluding Australia and New Zealand),  Europe and Northern America,97412,101312,53803,55821,43609,45491
  Oceania (excluding Australia and New Zealand),  Developed regions,121702,126045,68106,70365,53596,55680
  Oceania (excluding Australia and New Zealand),  Less developed regions,157752,162851,80396,82929,77356,79922
  Oceania (excluding Australia and New Zealand)," Less developed regions, excluding least developed countries",146871,151564,74618,76931,72253,74633
  Oceania (excluding Australia and New Zealand)," Less developed regions, excluding China",149316,154219,76854,79288,72462,74931
  Oceania (excluding Australia and New Zealand),  Least developed countries,10881,11287,5778,5998,5103,5289
  Oceania (excluding Australia and New Zealand),  Land-locked Developing Countries (LLDC),715,749,343,357,372,392
  Oceania (excluding Australia and New Zealand),  Small island developing States (SIDS),61289,62921,31263,32112,30026,30809
  Oceania (excluding Australia and New Zealand),  High-income countries,142778,147904,78747,81398,64031,66506
  Oceania (excluding Australia and New Zealand),  Middle-income countries,125249,128897,64281,66124,60968,62773
  Oceania (excluding Australia and New Zealand), Upper-middle-income countries,48290,48703,24102,24382,24188,24321
  Oceania (excluding Australia and New Zealand), Lower-middle-income countries,76959,80194,40179,41742,36780,38452
  Oceania (excluding Australia and New Zealand),  Low-income countries,0,0,0,0,0,0
  Oceania (excluding Australia and New Zealand), AFRICA,2506,2600,1376,1423,1130,1177
  Oceania (excluding Australia and New Zealand),  Eastern Africa,66,54,47,40,19,14
  Oceania (excluding Australia and New Zealand),  Middle Africa,0,0,0,0,0,0
  Oceania (excluding Australia and New Zealand),  Northern Africa,2440,2546,1329,1383,1111,1163
  Oceania (excluding Australia and New Zealand),  Southern Africa,0,0,0,0,0,0
  Oceania (excluding Australia and New Zealand),  Western Africa,0,0,0,0,0,0
  Oceania (excluding Australia and New Zealand), ASIA,85932,88735,44118,45509,41814,43226
  Oceania (excluding Australia and New Zealand),  Central Asia,0,0,0,0,0,0
  Oceania (excluding Australia and New Zealand),  Eastern Asia,16335,16808,7587,7830,8748,8978
  Oceania (excluding Australia and New Zealand),  South-Eastern Asia,63748,65907,33041,34066,30707,31841
  Oceania (excluding Australia and New Zealand),  Southern Asia,5849,6020,3490,3613,2359,2407
  Oceania (excluding Australia and New Zealand),  Western Asia,0,0,0,0,0,0
  Oceania (excluding Australia and New Zealand), EUROPE,71230,74042,39875,41334,31355,32708
  Oceania (excluding Australia and New Zealand),  Eastern Europe,26,25,21,22,5,3
  Oceania (excluding Australia and New Zealand),  Northern Europe,2356,2372,1381,1401,975,971
  Oceania (excluding Australia and New Zealand),  Southern Europe,598,617,414,427,184,190
  Oceania (excluding Australia and New Zealand),  Western Europe,68250,71028,38059,39484,30191,31544
  Oceania (excluding Australia and New Zealand), LATIN AMERICA AND THE CARIBBEAN,4861,5094,2407,2527,2454,2567
  Oceania (excluding Australia and New Zealand),  Caribbean,4861,5094,2407,2527,2454,2567
  Oceania (excluding Australia and New Zealand),  Central America,0,0,0,0,0,0
  Oceania (excluding Australia and New Zealand),  South America,0,0,0,0,0,0
  Oceania (excluding Australia and New Zealand), NORTHERN AMERICA,26182,27270,13928,14487,12254,12783
  Oceania (excluding Australia and New Zealand), OCEANIA ,88743,91155,46798,48014,41945,43141
  Oceania (excluding Australia and New Zealand),  Australia and New Zealand,21043,21372,12562,12745,8481,8627
  Oceania (excluding Australia and New Zealand),  Melanesia,12281,12567,6352,6515,5929,6052
  Oceania (excluding Australia and New Zealand),  Micronesia,21672,22707,10947,11445,10725,11262
  Oceania (excluding Australia and New Zealand),  Polynesia*,33747,34509,16937,17309,16810,17200
  Oceania (excluding Australia and New Zealand),   Burundi,0,0,0,0,0,0
  Oceania (excluding Australia and New Zealand),   Comoros,0,0,0,0,0,0
  Oceania (excluding Australia and New Zealand),   Djibouti,0,0,0,0,0,0
  Oceania (excluding Australia and New Zealand),   Eritrea,0,0,0,0,0,0
  Oceania (excluding Australia and New Zealand),   Ethiopia,0,0,0,0,0,0
  Oceania (excluding Australia and New Zealand),   Kenya,0,0,0,0,0,0
  Oceania (excluding Australia and New Zealand),   Madagascar,0,0,0,0,0,0
  Oceania (excluding Australia and New Zealand),   Malawi,0,0,0,0,0,0
  Oceania (excluding Australia and New Zealand),   Mauritius*,0,0,0,0,0,0
  Oceania (excluding Australia and New Zealand),   Mayotte*,38,27,26,18,12,9
  Oceania (excluding Australia and New Zealand),   Mozambique,0,0,0,0,0,0
  Oceania (excluding Australia and New Zealand),   Réunion*,0,0,0,0,0,0
  Oceania (excluding Australia and New Zealand),   Rwanda,0,0,0,0,0,0
  Oceania (excluding Australia and New Zealand),   Seychelles,0,0,0,0,0,0
  Oceania (excluding Australia and New Zealand),   Somalia,0,0,0,0,0,0
  Oceania (excluding Australia and New Zealand),   South Sudan,0,0,0,0,0,0
  Oceania (excluding Australia and New Zealand),   Uganda,0,0,0,0,0,0
  Oceania (excluding Australia and New Zealand),   United Republic of Tanzania*,28,27,21,22,7,5
  Oceania (excluding Australia and New Zealand),   Zambia,0,0,0,0,0,0
  Oceania (excluding Australia and New Zealand),   Zimbabwe,0,0,0,0,0,0
  Oceania (excluding Australia and New Zealand),   Angola,0,0,0,0,0,0
  Oceania (excluding Australia and New Zealand),   Cameroon,0,0,0,0,0,0
  Oceania (excluding Australia and New Zealand),   Central African Republic,0,0,0,0,0,0
  Oceania (excluding Australia and New Zealand),   Chad,0,0,0,0,0,0
  Oceania (excluding Australia and New Zealand),   Congo,0,0,0,0,0,0
  Oceania (excluding Australia and New Zealand),   Democratic Republic of the Congo,0,0,0,0,0,0
  Oceania (excluding Australia and New Zealand),   Equatorial Guinea,0,0,0,0,0,0
  Oceania (excluding Australia and New Zealand),   Gabon,0,0,0,0,0,0
  Oceania (excluding Australia and New Zealand),   Sao Tome and Principe,0,0,0,0,0,0
  Oceania (excluding Australia and New Zealand),   Algeria,1267,1302,731,749,536,553
  Oceania (excluding Australia and New Zealand),   Egypt,0,0,0,0,0,0
  Oceania (excluding Australia and New Zealand),   Libya,0,0,0,0,0,0
  Oceania (excluding Australia and New Zealand),   Morocco,548,581,282,299,266,282
  Oceania (excluding Australia and New Zealand),   Sudan,0,0,0,0,0,0
  Oceania (excluding Australia and New Zealand),   Tunisia,625,663,316,335,309,328
  Oceania (excluding Australia and New Zealand),   Western Sahara,0,0,0,0,0,0
  Oceania (excluding Australia and New Zealand),   Botswana,0,0,0,0,0,0
  Oceania (excluding Australia and New Zealand),   Eswatini,0,0,0,0,0,0
  Oceania (excluding Australia and New Zealand),   Lesotho,0,0,0,0,0,0
  Oceania (excluding Australia and New Zealand),   Namibia,0,0,0,0,0,0
  Oceania (excluding Australia and New Zealand),   South Africa,0,0,0,0,0,0
  Oceania (excluding Australia and New Zealand),   Benin,0,0,0,0,0,0
  Oceania (excluding Australia and New Zealand),   Burkina Faso,0,0,0,0,0,0
  Oceania (excluding Australia and New Zealand),   Cabo Verde,0,0,0,0,0,0
  Oceania (excluding Australia and New Zealand),   Côte d'Ivoire,0,0,0,0,0,0
  Oceania (excluding Australia and New Zealand),   Gambia,0,0,0,0,0,0
  Oceania (excluding Australia and New Zealand),   Ghana,0,0,0,0,0,0
  Oceania (excluding Australia and New Zealand),   Guinea,0,0,0,0,0,0
  Oceania (excluding Australia and New Zealand),   Guinea-Bissau,0,0,0,0,0,0
  Oceania (excluding Australia and New Zealand),   Liberia,0,0,0,0,0,0
  Oceania (excluding Australia and New Zealand),   Mali,0,0,0,0,0,0
  Oceania (excluding Australia and New Zealand),   Mauritania,0,0,0,0,0,0
  Oceania (excluding Australia and New Zealand),   Niger,0,0,0,0,0,0
  Oceania (excluding Australia and New Zealand),   Nigeria,0,0,0,0,0,0
  Oceania (excluding Australia and New Zealand),   Saint Helena*,0,0,0,0,0,0
  Oceania (excluding Australia and New Zealand),   Senegal,0,0,0,0,0,0
  Oceania (excluding Australia and New Zealand),   Sierra Leone,0,0,0,0,0,0
  Oceania (excluding Australia and New Zealand),   Togo,0,0,0,0,0,0
  Oceania (excluding Australia and New Zealand),   Kazakhstan,0,0,0,0,0,0
  Oceania (excluding Australia and New Zealand),   Kyrgyzstan,0,0,0,0,0,0
  Oceania (excluding Australia and New Zealand),   Tajikistan,0,0,0,0,0,0
  Oceania (excluding Australia and New Zealand),   Turkmenistan,0,0,0,0,0,0
  Oceania (excluding Australia and New Zealand),   Uzbekistan,0,0,0,0,0,0
  Oceania (excluding Australia and New Zealand),   China*,8415,8612,3528,3627,4887,4985
  Oceania (excluding Australia and New Zealand),"   China, Hong Kong SAR*",21,20,14,14,7,6
  Oceania (excluding Australia and New Zealand),"   China, Macao SAR*",0,0,0,0,0,0
  Oceania (excluding Australia and New Zealand),"   China, Taiwan Province of China*",0,0,0,0,0,0
  Oceania (excluding Australia and New Zealand),   Dem. People's Republic of Korea,0,0,0,0,0,0
  Oceania (excluding Australia and New Zealand),   Japan,3247,3361,1741,1799,1506,1562
  Oceania (excluding Australia and New Zealand),   Mongolia,0,0,0,0,0,0
  Oceania (excluding Australia and New Zealand),   Republic of Korea,4652,4815,2304,2390,2348,2425
  Oceania (excluding Australia and New Zealand),   Brunei Darussalam,0,0,0,0,0,0
  Oceania (excluding Australia and New Zealand),   Cambodia,551,584,226,239,325,345
  Oceania (excluding Australia and New Zealand),   Indonesia,14551,14670,7526,7620,7025,7050
  Oceania (excluding Australia and New Zealand),   Lao People's Democratic Republic,590,625,242,256,348,369
  Oceania (excluding Australia and New Zealand),   Malaysia*,187,183,109,109,78,74
  Oceania (excluding Australia and New Zealand),   Myanmar,0,0,0,0,0,0
  Oceania (excluding Australia and New Zealand),   Philippines,46670,48595,24376,25256,22294,23339
  Oceania (excluding Australia and New Zealand),   Singapore,51,50,33,34,18,16
  Oceania (excluding Australia and New Zealand),   Thailand,0,0,0,0,0,0
  Oceania (excluding Australia and New Zealand),   Timor-Leste,0,0,0,0,0,0
  Oceania (excluding Australia and New Zealand),   Viet Nam,1148,1200,529,552,619,648
  Oceania (excluding Australia and New Zealand),   Afghanistan,0,0,0,0,0,0
  Oceania (excluding Australia and New Zealand),   Bangladesh,1736,1769,1090,1109,646,660
  Oceania (excluding Australia and New Zealand),   Bhutan,0,0,0,0,0,0
  Oceania (excluding Australia and New Zealand),   India,1674,1692,947,959,727,733
  Oceania (excluding Australia and New Zealand),   Iran (Islamic Republic of),372,356,274,268,98,88
  Oceania (excluding Australia and New Zealand),   Maldives,0,0,0,0,0,0
  Oceania (excluding Australia and New Zealand),   Nepal,125,124,101,101,24,23
  Oceania (excluding Australia and New Zealand),   Pakistan,1824,1867,984,1008,840,859
  Oceania (excluding Australia and New Zealand),   Sri Lanka,118,212,94,168,24,44
  Oceania (excluding Australia and New Zealand),   Armenia,0,0,0,0,0,0
  Oceania (excluding Australia and New Zealand),   Azerbaijan*,0,0,0,0,0,0
  Oceania (excluding Australia and New Zealand),   Bahrain,0,0,0,0,0,0
  Oceania (excluding Australia and New Zealand),   Cyprus*,0,0,0,0,0,0
  Oceania (excluding Australia and New Zealand),   Georgia*,0,0,0,0,0,0
  Oceania (excluding Australia and New Zealand),   Iraq,0,0,0,0,0,0
  Oceania (excluding Australia and New Zealand),   Israel,0,0,0,0,0,0
  Oceania (excluding Australia and New Zealand),   Jordan,0,0,0,0,0,0
  Oceania (excluding Australia and New Zealand),   Kuwait,0,0,0,0,0,0
  Oceania (excluding Australia and New Zealand),   Lebanon,0,0,0,0,0,0
  Oceania (excluding Australia and New Zealand),   Oman,0,0,0,0,0,0
  Oceania (excluding Australia and New Zealand),   Qatar,0,0,0,0,0,0
  Oceania (excluding Australia and New Zealand),   Saudi Arabia,0,0,0,0,0,0
  Oceania (excluding Australia and New Zealand),   State of Palestine*,0,0,0,0,0,0
  Oceania (excluding Australia and New Zealand),   Syrian Arab Republic,0,0,0,0,0,0
  Oceania (excluding Australia and New Zealand),   Turkey,0,0,0,0,0,0
  Oceania (excluding Australia and New Zealand),   United Arab Emirates,0,0,0,0,0,0
  Oceania (excluding Australia and New Zealand),   Yemen,0,0,0,0,0,0
  Oceania (excluding Australia and New Zealand),   Belarus,0,0,0,0,0,0
  Oceania (excluding Australia and New Zealand),   Bulgaria,0,0,0,0,0,0
  Oceania (excluding Australia and New Zealand),   Czechia,0,0,0,0,0,0
  Oceania (excluding Australia and New Zealand),   Hungary,0,0,0,0,0,0
  Oceania (excluding Australia and New Zealand),   Poland,0,0,0,0,0,0
  Oceania (excluding Australia and New Zealand),   Republic of Moldova*,0,0,0,0,0,0
  Oceania (excluding Australia and New Zealand),   Romania,0,0,0,0,0,0
  Oceania (excluding Australia and New Zealand),   Russian Federation,26,25,21,22,5,3
  Oceania (excluding Australia and New Zealand),   Slovakia,0,0,0,0,0,0
  Oceania (excluding Australia and New Zealand),   Ukraine*,0,0,0,0,0,0
  Oceania (excluding Australia and New Zealand),   Channel Islands*,0,0,0,0,0,0
  Oceania (excluding Australia and New Zealand),   Denmark*,0,0,0,0,0,0
  Oceania (excluding Australia and New Zealand),   Estonia,0,0,0,0,0,0
  Oceania (excluding Australia and New Zealand),   Faroe Islands*,0,0,0,0,0,0
  Oceania (excluding Australia and New Zealand),   Finland*,0,0,0,0,0,0
  Oceania (excluding Australia and New Zealand),   Iceland,0,0,0,0,0,0
  Oceania (excluding Australia and New Zealand),   Ireland,42,41,20,21,22,20
  Oceania (excluding Australia and New Zealand),   Isle of Man*,0,0,0,0,0,0
  Oceania (excluding Australia and New Zealand),   Latvia,0,0,0,0,0,0
  Oceania (excluding Australia and New Zealand),   Lithuania,0,0,0,0,0,0
  Oceania (excluding Australia and New Zealand),   Norway*,0,0,0,0,0,0
  Oceania (excluding Australia and New Zealand),   Sweden,0,0,0,0,0,0
  Oceania (excluding Australia and New Zealand),   United Kingdom*,2314,2331,1361,1380,953,951
  Oceania (excluding Australia and New Zealand),   Albania,0,0,0,0,0,0
  Oceania (excluding Australia and New Zealand),   Andorra,0,0,0,0,0,0
  Oceania (excluding Australia and New Zealand),   Bosnia and Herzegovina,0,0,0,0,0,0
  Oceania (excluding Australia and New Zealand),   Croatia,0,0,0,0,0,0
  Oceania (excluding Australia and New Zealand),   Gibraltar*,0,0,0,0,0,0
  Oceania (excluding Australia and New Zealand),   Greece,0,0,0,0,0,0
  Oceania (excluding Australia and New Zealand),   Holy See*,0,0,0,0,0,0
  Oceania (excluding Australia and New Zealand),   Italy,411,425,301,311,110,114
  Oceania (excluding Australia and New Zealand),   Malta,0,0,0,0,0,0
  Oceania (excluding Australia and New Zealand),   Montenegro,0,0,0,0,0,0
  Oceania (excluding Australia and New Zealand),   North Macedonia,0,0,0,0,0,0
  Oceania (excluding Australia and New Zealand),   Portugal,0,0,0,0,0,0
  Oceania (excluding Australia and New Zealand),   San Marino,0,0,0,0,0,0
  Oceania (excluding Australia and New Zealand),   Serbia*,0,0,0,0,0,0
  Oceania (excluding Australia and New Zealand),   Slovenia,0,0,0,0,0,0
  Oceania (excluding Australia and New Zealand),   Spain*,187,192,113,116,74,76
  Oceania (excluding Australia and New Zealand),   Austria,0,0,0,0,0,0
  Oceania (excluding Australia and New Zealand),   Belgium,0,0,0,0,0,0
  Oceania (excluding Australia and New Zealand),   France*,67716,70496,37666,39091,30050,31405
  Oceania (excluding Australia and New Zealand),   Germany,397,394,274,273,123,121
  Oceania (excluding Australia and New Zealand),   Liechtenstein,0,0,0,0,0,0
  Oceania (excluding Australia and New Zealand),   Luxembourg,0,0,0,0,0,0
  Oceania (excluding Australia and New Zealand),   Monaco,0,0,0,0,0,0
  Oceania (excluding Australia and New Zealand),   Netherlands*,17,18,13,14,4,4
  Oceania (excluding Australia and New Zealand),   Switzerland,120,120,106,106,14,14
  Oceania (excluding Australia and New Zealand),   Anguilla*,0,0,0,0,0,0
  Oceania (excluding Australia and New Zealand),   Antigua and Barbuda,0,0,0,0,0,0
  Oceania (excluding Australia and New Zealand),   Aruba*,0,0,0,0,0,0
  Oceania (excluding Australia and New Zealand),   Bahamas,0,0,0,0,0,0
  Oceania (excluding Australia and New Zealand),   Barbados,0,0,0,0,0,0
  Oceania (excluding Australia and New Zealand),"   Bonaire, Sint Eustatius and Saba*",0,0,0,0,0,0
  Oceania (excluding Australia and New Zealand),   British Virgin Islands*,0,0,0,0,0,0
  Oceania (excluding Australia and New Zealand),   Cayman Islands*,0,0,0,0,0,0
  Oceania (excluding Australia and New Zealand),   Cuba,0,0,0,0,0,0
  Oceania (excluding Australia and New Zealand),   Curaçao*,0,0,0,0,0,0
  Oceania (excluding Australia and New Zealand),   Dominica,0,0,0,0,0,0
  Oceania (excluding Australia and New Zealand),   Dominican Republic,0,0,0,0,0,0
  Oceania (excluding Australia and New Zealand),   Grenada,0,0,0,0,0,0
  Oceania (excluding Australia and New Zealand),   Guadeloupe*,0,0,0,0,0,0
  Oceania (excluding Australia and New Zealand),   Haiti,0,0,0,0,0,0
  Oceania (excluding Australia and New Zealand),   Jamaica,0,0,0,0,0,0
  Oceania (excluding Australia and New Zealand),   Martinique*,0,0,0,0,0,0
  Oceania (excluding Australia and New Zealand),   Montserrat*,0,0,0,0,0,0
  Oceania (excluding Australia and New Zealand),   Puerto Rico*,4861,5094,2407,2527,2454,2567
  Oceania (excluding Australia and New Zealand),   Saint Barthélemy*,0,0,0,0,0,0
  Oceania (excluding Australia and New Zealand),   Saint Kitts and Nevis,0,0,0,0,0,0
  Oceania (excluding Australia and New Zealand),   Saint Lucia,0,0,0,0,0,0
  Oceania (excluding Australia and New Zealand),   Saint Martin (French part)*,0,0,0,0,0,0
  Oceania (excluding Australia and New Zealand),   Saint Vincent and the Grenadines,0,0,0,0,0,0
  Oceania (excluding Australia and New Zealand),   Sint Maarten (Dutch part)*,0,0,0,0,0,0
  Oceania (excluding Australia and New Zealand),   Trinidad and Tobago,0,0,0,0,0,0
  Oceania (excluding Australia and New Zealand),   Turks and Caicos Islands*,0,0,0,0,0,0
  Oceania (excluding Australia and New Zealand),   United States Virgin Islands*,0,0,0,0,0,0
  Oceania (excluding Australia and New Zealand),   Belize,0,0,0,0,0,0
  Oceania (excluding Australia and New Zealand),   Costa Rica,0,0,0,0,0,0
  Oceania (excluding Australia and New Zealand),   El Salvador,0,0,0,0,0,0
  Oceania (excluding Australia and New Zealand),   Guatemala,0,0,0,0,0,0
  Oceania (excluding Australia and New Zealand),   Honduras,0,0,0,0,0,0
  Oceania (excluding Australia and New Zealand),   Mexico,0,0,0,0,0,0
  Oceania (excluding Australia and New Zealand),   Nicaragua,0,0,0,0,0,0
  Oceania (excluding Australia and New Zealand),   Panama,0,0,0,0,0,0
  Oceania (excluding Australia and New Zealand),   Argentina,0,0,0,0,0,0
  Oceania (excluding Australia and New Zealand),   Bolivia (Plurinational State of),0,0,0,0,0,0
  Oceania (excluding Australia and New Zealand),   Brazil,0,0,0,0,0,0
  Oceania (excluding Australia and New Zealand),   Chile,0,0,0,0,0,0
  Oceania (excluding Australia and New Zealand),   Colombia,0,0,0,0,0,0
  Oceania (excluding Australia and New Zealand),   Ecuador,0,0,0,0,0,0
  Oceania (excluding Australia and New Zealand),   Falkland Islands (Malvinas)*,0,0,0,0,0,0
  Oceania (excluding Australia and New Zealand),   French Guiana*,0,0,0,0,0,0
  Oceania (excluding Australia and New Zealand),   Guyana,0,0,0,0,0,0
  Oceania (excluding Australia and New Zealand),   Paraguay,0,0,0,0,0,0
  Oceania (excluding Australia and New Zealand),   Peru,0,0,0,0,0,0
  Oceania (excluding Australia and New Zealand),   Suriname,0,0,0,0,0,0
  Oceania (excluding Australia and New Zealand),   Uruguay,0,0,0,0,0,0
  Oceania (excluding Australia and New Zealand),   Venezuela (Bolivarian Republic of),0,0,0,0,0,0
  Oceania (excluding Australia and New Zealand),   Bermuda*,0,0,0,0,0,0
  Oceania (excluding Australia and New Zealand),   Canada,372,370,264,266,108,104
  Oceania (excluding Australia and New Zealand),   Greenland*,0,0,0,0,0,0
  Oceania (excluding Australia and New Zealand),   Saint Pierre and Miquelon*,0,0,0,0,0,0
  Oceania (excluding Australia and New Zealand),   United States of America*,25810,26900,13664,14221,12146,12679
  Oceania (excluding Australia and New Zealand),   Australia*,13177,13317,8328,8424,4849,4893
  Oceania (excluding Australia and New Zealand),   New Zealand*,7866,8055,4234,4321,3632,3734
  Oceania (excluding Australia and New Zealand),   Fiji,2673,2734,1438,1481,1235,1253
  Oceania (excluding Australia and New Zealand),   New Caledonia*,3546,3551,1799,1804,1747,1747
  Oceania (excluding Australia and New Zealand),   Papua New Guinea,688,671,372,364,316,307
  Oceania (excluding Australia and New Zealand),   Solomon Islands,1118,1141,642,661,476,480
  Oceania (excluding Australia and New Zealand),   Vanuatu,4256,4470,2101,2205,2155,2265
  Oceania (excluding Australia and New Zealand),   Guam*,999,1009,462,458,537,551
  Oceania (excluding Australia and New Zealand),   Kiribati,1597,1639,862,889,735,750
  Oceania (excluding Australia and New Zealand),   Marshall Islands,372,383,184,192,188,191
  Oceania (excluding Australia and New Zealand),   Micronesia (Fed. States of),12396,13032,6263,6570,6133,6462
  Oceania (excluding Australia and New Zealand),   Nauru,1483,1595,743,795,740,800
  Oceania (excluding Australia and New Zealand),   Northern Mariana Islands*,2532,2664,1296,1354,1236,1310
  Oceania (excluding Australia and New Zealand),   Palau,2293,2385,1137,1187,1156,1198
  Oceania (excluding Australia and New Zealand),   American Samoa*,1402,1329,718,684,684,645
  Oceania (excluding Australia and New Zealand),   Cook Islands*,44,41,20,20,24,21
  Oceania (excluding Australia and New Zealand),   French Polynesia*,664,701,467,492,197,209
  Oceania (excluding Australia and New Zealand),   Niue*,22,21,15,16,7,5
  Oceania (excluding Australia and New Zealand),   Samoa,16604,16669,8315,8349,8289,8320
  Oceania (excluding Australia and New Zealand),   Tokelau*,111,104,54,52,57,52
  Oceania (excluding Australia and New Zealand),   Tonga,2808,2834,1496,1514,1312,1320
  Oceania (excluding Australia and New Zealand),   Tuvalu,880,908,493,516,387,392
  Oceania (excluding Australia and New Zealand),   Wallis and Futuna Islands*,11212,11902,5359,5666,5853,6236
  Australia and New Zealand,WORLD,7769466,9067584,3846117,4480351,3923349,4587233
  Australia and New Zealand,  Sub-Saharan Africa,430302,504945,216390,252742,213912,252203
  Australia and New Zealand,  Northern Africa and Western Asia,376683,439410,197710,230761,178973,208649
  Australia and New Zealand,  Central and Southern Asia,937913,1241100,509557,676776,428356,564324
  Australia and New Zealand,  Eastern and South-Eastern Asia,1904449,2361394,854826,1057477,1049623,1303917
  Australia and New Zealand,  Latin America and the Caribbean,159787,209475,77186,100853,82601,108622
  Australia and New Zealand,  Oceania (excluding Australia and New Zealand),283916,319996,138085,155254,145831,164742
  Australia and New Zealand,  Australia and New Zealand,640591,696555,327826,354848,312765,341707
  Australia and New Zealand,  Europe and Northern America,2904774,3136402,1461513,1568549,1443261,1567853
  Australia and New Zealand,  Developed regions,3603595,3902982,1810225,1948834,1793370,1954148
  Australia and New Zealand,  Less developed regions,4034820,5006295,1972868,2448426,2061952,2557869
  Australia and New Zealand," Less developed regions, excluding least developed countries",3681497,4564617,1788117,2215040,1893380,2349577
  Australia and New Zealand," Less developed regions, excluding China",3328184,4086761,1647944,2026425,1680240,2060336
  Australia and New Zealand,  Least developed countries,353323,441678,184751,233386,168572,208292
  Australia and New Zealand,  Land-locked Developing Countries (LLDC),271549,339810,142363,179913,129186,159897
  Australia and New Zealand,  Small island developing States (SIDS),398564,447858,193850,216482,204714,231376
  Australia and New Zealand,  High-income countries,3874747,4224660,1945725,2109393,1929022,2115267
  Australia and New Zealand,  Middle-income countries,3587529,4470771,1745302,2173979,1842227,2296792
  Australia and New Zealand, Upper-middle-income countries,1952793,2399850,927540,1136318,1025253,1263532
  Australia and New Zealand, Lower-middle-income countries,1634736,2070921,817762,1037661,816974,1033260
  Australia and New Zealand,  Low-income countries,146834,185156,77546,99677,69288,85479
  Australia and New Zealand, AFRICA,503256,585073,254730,294829,248526,290244
  Australia and New Zealand,  Eastern Africa,161525,187620,80988,93271,80537,94349
  Australia and New Zealand,  Middle Africa,7040,8737,3607,4459,3433,4278
  Australia and New Zealand,  Northern Africa,72954,80128,38340,42087,34614,38041
  Australia and New Zealand,  Southern Africa,237076,277311,118147,137726,118929,139585
  Australia and New Zealand,  Western Africa,24661,31277,13648,17286,11013,13991
  Australia and New Zealand, ASIA,3146091,3961776,1523753,1922927,1622338,2038849
  Australia and New Zealand,  Central Asia,4510,5389,1820,2175,2690,3214
  Australia and New Zealand,  Eastern Asia,901056,1149596,410717,523960,490339,625636
  Australia and New Zealand,  South-Eastern Asia,1003393,1211798,444109,533517,559284,678281
  Australia and New Zealand,  Southern Asia,933403,1235711,507737,674601,425666,561110
  Australia and New Zealand,  Western Asia,303729,359282,159370,188674,144359,170608
  Australia and New Zealand, EUROPE,2714704,2909353,1366819,1458457,1347885,1450896
  Australia and New Zealand,  Eastern Europe,176977,194868,79638,86907,97339,107961
  Australia and New Zealand,  Northern Europe,1622399,1734126,824396,879516,798003,854610
  Australia and New Zealand,  Southern Europe,596652,624909,303781,315618,292871,309291
  Australia and New Zealand,  Western Europe,318676,355450,159004,176416,159672,179034
  Australia and New Zealand, LATIN AMERICA AND THE CARIBBEAN,159787,209475,77186,100853,82601,108622
  Australia and New Zealand,  Caribbean,6069,6593,3193,3377,2876,3216
  Australia and New Zealand,  Central America,19290,22048,9469,10718,9821,11330
  Australia and New Zealand,  South America,134428,180834,64524,86758,69904,94076
  Australia and New Zealand, NORTHERN AMERICA,190070,227049,94694,110092,95376,116957
  Australia and New Zealand, OCEANIA ,924507,1016551,465911,510102,458596,506449
  Australia and New Zealand,  Australia and New Zealand,640591,696555,327826,354848,312765,341707
  Australia and New Zealand,  Melanesia,134054,152722,64097,72759,69957,79963
  Australia and New Zealand,  Micronesia,3083,4096,1450,1930,1633,2166
  Australia and New Zealand,  Polynesia*,146779,163178,72538,80565,74241,82613
  Australia and New Zealand,   Burundi,2390,2789,1228,1422,1162,1367
  Australia and New Zealand,   Comoros,0,0,0,0,0,0
  Australia and New Zealand,   Djibouti,190,214,99,113,91,101
  Australia and New Zealand,   Eritrea,4660,5879,2308,2940,2352,2939
  Australia and New Zealand,   Ethiopia,14317,17471,7025,8544,7292,8927
  Australia and New Zealand,   Kenya,21434,26512,10705,13024,10729,13488
  Australia and New Zealand,   Madagascar,290,343,116,134,174,209
  Australia and New Zealand,   Malawi,1400,1658,698,827,702,831
  Australia and New Zealand,   Mauritius*,28660,31947,14323,15853,14337,16094
  Australia and New Zealand,   Mayotte*,0,0,0,0,0,0
  Australia and New Zealand,   Mozambique,1010,1108,501,542,509,566
  Australia and New Zealand,   Réunion*,220,268,99,125,121,143
  Australia and New Zealand,   Rwanda,980,1173,480,547,500,626
  Australia and New Zealand,   Seychelles,3030,3231,1395,1472,1635,1759
  Australia and New Zealand,   Somalia,9797,11320,4794,5486,5003,5834
  Australia and New Zealand,   South Sudan,7480,9510,4171,5106,3309,4404
  Australia and New Zealand,   Uganda,3800,4480,1936,2247,1864,2233
  Australia and New Zealand,   United Republic of Tanzania*,4500,5061,2410,2676,2090,2385
  Australia and New Zealand,   Zambia,8781,9747,4354,4800,4427,4947
  Australia and New Zealand,   Zimbabwe,48586,54909,24346,27413,24240,27496
  Australia and New Zealand,   Angola,560,602,293,324,267,278
  Australia and New Zealand,   Cameroon,450,548,268,331,182,217
  Australia and New Zealand,   Central African Republic,30,42,18,23,12,19
  Australia and New Zealand,   Chad,70,63,40,34,30,29
  Australia and New Zealand,   Congo,1610,1884,809,880,801,1004
  Australia and New Zealand,   Democratic Republic of the Congo,4270,5535,2150,2833,2120,2702
  Australia and New Zealand,   Equatorial Guinea,0,0,0,0,0,0
  Australia and New Zealand,   Gabon,50,63,29,34,21,29
  Australia and New Zealand,   Sao Tome and Principe,0,0,0,0,0,0
  Australia and New Zealand,   Algeria,1600,1776,982,1051,618,725
  Australia and New Zealand,   Egypt,46004,51031,24118,26740,21886,24291
  Australia and New Zealand,   Libya,2790,3079,1500,1649,1290,1430
  Australia and New Zealand,   Morocco,2170,2497,1206,1375,964,1122
  Australia and New Zealand,   Sudan,19730,20992,10142,10851,9588,10141
  Australia and New Zealand,   Tunisia,660,753,392,421,268,332
  Australia and New Zealand,   Western Sahara,0,0,0,0,0,0
  Australia and New Zealand,   Botswana,1320,1539,668,763,652,776
  Australia and New Zealand,   Eswatini,390,408,181,197,209,211
  Australia and New Zealand,   Lesotho,150,160,83,83,67,77
  Australia and New Zealand,   Namibia,1430,1668,713,824,717,844
  Australia and New Zealand,   South Africa,233786,273536,116502,135859,117284,137677
  Australia and New Zealand,   Benin,110,117,76,84,34,33
  Australia and New Zealand,   Burkina Faso,60,63,34,34,26,29
  Australia and New Zealand,   Cabo Verde,40,42,23,23,17,19
  Australia and New Zealand,   Côte d'Ivoire,600,688,313,355,287,333
  Australia and New Zealand,   Gambia,130,138,77,90,53,48
  Australia and New Zealand,   Ghana,5900,7194,3264,4000,2636,3194
  Australia and New Zealand,   Guinea,940,1129,487,546,453,583
  Australia and New Zealand,   Guinea-Bissau,20,20,12,12,8,8
  Australia and New Zealand,   Liberia,3520,3973,1699,1897,1821,2076
  Australia and New Zealand,   Mali,80,96,45,50,35,46
  Australia and New Zealand,   Mauritania,60,63,34,34,26,29
  Australia and New Zealand,   Niger,30,42,18,23,12,19
  Australia and New Zealand,   Nigeria,8360,12354,5073,7431,3287,4923
  Australia and New Zealand,   Saint Helena*,21,20,13,13,8,7
  Australia and New Zealand,   Senegal,430,483,277,275,153,208
  Australia and New Zealand,   Sierra Leone,3990,4447,2010,2217,1980,2230
  Australia and New Zealand,   Togo,370,408,193,202,177,206
  Australia and New Zealand,   Kazakhstan,1920,2304,722,839,1198,1465
  Australia and New Zealand,   Kyrgyzstan,490,602,190,225,300,377
  Australia and New Zealand,   Tajikistan,160,171,59,71,101,100
  Australia and New Zealand,   Turkmenistan,100,127,29,35,71,92
  Australia and New Zealand,   Uzbekistan,1840,2185,820,1005,1020,1180
  Australia and New Zealand,   China*,601472,797439,273773,362690,327699,434749
  Australia and New Zealand,"   China, Hong Kong SAR*",102384,118801,49917,57797,52467,61004
  Australia and New Zealand,"   China, Macao SAR*",2780,3294,1234,1514,1546,1780
  Australia and New Zealand,"   China, Taiwan Province of China*",0,0,0,0,0,0
  Australia and New Zealand,   Dem. People's Republic of Korea,220,268,99,134,121,134
  Australia and New Zealand,   Japan,58230,70025,20886,25437,37344,44588
  Australia and New Zealand,   Mongolia,1780,3854,792,1798,988,2056
  Australia and New Zealand,   Republic of Korea,134190,155915,64016,74590,70174,81325
  Australia and New Zealand,   Brunei Darussalam,2890,3294,1406,1587,1484,1707
  Australia and New Zealand,   Cambodia,41246,46900,19152,21597,22094,25303
  Australia and New Zealand,   Indonesia,82105,96333,36353,42407,45752,53926
  Australia and New Zealand,   Lao People's Democratic Republic,11030,11912,5232,5577,5798,6335
  Australia and New Zealand,   Malaysia*,160411,198603,76513,95028,83898,103575
  Australia and New Zealand,   Myanmar,34360,41262,17064,21091,17296,20171
  Australia and New Zealand,   Philippines,279886,356715,115107,147631,164779,209084
  Australia and New Zealand,   Singapore,65059,73173,30907,34039,34152,39134
  Australia and New Zealand,   Thailand,74423,93497,25985,32253,48438,61244
  Australia and New Zealand,   Timor-Leste,10000,10555,5019,5276,4981,5279
  Australia and New Zealand,   Viet Nam,241983,279554,111371,127031,130612,152523
  Australia and New Zealand,   Afghanistan,52090,64706,29816,39144,22274,25562
  Australia and New Zealand,   Bangladesh,44620,55559,24752,30850,19868,24709
  Australia and New Zealand,   Bhutan,5850,7937,3017,4037,2833,3900
  Australia and New Zealand,   India,518840,701770,280359,376767,238481,325003
  Australia and New Zealand,   Iran (Islamic Republic of),64891,79073,34281,42978,30610,36095
  Australia and New Zealand,   Maldives,610,656,284,306,326,350
  Australia and New Zealand,   Nepal,51615,83242,28843,45793,22772,37449
  Australia and New Zealand,   Pakistan,65231,88396,39423,53486,25808,34910
  Australia and New Zealand,   Sri Lanka,129656,154372,66962,81240,62694,73132
  Australia and New Zealand,   Armenia,1460,1658,638,750,822,908
  Australia and New Zealand,   Azerbaijan*,650,753,273,340,377,413
  Australia and New Zealand,   Bahrain,1730,2055,933,1123,797,932
  Australia and New Zealand,   Cyprus*,20100,20884,9995,10300,10105,10584
  Australia and New Zealand,   Georgia*,620,720,296,334,324,386
  Australia and New Zealand,   Iraq,76568,96679,39569,50029,36999,46650
  Australia and New Zealand,   Israel,11240,12666,6356,7112,4884,5554
  Australia and New Zealand,   Jordan,6530,8012,3660,4470,2870,3542
  Australia and New Zealand,   Kuwait,6580,7754,3928,4630,2652,3124
  Australia and New Zealand,   Lebanon,93290,101508,49037,53450,44253,48058
  Australia and New Zealand,   Oman,1560,2260,836,1294,724,966
  Australia and New Zealand,   Qatar,1100,1507,606,799,494,708
  Australia and New Zealand,   Saudi Arabia,16431,17417,9071,9532,7360,7885
  Australia and New Zealand,   State of Palestine*,3190,3424,1814,1933,1376,1491
  Australia and New Zealand,   Syrian Arab Republic,14170,26291,6922,13133,7248,13158
  Australia and New Zealand,   Turkey,39710,43655,20737,22938,18973,20717
  Australia and New Zealand,   United Arab Emirates,8090,11136,4295,5993,3795,5143
  Australia and New Zealand,   Yemen,710,903,404,514,306,389
  Australia and New Zealand,   Belarus,2180,2433,900,969,1280,1464
  Australia and New Zealand,   Bulgaria,3930,4361,1844,2014,2086,2347
  Australia and New Zealand,   Czechia,14577,16801,6931,7961,7646,8840
  Australia and New Zealand,   Hungary,22541,23805,11207,11667,11334,12138
  Australia and New Zealand,   Poland,56549,60030,24974,26391,31575,33639
  Australia and New Zealand,   Republic of Moldova*,1160,1269,529,554,631,715
  Australia and New Zealand,   Romania,19389,20774,9414,10013,9975,10761
  Australia and New Zealand,   Russian Federation,31439,37411,12775,15168,18664,22243
  Australia and New Zealand,   Slovakia,6720,7366,3143,3409,3577,3957
  Australia and New Zealand,   Ukraine*,18492,20618,7921,8761,10571,11857
  Australia and New Zealand,   Channel Islands*,0,0,0,0,0,0
  Australia and New Zealand,   Denmark*,11695,13135,6055,6706,5640,6429
  Australia and New Zealand,   Estonia,3440,3887,1472,1638,1968,2249
  Australia and New Zealand,   Faroe Islands*,30,20,18,12,12,8
  Australia and New Zealand,   Finland*,9210,9779,3793,3962,5417,5817
  Australia and New Zealand,   Iceland,610,613,333,320,277,293
  Australia and New Zealand,   Ireland,99928,105103,53332,56013,46596,49090
  Australia and New Zealand,   Isle of Man*,810,1000,453,523,357,477
  Australia and New Zealand,   Latvia,4990,5072,2020,2067,2970,3005
  Australia and New Zealand,   Lithuania,3370,3822,1392,1561,1978,2261
  Australia and New Zealand,   Norway*,4360,4748,1961,2175,2399,2573
  Australia and New Zealand,   Sweden,12882,15052,5567,6474,7315,8578
  Australia and New Zealand,   United Kingdom*,1471074,1571895,748000,798065,723074,773830
  Australia and New Zealand,   Albania,3460,3941,1793,2052,1667,1889
  Australia and New Zealand,   Andorra,20,30,12,17,8,13
  Australia and New Zealand,   Bosnia and Herzegovina,36750,38485,18404,19186,18346,19299
  Australia and New Zealand,   Croatia,63615,65511,32241,32839,31374,32672
  Australia and New Zealand,   Gibraltar*,490,515,244,266,246,249
  Australia and New Zealand,   Greece,115820,119831,57050,58397,58770,61434
  Australia and New Zealand,   Holy See*,0,0,0,0,0,0
  Australia and New Zealand,   Italy,200554,210070,104606,108788,95948,101282
  Australia and New Zealand,   Malta,44070,45357,22558,23106,21512,22251
  Australia and New Zealand,   Montenegro,2030,2196,1033,1089,997,1107
  Australia and New Zealand,   North Macedonia,49990,53144,25344,26787,24646,26357
  Australia and New Zealand,   Portugal,19140,20550,9921,10603,9219,9947
  Australia and New Zealand,   San Marino,0,0,0,0,0,0
  Australia and New Zealand,   Serbia*,34923,36878,17436,18240,17487,18638
  Australia and New Zealand,   Slovenia,8060,8454,4080,4183,3980,4271
  Australia and New Zealand,   Spain*,17730,19947,9059,10065,8671,9882
  Australia and New Zealand,   Austria,19330,20323,10076,10574,9254,9749
  Australia and New Zealand,   Belgium,7290,8067,3722,4087,3568,3980
  Australia and New Zealand,   France*,40575,51976,21207,26692,19368,25284
  Australia and New Zealand,   Germany,132547,149642,63579,71547,68968,78095
  Australia and New Zealand,   Liechtenstein,20,20,12,12,8,8
  Australia and New Zealand,   Luxembourg,250,301,115,145,135,156
  Australia and New Zealand,   Monaco,80,96,45,50,35,46
  Australia and New Zealand,   Netherlands*,101209,105343,51319,53205,49890,52138
  Australia and New Zealand,   Switzerland,17375,19682,8929,10104,8446,9578
  Australia and New Zealand,   Anguilla*,0,0,0,0,0,0
  Australia and New Zealand,   Antigua and Barbuda,60,63,34,34,26,29
  Australia and New Zealand,   Aruba*,70,75,40,40,30,35
  Australia and New Zealand,   Bahamas,310,332,144,155,166,177
  Australia and New Zealand,   Barbados,450,483,246,271,204,212
  Australia and New Zealand,"   Bonaire, Sint Eustatius and Saba*",0,0,0,0,0,0
  Australia and New Zealand,   British Virgin Islands*,0,0,0,0,0,0
  Australia and New Zealand,   Cayman Islands*,130,160,67,68,63,92
  Australia and New Zealand,   Cuba,880,990,489,548,391,442
  Australia and New Zealand,   Curaçao*,150,160,65,70,85,90
  Australia and New Zealand,   Dominica,40,42,23,23,17,19
  Australia and New Zealand,   Dominican Republic,210,235,90,85,120,150
  Australia and New Zealand,   Grenada,140,150,75,81,65,69
  Australia and New Zealand,   Guadeloupe*,20,20,12,12,8,8
  Australia and New Zealand,   Haiti,120,138,64,74,56,64
  Australia and New Zealand,   Jamaica,1290,1409,696,738,594,671
  Australia and New Zealand,   Martinique*,40,42,23,23,17,19
  Australia and New Zealand,   Montserrat*,0,0,0,0,0,0
  Australia and New Zealand,   Puerto Rico*,170,204,96,109,74,95
  Australia and New Zealand,   Saint Barthélemy*,0,0,0,0,0,0
  Australia and New Zealand,   Saint Kitts and Nevis,19,18,12,12,7,6
  Australia and New Zealand,   Saint Lucia,13,12,9,9,4,3
  Australia and New Zealand,   Saint Martin (French part)*,0,0,0,0,0,0
  Australia and New Zealand,   Saint Vincent and the Grenadines,47,47,27,28,20,19
  Australia and New Zealand,   Sint Maarten (Dutch part)*,0,0,0,0,0,0
  Australia and New Zealand,   Trinidad and Tobago,1910,2013,981,997,929,1016
  Australia and New Zealand,   Turks and Caicos Islands*,0,0,0,0,0,0
  Australia and New Zealand,   United States Virgin Islands*,0,0,0,0,0,0
  Australia and New Zealand,   Belize,80,85,45,44,35,41
  Australia and New Zealand,   Costa Rica,500,580,254,299,246,281
  Australia and New Zealand,   El Salvador,11350,12310,5565,5984,5785,6326
  Australia and New Zealand,   Guatemala,540,613,258,296,282,317
  Australia and New Zealand,   Honduras,320,343,153,163,167,180
  Australia and New Zealand,   Mexico,5390,6881,2650,3336,2740,3545
  Australia and New Zealand,   Nicaragua,860,947,410,458,450,489
  Australia and New Zealand,   Panama,250,289,134,138,116,151
  Australia and New Zealand,   Argentina,17280,22036,8472,10696,8808,11340
  Australia and New Zealand,   Bolivia (Plurinational State of),1050,1183,500,558,550,625
  Australia and New Zealand,   Brazil,30518,51640,14606,24928,15912,26712
  Australia and New Zealand,   Chile,32683,38578,15983,18833,16700,19745
  Australia and New Zealand,   Colombia,21007,31101,9863,14651,11144,16450
  Australia and New Zealand,   Ecuador,2810,2949,1397,1468,1413,1481
  Australia and New Zealand,   Falkland Islands (Malvinas)*,120,117,60,58,60,59
  Australia and New Zealand,   French Guiana*,20,20,12,12,8,8
  Australia and New Zealand,   Guyana,660,709,312,346,348,363
  Australia and New Zealand,   Paraguay,500,613,234,287,266,326
  Australia and New Zealand,   Peru,11270,12698,4974,5549,6296,7149
  Australia and New Zealand,   Suriname,170,181,71,71,99,110
  Australia and New Zealand,   Uruguay,10580,11449,5129,5506,5451,5943
  Australia and New Zealand,   Venezuela (Bolivarian Republic of),5760,7560,2911,3795,2849,3765
  Australia and New Zealand,   Bermuda*,580,623,290,302,290,321
  Australia and New Zealand,   Canada,62540,73817,29606,34580,32934,39237
  Australia and New Zealand,   Greenland*,0,0,0,0,0,0
  Australia and New Zealand,   Saint Pierre and Miquelon*,0,0,0,0,0,0
  Australia and New Zealand,   United States of America*,126950,152609,64798,75210,62152,77399
  Australia and New Zealand,   Australia*,65161,85289,31511,41245,33650,44044
  Australia and New Zealand,   New Zealand*,575430,611266,296315,313603,279115,297663
  Australia and New Zealand,   Fiji,127415,145131,60958,69202,66457,75929
  Australia and New Zealand,   New Caledonia*,1560,1754,693,795,867,959
  Australia and New Zealand,   Papua New Guinea,1399,1618,677,783,722,835
  Australia and New Zealand,   Solomon Islands,2300,2627,1055,1179,1245,1448
  Australia and New Zealand,   Vanuatu,1380,1592,714,800,666,792
  Australia and New Zealand,   Guam*,120,127,66,65,54,62
  Australia and New Zealand,   Kiribati,2183,3102,992,1437,1191,1665
  Australia and New Zealand,   Marshall Islands,50,52,29,28,21,24
  Australia and New Zealand,   Micronesia (Fed. States of),40,30,23,17,17,13
  Australia and New Zealand,   Nauru,690,785,340,383,350,402
  Australia and New Zealand,   Northern Mariana Islands*,0,0,0,0,0,0
  Australia and New Zealand,   Palau,0,0,0,0,0,0
  Australia and New Zealand,   American Samoa*,120,0,67,0,53,0
  Australia and New Zealand,   Cook Islands*,21500,21054,10669,10431,10831,10623
  Australia and New Zealand,   French Polynesia*,530,590,231,268,299,322
  Australia and New Zealand,   Niue*,5304,5141,2590,2521,2714,2620
  Australia and New Zealand,   Samoa,80420,90701,39459,44525,40961,46176
  Australia and New Zealand,   Tokelau*,2060,2008,1042,1016,1018,992
  Australia and New Zealand,   Tonga,35171,41567,17661,20783,17510,20784
  Australia and New Zealand,   Tuvalu,1674,2117,819,1021,855,1096
  Australia and New Zealand,   Wallis and Futuna Islands*,0,0,0,0,0,0
  Europe and Northern America,WORLD,130392824,145414863,62802000,70300590,67590824,75114273
  Europe and Northern America,  Sub-Saharan Africa,6236418,7596926,3106577,3851730,3129841,3745196
  Europe and Northern America,  Northern Africa and Western Asia,13932575,16297205,7487125,8785027,6445450,7512178
  Europe and Northern America,  Central and Southern Asia,15423946,17224212,7945049,8853775,7478897,8370437
  Europe and Northern America,  Eastern and South-Eastern Asia,13678341,13927899,6091885,6134146,7586456,7793753
  Europe and Northern America,  Latin America and the Caribbean,29467900,30931557,14253840,14741118,15214060,16190439
  Europe and Northern America,  Oceania (excluding Australia and New Zealand),139517,171307,66492,81202,73025,90105
  Europe and Northern America,  Australia and New Zealand,488980,569354,225406,261866,263574,307488
  Europe and Northern America,  Europe and Northern America,47416898,53305121,21817875,24900932,25599023,28404189
  Europe and Northern America,  Developed regions,48410710,54392280,22265964,25387360,26144746,29004920
  Europe and Northern America,  Less developed regions,78373865,85631301,38728285,42222436,39645580,43408865
  Europe and Northern America," Less developed regions, excluding least developed countries",71990601,77897957,35449908,38198093,36540693,39699864
  Europe and Northern America," Less developed regions, excluding China",73409850,80898812,36375483,39992891,37034367,40905921
  Europe and Northern America,  Least developed countries,6383264,7733344,3278377,4024343,3104887,3709001
  Europe and Northern America,  Land-locked Developing Countries (LLDC),12224724,13608876,6069338,6755975,6155386,6852901
  Europe and Northern America,  Small island developing States (SIDS),8475629,9124830,3849623,4124341,4626006,5000489
  Europe and Northern America,  High-income countries,35844115,40303677,16834777,19226192,19009338,21077485
  Europe and Northern America,  Middle-income countries,85786444,92761073,41464977,44652474,44321467,48108599
  Europe and Northern America, Upper-middle-income countries,52870153,56177305,25270572,26669214,27599581,29508091
  Europe and Northern America, Lower-middle-income countries,32916291,36583768,16194405,17983260,16721886,18600508
  Europe and Northern America,  Low-income countries,5123305,6922656,2681050,3715485,2442255,3207171
  Europe and Northern America, AFRICA,12200185,14293031,6346094,7462881,5854091,6830150
  Europe and Northern America,  Eastern Africa,2391532,2894512,1112221,1358261,1279311,1536251
  Europe and Northern America,  Middle Africa,927889,1086280,432903,512178,494986,574102
  Europe and Northern America,  Northern Africa,5963767,6696105,3239517,3611151,2724250,3084954
  Europe and Northern America,  Southern Africa,456409,541065,214711,264892,241698,276173
  Europe and Northern America,  Western Africa,2460588,3075069,1346742,1716399,1113846,1358670
  Europe and Northern America, ASIA,37071095,40753211,18284542,20161797,18786553,20591414
  Europe and Northern America,  Central Asia,6793861,7176645,3313066,3463477,3480795,3713168
  Europe and Northern America,  Eastern Asia,6832923,6635962,3222680,3109013,3610243,3526949
  Europe and Northern America,  South-Eastern Asia,6845418,7291937,2869205,3025133,3976213,4266804
  Europe and Northern America,  Southern Asia,8630085,10047567,4631983,5390298,3998102,4657269
  Europe and Northern America,  Western Asia,7968808,9601100,4247608,5173876,3721200,4427224
  Europe and Northern America, EUROPE,45344493,51116297,20964985,23988895,24379508,27127402
  Europe and Northern America,  Eastern Europe,23108447,26116411,10256687,11741395,12851760,14375016
  Europe and Northern America,  Northern Europe,5177538,5584836,2434227,2653756,2743311,2931080
  Europe and Northern America,  Southern Europe,10223374,12028173,5066878,6090492,5156496,5937681
  Europe and Northern America,  Western Europe,6835134,7386877,3207193,3503252,3627941,3883625
  Europe and Northern America, LATIN AMERICA AND THE CARIBBEAN,29467900,30931557,14253840,14741118,15214060,16190439
  Europe and Northern America,  Caribbean,7117368,7717139,3234465,3486462,3882903,4230677
  Europe and Northern America,  Central America,15573055,15341098,8099017,7894872,7474038,7446226
  Europe and Northern America,  South America,6777477,7873320,2920358,3359784,3857119,4513536
  Europe and Northern America, NORTHERN AMERICA,2072405,2188824,852890,912037,1219515,1276787
  Europe and Northern America, OCEANIA ,628497,740661,291898,343068,336599,397593
  Europe and Northern America,  Australia and New Zealand,488980,569354,225406,261866,263574,307488
  Europe and Northern America,  Melanesia,82389,89732,38635,41827,43754,47905
  Europe and Northern America,  Micronesia,15935,22864,7872,11158,8063,11706
  Europe and Northern America,  Polynesia*,41193,58711,19985,28217,21208,30494
  Europe and Northern America,   Burundi,30174,34642,13970,16044,16204,18598
  Europe and Northern America,   Comoros,38739,42564,17345,19116,21394,23448
  Europe and Northern America,   Djibouti,11397,12805,5458,6109,5939,6696
  Europe and Northern America,   Eritrea,202021,305276,105606,167735,96415,137541
  Europe and Northern America,   Ethiopia,379500,436283,183323,211309,196177,224974
  Europe and Northern America,   Kenya,322476,373879,153333,175932,169143,197947
  Europe and Northern America,   Madagascar,139166,153894,50539,55883,88627,98011
  Europe and Northern America,   Malawi,19330,21890,9270,10422,10060,11468
  Europe and Northern America,   Mauritius*,121865,134101,52725,58041,69140,76060
  Europe and Northern America,   Mayotte*,0,0,0,0,0,0
  Europe and Northern America,   Mozambique,84471,96277,38027,44587,46444,51690
  Europe and Northern America,   Réunion*,307,331,156,170,151,161
  Europe and Northern America,   Rwanda,37129,40767,16853,18438,20276,22329
  Europe and Northern America,   Seychelles,6992,7674,2480,2712,4512,4962
  Europe and Northern America,   Somalia,435729,540924,204084,256072,231645,284852
  Europe and Northern America,   South Sudan,5640,6350,3052,3438,2588,2912
  Europe and Northern America,   Uganda,140887,175619,65339,80128,75548,95491
  Europe and Northern America,   United Republic of Tanzania*,122559,154147,59915,74720,62644,79427
  Europe and Northern America,   Zambia,64921,81463,28456,35058,36465,46405
  Europe and Northern America,   Zimbabwe,228229,275626,102290,122347,125939,153279
  Europe and Northern America,   Angola,234423,273220,108323,129235,126100,143985
  Europe and Northern America,   Cameroon,223916,277665,103745,130788,120171,146877
  Europe and Northern America,   Central African Republic,20480,22702,9700,10809,10780,11893
  Europe and Northern America,   Chad,11861,13733,6608,7807,5253,5926
  Europe and Northern America,   Congo,104181,115056,51343,56822,52838,58234
  Europe and Northern America,   Democratic Republic of the Congo,268185,309456,125695,145030,142490,164426
  Europe and Northern America,   Equatorial Guinea,20758,24361,7948,9113,12810,15248
  Europe and Northern America,   Gabon,24729,27693,11329,12693,13400,15000
  Europe and Northern America,   Sao Tome and Principe,19356,22394,8212,9881,11144,12513
  Europe and Northern America,   Algeria,1742375,1926033,938870,1037461,803505,888572
  Europe and Northern America,   Egypt,531356,603552,315055,357058,216301,246494
  Europe and Northern America,   Libya,84451,107972,44284,58333,40167,49639
  Europe and Northern America,   Morocco,2770042,3061648,1476268,1608678,1293774,1452970
  Europe and Northern America,   Sudan,103199,137881,52912,70500,50287,67381
  Europe and Northern America,   Tunisia,731124,857691,411508,478449,319616,379242
  Europe and Northern America,   Western Sahara,1220,1328,620,672,600,656
  Europe and Northern America,   Botswana,4932,5436,2323,2537,2609,2899
  Europe and Northern America,   Eswatini,2815,3122,1314,1460,1501,1662
  Europe and Northern America,   Lesotho,1224,1362,544,601,680,761
  Europe and Northern America,   Namibia,5000,5809,2298,2652,2702,3157
  Europe and Northern America,   South Africa,442438,525336,208232,257642,234206,267694
  Europe and Northern America,   Benin,31979,37143,17529,20797,14450,16346
  Europe and Northern America,   Burkina Faso,28589,33874,17277,20962,11312,12912
  Europe and Northern America,   Cabo Verde,152159,167504,67276,74932,84883,92572
  Europe and Northern America,   Côte d'Ivoire,183923,223982,89080,112713,94843,111269
  Europe and Northern America,   Gambia,76900,118935,50234,83065,26666,35870
  Europe and Northern America,   Ghana,427430,509861,239375,287339,188055,222522
  Europe and Northern America,   Guinea,98886,136633,53987,79793,44899,56840
  Europe and Northern America,   Guinea-Bissau,41154,51682,23960,31534,17194,20148
  Europe and Northern America,   Liberia,101731,123115,50470,60307,51261,62808
  Europe and Northern America,   Mali,114389,136076,76025,93131,38364,42945
  Europe and Northern America,   Mauritania,31683,34669,21677,23258,10006,11411
  Europe and Northern America,   Niger,11597,13923,6736,8415,4861,5508
  Europe and Northern America,   Nigeria,688506,921160,349616,478594,338890,442566
  Europe and Northern America,   Saint Helena*,3612,4094,1413,1581,2199,2513
  Europe and Northern America,   Senegal,328206,403132,210405,258241,117801,144891
  Europe and Northern America,   Sierra Leone,83513,92565,40064,44669,43449,47896
  Europe and Northern America,   Togo,56331,66721,31618,37068,24713,29653
  Europe and Northern America,   Kazakhstan,3807239,4123099,1774727,1898344,2032512,2224755
  Europe and Northern America,   Kyrgyzstan,711218,740399,343343,351657,367875,388742
  Europe and Northern America,   Tajikistan,535546,547136,309396,316702,226150,230434
  Europe and Northern America,   Turkmenistan,225486,229177,106836,108344,118650,120833
  Europe and Northern America,   Uzbekistan,1514372,1536834,778764,788430,735608,748404
  Europe and Northern America,   China*,4374573,4123065,2066661,1935731,2307912,2187334
  Europe and Northern America,"   China, Hong Kong SAR*",569148,582668,276581,281179,292567,301489
  Europe and Northern America,"   China, Macao SAR*",20294,26756,9560,12635,10734,14121
  Europe and Northern America,"   China, Taiwan Province of China*",0,0,0,0,0,0
  Europe and Northern America,   Dem. People's Republic of Korea,25880,28010,14507,15398,11373,12612
  Europe and Northern America,   Japan,504832,517805,222683,224562,282149,293243
  Europe and Northern America,   Mongolia,39011,46818,16057,19918,22954,26900
  Europe and Northern America,   Republic of Korea,1299185,1310840,616631,619590,682554,691250
  Europe and Northern America,   Brunei Darussalam,10044,11058,4932,5387,5112,5671
  Europe and Northern America,   Cambodia,282501,266203,131164,122389,151337,143814
  Europe and Northern America,   Indonesia,295145,301966,131853,132914,163292,169052
  Europe and Northern America,   Lao People's Democratic Republic,280020,246559,138818,120448,141202,126111
  Europe and Northern America,   Malaysia*,191316,208949,87879,94711,103437,114238
  Europe and Northern America,   Myanmar,168315,194141,83477,95217,84838,98924
  Europe and Northern America,   Philippines,3069342,3268274,1170652,1238717,1898690,2029557
  Europe and Northern America,   Singapore,111117,119368,48464,51641,62653,67727
  Europe and Northern America,   Thailand,539596,585219,152910,157250,386686,427969
  Europe and Northern America,   Timor-Leste,4593,5134,2591,2906,2002,2228
  Europe and Northern America,   Viet Nam,1893429,2085066,916465,1003553,976964,1081513
  Europe and Northern America,   Afghanistan,488234,829540,287965,491255,200269,338285
  Europe and Northern America,   Bangladesh,661523,781262,371290,434777,290233,346485
  Europe and Northern America,   Bhutan,6463,6875,3344,3545,3119,3330
  Europe and Northern America,   India,4319010,4903820,2266588,2571899,2052422,2331921
  Europe and Northern America,   Iran (Islamic Republic of),958248,1068169,512032,574157,446216,494012
  Europe and Northern America,   Maldives,555,643,311,355,244,288
  Europe and Northern America,   Nepal,178150,273397,92562,140449,85588,132948
  Europe and Northern America,   Pakistan,1447037,1579241,802198,863470,644839,715771
  Europe and Northern America,   Sri Lanka,570865,604620,295693,310391,275172,294229
  Europe and Northern America,   Armenia,753011,772241,408905,417885,344106,354356
  Europe and Northern America,   Azerbaijan*,927867,954069,510589,523850,417278,430219
  Europe and Northern America,   Bahrain,9573,10527,4942,5397,4631,5130
  Europe and Northern America,   Cyprus*,130673,131579,62041,63730,68632,67849
  Europe and Northern America,   Georgia*,701252,732955,353042,370603,348210,362352
  Europe and Northern America,   Iraq,730878,978793,402318,543569,328560,435224
  Europe and Northern America,   Israel,237041,259195,125919,138133,111122,121062
  Europe and Northern America,   Jordan,126704,153656,78844,94524,47860,59132
  Europe and Northern America,   Kuwait,65113,71224,34245,37622,30868,33602
  Europe and Northern America,   Lebanon,412478,463250,232213,260535,180265,202715
  Europe and Northern America,   Oman,5963,6774,3279,3691,2684,3083
  Europe and Northern America,   Qatar,7171,8159,3709,4336,3462,3823
  Europe and Northern America,   Saudi Arabia,150288,155511,73013,76592,77275,78919
  Europe and Northern America,   State of Palestine*,67847,95113,36679,50568,31168,44545
  Europe and Northern America,   Syrian Arab Republic,647116,1453197,380863,856805,266253,596392
  Europe and Northern America,   Turkey,2871087,3194474,1471575,1641988,1399512,1552486
  Europe and Northern America,   United Arab Emirates,50443,65857,26628,34713,23815,31144
  Europe and Northern America,   Yemen,74303,94526,38804,49335,35499,45191
  Europe and Northern America,   Belarus,1332266,1342955,558494,563280,773772,779675
  Europe and Northern America,   Bulgaria,673624,988160,313631,473653,359993,514507
  Europe and Northern America,   Czechia,797488,1000570,342769,424071,454719,576499
  Europe and Northern America,   Hungary,559177,671187,272654,332035,286523,339152
  Europe and Northern America,   Poland,3924183,4666308,1816535,2228084,2107648,2438224
  Europe and Northern America,   Republic of Moldova*,897689,1126057,416850,540213,480839,585844
  Europe and Northern America,   Romania,3262591,3821351,1499749,1804362,1762842,2016989
  Europe and Northern America,   Russian Federation,6214467,6657423,2596338,2737534,3618129,3919889
  Europe and Northern America,   Slovakia,339220,410582,153207,191260,186013,219322
  Europe and Northern America,   Ukraine*,5107742,5431818,2286460,2446903,2821282,2984915
  Europe and Northern America,   Channel Islands*,16343,17010,8249,8782,8094,8228
  Europe and Northern America,   Denmark*,211558,227917,99055,107407,112503,120510
  Europe and Northern America,   Estonia,182719,199679,81325,88421,101394,111258
  Europe and Northern America,   Faroe Islands*,13377,12907,5718,5499,7659,7408
  Europe and Northern America,   Finland*,266619,294504,102270,116580,164349,177924
  Europe and Northern America,   Iceland,35649,41813,17533,20313,18116,21500
  Europe and Northern America,   Ireland,618156,607705,273201,275029,344955,332676
  Europe and Northern America,   Isle of Man*,9767,11030,4729,5291,5038,5739
  Europe and Northern America,   Latvia,356961,367627,160032,167214,196929,200413
  Europe and Northern America,   Lithuania,539650,640678,237629,281037,302021,359641
  Europe and Northern America,   Norway*,157581,161221,67947,70740,89634,90481
  Europe and Northern America,   Sweden,274088,294260,122655,132204,151433,162056
  Europe and Northern America,   United Kingdom*,2495070,2708485,1253884,1375239,1241186,1333246
  Europe and Northern America,   Albania,1133748,1239265,571685,637220,562063,602045
  Europe and Northern America,   Andorra,7674,9880,3631,4632,4043,5248
  Europe and Northern America,   Bosnia and Herzegovina,1553538,1644999,743227,799664,810311,845335
  Europe and Northern America,   Croatia,737752,968533,340918,459677,396834,508856
  Europe and Northern America,   Gibraltar*,11345,12784,5467,6104,5878,6680
  Europe and Northern America,   Greece,601077,839191,315182,451158,285895,388033
  Europe and Northern America,   Holy See*,310,174,115,71,195,103
  Europe and Northern America,   Italy,2103095,2678090,1109277,1452697,993818,1225393
  Europe and Northern America,   Malta,48972,56837,24430,28298,24542,28539
  Europe and Northern America,   Montenegro,131697,130485,60149,60321,71548,70164
  Europe and Northern America,   North Macedonia,369732,440743,184266,223545,185466,217198
  Europe and Northern America,   Portugal,1699228,1794331,868138,922937,831090,871394
  Europe and Northern America,   San Marino,3631,2348,1255,971,2376,1377
  Europe and Northern America,   Serbia*,783940,958315,385173,474940,398767,483375
  Europe and Northern America,   Slovenia,127037,150208,56359,68422,70678,81786
  Europe and Northern America,   Spain*,910598,1101990,397606,499835,512992,602155
  Europe and Northern America,   Austria,461001,538142,206867,250658,254134,287484
  Europe and Northern America,   Belgium,472572,527126,222352,251556,250220,275570
  Europe and Northern America,   France*,1486298,1654662,695578,783016,790720,871646
  Europe and Northern America,   Germany,3044766,3137793,1429209,1488814,1615557,1648979
  Europe and Northern America,   Liechtenstein,3411,3582,1479,1568,1932,2014
  Europe and Northern America,   Luxembourg,68796,81099,32467,40152,36329,40947
  Europe and Northern America,   Monaco,28724,31881,13574,15089,15150,16792
  Europe and Northern America,   Netherlands*,679760,763297,338647,379021,341113,384276
  Europe and Northern America,   Switzerland,589806,649295,267020,293378,322786,355917
  Europe and Northern America,   Anguilla*,1060,990,570,499,490,491
  Europe and Northern America,   Antigua and Barbuda,39444,53784,17468,23618,21976,30166
  Europe and Northern America,   Aruba*,12230,16724,5396,7302,6834,9422
  Europe and Northern America,   Bahamas,41020,51738,17151,21300,23869,30438
  Europe and Northern America,   Barbados,96755,94213,44504,43009,52251,51204
  Europe and Northern America,"   Bonaire, Sint Eustatius and Saba*",4196,4624,1902,2098,2294,2526
  Europe and Northern America,   British Virgin Islands*,531,579,240,255,291,324
  Europe and Northern America,   Cayman Islands*,1448,1617,653,717,795,900
  Europe and Northern America,   Cuba,1429978,1640680,662630,758872,767348,881808
  Europe and Northern America,   Curaçao*,748,1764,342,836,406,928
  Europe and Northern America,   Dominica,51612,57351,21322,23436,30290,33915
  Europe and Northern America,   Dominican Republic,1338190,1462388,559411,604566,778779,857822
  Europe and Northern America,   Grenada,57824,49969,25035,21399,32789,28570
  Europe and Northern America,   Guadeloupe*,511,552,243,263,268,289
  Europe and Northern America,   Haiti,861364,901029,414166,428844,447198,472185
  Europe and Northern America,   Jamaica,995343,1079531,425080,458208,570263,621323
  Europe and Northern America,   Martinique*,641,693,293,318,348,375
  Europe and Northern America,   Montserrat*,17082,21425,7347,9108,9735,12317
  Europe and Northern America,   Puerto Rico*,1696191,1829849,831368,894802,864823,935047
  Europe and Northern America,   Saint Barthélemy*,0,0,0,0,0,0
  Europe and Northern America,   Saint Kitts and Nevis,28393,38124,12580,16648,15813,21476
  Europe and Northern America,   Saint Lucia,44813,57744,18358,23546,26455,34198
  Europe and Northern America,   Saint Martin (French part)*,0,0,0,0,0,0
  Europe and Northern America,   Saint Vincent and the Grenadines,46815,38848,21950,17523,24865,21325
  Europe and Northern America,   Sint Maarten (Dutch part)*,136,246,58,112,78,134
  Europe and Northern America,   Trinidad and Tobago,350582,312178,146165,128933,204417,183245
  Europe and Northern America,   Turks and Caicos Islands*,210,223,107,111,103,112
  Europe and Northern America,   United States Virgin Islands*,251,276,126,139,125,137
  Europe and Northern America,   Belize,57873,47036,23995,19208,33878,27828
  Europe and Northern America,   Costa Rica,106918,115248,43621,46540,63297,68708
  Europe and Northern America,   El Salvador,1430692,1502203,718154,751854,712538,750349
  Europe and Northern America,   Guatemala,1028681,1270099,515067,629101,513614,640998
  Europe and Northern America,   Honduras,663675,889905,275525,357787,388150,532118
  Europe and Northern America,   Mexico,11840257,11085968,6315065,5896127,5525192,5189841
  Europe and Northern America,   Nicaragua,317265,316798,145672,139895,171593,176903
  Europe and Northern America,   Panama,127694,113841,61918,54360,65776,59481
  Europe and Northern America,   Argentina,605769,676876,290153,322176,315616,354700
  Europe and Northern America,   Bolivia (Plurinational State of),279762,287379,119158,121044,160604,166335
  Europe and Northern America,   Brazil,978166,1284751,368167,492264,609999,792487
  Europe and Northern America,   Chile,288090,292832,131623,134031,156467,158801
  Europe and Northern America,   Colombia,1281658,1532850,550003,655366,731655,877484
  Europe and Northern America,   Ecuador,1031621,1000911,489020,468553,542601,532358
  Europe and Northern America,   Falkland Islands (Malvinas)*,1198,1347,492,547,706,800
  Europe and Northern America,   French Guiana*,278,299,134,144,144,155
  Europe and Northern America,   Guyana,419296,372827,192273,168460,227023,204367
  Europe and Northern America,   Paraguay,109227,145685,34678,47440,74549,98245
  Europe and Northern America,   Peru,878485,887854,354625,357587,523860,530267
  Europe and Northern America,   Suriname,224231,239289,98401,104720,125830,134569
  Europe and Northern America,   Uruguay,152589,161535,69863,74098,82726,87437
  Europe and Northern America,   Venezuela (Bolivarian Republic of),527107,988885,221768,413354,305339,575531
  Europe and Northern America,   Bermuda*,15441,20269,7593,9874,7848,10395
  Europe and Northern America,   Canada,1075587,1074461,379734,383717,695853,690744
  Europe and Northern America,   Greenland*,16308,17415,6941,7418,9367,9997
  Europe and Northern America,   Saint Pierre and Miquelon*,289,311,160,172,129,139
  Europe and Northern America,   United States of America*,964780,1076368,458462,510856,506318,565512
  Europe and Northern America,   Australia*,355010,406378,162550,186457,192460,219921
  Europe and Northern America,   New Zealand*,133970,162976,62856,75409,71114,87567
  Europe and Northern America,   Fiji,77594,85155,36560,39801,41034,45354
  Europe and Northern America,   New Caledonia*,478,534,233,256,245,278
  Europe and Northern America,   Papua New Guinea,2756,2376,1234,1129,1522,1247
  Europe and Northern America,   Solomon Islands,454,491,208,224,246,267
  Europe and Northern America,   Vanuatu,1107,1176,400,417,707,759
  Europe and Northern America,   Guam*,0,0,0,0,0,0
  Europe and Northern America,   Kiribati,244,253,97,98,147,155
  Europe and Northern America,   Marshall Islands,7197,10447,3547,5092,3650,5355
  Europe and Northern America,   Micronesia (Fed. States of),8190,11878,4025,5773,4165,6105
  Europe and Northern America,   Nauru,55,34,24,12,31,22
  Europe and Northern America,   Northern Mariana Islands*,50,48,21,21,29,27
  Europe and Northern America,   Palau,199,204,158,162,41,42
  Europe and Northern America,   American Samoa*,44,41,22,22,22,19
  Europe and Northern America,   Cook Islands*,3,3,0,0,3,3
  Europe and Northern America,   French Polynesia*,443,468,214,227,229,241
  Europe and Northern America,   Niue*,0,0,0,0,0,0
  Europe and Northern America,   Samoa,19803,28337,9718,13781,10085,14556
  Europe and Northern America,   Tokelau*,0,0,0,0,0,0
  Europe and Northern America,   Tonga,20252,29217,9753,13908,10499,15309
  Europe and Northern America,   Tuvalu,644,641,278,277,366,364
  Europe and Northern America,   Wallis and Futuna Islands*,4,4,0,2,4,2
  Developed regions,WORLD,140394479,157253443,67698187,76128097,72696292,81125346
  Developed regions,  Sub-Saharan Africa,6671363,8107315,3325040,4106904,3346323,4000411
  Developed regions,  Northern Africa and Western Asia,14311005,16738574,7685615,9016663,6625390,7721911
  Developed regions,  Central and Southern Asia,16429157,18564576,8484627,9574836,7944530,8989740
  Developed regions,  Eastern and South-Eastern Asia,17227537,18260316,7725160,8123303,9502377,10137013
  Developed regions,  Latin America and the Caribbean,29853910,31401278,14441473,14969322,15412437,16431956
  Developed regions,  Oceania (excluding Australia and New Zealand),423433,491303,204577,236456,218856,254847
  Developed regions,  Australia and New Zealand,1142566,1281033,559029,623462,583537,657571
  Developed regions,  Europe and Northern America,50440550,56578680,23332423,26530680,27108127,30048000
  Developed regions,  Developed regions,52146178,58447543,24135021,27404141,28011157,31043402
  Developed regions,  Less developed regions,84353343,92975532,41622923,45777485,42730420,47198047
  Developed regions," Less developed regions, excluding least developed countries",77602538,84780609,38153452,41510877,39449086,43269732
  Developed regions," Less developed regions, excluding China",77968122,86547616,38607393,42759145,39360729,43788471
  Developed regions,  Least developed countries,6750805,8194923,3469471,4266608,3281334,3928315
  Developed regions,  Land-locked Developing Countries (LLDC),12496273,13948686,6211701,6935888,6284572,7012798
  Developed regions,  Small island developing States (SIDS),8876637,9575721,4044563,4342176,4832074,5233545
  Developed regions,  High-income countries,40302859,45130736,19061976,21625208,21240883,23505528
  Developed regions,  Middle-income countries,90866507,99119662,43909407,47711400,46957100,51408262
  Developed regions, Upper-middle-income countries,55866217,59748598,26692073,28360031,29174144,31388567
  Developed regions, Lower-middle-income countries,35000290,39371064,17217334,19351369,17782956,20019695
  Developed regions,  Low-income countries,5270139,7107812,2758596,3815162,2511543,3292650
  Developed regions, AFRICA,12709831,14885507,6603677,7761017,6106154,7124490
  Developed regions,  Eastern Africa,2553057,3082132,1193209,1451532,1359848,1630600
  Developed regions,  Middle Africa,934929,1095017,436510,516637,498419,578380
  Developed regions,  Northern Africa,6038468,6778192,3278637,3654113,2759831,3124079
  Developed regions,  Southern Africa,693485,818376,332858,402618,360627,415758
  Developed regions,  Western Africa,2489892,3111790,1362463,1736117,1127429,1375673
  Developed regions, ASIA,41929231,46785274,20616765,23060689,21312466,23724585
  Developed regions,  Central Asia,6798371,7182034,3314886,3465652,3483485,3716382
  Developed regions,  Eastern Asia,8906321,9017654,4196363,4224158,4709958,4793496
  Developed regions,  South-Eastern Asia,8321216,9242662,3528797,3899145,4792419,5343517
  Developed regions,  Southern Asia,9630786,11382542,5169741,6109184,4461045,5273358
  Developed regions,  Western Asia,8272537,9960382,4406978,5362550,3865559,4597832
  Developed regions, EUROPE,48116266,54093598,22357270,25477680,25758996,28615918
  Developed regions,  Eastern Europe,23295169,26322046,10340673,11833107,12954496,14488939
  Developed regions,  Northern Europe,6820416,7342483,3267761,3543770,3552655,3798713
  Developed regions,  Southern Europe,10826524,12661572,5373559,6409901,5452965,6251671
  Developed regions,  Western Europe,7174157,7767497,3375277,3690902,3798880,4076595
  Developed regions, LATIN AMERICA AND THE CARIBBEAN,29853910,31401278,14441473,14969322,15412437,16431956
  Developed regions,  Caribbean,7123437,7723732,3237658,3489839,3885779,4233893
  Developed regions,  Central America,15594486,15365881,8109442,7906812,7485044,7459069
  Developed regions,  South America,7135987,8311665,3094373,3572671,4041614,4738994
  Developed regions, NORTHERN AMERICA,2324284,2485082,975153,1053000,1349131,1432082
  Developed regions, OCEANIA ,1565999,1772336,763606,859918,802393,912418
  Developed regions,  Australia and New Zealand,1142566,1281033,559029,623462,583537,657571
  Developed regions,  Melanesia,216443,242454,102732,114586,113711,127868
  Developed regions,  Micronesia,19018,26960,9322,13088,9696,13872
  Developed regions,  Polynesia*,187972,221889,92523,108782,95449,113107
  Developed regions,   Burundi,32564,37431,15198,17466,17366,19965
  Developed regions,   Comoros,38739,42564,17345,19116,21394,23448
  Developed regions,   Djibouti,11587,13019,5557,6222,6030,6797
  Developed regions,   Eritrea,206681,311155,107914,170675,98767,140480
  Developed regions,   Ethiopia,393817,453754,190348,219853,203469,233901
  Developed regions,   Kenya,343910,400391,164038,188956,179872,211435
  Developed regions,   Madagascar,139456,154237,50655,56017,88801,98220
  Developed regions,   Malawi,20730,23548,9968,11249,10762,12299
  Developed regions,   Mauritius*,150525,166048,67048,73894,83477,92154
  Developed regions,   Mayotte*,0,0,0,0,0,0
  Developed regions,   Mozambique,85481,97385,38528,45129,46953,52256
  Developed regions,   Réunion*,527,599,255,295,272,304
  Developed regions,   Rwanda,38109,41940,17333,18985,20776,22955
  Developed regions,   Seychelles,10022,10905,3875,4184,6147,6721
  Developed regions,   Somalia,445526,552244,208878,261558,236648,290686
  Developed regions,   South Sudan,13120,15860,7223,8544,5897,7316
  Developed regions,   Uganda,144687,180099,67275,82375,77412,97724
  Developed regions,   United Republic of Tanzania*,127059,159208,62325,77396,64734,81812
  Developed regions,   Zambia,73702,91210,32810,39858,40892,51352
  Developed regions,   Zimbabwe,276815,330535,126636,149760,150179,180775
  Developed regions,   Angola,234983,273822,108616,129559,126367,144263
  Developed regions,   Cameroon,224366,278213,104013,131119,120353,147094
  Developed regions,   Central African Republic,20510,22744,9718,10832,10792,11912
  Developed regions,   Chad,11931,13796,6648,7841,5283,5955
  Developed regions,   Congo,105791,116940,52152,57702,53639,59238
  Developed regions,   Democratic Republic of the Congo,272455,314991,127845,147863,144610,167128
  Developed regions,   Equatorial Guinea,20758,24361,7948,9113,12810,15248
  Developed regions,   Gabon,24779,27756,11358,12727,13421,15029
  Developed regions,   Sao Tome and Principe,19356,22394,8212,9881,11144,12513
  Developed regions,   Algeria,1743975,1927809,939852,1038512,804123,889297
  Developed regions,   Egypt,579107,656542,339953,384673,239154,271869
  Developed regions,   Libya,87241,111051,45784,59982,41457,51069
  Developed regions,   Morocco,2772212,3064145,1477474,1610053,1294738,1454092
  Developed regions,   Sudan,122929,158873,63054,81351,59875,77522
  Developed regions,   Tunisia,731784,858444,411900,478870,319884,379574
  Developed regions,   Western Sahara,1220,1328,620,672,600,656
  Developed regions,   Botswana,6252,6975,2991,3300,3261,3675
  Developed regions,   Eswatini,3205,3530,1495,1657,1710,1873
  Developed regions,   Lesotho,1374,1522,627,684,747,838
  Developed regions,   Namibia,6430,7477,3011,3476,3419,4001
  Developed regions,   South Africa,676224,798872,324734,393501,351490,405371
  Developed regions,   Benin,32089,37260,17605,20881,14484,16379
  Developed regions,   Burkina Faso,28649,33937,17311,20996,11338,12941
  Developed regions,   Cabo Verde,152199,167546,67299,74955,84900,92591
  Developed regions,   Côte d'Ivoire,184523,224670,89393,113068,95130,111602
  Developed regions,   Gambia,77030,119073,50311,83155,26719,35918
  Developed regions,   Ghana,435335,519430,243534,292400,191801,227030
  Developed regions,   Guinea,99826,137762,54474,80339,45352,57423
  Developed regions,   Guinea-Bissau,41174,51702,23972,31546,17202,20156
  Developed regions,   Liberia,105251,127088,52169,62204,53082,64884
  Developed regions,   Mali,114469,136172,76070,93181,38399,42991
  Developed regions,   Mauritania,31743,34732,21711,23292,10032,11440
  Developed regions,   Niger,11627,13965,6754,8438,4873,5527
  Developed regions,   Nigeria,699504,936583,355867,487396,343637,449187
  Developed regions,   Saint Helena*,3633,4114,1426,1594,2207,2520
  Developed regions,   Senegal,328636,403615,210682,258516,117954,145099
  Developed regions,   Sierra Leone,87503,97012,42074,46886,45429,50126
  Developed regions,   Togo,56701,67129,31811,37270,24890,29859
  Developed regions,   Kazakhstan,3809159,4125403,1775449,1899183,2033710,2226220
  Developed regions,   Kyrgyzstan,711708,741001,343533,351882,368175,389119
  Developed regions,   Tajikistan,535706,547307,309455,316773,226251,230534
  Developed regions,   Turkmenistan,225586,229304,106865,108379,118721,120925
  Developed regions,   Uzbekistan,1516212,1539019,779584,789435,736628,749584
  Developed regions,   China*,5690615,5696397,2678238,2665215,3012377,3031182
  Developed regions,"   China, Hong Kong SAR*",671532,701469,326498,338976,345034,362493
  Developed regions,"   China, Macao SAR*",23074,30050,10794,14149,12280,15901
  Developed regions,"   China, Taiwan Province of China*",0,0,0,0,0,0
  Developed regions,   Dem. People's Republic of Korea,26100,28278,14606,15532,11494,12746
  Developed regions,   Japan,563062,587830,243569,249999,319493,337831
  Developed regions,   Mongolia,40791,50672,16849,21716,23942,28956
  Developed regions,   Republic of Korea,1891147,1922958,905809,918571,985338,1004387
  Developed regions,   Brunei Darussalam,12934,14352,6338,6974,6596,7378
  Developed regions,   Cambodia,327130,317302,151825,145859,175305,171443
  Developed regions,   Indonesia,413160,455468,184223,200821,228937,254647
  Developed regions,   Lao People's Democratic Republic,291050,258471,144050,126025,147000,132446
  Developed regions,   Malaysia*,360465,418071,168291,194433,192174,223638
  Developed regions,   Myanmar,202675,235403,100541,116308,102134,119095
  Developed regions,   Philippines,3578823,3900241,1388165,1509119,2190658,2391122
  Developed regions,   Singapore,178620,195574,80461,87033,98159,108541
  Developed regions,   Thailand,659398,731803,199135,213181,460263,518622
  Developed regions,   Timor-Leste,14593,15689,7610,8182,6983,7507
  Developed regions,   Viet Nam,2282368,2700288,1098158,1291210,1184210,1409078
  Developed regions,   Afghanistan,540324,894246,317781,530399,222543,363847
  Developed regions,   Bangladesh,716978,852523,400876,472633,316102,379890
  Developed regions,   Bhutan,12313,14812,6361,7582,5952,7230
  Developed regions,   India,4864094,5641526,2558653,2964696,2305441,2676830
  Developed regions,   Iran (Islamic Republic of),1027498,1152653,548257,619549,479241,533104
  Developed regions,   Maldives,1165,1299,595,661,570,638
  Developed regions,   Nepal,229765,356639,121405,186242,108360,170397
  Developed regions,   Pakistan,1524976,1684071,847290,924288,677686,759783
  Developed regions,   Sri Lanka,713673,784773,368523,403134,345150,381639
  Developed regions,   Armenia,754471,773899,409543,418635,344928,355264
  Developed regions,   Azerbaijan*,928517,954822,510862,524190,417655,430632
  Developed regions,   Bahrain,11303,12582,5875,6520,5428,6062
  Developed regions,   Cyprus*,150773,152463,72036,74030,78737,78433
  Developed regions,   Georgia*,701872,733675,353338,370937,348534,362738
  Developed regions,   Iraq,807446,1075472,441887,593598,365559,481874
  Developed regions,   Israel,248281,271861,132275,145245,116006,126616
  Developed regions,   Jordan,133234,161668,82504,98994,50730,62674
  Developed regions,   Kuwait,71693,78978,38173,42252,33520,36726
  Developed regions,   Lebanon,505768,564758,281250,313985,224518,250773
  Developed regions,   Oman,7523,9034,4115,4985,3408,4049
  Developed regions,   Qatar,8271,9666,4315,5135,3956,4531
  Developed regions,   Saudi Arabia,166719,172928,82084,86124,84635,86804
  Developed regions,   State of Palestine*,71037,98537,38493,52501,32544,46036
  Developed regions,   Syrian Arab Republic,661286,1479488,387785,869938,273501,609550
  Developed regions,   Turkey,2910797,3238129,1492312,1664926,1418485,1573203
  Developed regions,   United Arab Emirates,58533,76993,30923,40706,27610,36287
  Developed regions,   Yemen,75013,95429,39208,49849,35805,45580
  Developed regions,   Belarus,1334446,1345388,559394,564249,775052,781139
  Developed regions,   Bulgaria,677554,992521,315475,475667,362079,516854
  Developed regions,   Czechia,812065,1017371,349700,432032,462365,585339
  Developed regions,   Hungary,581718,694992,283861,343702,297857,351290
  Developed regions,   Poland,3982385,4727987,1842247,2255212,2140138,2472775
  Developed regions,   Republic of Moldova*,898849,1127326,417379,540767,481470,586559
  Developed regions,   Romania,3281980,3842125,1509163,1814375,1772817,2027750
  Developed regions,   Russian Federation,6253998,6703952,2612723,2756770,3641275,3947182
  Developed regions,   Slovakia,345940,417948,156350,194669,189590,223279
  Developed regions,   Ukraine*,5126234,5452436,2294381,2455664,2831853,2996772
  Developed regions,   Channel Islands*,16343,17010,8249,8782,8094,8228
  Developed regions,   Denmark*,223827,241764,105367,114432,118460,127332
  Developed regions,   Estonia,186159,203566,82797,90059,103362,113507
  Developed regions,   Faroe Islands*,13407,12927,5736,5511,7671,7416
  Developed regions,   Finland*,276507,305124,106366,120918,170141,184206
  Developed regions,   Iceland,36259,42426,17866,20633,18393,21793
  Developed regions,   Ireland,719224,714223,327042,331674,392182,382549
  Developed regions,   Isle of Man*,10577,12030,5182,5814,5395,6216
  Developed regions,   Latvia,361951,372699,162052,169281,199899,203418
  Developed regions,   Lithuania,543020,644500,239021,282598,303999,361902
  Developed regions,   Norway*,162397,166535,70112,73169,92285,93366
  Developed regions,   Sweden,288775,311094,129027,139473,159748,171621
  Developed regions,   United Kingdom*,3981970,4298585,2008944,2181426,1973026,2117159
  Developed regions,   Albania,1137208,1243206,573478,639272,563730,603934
  Developed regions,   Andorra,7694,9910,3643,4649,4051,5261
  Developed regions,   Bosnia and Herzegovina,1590288,1683484,761631,818850,828657,864634
  Developed regions,   Croatia,801367,1034044,373159,492516,428208,541528
  Developed regions,   Gibraltar*,11835,13299,5711,6370,6124,6929
  Developed regions,   Greece,716897,959022,372232,509555,344665,449467
  Developed regions,   Holy See*,310,174,115,71,195,103
  Developed regions,   Italy,2307185,2892654,1215461,1563491,1091724,1329163
  Developed regions,   Malta,93042,102194,46988,51404,46054,50790
  Developed regions,   Montenegro,133727,132681,61182,61410,72545,71271
  Developed regions,   North Macedonia,419722,493887,209610,250332,210112,243555
  Developed regions,   Portugal,1718835,1815460,878268,933800,840567,881660
  Developed regions,   San Marino,3631,2348,1255,971,2376,1377
  Developed regions,   Serbia*,818863,995193,402609,493180,416254,502013
  Developed regions,   Slovenia,135097,158662,60439,72605,74658,86057
  Developed regions,   Spain*,930823,1125354,407778,511425,523045,613929
  Developed regions,   Austria,480879,559145,217188,261537,263691,297608
  Developed regions,   Belgium,480547,536043,226381,256024,254166,280019
  Developed regions,   France*,1537545,1720188,721546,815753,815999,904435
  Developed regions,   Germany,3183649,3294912,1495614,1563696,1688035,1731216
  Developed regions,   Liechtenstein,3431,3602,1491,1580,1940,2022
  Developed regions,   Luxembourg,69046,81400,32582,40297,36464,41103
  Developed regions,   Monaco,28804,31977,13619,15139,15185,16838
  Developed regions,   Netherlands*,782015,869938,390434,432807,391581,437131
  Developed regions,   Switzerland,608241,670292,276422,304069,331819,366223
  Developed regions,   Anguilla*,1060,990,570,499,490,491
  Developed regions,   Antigua and Barbuda,39504,53847,17502,23652,22002,30195
  Developed regions,   Aruba*,12300,16799,5436,7342,6864,9457
  Developed regions,   Bahamas,41330,52070,17295,21455,24035,30615
  Developed regions,   Barbados,97205,94696,44750,43280,52455,51416
  Developed regions,"   Bonaire, Sint Eustatius and Saba*",4196,4624,1902,2098,2294,2526
  Developed regions,   British Virgin Islands*,531,579,240,255,291,324
  Developed regions,   Cayman Islands*,1578,1777,720,785,858,992
  Developed regions,   Cuba,1430858,1641670,663119,759420,767739,882250
  Developed regions,   Curaçao*,898,1924,407,906,491,1018
  Developed regions,   Dominica,51652,57393,21345,23459,30307,33934
  Developed regions,   Dominican Republic,1338400,1462623,559501,604651,778899,857972
  Developed regions,   Grenada,57964,50119,25110,21480,32854,28639
  Developed regions,   Guadeloupe*,531,572,255,275,276,297
  Developed regions,   Haiti,861484,901167,414230,428918,447254,472249
  Developed regions,   Jamaica,996633,1080940,425776,458946,570857,621994
  Developed regions,   Martinique*,681,735,316,341,365,394
  Developed regions,   Montserrat*,17082,21425,7347,9108,9735,12317
  Developed regions,   Puerto Rico*,1696361,1830053,831464,894911,864897,935142
  Developed regions,   Saint Barthélemy*,0,0,0,0,0,0
  Developed regions,   Saint Kitts and Nevis,28412,38142,12592,16660,15820,21482
  Developed regions,   Saint Lucia,44826,57756,18367,23555,26459,34201
  Developed regions,   Saint Martin (French part)*,0,0,0,0,0,0
  Developed regions,   Saint Vincent and the Grenadines,46862,38895,21977,17551,24885,21344
  Developed regions,   Sint Maarten (Dutch part)*,136,246,58,112,78,134
  Developed regions,   Trinidad and Tobago,352492,314191,147146,129930,205346,184261
  Developed regions,   Turks and Caicos Islands*,210,223,107,111,103,112
  Developed regions,   United States Virgin Islands*,251,276,126,139,125,137
  Developed regions,   Belize,57953,47121,24040,19252,33913,27869
  Developed regions,   Costa Rica,107418,115828,43875,46839,63543,68989
  Developed regions,   El Salvador,1442042,1514513,723719,757838,718323,756675
  Developed regions,   Guatemala,1029221,1270712,515325,629397,513896,641315
  Developed regions,   Honduras,663995,890248,275678,357950,388317,532298
  Developed regions,   Mexico,11847788,11095584,6318671,5900685,5529117,5194899
  Developed regions,   Nicaragua,318125,317745,146082,140353,172043,177392
  Developed regions,   Panama,127944,114130,62052,54498,65892,59632
  Developed regions,   Argentina,625973,702541,299929,334491,326044,368050
  Developed regions,   Bolivia (Plurinational State of),280812,288562,119658,121602,161154,166960
  Developed regions,   Brazil,1182121,1541205,469675,619816,712446,921389
  Developed regions,   Chile,320773,331410,147606,152864,173167,178546
  Developed regions,   Colombia,1302665,1563951,559866,670017,742799,893934
  Developed regions,   Ecuador,1034431,1003860,490417,470021,544014,533839
  Developed regions,   Falkland Islands (Malvinas)*,1318,1464,552,605,766,859
  Developed regions,   French Guiana*,298,319,146,156,152,163
  Developed regions,   Guyana,419956,373536,192585,168806,227371,204730
  Developed regions,   Paraguay,109727,146298,34912,47727,74815,98571
  Developed regions,   Peru,937476,949620,380884,385022,556592,564598
  Developed regions,   Suriname,224401,239470,98472,104791,125929,134679
  Developed regions,   Uruguay,163169,172984,74992,79604,88177,93380
  Developed regions,   Venezuela (Bolivarian Republic of),532867,996445,224679,417149,308188,579296
  Developed regions,   Bermuda*,16021,20892,7883,10176,8138,10716
  Developed regions,   Canada,1147665,1159147,413594,423145,734071,736002
  Developed regions,   Greenland*,16308,17415,6941,7418,9367,9997
  Developed regions,   Saint Pierre and Miquelon*,289,311,160,172,129,139
  Developed regions,   United States of America*,1144001,1287317,546575,612089,597426,675228
  Developed regions,   Australia*,430014,503239,198451,232864,231563,270375
  Developed regions,   New Zealand*,712552,777794,360578,390598,351974,387196
  Developed regions,   Fiji,205009,230286,97518,109003,107491,121283
  Developed regions,   New Caledonia*,2038,2288,926,1051,1112,1237
  Developed regions,   Papua New Guinea,4155,3994,1911,1912,2244,2082
  Developed regions,   Solomon Islands,2754,3118,1263,1403,1491,1715
  Developed regions,   Vanuatu,2487,2768,1114,1217,1373,1551
  Developed regions,   Guam*,120,127,66,65,54,62
  Developed regions,   Kiribati,2427,3355,1089,1535,1338,1820
  Developed regions,   Marshall Islands,7247,10499,3576,5120,3671,5379
  Developed regions,   Micronesia (Fed. States of),8230,11908,4048,5790,4182,6118
  Developed regions,   Nauru,745,819,364,395,381,424
  Developed regions,   Northern Mariana Islands*,50,48,21,21,29,27
  Developed regions,   Palau,199,204,158,162,41,42
  Developed regions,   American Samoa*,164,41,89,22,75,19
  Developed regions,   Cook Islands*,21503,21057,10669,10431,10834,10626
  Developed regions,   French Polynesia*,973,1058,445,495,528,563
  Developed regions,   Niue*,5304,5141,2590,2521,2714,2620
  Developed regions,   Samoa,100223,119038,49177,58306,51046,60732
  Developed regions,   Tokelau*,2060,2008,1042,1016,1018,992
  Developed regions,   Tonga,55423,70784,27414,34691,28009,36093
  Developed regions,   Tuvalu,2318,2758,1097,1298,1221,1460
  Developed regions,   Wallis and Futuna Islands*,4,4,0,2,4,2
  Less developed regions,WORLD,107564165,123344662,60539871,69527747,47024294,53816915
  Less developed regions,  Sub-Saharan Africa,17525848,20177223,9253308,10625898,8272540,9551325
  Less developed regions,  Northern Africa and Western Asia,18295042,20825246,10491688,11924387,7803354,8900859
  Less developed regions,  Central and Southern Asia,30051973,32664973,19486479,21636741,10565494,11028232
  Less developed regions,  Eastern and South-Eastern Asia,17978053,20140424,9425273,10678609,8552780,9461815
  Less developed regions,  Latin America and the Caribbean,6352090,11489203,3140666,5727953,3211424,5761250
  Less developed regions,  Oceania (excluding Australia and New Zealand),71787,73978,36238,37347,35549,36631
  Less developed regions,  Australia and New Zealand,113636,123891,63667,70380,49969,53511
  Less developed regions,  Europe and Northern America,10151852,11022941,4897283,5239705,5254569,5783236
  Less developed regions,  Developed regions,10466834,11367827,5068662,5423016,5398172,5944811
  Less developed regions,  Less developed regions,90073447,105150052,51725940,60518004,38347507,44632048
  Less developed regions," Less developed regions, excluding least developed countries",55341572,65740378,32179888,37981283,23161684,27759095
  Less developed regions," Less developed regions, excluding China",85127266,99963818,49420933,58187129,35706333,41776689
  Less developed regions,  Least developed countries,34731875,39409674,19546052,22536721,15185823,16872953
  Less developed regions,  Land-locked Developing Countries (LLDC),18840016,21329082,9877939,11211546,8962077,10117536
  Less developed regions,  Small island developing States (SIDS),1590525,1983687,858959,1075674,731566,908013
  Less developed regions,  High-income countries,7053860,7677283,3648527,3931252,3405333,3746031
  Less developed regions,  Middle-income countries,67115457,78276172,38693560,45184432,28421897,33091740
  Less developed regions, Upper-middle-income countries,21709923,27899920,10793188,13641953,10916735,14257967
  Less developed regions, Lower-middle-income countries,45405534,50376252,27900372,31542479,17505162,18833773
  Less developed regions,  Low-income countries,26129808,30311860,14330148,16697058,11799660,13614802
  Less developed regions, AFRICA,22402128,25681656,12205490,13968815,10196638,11712841
  Less developed regions,  Eastern Africa,7271233,8945157,3828737,4684908,3442496,4260249
  Less developed regions,  Middle Africa,2882061,3325645,1474251,1706929,1407810,1618716
  Less developed regions,  Northern Africa,4876280,5504433,2952182,3342917,1924098,2161516
  Less developed regions,  Southern Africa,436466,460059,212748,226268,223718,233791
  Less developed regions,  Western Africa,6936088,7446362,3737572,4007793,3198516,3438569
  Less developed regions, ASIA,61448788,68126210,36451258,40896820,24997530,27229390
  Less developed regions,  Central Asia,629661,653470,325561,341727,304100,311743
  Less developed regions,  Eastern Asia,5511404,5802350,2624341,2674006,2887063,3128344
  Less developed regions,  South-Eastern Asia,12466649,14338074,6800932,8004603,5665717,6333471
  Less developed regions,  Southern Asia,29422312,32011503,19160918,21295014,10261394,10716489
  Less developed regions,  Western Asia,13418762,15320813,7539506,8581470,5879256,6739343
  Less developed regions, EUROPE,8461487,9180065,4012057,4271218,4449430,4908847
  Less developed regions,  Eastern Europe,5527446,5872306,2524193,2635022,3003253,3237284
  Less developed regions,  Northern Europe,494731,542297,261448,276821,233283,265476
  Less developed regions,  Southern Europe,1218729,1355539,631033,699678,587696,655861
  Less developed regions,  Western Europe,1220581,1409923,595383,659697,625198,750226
  Less developed regions, LATIN AMERICA AND THE CARIBBEAN,6352090,11489203,3140666,5727953,3211424,5761250
  Less developed regions,  Caribbean,1011870,1355040,565259,763128,446611,591912
  Less developed regions,  Central America,696736,833093,330040,405723,366696,427370
  Less developed regions,  South America,4643484,9301070,2245367,4559102,2398117,4741968
  Less developed regions, NORTHERN AMERICA,1690365,1842876,885226,968487,805139,874389
  Less developed regions, OCEANIA ,185423,197869,99905,107727,85518,90142
  Less developed regions,  Australia and New Zealand,113636,123891,63667,70380,49969,53511
  Less developed regions,  Melanesia,13326,13567,6791,6940,6535,6627
  Less developed regions,  Micronesia,22932,24038,11547,12091,11385,11947
  Less developed regions,  Polynesia*,35529,36373,17900,18316,17629,18057
  Less developed regions,   Burundi,427415,513674,212528,257447,214887,256227
  Less developed regions,   Comoros,83010,108259,41831,53886,41179,54373
  Less developed regions,   Djibouti,5382,5346,3102,3071,2280,2275
  Less developed regions,   Eritrea,418076,491667,218489,252206,199587,239461
  Less developed regions,   Ethiopia,448679,492375,261624,290409,187055,201966
  Less developed regions,   Kenya,136737,134957,63179,63803,73558,71154
  Less developed regions,   Madagascar,36412,39289,17564,18959,18848,20330
  Less developed regions,   Malawi,276741,287504,162354,174177,114387,113327
  Less developed regions,   Mauritius*,15344,16925,7511,8896,7833,8029
  Less developed regions,   Mayotte*,6545,6767,3199,3305,3346,3462
  Less developed regions,   Mozambique,511468,542775,309572,340811,201896,201964
  Less developed regions,   Réunion*,2380,2465,832,894,1548,1571
  Less developed regions,   Rwanda,465558,450549,229822,222202,235736,228347
  Less developed regions,   Seychelles,17461,18353,7908,8440,9553,9913
  Less developed regions,   Somalia,1562964,1481977,832107,803228,730857,678749
  Less developed regions,   South Sudan,1047558,2560010,536599,1262560,510959,1297450
  Less developed regions,   Uganda,641542,601341,308676,290360,332866,310981
  Less developed regions,   United Republic of Tanzania*,167043,168655,82997,85079,84046,83576
  Less developed regions,   Zambia,110669,109490,53355,53763,57314,55727
  Less developed regions,   Zimbabwe,890249,912779,475488,491412,414761,421367
  Less developed regions,   Angola,383305,394244,197310,204827,185995,189417
  Less developed regions,   Cameroon,124608,162802,67857,88260,56751,74542
  Less developed regions,   Central African Republic,665714,793924,338358,398654,327356,395270
  Less developed regions,   Chad,179338,208507,97845,112053,81493,96454
  Less developed regions,   Congo,99038,106827,50134,55751,48904,51076
  Less developed regions,   Democratic Republic of the Congo,1299767,1517078,650424,768316,649343,748762
  Less developed regions,   Equatorial Guinea,96189,104413,55011,59640,41178,44773
  Less developed regions,   Gabon,18296,20636,9278,10478,9018,10158
  Less developed regions,   Sao Tome and Principe,15806,17214,8034,8950,7772,8264
  Less developed regions,   Algeria,92527,94528,45743,47139,46784,47389
  Less developed regions,   Egypt,2571962,2953919,1701670,1957213,870292,996706
  Less developed regions,   Libya,65303,74467,35853,41144,29450,33323
  Less developed regions,   Morocco,199558,198077,97778,97375,101780,100702
  Less developed regions,   Sudan,1719673,1946014,950934,1074333,768739,871681
  Less developed regions,   Tunisia,42592,43824,22692,23534,19900,20290
  Less developed regions,   Western Sahara,184665,193604,97512,102179,87153,91425
  Less developed regions,   Botswana,49042,56586,29486,36430,19556,20156
  Less developed regions,   Eswatini,43031,46509,21071,22682,21960,23827
  Less developed regions,   Lesotho,190083,200642,85451,88883,104632,111759
  Less developed regions,   Namibia,43980,40293,22031,20136,21949,20157
  Less developed regions,   South Africa,110330,116029,54709,58137,55621,57892
  Less developed regions,   Benin,602834,644567,323532,344457,279302,300110
  Less developed regions,   Burkina Faso,1489919,1565410,831530,873343,658389,692067
  Less developed regions,   Cabo Verde,19230,20012,9391,10077,9839,9935
  Less developed regions,   Côte d'Ivoire,871857,924628,431518,458151,440339,466477
  Less developed regions,   Gambia,19933,20137,10161,10259,9772,9878
  Less developed regions,   Ghana,456918,484894,222632,237032,234286,247862
  Less developed regions,   Guinea,393585,413028,218568,231723,175017,181305
  Less developed regions,   Guinea-Bissau,56977,60088,27574,29086,29403,31002
  Less developed regions,   Liberia,100490,106476,50777,54031,49713,52445
  Less developed regions,   Mali,1114075,1167339,620246,648876,493829,518463
  Less developed regions,   Mauritania,82887,95494,49644,56767,33243,38727
  Less developed regions,   Niger,363366,385742,214861,227878,148505,157864
  Less developed regions,   Nigeria,607022,733872,326840,390291,280182,343581
  Less developed regions,   Saint Helena*,652,771,305,387,347,384
  Less developed regions,   Senegal,265871,290150,157441,171926,108430,118224
  Less developed regions,   Sierra Leone,51793,55474,27201,29257,24592,26217
  Less developed regions,   Togo,438679,478280,215351,234252,223328,244028
  Less developed regions,   Kazakhstan,76417,78496,34589,35525,41828,42971
  Less developed regions,   Kyrgyzstan,31133,33376,15221,16384,15912,16992
  Less developed regions,   Tajikistan,49354,39544,24741,20620,24613,18924
  Less developed regions,   Turkmenistan,12945,13250,6961,7217,5984,6033
  Less developed regions,   Uzbekistan,459812,488804,244049,261981,215763,226823
  Less developed regions,   China*,4550202,4764773,2090941,2103297,2459261,2661476
  Less developed regions,"   China, Hong Kong SAR*",285757,306319,164497,177130,121260,129189
  Less developed regions,"   China, Macao SAR*",110222,115142,49569,50448,60653,64694
  Less developed regions,"   China, Taiwan Province of China*",0,0,0,0,0,0
  Less developed regions,   Dem. People's Republic of Korea,77798,82099,40324,42630,37474,39469
  Less developed regions,   Japan,201346,220995,107712,112931,93634,108064
  Less developed regions,   Mongolia,24694,31426,14150,17650,10544,13776
  Less developed regions,   Republic of Korea,261385,281596,157148,169920,104237,111676
  Less developed regions,   Brunei Darussalam,32176,30988,19662,18851,12514,12137
  Less developed regions,   Cambodia,747442,787517,353893,367145,393549,420372
  Less developed regions,   Indonesia,3651935,4145901,2088008,2359949,1563927,1785952
  Less developed regions,   Lao People's Democratic Republic,997129,1037580,448181,445167,548948,592413
  Less developed regions,   Malaysia*,1420573,1441966,647874,610724,772699,831242
  Less developed regions,   Myanmar,2639819,3476348,1492887,2207591,1146932,1268757
  Less developed regions,   Philippines,1919409,2194066,1144904,1295848,774505,898218
  Less developed regions,   Singapore,146019,152890,77153,79798,68866,73092
  Less developed regions,   Thailand,262292,355182,148943,210275,113349,144907
  Less developed regions,   Timor-Leste,22732,23899,12975,13614,9757,10285
  Less developed regions,   Viet Nam,627123,691737,366452,395641,260671,296096
  Less developed regions,   Afghanistan,4860592,4959592,2585132,2695920,2275460,2263672
  Less developed regions,   Bangladesh,6114304,6549240,4104796,4499297,2009508,2049943
  Less developed regions,   Bhutan,39078,37186,19857,18713,19221,18473
  Less developed regions,   India,11021563,12227966,7797920,8767345,3223643,3460621
  Less developed regions,   Iran (Islamic Republic of),128119,172460,68753,89315,59366,83145
  Less developed regions,   Maldives,2441,2416,1090,1084,1351,1332
  Less developed regions,   Nepal,2040401,2243062,1117749,1275454,922652,967608
  Less developed regions,   Pakistan,4273234,4644329,2896573,3222783,1376661,1421546
  Less developed regions,   Sri Lanka,942580,1175252,569048,725103,373532,450149
  Less developed regions,   Armenia,190049,184291,97600,94802,92449,89489
  Less developed regions,   Azerbaijan*,201831,209100,95868,99210,105963,109890
  Less developed regions,   Bahrain,45418,45688,23947,17251,21471,28437
  Less developed regions,   Cyprus*,15812,20747,7073,8984,8739,11763
  Less developed regions,   Georgia*,127059,127402,57992,57857,69067,69545
  Less developed regions,   Iraq,868167,1002504,468335,444412,399832,558092
  Less developed regions,   Israel,83045,86830,37624,39968,45421,46862
  Less developed regions,   Jordan,573598,653241,366561,417960,207037,235281
  Less developed regions,   Kuwait,123341,133293,80105,87362,43236,45931
  Less developed regions,   Lebanon,251415,292056,166420,192914,84995,99142
  Less developed regions,   Oman,15274,16065,7852,8589,7422,7476
  Less developed regions,   Qatar,15303,16039,7587,8010,7716,8029
  Less developed regions,   Saudi Arabia,116187,126340,72228,79059,43959,47281
  Less developed regions,   State of Palestine*,3702951,3924254,1934072,2059753,1768879,1864501
  Less developed regions,   Syrian Arab Republic,5786557,6977726,3276249,4000037,2510308,2977689
  Less developed regions,   Turkey,162737,173279,95098,101100,67639,72179
  Less developed regions,   United Arab Emirates,119791,126221,63477,66749,56314,59472
  Less developed regions,   Yemen,1020227,1205737,681418,797453,338809,408284
  Less developed regions,   Belarus,135436,138238,64275,65769,71161,72469
  Less developed regions,   Bulgaria,502071,690553,181245,217189,320826,473364
  Less developed regions,   Czechia,7711,8737,3586,4196,4125,4541
  Less developed regions,   Hungary,19169,19428,8662,8793,10507,10635
  Less developed regions,   Poland,94653,97109,41870,43783,52783,53326
  Less developed regions,   Republic of Moldova*,30910,32117,13487,13553,17423,18564
  Less developed regions,   Romania,138734,144968,58646,59640,80088,85328
  Less developed regions,   Russian Federation,3926001,4052745,1836545,1898251,2089456,2154494
  Less developed regions,   Slovakia,1445,1703,753,895,692,808
  Less developed regions,   Ukraine*,671316,686708,315124,322953,356192,363755
  Less developed regions,   Channel Islands*,126,148,43,54,83,94
  Less developed regions,   Denmark*,13005,15261,6523,7668,6482,7593
  Less developed regions,   Estonia,2950,3065,1316,1378,1634,1687
  Less developed regions,   Faroe Islands*,0,0,0,0,0,0
  Less developed regions,   Finland*,5716,6765,2428,2880,3288,3885
  Less developed regions,   Iceland,747,825,482,540,265,285
  Less developed regions,   Ireland,17415,20094,7742,9933,9673,10161
  Less developed regions,   Isle of Man*,3,2,3,2,0,0
  Less developed regions,   Latvia,7287,7311,3263,3314,4024,3997
  Less developed regions,   Lithuania,13272,13557,5883,6054,7389,7503
  Less developed regions,   Norway*,23181,24857,12156,9620,11025,15237
  Less developed regions,   Sweden,13633,16487,6953,8065,6680,8422
  Less developed regions,   United Kingdom*,397396,433925,214656,227313,182740,206612
  Less developed regions,   Albania,5636,7245,2742,3354,2894,3891
  Less developed regions,   Andorra,1046,1222,557,653,489,569
  Less developed regions,   Bosnia and Herzegovina,3142,4155,1519,1882,1623,2273
  Less developed regions,   Croatia,4875,5482,2591,3017,2284,2465
  Less developed regions,   Gibraltar*,81,90,55,64,26,26
  Less developed regions,   Greece,103222,129485,48941,57486,54281,71999
  Less developed regions,   Holy See*,0,0,0,0,0,0
  Less developed regions,   Italy,355476,366177,185121,193511,170355,172666
  Less developed regions,   Malta,512,599,209,280,303,319
  Less developed regions,   Montenegro,301,284,146,137,155,147
  Less developed regions,   North Macedonia,143632,200009,81668,107407,61964,92602
  Less developed regions,   Portugal,252820,265959,132013,140298,120807,125661
  Less developed regions,   San Marino,57,59,14,15,43,44
  Less developed regions,   Serbia*,8028,8769,3732,4384,4296,4385
  Less developed regions,   Slovenia,1441,1535,734,782,707,753
  Less developed regions,   Spain*,338460,364469,170991,186408,167469,178061
  Less developed regions,   Austria,34355,41595,16679,19786,17676,21809
  Less developed regions,   Belgium,35246,41420,17575,20730,17671,20690
  Less developed regions,   France*,581721,621720,302175,323356,279546,298364
  Less developed regions,   Germany,446629,560356,193712,220791,252917,339565
  Less developed regions,   Liechtenstein,105,104,74,75,31,29
  Less developed regions,   Luxembourg,320,357,140,163,180,194
  Less developed regions,   Monaco,513,575,296,334,217,241
  Less developed regions,   Netherlands*,85078,100465,45196,51932,39882,48533
  Less developed regions,   Switzerland,36614,43331,19536,22530,17078,20801
  Less developed regions,   Anguilla*,1493,1515,780,794,713,721
  Less developed regions,   Antigua and Barbuda,12685,12714,6290,6296,6395,6418
  Less developed regions,   Aruba*,4321,4657,1821,1984,2500,2673
  Less developed regions,   Bahamas,1635,1723,820,874,815,849
  Less developed regions,   Barbados,4674,4915,2402,2626,2272,2289
  Less developed regions,"   Bonaire, Sint Eustatius and Saba*",3099,3524,1345,1559,1754,1965
  Less developed regions,   British Virgin Islands*,4587,4776,2005,2088,2582,2688
  Less developed regions,   Cayman Islands*,131,131,76,78,55,53
  Less developed regions,   Cuba,74969,115630,39271,63286,35698,52344
  Less developed regions,   Curaçao*,5341,5687,2734,2894,2607,2793
  Less developed regions,   Dominica,20933,20798,9097,8997,11836,11801
  Less developed regions,   Dominican Republic,116202,145944,48979,59755,67223,86189
  Less developed regions,   Grenada,11091,12085,4915,6092,6176,5993
  Less developed regions,   Guadeloupe*,11462,11970,4419,4678,7043,7292
  Less developed regions,   Haiti,605558,868504,379119,535978,226439,332526
  Less developed regions,   Jamaica,34963,37991,14571,16076,20392,21915
  Less developed regions,   Martinique*,11994,12228,5200,5282,6794,6946
  Less developed regions,   Montserrat*,3054,3157,1516,1572,1538,1585
  Less developed regions,   Puerto Rico*,19456,20476,10147,10771,9309,9705
  Less developed regions,   Saint Barthélemy*,0,0,0,0,0,0
  Less developed regions,   Saint Kitts and Nevis,11799,12143,5522,5699,6277,6444
  Less developed regions,   Saint Lucia,13113,13471,5834,6077,7279,7394
  Less developed regions,   Saint Martin (French part)*,0,0,0,0,0,0
  Less developed regions,   Saint Vincent and the Grenadines,15430,16630,7085,8217,8345,8413
  Less developed regions,   Sint Maarten (Dutch part)*,1793,1945,874,953,919,992
  Less developed regions,   Trinidad and Tobago,16141,16328,7428,7447,8713,8881
  Less developed regions,   Turks and Caicos Islands*,2244,2466,929,1025,1315,1441
  Less developed regions,   United States Virgin Islands*,3702,3632,2080,2030,1622,1602
  Less developed regions,   Belize,5146,5635,2575,2845,2571,2790
  Less developed regions,   Costa Rica,30819,34413,15241,17290,15578,17123
  Less developed regions,   El Salvador,70853,84545,29742,36330,41111,48215
  Less developed regions,   Guatemala,88894,97719,42529,47245,46365,50474
  Less developed regions,   Honduras,65860,94829,29989,43123,35871,51706
  Less developed regions,   Mexico,75446,90153,39448,47188,35998,42965
  Less developed regions,   Nicaragua,337452,400409,159023,198135,178429,202274
  Less developed regions,   Panama,22266,25390,11493,13567,10773,11823
  Less developed regions,   Argentina,317870,373607,162897,191400,154973,182207
  Less developed regions,   Bolivia (Plurinational State of),543196,638682,271199,313733,271997,324949
  Less developed regions,   Brazil,322110,355923,167363,182106,154747,173817
  Less developed regions,   Chile,297242,312390,143589,153340,153653,159050
  Less developed regions,   Colombia,1396023,1460322,674352,706425,721671,753897
  Less developed regions,   Ecuador,96343,124031,47736,61485,48607,62546
  Less developed regions,   Falkland Islands (Malvinas)*,52,54,26,31,26,23
  Less developed regions,   French Guiana*,4219,4276,1701,1748,2518,2528
  Less developed regions,   Guyana,61302,64877,29800,32426,31502,32451
  Less developed regions,   Paraguay,735864,750186,328193,337081,407671,413105
  Less developed regions,   Peru,472723,570015,225069,280085,247654,289930
  Less developed regions,   Suriname,30211,33739,14312,15992,15899,17747
  Less developed regions,   Uruguay,190056,194076,92255,95197,97801,98879
  Less developed regions,   Venezuela (Bolivarian Republic of),176273,4418892,86875,2188053,89398,2230839
  Less developed regions,   Bermuda*,204,215,124,136,80,79
  Less developed regions,   Canada,115887,133182,65569,75893,50318,57289
  Less developed regions,   Greenland*,403,451,213,240,190,211
  Less developed regions,   Saint Pierre and Miquelon*,111,122,62,70,49,52
  Less developed regions,   United States of America*,1573760,1708906,819258,892148,754502,816758
  Less developed regions,   Australia*,88144,95526,49674,54245,38470,41281
  Less developed regions,   New Zealand*,25492,28365,13993,16135,11499,12230
  Less developed regions,   Fiji,3559,3570,1793,1813,1766,1757
  Less developed regions,   New Caledonia*,3546,3551,1799,1804,1747,1747
  Less developed regions,   Papua New Guinea,825,816,440,441,385,375
  Less developed regions,   Solomon Islands,1132,1152,650,669,482,483
  Less developed regions,   Vanuatu,4264,4478,2109,2213,2155,2265
  Less developed regions,   Guam*,2012,2086,915,942,1097,1144
  Less developed regions,   Kiribati,1700,1748,928,960,772,788
  Less developed regions,   Marshall Islands,378,387,187,195,191,192
  Less developed regions,   Micronesia (Fed. States of),12403,13037,6264,6571,6139,6466
  Less developed regions,   Nauru,1522,1635,764,819,758,816
  Less developed regions,   Northern Mariana Islands*,2557,2693,1318,1380,1239,1313
  Less developed regions,   Palau,2360,2452,1171,1224,1189,1228
  Less developed regions,   American Samoa*,1797,1791,903,902,894,889
  Less developed regions,   Cook Islands*,52,49,22,22,30,27
  Less developed regions,   French Polynesia*,1005,1099,637,692,368,407
  Less developed regions,   Niue*,44,45,30,34,14,11
  Less developed regions,   Samoa,16632,16694,8332,8365,8300,8329
  Less developed regions,   Tokelau*,111,104,54,52,57,52
  Less developed regions,   Tonga,3780,3766,2062,2060,1718,1706
  Less developed regions,   Tuvalu,885,912,496,518,389,394
  Less developed regions,   Wallis and Futuna Islands*,11223,11913,5364,5671,5859,6242
" Less developed regions, excluding least developed countries",WORLD,94124050,107159937,53851671,61492223,40272379,45667714
" Less developed regions, excluding least developed countries",  Sub-Saharan Africa,9077407,9537042,5009732,5306816,4067675,4230226
" Less developed regions, excluding least developed countries",  Northern Africa and Western Asia,17100040,19534187,9911672,11310060,7188368,8224127
" Less developed regions, excluding least developed countries",  Central and Southern Asia,29109190,31916084,19083528,21349410,10025662,10566674
" Less developed regions, excluding least developed countries",  Eastern and South-Eastern Asia,16863043,18358006,8840195,9637678,8022848,8720328
" Less developed regions, excluding least developed countries",  Latin America and the Caribbean,6311803,11448272,3118989,5709337,3192814,5738935
" Less developed regions, excluding least developed countries",  Oceania (excluding Australia and New Zealand),65864,67835,33096,34090,32768,33745
" Less developed regions, excluding least developed countries",  Australia and New Zealand,110919,121061,62117,68754,48802,52307
" Less developed regions, excluding least developed countries",  Europe and Northern America,9970201,10839685,4799279,5161928,5170922,5677757
" Less developed regions, excluding least developed countries",  Developed regions,10267259,11166659,4960870,5338558,5306389,5828101
" Less developed regions, excluding least developed countries",  Less developed regions,78341208,90655513,45897738,53239515,32443470,37415998
" Less developed regions, excluding least developed countries"," Less developed regions, excluding least developed countries",51925772,62366486,30532596,36502954,21393176,25863532
" Less developed regions, excluding least developed countries"," Less developed regions, excluding China",73638297,85712663,43722112,51001452,29916185,34711211
" Less developed regions, excluding least developed countries",  Least developed countries,26415436,28289027,15365142,16736561,11050294,11552466
" Less developed regions, excluding least developed countries",  Land-locked Developing Countries (LLDC),15194648,15954191,8023310,8552716,7171338,7401475
" Less developed regions, excluding least developed countries",  Small island developing States (SIDS),1427625,1815287,776961,999536,650664,815751
" Less developed regions, excluding least developed countries",  High-income countries,6778184,7398393,3501360,3815575,3276824,3582818
" Less developed regions, excluding least developed countries",  Middle-income countries,62616868,73110566,36508954,42561345,26107914,30549221
" Less developed regions, excluding least developed countries", Upper-middle-income countries,20937683,27125684,10379069,13349221,10558614,13776463
" Less developed regions, excluding least developed countries", Lower-middle-income countries,41679185,45984882,26129885,29212124,15549300,16772758
" Less developed regions, excluding least developed countries",  Low-income countries,19002051,21093242,10741527,12089984,8260524,9003258
" Less developed regions, excluding least developed countries", AFRICA,12831061,13831063,7420168,8072341,5410893,5758722
" Less developed regions, excluding least developed countries",  Eastern Africa,3321724,3395068,1841499,1921480,1480225,1473588
" Less developed regions, excluding least developed countries",  Middle Africa,1054558,1143000,560667,612756,493891,530244
" Less developed regions, excluding least developed countries",  Northern Africa,3753654,4294021,2410436,2765525,1343218,1528496
" Less developed regions, excluding least developed countries",  Southern Africa,384132,404360,187365,198790,196767,205570
" Less developed regions, excluding least developed countries",  Western Africa,4316993,4594614,2420201,2573790,1896792,2020824
" Less developed regions, excluding least developed countries", ASIA,59318619,65514256,35424959,39531623,23893660,25982633
" Less developed regions, excluding least developed countries",  Central Asia,612047,646683,317825,338671,294222,308012
" Less developed regions, excluding least developed countries",  Eastern Asia,5248982,5539720,2484675,2573993,2764307,2965727
" Less developed regions, excluding least developed countries",  South-Eastern Asia,11614061,12818286,6355520,7063685,5258541,5754601
" Less developed regions, excluding least developed countries",  Southern Asia,28497143,31269401,18765703,21010739,9731440,10258662
" Less developed regions, excluding least developed countries",  Western Asia,13346386,15240166,7501236,8544535,5845150,6695631
" Less developed regions, excluding least developed countries", EUROPE,8337143,9053571,3945171,4213913,4391972,4839658
" Less developed regions, excluding least developed countries",  Eastern Europe,5526432,5871248,2523676,2634474,3002756,3236774
" Less developed regions, excluding least developed countries",  Northern Europe,441002,489606,232643,259338,208359,230268
" Less developed regions, excluding least developed countries",  Southern Europe,1198894,1335811,619652,688286,579242,647525
" Less developed regions, excluding least developed countries",  Western Europe,1170815,1356906,569200,631815,601615,725091
" Less developed regions, excluding least developed countries", LATIN AMERICA AND THE CARIBBEAN,6311803,11448272,3118989,5709337,3192814,5738935
" Less developed regions, excluding least developed countries",  Caribbean,997705,1340417,557688,755344,440017,585073
" Less developed regions, excluding least developed countries",  Central America,695766,832125,329571,405252,366195,426873
" Less developed regions, excluding least developed countries",  South America,4618332,9275730,2231730,4548741,2386602,4726989
" Less developed regions, excluding least developed countries", NORTHERN AMERICA,1633058,1786114,854108,948015,778950,838099
" Less developed regions, excluding least developed countries", OCEANIA ,176783,188896,95213,102844,81570,86052
" Less developed regions, excluding least developed countries",  Australia and New Zealand,110919,121061,62117,68754,48802,52307
" Less developed regions, excluding least developed countries",  Melanesia,11307,11524,5703,5833,5604,5691
" Less developed regions, excluding least developed countries",  Micronesia,21090,22098,10615,11116,10475,10982
" Less developed regions, excluding least developed countries",  Polynesia*,33467,34213,16778,17141,16689,17072
" Less developed regions, excluding least developed countries",   Burundi,16101,24099,7663,12222,8438,11877
" Less developed regions, excluding least developed countries",   Comoros,70508,94677,34657,46099,35851,48578
" Less developed regions, excluding least developed countries",   Djibouti,1662,1891,1201,1353,461,538
" Less developed regions, excluding least developed countries",   Eritrea,37979,59557,24746,36220,13233,23337
" Less developed regions, excluding least developed countries",   Ethiopia,341475,355598,208136,221779,133339,133819
" Less developed regions, excluding least developed countries",   Kenya,28981,31516,13113,15539,15868,15977
" Less developed regions, excluding least developed countries",   Madagascar,26751,29676,13020,14435,13731,15241
" Less developed regions, excluding least developed countries",   Malawi,199006,204526,123567,132343,75439,72183
" Less developed regions, excluding least developed countries",   Mauritius*,15137,16742,7396,8793,7741,7949
" Less developed regions, excluding least developed countries",   Mayotte*,6545,6767,3199,3305,3346,3462
" Less developed regions, excluding least developed countries",   Mozambique,446918,486590,276558,311877,170360,174713
" Less developed regions, excluding least developed countries",   Réunion*,1530,1620,377,441,1153,1179
" Less developed regions, excluding least developed countries",   Rwanda,37667,37629,19908,20190,17759,17439
" Less developed regions, excluding least developed countries",   Seychelles,961,1080,396,506,565,574
" Less developed regions, excluding least developed countries",   Somalia,715782,651866,393425,364933,322357,286933
" Less developed regions, excluding least developed countries",   South Sudan,123850,165035,66079,87611,57771,77424
" Less developed regions, excluding least developed countries",   Uganda,388295,342872,177462,157880,210833,184992
" Less developed regions, excluding least developed countries",   United Republic of Tanzania*,52594,49315,27697,27041,24897,22274
" Less developed regions, excluding least developed countries",   Zambia,58888,63820,31338,34057,27550,29763
" Less developed regions, excluding least developed countries",   Zimbabwe,751094,770192,411561,424856,339533,345336
" Less developed regions, excluding least developed countries",   Angola,132671,143049,70495,78803,62176,64246
" Less developed regions, excluding least developed countries",   Cameroon,89198,121886,51498,69591,37700,52295
" Less developed regions, excluding least developed countries",   Central African Republic,304405,335926,153587,169263,150818,166663
" Less developed regions, excluding least developed countries",   Chad,86112,83291,49382,47987,36730,35304
" Less developed regions, excluding least developed countries",   Congo,42425,48033,23742,28121,18683,19912
" Less developed regions, excluding least developed countries",   Democratic Republic of the Congo,301250,302543,156317,157850,144933,144693
" Less developed regions, excluding least developed countries",   Equatorial Guinea,84438,92962,48257,53047,36181,39915
" Less developed regions, excluding least developed countries",   Gabon,4841,5095,2394,2536,2447,2559
" Less developed regions, excluding least developed countries",   Sao Tome and Principe,9218,10215,4995,5558,4223,4657
" Less developed regions, excluding least developed countries",   Algeria,78712,80496,38199,39475,40513,41021
" Less developed regions, excluding least developed countries",   Egypt,2544640,2920983,1687097,1939443,857543,981540
" Less developed regions, excluding least developed countries",   Libya,60877,68997,33493,38252,27384,30745
" Less developed regions, excluding least developed countries",   Morocco,193972,192208,95010,94478,98962,97730
" Less developed regions, excluding least developed countries",   Sudan,676984,825341,451594,544765,225390,280576
" Less developed regions, excluding least developed countries",   Tunisia,41811,43044,22255,23094,19556,19950
" Less developed regions, excluding least developed countries",   Western Sahara,156658,162952,82788,86018,73870,76934
" Less developed regions, excluding least developed countries",   Botswana,47892,55087,28917,35688,18975,19399
" Less developed regions, excluding least developed countries",   Eswatini,42887,46362,20984,22592,21903,23770
" Less developed regions, excluding least developed countries",   Lesotho,182437,192639,82136,85371,100301,107268
" Less developed regions, excluding least developed countries",   Namibia,41935,38049,20994,18987,20941,19062
" Less developed regions, excluding least developed countries",   South Africa,68981,72223,34334,36152,34647,36071
" Less developed regions, excluding least developed countries",   Benin,502843,538297,277088,295462,225755,242835
" Less developed regions, excluding least developed countries",   Burkina Faso,1391019,1450984,777256,810692,613763,640292
" Less developed regions, excluding least developed countries",   Cabo Verde,2045,2197,1003,1097,1042,1100
" Less developed regions, excluding least developed countries",   Côte d'Ivoire,71147,81658,38815,44600,32332,37058
" Less developed regions, excluding least developed countries",   Gambia,8950,9479,4711,4998,4239,4481
" Less developed regions, excluding least developed countries",   Ghana,344188,368475,174664,187608,169524,180867
" Less developed regions, excluding least developed countries",   Guinea,173260,180870,94192,98376,79068,82494
" Less developed regions, excluding least developed countries",   Guinea-Bissau,7932,8458,4571,4896,3361,3562
" Less developed regions, excluding least developed countries",   Liberia,83216,91080,41601,45669,41615,45411
" Less developed regions, excluding least developed countries",   Mali,766110,801376,436725,456606,329385,344770
" Less developed regions, excluding least developed countries",   Mauritania,18779,19527,13966,14517,4813,5010
" Less developed regions, excluding least developed countries",   Niger,195489,208757,122172,129873,73317,78884
" Less developed regions, excluding least developed countries",   Nigeria,352776,399180,196268,221855,156508,177325
" Less developed regions, excluding least developed countries",   Saint Helena*,652,771,305,387,347,384
" Less developed regions, excluding least developed countries",   Senegal,88831,95317,67721,72978,21110,22339
" Less developed regions, excluding least developed countries",   Sierra Leone,8257,9057,4484,4932,3773,4125
" Less developed regions, excluding least developed countries",   Togo,301499,329131,164659,179244,136840,149887
" Less developed regions, excluding least developed countries",   Kazakhstan,74587,76350,33537,34290,41050,42060
" Less developed regions, excluding least developed countries",   Kyrgyzstan,31133,33376,15221,16384,15912,16992
" Less developed regions, excluding least developed countries",   Tajikistan,34322,35122,18376,18885,15946,16237
" Less developed regions, excluding least developed countries",   Turkmenistan,12945,13250,6961,7217,5984,6033
" Less developed regions, excluding least developed countries",   Uzbekistan,459060,488585,243730,261895,215330,226690
" Less developed regions, excluding least developed countries",   China*,4307048,4521512,1961631,2010562,2345417,2510950
" Less developed regions, excluding least developed countries","   China, Hong Kong SAR*",285641,306196,164426,177053,121215,129143
" Less developed regions, excluding least developed countries","   China, Macao SAR*",110222,115142,49569,50448,60653,64694
" Less developed regions, excluding least developed countries","   China, Taiwan Province of China*",0,0,0,0,0,0
" Less developed regions, excluding least developed countries",   Dem. People's Republic of Korea,74626,78681,38689,40888,35937,37793
" Less developed regions, excluding least developed countries",   Japan,186139,205913,99474,107876,86665,98037
" Less developed regions, excluding least developed countries",   Mongolia,24694,31426,14150,17650,10544,13776
" Less developed regions, excluding least developed countries",   Republic of Korea,260612,280850,156736,169516,103876,111334
" Less developed regions, excluding least developed countries",   Brunei Darussalam,32176,30988,19662,18851,12514,12137
" Less developed regions, excluding least developed countries",   Cambodia,724363,764584,341461,359243,382902,405341
" Less developed regions, excluding least developed countries",   Indonesia,3494722,3991709,2002959,2311181,1491763,1680528
" Less developed regions, excluding least developed countries",   Lao People's Democratic Republic,908714,950855,400422,418299,508292,532556
" Less developed regions, excluding least developed countries",   Malaysia*,1216666,1241998,537710,548820,678956,693178
" Less developed regions, excluding least developed countries",   Myanmar,2399527,2565802,1379734,1481342,1019793,1084460
" Less developed regions, excluding least developed countries",   Philippines,1918738,2193399,1144484,1295430,774254,897969
" Less developed regions, excluding least developed countries",   Singapore,135399,142313,71390,76224,64009,66089
" Less developed regions, excluding least developed countries",   Thailand,217024,307577,123806,186221,93218,121356
" Less developed regions, excluding least developed countries",   Timor-Leste,22732,23899,12975,13614,9757,10285
" Less developed regions, excluding least developed countries",   Viet Nam,544000,605162,320917,354460,223083,250702
" Less developed regions, excluding least developed countries",   Afghanistan,4860116,4959038,2584761,2695487,2275355,2263551
" Less developed regions, excluding least developed countries",   Bangladesh,6112799,6547715,4103774,4498248,2009025,2049467
" Less developed regions, excluding least developed countries",   Bhutan,10335,9683,5095,4694,5240,4989
" Less developed regions, excluding least developed countries",   India,10443528,11665396,7583794,8566401,2859734,3098995
" Less developed regions, excluding least developed countries",   Iran (Islamic Republic of),128112,172454,68749,89311,59363,83143
" Less developed regions, excluding least developed countries",   Maldives,2441,2416,1090,1084,1351,1332
" Less developed regions, excluding least developed countries",   Nepal,2000555,2203942,1096187,1263132,904368,940810
" Less developed regions, excluding least developed countries",   Pakistan,3996805,4533628,2753280,3167354,1243525,1366274
" Less developed regions, excluding least developed countries",   Sri Lanka,942452,1175129,568973,725028,373479,450101
" Less developed regions, excluding least developed countries",   Armenia,190040,184284,97591,94795,92449,89489
" Less developed regions, excluding least developed countries",   Azerbaijan*,201826,209097,95863,99207,105963,109890
" Less developed regions, excluding least developed countries",   Bahrain,15255,16113,7658,8114,7597,7999
" Less developed regions, excluding least developed countries",   Cyprus*,15805,20741,7070,8981,8735,11760
" Less developed regions, excluding least developed countries",   Georgia*,127059,127402,57992,57857,69067,69545
" Less developed regions, excluding least developed countries",   Iraq,858254,992395,463200,438639,395054,553756
" Less developed regions, excluding least developed countries",   Israel,81704,85262,36906,39126,44798,46136
" Less developed regions, excluding least developed countries",   Jordan,573596,653241,366559,417960,207037,235281
" Less developed regions, excluding least developed countries",   Kuwait,123310,133260,80088,87343,43222,45917
" Less developed regions, excluding least developed countries",   Lebanon,248419,289283,164416,191063,84003,98220
" Less developed regions, excluding least developed countries",   Oman,15274,16065,7852,8589,7422,7476
" Less developed regions, excluding least developed countries",   Qatar,15303,16039,7587,8010,7716,8029
" Less developed regions, excluding least developed countries",   Saudi Arabia,112973,122806,70692,77374,42281,45432
" Less developed regions, excluding least developed countries",   State of Palestine*,3699033,3920253,1932051,2057480,1766982,1862773
" Less developed regions, excluding least developed countries",   Syrian Arab Republic,5782284,6973101,3274003,3997377,2508281,2975724
" Less developed regions, excluding least developed countries",   Turkey,162695,173154,95072,101029,67623,72125
" Less developed regions, excluding least developed countries",   United Arab Emirates,116693,122593,61859,64851,54834,57742
" Less developed regions, excluding least developed countries",   Yemen,1006863,1185077,674777,786740,332086,398337
" Less developed regions, excluding least developed countries",   Belarus,135436,138238,64275,65769,71161,72469
" Less developed regions, excluding least developed countries",   Bulgaria,502068,690552,181243,217188,320825,473364
" Less developed regions, excluding least developed countries",   Czechia,7711,8737,3586,4196,4125,4541
" Less developed regions, excluding least developed countries",   Hungary,19161,19421,8662,8793,10499,10628
" Less developed regions, excluding least developed countries",   Poland,94652,97109,41870,43783,52782,53326
" Less developed regions, excluding least developed countries",   Republic of Moldova*,30907,32116,13485,13552,17422,18564
" Less developed regions, excluding least developed countries",   Romania,138729,144965,58642,59637,80087,85328
" Less developed regions, excluding least developed countries",   Russian Federation,3925016,4051706,1836042,1897714,2088974,2153992
" Less developed regions, excluding least developed countries",   Slovakia,1445,1703,753,895,692,808
" Less developed regions, excluding least developed countries",   Ukraine*,671307,686701,315118,322947,356189,363754
" Less developed regions, excluding least developed countries",   Channel Islands*,126,148,43,54,83,94
" Less developed regions, excluding least developed countries",   Denmark*,12745,15016,6386,7535,6359,7481
" Less developed regions, excluding least developed countries",   Estonia,2950,3065,1316,1378,1634,1687
" Less developed regions, excluding least developed countries",   Faroe Islands*,0,0,0,0,0,0
" Less developed regions, excluding least developed countries",   Finland*,5710,6761,2424,2876,3286,3885
" Less developed regions, excluding least developed countries",   Iceland,747,825,482,540,265,285
" Less developed regions, excluding least developed countries",   Ireland,17405,20084,7738,9928,9667,10156
" Less developed regions, excluding least developed countries",   Isle of Man*,3,2,3,2,0,0
" Less developed regions, excluding least developed countries",   Latvia,7264,7291,3251,3303,4013,3988
" Less developed regions, excluding least developed countries",   Lithuania,13272,13557,5883,6054,7389,7503
" Less developed regions, excluding least developed countries",   Norway*,8861,10819,4419,5279,4442,5540
" Less developed regions, excluding least developed countries",   Sweden,13312,16230,6791,7929,6521,8301
" Less developed regions, excluding least developed countries",   United Kingdom*,358607,395808,193907,214460,164700,181348
" Less developed regions, excluding least developed countries",   Albania,4361,5754,2169,2681,2192,3073
" Less developed regions, excluding least developed countries",   Andorra,13,14,13,14,0,0
" Less developed regions, excluding least developed countries",   Bosnia and Herzegovina,3140,4155,1517,1882,1623,2273
" Less developed regions, excluding least developed countries",   Croatia,3881,4323,1959,2278,1922,2045
" Less developed regions, excluding least developed countries",   Gibraltar*,81,90,55,64,26,26
" Less developed regions, excluding least developed countries",   Greece,103187,129453,48925,57471,54262,71982
" Less developed regions, excluding least developed countries",   Holy See*,0,0,0,0,0,0
" Less developed regions, excluding least developed countries",   Italy,353095,363844,183473,191884,169622,171960
" Less developed regions, excluding least developed countries",   Malta,512,599,209,280,303,319
" Less developed regions, excluding least developed countries",   Montenegro,301,284,146,137,155,147
" Less developed regions, excluding least developed countries",   North Macedonia,143632,200009,81668,107407,61964,92602
" Less developed regions, excluding least developed countries",   Portugal,241391,255130,125670,134228,115721,120902
" Less developed regions, excluding least developed countries",   San Marino,57,59,14,15,43,44
" Less developed regions, excluding least developed countries",   Serbia*,8026,8769,3731,4384,4295,4385
" Less developed regions, excluding least developed countries",   Slovenia,1370,1466,693,742,677,724
" Less developed regions, excluding least developed countries",   Spain*,335847,361862,169410,184819,166437,177043
" Less developed regions, excluding least developed countries",   Austria,34175,41409,16530,19629,17645,21780
" Less developed regions, excluding least developed countries",   Belgium,34438,40502,17162,20261,17276,20241
" Less developed regions, excluding least developed countries",   France*,537584,574411,279031,298590,258553,275821
" Less developed regions, excluding least developed countries",   Germany,442946,556688,191778,218844,251168,337844
" Less developed regions, excluding least developed countries",   Liechtenstein,101,102,73,74,28,28
" Less developed regions, excluding least developed countries",   Luxembourg,320,357,140,163,180,194
" Less developed regions, excluding least developed countries",   Monaco,513,575,296,334,217,241
" Less developed regions, excluding least developed countries",   Netherlands*,84698,100117,44996,51743,39702,48374
" Less developed regions, excluding least developed countries",   Switzerland,36040,42745,19194,22177,16846,20568
" Less developed regions, excluding least developed countries",   Anguilla*,1493,1515,780,794,713,721
" Less developed regions, excluding least developed countries",   Antigua and Barbuda,8233,8438,3745,3843,4488,4595
" Less developed regions, excluding least developed countries",   Aruba*,4321,4657,1821,1984,2500,2673
" Less developed regions, excluding least developed countries",   Bahamas,1622,1712,814,868,808,844
" Less developed regions, excluding least developed countries",   Barbados,4663,4906,2392,2617,2271,2289
" Less developed regions, excluding least developed countries","   Bonaire, Sint Eustatius and Saba*",3099,3524,1345,1559,1754,1965
" Less developed regions, excluding least developed countries",   British Virgin Islands*,4087,4191,1794,1841,2293,2350
" Less developed regions, excluding least developed countries",   Cayman Islands*,131,131,76,78,55,53
" Less developed regions, excluding least developed countries",   Cuba,72005,112689,37540,61565,34465,51124
" Less developed regions, excluding least developed countries",   Curaçao*,5341,5687,2734,2894,2607,2793
" Less developed regions, excluding least developed countries",   Dominica,20920,20787,9093,8993,11827,11794
" Less developed regions, excluding least developed countries",   Dominican Republic,113928,143567,47706,58423,66222,85144
" Less developed regions, excluding least developed countries",   Grenada,10722,11654,4756,5905,5966,5749
" Less developed regions, excluding least developed countries",   Guadeloupe*,10527,10874,3998,4183,6529,6691
" Less developed regions, excluding least developed countries",   Haiti,605533,868482,379106,535966,226427,332516
" Less developed regions, excluding least developed countries",   Jamaica,34963,37991,14571,16076,20392,21915
" Less developed regions, excluding least developed countries",   Martinique*,11994,12228,5200,5282,6794,6946
" Less developed regions, excluding least developed countries",   Montserrat*,3054,3157,1516,1572,1538,1585
" Less developed regions, excluding least developed countries",   Puerto Rico*,17997,18950,9482,10075,8515,8875
" Less developed regions, excluding least developed countries",   Saint Barthélemy*,0,0,0,0,0,0
" Less developed regions, excluding least developed countries",   Saint Kitts and Nevis,11799,12143,5522,5699,6277,6444
" Less developed regions, excluding least developed countries",   Saint Lucia,13113,13471,5834,6077,7279,7394
" Less developed regions, excluding least developed countries",   Saint Martin (French part)*,0,0,0,0,0,0
" Less developed regions, excluding least developed countries",   Saint Vincent and the Grenadines,15400,16603,7066,8199,8334,8404
" Less developed regions, excluding least developed countries",   Sint Maarten (Dutch part)*,1793,1945,874,953,919,992
" Less developed regions, excluding least developed countries",   Trinidad and Tobago,16141,16328,7428,7447,8713,8881
" Less developed regions, excluding least developed countries",   Turks and Caicos Islands*,1585,1695,639,685,946,1010
" Less developed regions, excluding least developed countries",   United States Virgin Islands*,3241,3092,1856,1766,1385,1326
" Less developed regions, excluding least developed countries",   Belize,5144,5635,2573,2845,2571,2790
" Less developed regions, excluding least developed countries",   Costa Rica,30445,34034,15069,17115,15376,16919
" Less developed regions, excluding least developed countries",   El Salvador,70849,84543,29740,36328,41109,48215
" Less developed regions, excluding least developed countries",   Guatemala,88894,97719,42529,47245,46365,50474
" Less developed regions, excluding least developed countries",   Honduras,65562,94544,29823,42962,35739,51582
" Less developed regions, excluding least developed countries",   Mexico,75159,89854,39324,47058,35835,42796
" Less developed regions, excluding least developed countries",   Nicaragua,337447,400406,159020,198132,178427,202274
" Less developed regions, excluding least developed countries",   Panama,22266,25390,11493,13567,10773,11823
" Less developed regions, excluding least developed countries",   Argentina,317255,372975,162539,191029,154716,181946
" Less developed regions, excluding least developed countries",   Bolivia (Plurinational State of),543191,638679,271197,313731,271994,324948
" Less developed regions, excluding least developed countries",   Brazil,306302,340376,158834,177096,147468,163280
" Less developed regions, excluding least developed countries",   Chile,295391,310263,142550,152145,152841,158118
" Less developed regions, excluding least developed countries",   Colombia,1392620,1456988,672437,704545,720183,752443
" Less developed regions, excluding least developed countries",   Ecuador,96341,124031,47734,61485,48607,62546
" Less developed regions, excluding least developed countries",   Falkland Islands (Malvinas)*,52,54,26,31,26,23
" Less developed regions, excluding least developed countries",   French Guiana*,4219,4276,1701,1748,2518,2528
" Less developed regions, excluding least developed countries",   Guyana,61302,64877,29800,32426,31502,32451
" Less developed regions, excluding least developed countries",   Paraguay,735864,750186,328193,337081,407671,413105
" Less developed regions, excluding least developed countries",   Peru,472393,569670,224872,279878,247521,289792
" Less developed regions, excluding least developed countries",   Suriname,30211,33739,14312,15992,15899,17747
" Less developed regions, excluding least developed countries",   Uruguay,189287,193212,91912,94808,97375,98404
" Less developed regions, excluding least developed countries",   Venezuela (Bolivarian Republic of),173904,4416404,85623,2186746,88281,2229658
" Less developed regions, excluding least developed countries",   Bermuda*,204,215,124,136,80,79
" Less developed regions, excluding least developed countries",   Canada,114046,131321,64591,74900,49455,56421
" Less developed regions, excluding least developed countries",   Greenland*,403,451,213,240,190,211
" Less developed regions, excluding least developed countries",   Saint Pierre and Miquelon*,111,122,62,70,49,52
" Less developed regions, excluding least developed countries",   United States of America*,1518294,1654005,789118,872669,729176,781336
" Less developed regions, excluding least developed countries",   Australia*,85970,93242,48424,52924,37546,40318
" Less developed regions, excluding least developed countries",   New Zealand*,24949,27819,13693,15830,11256,11989
" Less developed regions, excluding least developed countries",   Fiji,2675,2648,1323,1320,1352,1328
" Less developed regions, excluding least developed countries",   New Caledonia*,3256,3257,1651,1653,1605,1604
" Less developed regions, excluding least developed countries",   Papua New Guinea,178,185,77,85,101,100
" Less developed regions, excluding least developed countries",   Solomon Islands,1000,1020,581,599,419,421
" Less developed regions, excluding least developed countries",   Vanuatu,4198,4414,2071,2176,2127,2238
" Less developed regions, excluding least developed countries",   Guam*,2012,2086,915,942,1097,1144
" Less developed regions, excluding least developed countries",   Kiribati,1371,1427,759,800,612,627
" Less developed regions, excluding least developed countries",   Marshall Islands,372,383,184,192,188,191
" Less developed regions, excluding least developed countries",   Micronesia (Fed. States of),12400,13036,6263,6570,6137,6466
" Less developed regions, excluding least developed countries",   Nauru,27,28,10,13,17,15
" Less developed regions, excluding least developed countries",   Northern Mariana Islands*,2557,2693,1318,1380,1239,1313
" Less developed regions, excluding least developed countries",   Palau,2351,2445,1166,1219,1185,1226
" Less developed regions, excluding least developed countries",   American Samoa*,1402,1329,718,684,684,645
" Less developed regions, excluding least developed countries",   Cook Islands*,52,49,22,22,30,27
" Less developed regions, excluding least developed countries",   French Polynesia*,664,701,467,492,197,209
" Less developed regions, excluding least developed countries",   Niue*,44,45,30,34,14,11
" Less developed regions, excluding least developed countries",   Samoa,16601,16667,8313,8347,8288,8320
" Less developed regions, excluding least developed countries",   Tokelau*,111,104,54,52,57,52
" Less developed regions, excluding least developed countries",   Tonga,2778,2804,1480,1498,1298,1306
" Less developed regions, excluding least developed countries",   Tuvalu,592,601,330,341,262,260
" Less developed regions, excluding least developed countries",   Wallis and Futuna Islands*,11223,11913,5364,5671,5859,6242
" Less developed regions, excluding China",WORLD,103368940,118939005,58644164,67594504,44724776,51344501
" Less developed regions, excluding China",  Sub-Saharan Africa,17525848,20177223,9253308,10625898,8272540,9551325
" Less developed regions, excluding China",  Northern Africa and Western Asia,18295042,20825246,10491688,11924387,7803354,8900859
" Less developed regions, excluding China",  Central and Southern Asia,29999553,32609589,19459428,21608762,10540125,11000827
" Less developed regions, excluding China",  Eastern and South-Eastern Asia,14194529,16175946,7753529,8979320,6441000,7196626
" Less developed regions, excluding China",  Latin America and the Caribbean,6289522,11421146,3100422,5684178,3189100,5736968
" Less developed regions, excluding China",  Oceania (excluding Australia and New Zealand),71787,73978,36238,37347,35549,36631
" Less developed regions, excluding China",  Australia and New Zealand,98563,108008,55043,61460,43520,46548
" Less developed regions, excluding China",  Europe and Northern America,10062583,10928287,4842821,5182668,5219762,5745619
" Less developed regions, excluding China",  Developed regions,10343429,11237195,4995359,5346515,5348070,5890680
" Less developed regions, excluding China",  Less developed regions,86193998,101082228,49997118,58757505,36196880,42324723
" Less developed regions, excluding China"," Less developed regions, excluding least developed countries",51474774,61685872,30457157,36227019,21017617,25458853
" Less developed regions, excluding China"," Less developed regions, excluding China",84140102,98930407,48987647,57739575,35152455,41190832
" Less developed regions, excluding China",  Least developed countries,34719224,39396356,19539961,22530486,15179263,16865870
" Less developed regions, excluding China",  Land-locked Developing Countries (LLDC),18830674,21319341,9873669,11207273,8957005,10112068
" Less developed regions, excluding China",  Small island developing States (SIDS),1580638,1973378,854788,1071527,725850,901851
" Less developed regions, excluding China",  High-income countries,6482400,7063457,3309301,3569076,3173099,3494381
" Less developed regions, excluding China",  Middle-income countries,63684063,74691542,37230661,43709608,26453402,30981934
" Less developed regions, excluding China", Upper-middle-income countries,18841010,24895061,9587595,12430009,9253415,12465052
" Less developed regions, excluding China", Lower-middle-income countries,44843053,49796481,27643066,31279599,17199987,18516882
" Less developed regions, excluding China",  Low-income countries,26129808,30311860,14330148,16697058,11799660,13614802
" Less developed regions, excluding China", AFRICA,22402128,25681656,12205490,13968815,10196638,11712841
" Less developed regions, excluding China",  Eastern Africa,7271233,8945157,3828737,4684908,3442496,4260249
" Less developed regions, excluding China",  Middle Africa,2882061,3325645,1474251,1706929,1407810,1618716
" Less developed regions, excluding China",  Northern Africa,4876280,5504433,2952182,3342917,1924098,2161516
" Less developed regions, excluding China",  Southern Africa,436466,460059,212748,226268,223718,233791
" Less developed regions, excluding China",  Western Africa,6936088,7446362,3737572,4007793,3198516,3438569
" Less developed regions, excluding China", ASIA,57612844,64106348,34752463,39169552,22860381,24936796
" Less developed regions, excluding China",  Central Asia,629661,653470,325561,341727,304100,311743
" Less developed regions, excluding China",  Eastern Asia,2462074,2597969,1228658,1252883,1233416,1345086
" Less developed regions, excluding China",  South-Eastern Asia,11732455,13577977,6524871,7726437,5207584,5851540
" Less developed regions, excluding China",  Southern Asia,29369892,31956119,19133867,21267035,10236025,10689084
" Less developed regions, excluding China",  Western Asia,13418762,15320813,7539506,8581470,5879256,6739343
" Less developed regions, excluding China", EUROPE,8425390,9141989,3989593,4247855,4435797,4894134
" Less developed regions, excluding China",  Eastern Europe,5525246,5869919,2522810,2633522,3002436,3236397
" Less developed regions, excluding China",  Northern Europe,469862,516076,245961,260732,223901,255344
" Less developed regions, excluding China",  Southern Europe,1215617,1352238,629368,697931,586249,654307
" Less developed regions, excluding China",  Western Europe,1214665,1403756,591454,655670,623211,748086
" Less developed regions, excluding China", LATIN AMERICA AND THE CARIBBEAN,6289522,11421146,3100422,5684178,3189100,5736968
" Less developed regions, excluding China",  Caribbean,1011870,1355040,565259,763128,446611,591912
" Less developed regions, excluding China",  Central America,696736,833093,330040,405723,366696,427370
" Less developed regions, excluding China",  South America,4580916,9233013,2205123,4515327,2375793,4717686
" Less developed regions, excluding China", NORTHERN AMERICA,1637193,1786298,853228,934813,783965,851485
" Less developed regions, excluding China", OCEANIA ,170350,181986,91281,98807,79069,83179
" Less developed regions, excluding China",  Australia and New Zealand,98563,108008,55043,61460,43520,46548
" Less developed regions, excluding China",  Melanesia,13326,13567,6791,6940,6535,6627
" Less developed regions, excluding China",  Micronesia,22932,24038,11547,12091,11385,11947
" Less developed regions, excluding China",  Polynesia*,35529,36373,17900,18316,17629,18057
" Less developed regions, excluding China",   Burundi,427415,513674,212528,257447,214887,256227
" Less developed regions, excluding China",   Comoros,83010,108259,41831,53886,41179,54373
" Less developed regions, excluding China",   Djibouti,5382,5346,3102,3071,2280,2275
" Less developed regions, excluding China",   Eritrea,418076,491667,218489,252206,199587,239461
" Less developed regions, excluding China",   Ethiopia,448679,492375,261624,290409,187055,201966
" Less developed regions, excluding China",   Kenya,136737,134957,63179,63803,73558,71154
" Less developed regions, excluding China",   Madagascar,36412,39289,17564,18959,18848,20330
" Less developed regions, excluding China",   Malawi,276741,287504,162354,174177,114387,113327
" Less developed regions, excluding China",   Mauritius*,15344,16925,7511,8896,7833,8029
" Less developed regions, excluding China",   Mayotte*,6545,6767,3199,3305,3346,3462
" Less developed regions, excluding China",   Mozambique,511468,542775,309572,340811,201896,201964
" Less developed regions, excluding China",   Réunion*,2380,2465,832,894,1548,1571
" Less developed regions, excluding China",   Rwanda,465558,450549,229822,222202,235736,228347
" Less developed regions, excluding China",   Seychelles,17461,18353,7908,8440,9553,9913
" Less developed regions, excluding China",   Somalia,1562964,1481977,832107,803228,730857,678749
" Less developed regions, excluding China",   South Sudan,1047558,2560010,536599,1262560,510959,1297450
" Less developed regions, excluding China",   Uganda,641542,601341,308676,290360,332866,310981
" Less developed regions, excluding China",   United Republic of Tanzania*,167043,168655,82997,85079,84046,83576
" Less developed regions, excluding China",   Zambia,110669,109490,53355,53763,57314,55727
" Less developed regions, excluding China",   Zimbabwe,890249,912779,475488,491412,414761,421367
" Less developed regions, excluding China",   Angola,383305,394244,197310,204827,185995,189417
" Less developed regions, excluding China",   Cameroon,124608,162802,67857,88260,56751,74542
" Less developed regions, excluding China",   Central African Republic,665714,793924,338358,398654,327356,395270
" Less developed regions, excluding China",   Chad,179338,208507,97845,112053,81493,96454
" Less developed regions, excluding China",   Congo,99038,106827,50134,55751,48904,51076
" Less developed regions, excluding China",   Democratic Republic of the Congo,1299767,1517078,650424,768316,649343,748762
" Less developed regions, excluding China",   Equatorial Guinea,96189,104413,55011,59640,41178,44773
" Less developed regions, excluding China",   Gabon,18296,20636,9278,10478,9018,10158
" Less developed regions, excluding China",   Sao Tome and Principe,15806,17214,8034,8950,7772,8264
" Less developed regions, excluding China",   Algeria,92527,94528,45743,47139,46784,47389
" Less developed regions, excluding China",   Egypt,2571962,2953919,1701670,1957213,870292,996706
" Less developed regions, excluding China",   Libya,65303,74467,35853,41144,29450,33323
" Less developed regions, excluding China",   Morocco,199558,198077,97778,97375,101780,100702
" Less developed regions, excluding China",   Sudan,1719673,1946014,950934,1074333,768739,871681
" Less developed regions, excluding China",   Tunisia,42592,43824,22692,23534,19900,20290
" Less developed regions, excluding China",   Western Sahara,184665,193604,97512,102179,87153,91425
" Less developed regions, excluding China",   Botswana,49042,56586,29486,36430,19556,20156
" Less developed regions, excluding China",   Eswatini,43031,46509,21071,22682,21960,23827
" Less developed regions, excluding China",   Lesotho,190083,200642,85451,88883,104632,111759
" Less developed regions, excluding China",   Namibia,43980,40293,22031,20136,21949,20157
" Less developed regions, excluding China",   South Africa,110330,116029,54709,58137,55621,57892
" Less developed regions, excluding China",   Benin,602834,644567,323532,344457,279302,300110
" Less developed regions, excluding China",   Burkina Faso,1489919,1565410,831530,873343,658389,692067
" Less developed regions, excluding China",   Cabo Verde,19230,20012,9391,10077,9839,9935
" Less developed regions, excluding China",   Côte d'Ivoire,871857,924628,431518,458151,440339,466477
" Less developed regions, excluding China",   Gambia,19933,20137,10161,10259,9772,9878
" Less developed regions, excluding China",   Ghana,456918,484894,222632,237032,234286,247862
" Less developed regions, excluding China",   Guinea,393585,413028,218568,231723,175017,181305
" Less developed regions, excluding China",   Guinea-Bissau,56977,60088,27574,29086,29403,31002
" Less developed regions, excluding China",   Liberia,100490,106476,50777,54031,49713,52445
" Less developed regions, excluding China",   Mali,1114075,1167339,620246,648876,493829,518463
" Less developed regions, excluding China",   Mauritania,82887,95494,49644,56767,33243,38727
" Less developed regions, excluding China",   Niger,363366,385742,214861,227878,148505,157864
" Less developed regions, excluding China",   Nigeria,607022,733872,326840,390291,280182,343581
" Less developed regions, excluding China",   Saint Helena*,652,771,305,387,347,384
" Less developed regions, excluding China",   Senegal,265871,290150,157441,171926,108430,118224
" Less developed regions, excluding China",   Sierra Leone,51793,55474,27201,29257,24592,26217
" Less developed regions, excluding China",   Togo,438679,478280,215351,234252,223328,244028
" Less developed regions, excluding China",   Kazakhstan,76417,78496,34589,35525,41828,42971
" Less developed regions, excluding China",   Kyrgyzstan,31133,33376,15221,16384,15912,16992
" Less developed regions, excluding China",   Tajikistan,49354,39544,24741,20620,24613,18924
" Less developed regions, excluding China",   Turkmenistan,12945,13250,6961,7217,5984,6033
" Less developed regions, excluding China",   Uzbekistan,459812,488804,244049,261981,215763,226823
" Less developed regions, excluding China",   China*,1960303,2055759,968610,975746,991693,1080013
" Less developed regions, excluding China","   China, Hong Kong SAR*",72130,74252,32025,33220,40105,41032
" Less developed regions, excluding China","   China, Macao SAR*",21463,21810,8836,8964,12627,12846
" Less developed regions, excluding China","   China, Taiwan Province of China*",0,0,0,0,0,0
" Less developed regions, excluding China",   Dem. People's Republic of Korea,77798,82099,40324,42630,37474,39469
" Less developed regions, excluding China",   Japan,182283,200900,97495,102387,84788,98513
" Less developed regions, excluding China",   Mongolia,24694,31426,14150,17650,10544,13776
" Less developed regions, excluding China",   Republic of Korea,123403,131723,67218,72286,56185,59437
" Less developed regions, excluding China",   Brunei Darussalam,32176,30988,19662,18851,12514,12137
" Less developed regions, excluding China",   Cambodia,747442,787517,353893,367145,393549,420372
" Less developed regions, excluding China",   Indonesia,3488902,3974627,2064395,2339127,1424507,1635500
" Less developed regions, excluding China",   Lao People's Democratic Republic,997129,1037580,448181,445167,548948,592413
" Less developed regions, excluding China",   Malaysia*,1400917,1421274,638150,600753,762767,820521
" Less developed regions, excluding China",   Myanmar,2639819,3476348,1492887,2207591,1146932,1268757
" Less developed regions, excluding China",   Philippines,1721183,1984180,1103058,1250614,618125,733566
" Less developed regions, excluding China",   Singapore,136132,142581,72982,75651,63150,66930
" Less developed regions, excluding China",   Thailand,230735,321747,140645,201950,90090,119797
" Less developed regions, excluding China",   Timor-Leste,22732,23899,12975,13614,9757,10285
" Less developed regions, excluding China",   Viet Nam,315288,377236,178043,205974,137245,171262
" Less developed regions, excluding China",   Afghanistan,4860592,4959592,2585132,2695920,2275460,2263672
" Less developed regions, excluding China",   Bangladesh,6110995,6545663,4102975,4497335,2008020,2048328
" Less developed regions, excluding China",   Bhutan,39078,37186,19857,18713,19221,18473
" Less developed regions, excluding China",   India,10997151,12202225,7785480,8754530,3211671,3447695
" Less developed regions, excluding China",   Iran (Islamic Republic of),128119,172460,68753,89315,59366,83145
" Less developed regions, excluding China",   Maldives,2441,2416,1090,1084,1351,1332
" Less developed regions, excluding China",   Nepal,2031059,2233321,1113479,1271181,917580,962140
" Less developed regions, excluding China",   Pakistan,4262534,4633033,2890159,3216115,1372375,1416918
" Less developed regions, excluding China",   Sri Lanka,937923,1170223,566942,722842,370981,447381
" Less developed regions, excluding China",   Armenia,190049,184291,97600,94802,92449,89489
" Less developed regions, excluding China",   Azerbaijan*,201831,209100,95868,99210,105963,109890
" Less developed regions, excluding China",   Bahrain,45418,45688,23947,17251,21471,28437
" Less developed regions, excluding China",   Cyprus*,15812,20747,7073,8984,8739,11763
" Less developed regions, excluding China",   Georgia*,127059,127402,57992,57857,69067,69545
" Less developed regions, excluding China",   Iraq,868167,1002504,468335,444412,399832,558092
" Less developed regions, excluding China",   Israel,83045,86830,37624,39968,45421,46862
" Less developed regions, excluding China",   Jordan,573598,653241,366561,417960,207037,235281
" Less developed regions, excluding China",   Kuwait,123341,133293,80105,87362,43236,45931
" Less developed regions, excluding China",   Lebanon,251415,292056,166420,192914,84995,99142
" Less developed regions, excluding China",   Oman,15274,16065,7852,8589,7422,7476
" Less developed regions, excluding China",   Qatar,15303,16039,7587,8010,7716,8029
" Less developed regions, excluding China",   Saudi Arabia,116187,126340,72228,79059,43959,47281
" Less developed regions, excluding China",   State of Palestine*,3702951,3924254,1934072,2059753,1768879,1864501
" Less developed regions, excluding China",   Syrian Arab Republic,5786557,6977726,3276249,4000037,2510308,2977689
" Less developed regions, excluding China",   Turkey,162737,173279,95098,101100,67639,72179
" Less developed regions, excluding China",   United Arab Emirates,119791,126221,63477,66749,56314,59472
" Less developed regions, excluding China",   Yemen,1020227,1205737,681418,797453,338809,408284
" Less developed regions, excluding China",   Belarus,135436,138238,64275,65769,71161,72469
" Less developed regions, excluding China",   Bulgaria,502071,690553,181245,217189,320826,473364
" Less developed regions, excluding China",   Czechia,7711,8737,3586,4196,4125,4541
" Less developed regions, excluding China",   Hungary,19169,19428,8662,8793,10507,10635
" Less developed regions, excluding China",   Poland,94653,97109,41870,43783,52783,53326
" Less developed regions, excluding China",   Republic of Moldova*,30910,32117,13487,13553,17423,18564
" Less developed regions, excluding China",   Romania,138734,144968,58646,59640,80088,85328
" Less developed regions, excluding China",   Russian Federation,3923801,4050358,1835162,1896751,2088639,2153607
" Less developed regions, excluding China",   Slovakia,1445,1703,753,895,692,808
" Less developed regions, excluding China",   Ukraine*,671316,686708,315124,322953,356192,363755
" Less developed regions, excluding China",   Channel Islands*,126,148,43,54,83,94
" Less developed regions, excluding China",   Denmark*,13005,15261,6523,7668,6482,7593
" Less developed regions, excluding China",   Estonia,2950,3065,1316,1378,1634,1687
" Less developed regions, excluding China",   Faroe Islands*,0,0,0,0,0,0
" Less developed regions, excluding China",   Finland*,5716,6765,2428,2880,3288,3885
" Less developed regions, excluding China",   Iceland,747,825,482,540,265,285
" Less developed regions, excluding China",   Ireland,16720,19370,7359,9545,9361,9825
" Less developed regions, excluding China",   Isle of Man*,3,2,3,2,0,0
" Less developed regions, excluding China",   Latvia,7287,7311,3263,3314,4024,3997
" Less developed regions, excluding China",   Lithuania,13272,13557,5883,6054,7389,7503
" Less developed regions, excluding China",   Norway*,23181,24857,12156,9620,11025,15237
" Less developed regions, excluding China",   Sweden,13633,16487,6953,8065,6680,8422
" Less developed regions, excluding China",   United Kingdom*,373222,408428,199552,211612,173670,196816
" Less developed regions, excluding China",   Albania,5636,7245,2742,3354,2894,3891
" Less developed regions, excluding China",   Andorra,1046,1222,557,653,489,569
" Less developed regions, excluding China",   Bosnia and Herzegovina,3142,4155,1519,1882,1623,2273
" Less developed regions, excluding China",   Croatia,4875,5482,2591,3017,2284,2465
" Less developed regions, excluding China",   Gibraltar*,81,90,55,64,26,26
" Less developed regions, excluding China",   Greece,103222,129485,48941,57486,54281,71999
" Less developed regions, excluding China",   Holy See*,0,0,0,0,0,0
" Less developed regions, excluding China",   Italy,354834,365508,184736,193119,170098,172389
" Less developed regions, excluding China",   Malta,512,599,209,280,303,319
" Less developed regions, excluding China",   Montenegro,301,284,146,137,155,147
" Less developed regions, excluding China",   North Macedonia,143632,200009,81668,107407,61964,92602
" Less developed regions, excluding China",   Portugal,250751,263745,130923,139134,119828,124611
" Less developed regions, excluding China",   San Marino,57,59,14,15,43,44
" Less developed regions, excluding China",   Serbia*,8028,8769,3732,4384,4296,4385
" Less developed regions, excluding China",   Slovenia,1441,1535,734,782,707,753
" Less developed regions, excluding China",   Spain*,338059,364051,170801,186217,167258,177834
" Less developed regions, excluding China",   Austria,34355,41595,16679,19786,17676,21809
" Less developed regions, excluding China",   Belgium,35246,41420,17575,20730,17671,20690
" Less developed regions, excluding China",   France*,579525,619431,300783,321933,278742,297498
" Less developed regions, excluding China",   Germany,444655,558298,192304,219343,252351,338955
" Less developed regions, excluding China",   Liechtenstein,105,104,74,75,31,29
" Less developed regions, excluding China",   Luxembourg,320,357,140,163,180,194
" Less developed regions, excluding China",   Monaco,513,575,296,334,217,241
" Less developed regions, excluding China",   Netherlands*,84058,99402,44559,51281,39499,48121
" Less developed regions, excluding China",   Switzerland,35888,42574,19044,22025,16844,20549
" Less developed regions, excluding China",   Anguilla*,1493,1515,780,794,713,721
" Less developed regions, excluding China",   Antigua and Barbuda,12685,12714,6290,6296,6395,6418
" Less developed regions, excluding China",   Aruba*,4321,4657,1821,1984,2500,2673
" Less developed regions, excluding China",   Bahamas,1635,1723,820,874,815,849
" Less developed regions, excluding China",   Barbados,4674,4915,2402,2626,2272,2289
" Less developed regions, excluding China","   Bonaire, Sint Eustatius and Saba*",3099,3524,1345,1559,1754,1965
" Less developed regions, excluding China",   British Virgin Islands*,4587,4776,2005,2088,2582,2688
" Less developed regions, excluding China",   Cayman Islands*,131,131,76,78,55,53
" Less developed regions, excluding China",   Cuba,74969,115630,39271,63286,35698,52344
" Less developed regions, excluding China",   Curaçao*,5341,5687,2734,2894,2607,2793
" Less developed regions, excluding China",   Dominica,20933,20798,9097,8997,11836,11801
" Less developed regions, excluding China",   Dominican Republic,116202,145944,48979,59755,67223,86189
" Less developed regions, excluding China",   Grenada,11091,12085,4915,6092,6176,5993
" Less developed regions, excluding China",   Guadeloupe*,11462,11970,4419,4678,7043,7292
" Less developed regions, excluding China",   Haiti,605558,868504,379119,535978,226439,332526
" Less developed regions, excluding China",   Jamaica,34963,37991,14571,16076,20392,21915
" Less developed regions, excluding China",   Martinique*,11994,12228,5200,5282,6794,6946
" Less developed regions, excluding China",   Montserrat*,3054,3157,1516,1572,1538,1585
" Less developed regions, excluding China",   Puerto Rico*,19456,20476,10147,10771,9309,9705
" Less developed regions, excluding China",   Saint Barthélemy*,0,0,0,0,0,0
" Less developed regions, excluding China",   Saint Kitts and Nevis,11799,12143,5522,5699,6277,6444
" Less developed regions, excluding China",   Saint Lucia,13113,13471,5834,6077,7279,7394
" Less developed regions, excluding China",   Saint Martin (French part)*,0,0,0,0,0,0
" Less developed regions, excluding China",   Saint Vincent and the Grenadines,15430,16630,7085,8217,8345,8413
" Less developed regions, excluding China",   Sint Maarten (Dutch part)*,1793,1945,874,953,919,992
" Less developed regions, excluding China",   Trinidad and Tobago,16141,16328,7428,7447,8713,8881
" Less developed regions, excluding China",   Turks and Caicos Islands*,2244,2466,929,1025,1315,1441
" Less developed regions, excluding China",   United States Virgin Islands*,3702,3632,2080,2030,1622,1602
" Less developed regions, excluding China",   Belize,5146,5635,2575,2845,2571,2790
" Less developed regions, excluding China",   Costa Rica,30819,34413,15241,17290,15578,17123
" Less developed regions, excluding China",   El Salvador,70853,84545,29742,36330,41111,48215
" Less developed regions, excluding China",   Guatemala,88894,97719,42529,47245,46365,50474
" Less developed regions, excluding China",   Honduras,65860,94829,29989,43123,35871,51706
" Less developed regions, excluding China",   Mexico,75446,90153,39448,47188,35998,42965
" Less developed regions, excluding China",   Nicaragua,337452,400409,159023,198135,178429,202274
" Less developed regions, excluding China",   Panama,22266,25390,11493,13567,10773,11823
" Less developed regions, excluding China",   Argentina,317870,373607,162897,191400,154973,182207
" Less developed regions, excluding China",   Bolivia (Plurinational State of),543196,638682,271199,313733,271997,324949
" Less developed regions, excluding China",   Brazil,269154,298321,133302,145056,135852,153265
" Less developed regions, excluding China",   Chile,297242,312390,143589,153340,153653,159050
" Less developed regions, excluding China",   Colombia,1396023,1460322,674352,706425,721671,753897
" Less developed regions, excluding China",   Ecuador,96343,124031,47736,61485,48607,62546
" Less developed regions, excluding China",   Falkland Islands (Malvinas)*,52,54,26,31,26,23
" Less developed regions, excluding China",   French Guiana*,4219,4276,1701,1748,2518,2528
" Less developed regions, excluding China",   Guyana,61302,64877,29800,32426,31502,32451
" Less developed regions, excluding China",   Paraguay,735864,750186,328193,337081,407671,413105
" Less developed regions, excluding China",   Peru,463111,559560,218886,273360,244225,286200
" Less developed regions, excluding China",   Suriname,30211,33739,14312,15992,15899,17747
" Less developed regions, excluding China",   Uruguay,190056,194076,92255,95197,97801,98879
" Less developed regions, excluding China",   Venezuela (Bolivarian Republic of),176273,4418892,86875,2188053,89398,2230839
" Less developed regions, excluding China",   Bermuda*,204,215,124,136,80,79
" Less developed regions, excluding China",   Canada,95064,111193,53501,63359,41563,47834
" Less developed regions, excluding China",   Greenland*,403,451,213,240,190,211
" Less developed regions, excluding China",   Saint Pierre and Miquelon*,111,122,62,70,49,52
" Less developed regions, excluding China",   United States of America*,1541411,1674317,799328,871008,742083,803309
" Less developed regions, excluding China",   Australia*,75320,81988,42455,46761,32865,35227
" Less developed regions, excluding China",   New Zealand*,23243,26020,12588,14699,10655,11321
" Less developed regions, excluding China",   Fiji,3559,3570,1793,1813,1766,1757
" Less developed regions, excluding China",   New Caledonia*,3546,3551,1799,1804,1747,1747
" Less developed regions, excluding China",   Papua New Guinea,825,816,440,441,385,375
" Less developed regions, excluding China",   Solomon Islands,1132,1152,650,669,482,483
" Less developed regions, excluding China",   Vanuatu,4264,4478,2109,2213,2155,2265
" Less developed regions, excluding China",   Guam*,2012,2086,915,942,1097,1144
" Less developed regions, excluding China",   Kiribati,1700,1748,928,960,772,788
" Less developed regions, excluding China",   Marshall Islands,378,387,187,195,191,192
" Less developed regions, excluding China",   Micronesia (Fed. States of),12403,13037,6264,6571,6139,6466
" Less developed regions, excluding China",   Nauru,1522,1635,764,819,758,816
" Less developed regions, excluding China",   Northern Mariana Islands*,2557,2693,1318,1380,1239,1313
" Less developed regions, excluding China",   Palau,2360,2452,1171,1224,1189,1228
" Less developed regions, excluding China",   American Samoa*,1797,1791,903,902,894,889
" Less developed regions, excluding China",   Cook Islands*,52,49,22,22,30,27
" Less developed regions, excluding China",   French Polynesia*,1005,1099,637,692,368,407
" Less developed regions, excluding China",   Niue*,44,45,30,34,14,11
" Less developed regions, excluding China",   Samoa,16632,16694,8332,8365,8300,8329
" Less developed regions, excluding China",   Tokelau*,111,104,54,52,57,52
" Less developed regions, excluding China",   Tonga,3780,3766,2062,2060,1718,1706
" Less developed regions, excluding China",   Tuvalu,885,912,496,518,389,394
" Less developed regions, excluding China",   Wallis and Futuna Islands*,11223,11913,5364,5671,5859,6242
  Least developed countries,WORLD,13440115,16184725,6688200,8035524,6751915,8149201
  Least developed countries,  Sub-Saharan Africa,8448441,10640181,4243576,5319082,4204865,5321099
  Least developed countries,  Northern Africa and Western Asia,1195002,1291059,580016,614327,614986,676732
  Least developed countries,  Central and Southern Asia,942783,748889,402951,287331,539832,461558
  Least developed countries,  Eastern and South-Eastern Asia,1115010,1782418,585078,1040931,529932,741487
  Least developed countries,  Latin America and the Caribbean,40287,40931,21677,18616,18610,22315
  Least developed countries,  Oceania (excluding Australia and New Zealand),5923,6143,3142,3257,2781,2886
  Least developed countries,  Australia and New Zealand,2717,2830,1550,1626,1167,1204
  Least developed countries,  Europe and Northern America,181651,183256,98004,77777,83647,105479
  Least developed countries,  Developed regions,199575,201168,107792,84458,91783,116710
  Least developed countries,  Less developed regions,11732239,14494539,5828202,7278489,5904037,7216050
  Least developed countries," Less developed regions, excluding least developed countries",3415800,3373892,1647292,1478329,1768508,1895563
  Least developed countries," Less developed regions, excluding China",11488969,14251155,5698821,7185677,5790148,7065478
  Least developed countries,  Least developed countries,8316439,11120647,4180910,5800160,4135529,5320487
  Least developed countries,  Land-locked Developing Countries (LLDC),3645368,5374891,1854629,2658830,1790739,2716061
  Least developed countries,  Small island developing States (SIDS),162900,168400,81998,76138,80902,92262
  Least developed countries,  High-income countries,275676,278890,147167,115677,128509,163213
  Least developed countries,  Middle-income countries,4498589,5165606,2184606,2623087,2313983,2542519
  Least developed countries, Upper-middle-income countries,772240,774236,414119,292732,358121,481504
  Least developed countries, Lower-middle-income countries,3726349,4391370,1770487,2330355,1955862,2061015
  Least developed countries,  Low-income countries,7127757,9218618,3588621,4607074,3539136,4611544
  Least developed countries, AFRICA,9571067,11850593,4785322,5896474,4785745,5954119
  Least developed countries,  Eastern Africa,3949509,5550089,1987238,2763428,1962271,2786661
  Least developed countries,  Middle Africa,1827503,2182645,913584,1094173,913919,1088472
  Least developed countries,  Northern Africa,1122626,1210412,541746,577392,580880,633020
  Least developed countries,  Southern Africa,52334,55699,25383,27478,26951,28221
  Least developed countries,  Western Africa,2619095,2851748,1317371,1434003,1301724,1417745
  Least developed countries, ASIA,2130169,2611954,1026299,1365197,1103870,1246757
  Least developed countries,  Central Asia,17614,6787,7736,3056,9878,3731
  Least developed countries,  Eastern Asia,262422,262630,139666,100013,122756,162617
  Least developed countries,  South-Eastern Asia,852588,1519788,445412,940918,407176,578870
  Least developed countries,  Southern Asia,925169,742102,395215,284275,529954,457827
  Least developed countries,  Western Asia,72376,80647,38270,36935,34106,43712
  Least developed countries, EUROPE,124344,126494,66886,57305,57458,69189
  Least developed countries,  Eastern Europe,1014,1058,517,548,497,510
  Least developed countries,  Northern Europe,53729,52691,28805,17483,24924,35208
  Least developed countries,  Southern Europe,19835,19728,11381,11392,8454,8336
  Least developed countries,  Western Europe,49766,53017,26183,27882,23583,25135
  Least developed countries, LATIN AMERICA AND THE CARIBBEAN,40287,40931,21677,18616,18610,22315
  Least developed countries,  Caribbean,14165,14623,7571,7784,6594,6839
  Least developed countries,  Central America,970,968,469,471,501,497
  Least developed countries,  South America,25152,25340,13637,10361,11515,14979
  Least developed countries, NORTHERN AMERICA,57307,56762,31118,20472,26189,36290
  Least developed countries, OCEANIA ,8640,8973,4692,4883,3948,4090
  Least developed countries,  Australia and New Zealand,2717,2830,1550,1626,1167,1204
  Least developed countries,  Melanesia,2019,2043,1088,1107,931,936
  Least developed countries,  Micronesia,1842,1940,932,975,910,965
  Least developed countries,  Polynesia*,2062,2160,1122,1175,940,985
  Least developed countries,   Burundi,411314,489575,204865,245225,206449,244350
  Least developed countries,   Comoros,12502,13582,7174,7787,5328,5795
  Least developed countries,   Djibouti,3720,3455,1901,1718,1819,1737
  Least developed countries,   Eritrea,380097,432110,193743,215986,186354,216124
  Least developed countries,   Ethiopia,107204,136777,53488,68630,53716,68147
  Least developed countries,   Kenya,107756,103441,50066,48264,57690,55177
  Least developed countries,   Madagascar,9661,9613,4544,4524,5117,5089
  Least developed countries,   Malawi,77735,82978,38787,41834,38948,41144
  Least developed countries,   Mauritius*,207,183,115,103,92,80
  Least developed countries,   Mayotte*,0,0,0,0,0,0
  Least developed countries,   Mozambique,64550,56185,33014,28934,31536,27251
  Least developed countries,   Réunion*,850,845,455,453,395,392
  Least developed countries,   Rwanda,427891,412920,209914,202012,217977,210908
  Least developed countries,   Seychelles,16500,17273,7512,7934,8988,9339
  Least developed countries,   Somalia,847182,830111,438682,438295,408500,391816
  Least developed countries,   South Sudan,923708,2394975,470520,1174949,453188,1220026
  Least developed countries,   Uganda,253247,258469,131214,132480,122033,125989
  Least developed countries,   United Republic of Tanzania*,114449,119340,55300,58038,59149,61302
  Least developed countries,   Zambia,51781,45670,22017,19706,29764,25964
  Least developed countries,   Zimbabwe,139155,142587,63927,66556,75228,76031
  Least developed countries,   Angola,250634,251195,126815,126024,123819,125171
  Least developed countries,   Cameroon,35410,40916,16359,18669,19051,22247
  Least developed countries,   Central African Republic,361309,457998,184771,229391,176538,228607
  Least developed countries,   Chad,93226,125216,48463,64066,44763,61150
  Least developed countries,   Congo,56613,58794,26392,27630,30221,31164
  Least developed countries,   Democratic Republic of the Congo,998517,1214535,494107,610466,504410,604069
  Least developed countries,   Equatorial Guinea,11751,11451,6754,6593,4997,4858
  Least developed countries,   Gabon,13455,15541,6884,7942,6571,7599
  Least developed countries,   Sao Tome and Principe,6588,6999,3039,3392,3549,3607
  Least developed countries,   Algeria,13815,14032,7544,7664,6271,6368
  Least developed countries,   Egypt,27322,32936,14573,17770,12749,15166
  Least developed countries,   Libya,4426,5470,2360,2892,2066,2578
  Least developed countries,   Morocco,5586,5869,2768,2897,2818,2972
  Least developed countries,   Sudan,1042689,1120673,499340,529568,543349,591105
  Least developed countries,   Tunisia,781,780,437,440,344,340
  Least developed countries,   Western Sahara,28007,30652,14724,16161,13283,14491
  Least developed countries,   Botswana,1150,1499,569,742,581,757
  Least developed countries,   Eswatini,144,147,87,90,57,57
  Least developed countries,   Lesotho,7646,8003,3315,3512,4331,4491
  Least developed countries,   Namibia,2045,2244,1037,1149,1008,1095
  Least developed countries,   South Africa,41349,43806,20375,21985,20974,21821
  Least developed countries,   Benin,99991,106270,46444,48995,53547,57275
  Least developed countries,   Burkina Faso,98900,114426,54274,62651,44626,51775
  Least developed countries,   Cabo Verde,17185,17815,8388,8980,8797,8835
  Least developed countries,   Côte d'Ivoire,800710,842970,392703,413551,408007,429419
  Least developed countries,   Gambia,10983,10658,5450,5261,5533,5397
  Least developed countries,   Ghana,112730,116419,47968,49424,64762,66995
  Least developed countries,   Guinea,220325,232158,124376,133347,95949,98811
  Least developed countries,   Guinea-Bissau,49045,51630,23003,24190,26042,27440
  Least developed countries,   Liberia,17274,15396,9176,8362,8098,7034
  Least developed countries,   Mali,347965,365963,183521,192270,164444,173693
  Least developed countries,   Mauritania,64108,75967,35678,42250,28430,33717
  Least developed countries,   Niger,167877,176985,92689,98005,75188,78980
  Least developed countries,   Nigeria,254246,334692,130572,168436,123674,166256
  Least developed countries,   Saint Helena*,0,0,0,0,0,0
  Least developed countries,   Senegal,177040,194833,89720,98948,87320,95885
  Least developed countries,   Sierra Leone,43536,46417,22717,24325,20819,22092
  Least developed countries,   Togo,137180,149149,50692,55008,86488,94141
  Least developed countries,   Kazakhstan,1830,2146,1052,1235,778,911
  Least developed countries,   Kyrgyzstan,0,0,0,0,0,0
  Least developed countries,   Tajikistan,15032,4422,6365,1735,8667,2687
  Least developed countries,   Turkmenistan,0,0,0,0,0,0
  Least developed countries,   Uzbekistan,752,219,319,86,433,133
  Least developed countries,   China*,243154,243261,129310,92735,113844,150526
  Least developed countries,"   China, Hong Kong SAR*",116,123,71,77,45,46
  Least developed countries,"   China, Macao SAR*",0,0,0,0,0,0
  Least developed countries,"   China, Taiwan Province of China*",0,0,0,0,0,0
  Least developed countries,   Dem. People's Republic of Korea,3172,3418,1635,1742,1537,1676
  Least developed countries,   Japan,15207,15082,8238,5055,6969,10027
  Least developed countries,   Mongolia,0,0,0,0,0,0
  Least developed countries,   Republic of Korea,773,746,412,404,361,342
  Least developed countries,   Brunei Darussalam,0,0,0,0,0,0
  Least developed countries,   Cambodia,23079,22933,12432,7902,10647,15031
  Least developed countries,   Indonesia,157213,154192,85049,48768,72164,105424
  Least developed countries,   Lao People's Democratic Republic,88415,86725,47759,26868,40656,59857
  Least developed countries,   Malaysia*,203907,199968,110164,61904,93743,138064
  Least developed countries,   Myanmar,240292,910546,113153,726249,127139,184297
  Least developed countries,   Philippines,671,667,420,418,251,249
  Least developed countries,   Singapore,10620,10577,5763,3574,4857,7003
  Least developed countries,   Thailand,45268,47605,25137,24054,20131,23551
  Least developed countries,   Timor-Leste,0,0,0,0,0,0
  Least developed countries,   Viet Nam,83123,86575,45535,41181,37588,45394
  Least developed countries,   Afghanistan,476,554,371,433,105,121
  Least developed countries,   Bangladesh,1505,1525,1022,1049,483,476
  Least developed countries,   Bhutan,28743,27503,14762,14019,13981,13484
  Least developed countries,   India,578035,562570,214126,200944,363909,361626
  Least developed countries,   Iran (Islamic Republic of),7,6,4,4,3,2
  Least developed countries,   Maldives,0,0,0,0,0,0
  Least developed countries,   Nepal,39846,39120,21562,12322,18284,26798
  Least developed countries,   Pakistan,276429,110701,143293,55429,133136,55272
  Least developed countries,   Sri Lanka,128,123,75,75,53,48
  Least developed countries,   Armenia,9,7,9,7,0,0
  Least developed countries,   Azerbaijan*,5,3,5,3,0,0
  Least developed countries,   Bahrain,30163,29575,16289,9137,13874,20438
  Least developed countries,   Cyprus*,7,6,3,3,4,3
  Least developed countries,   Georgia*,0,0,0,0,0,0
  Least developed countries,   Iraq,9913,10109,5135,5773,4778,4336
  Least developed countries,   Israel,1341,1568,718,842,623,726
  Least developed countries,   Jordan,2,0,2,0,0,0
  Least developed countries,   Kuwait,31,33,17,19,14,14
  Least developed countries,   Lebanon,2996,2773,2004,1851,992,922
  Least developed countries,   Oman,0,0,0,0,0,0
  Least developed countries,   Qatar,0,0,0,0,0,0
  Least developed countries,   Saudi Arabia,3214,3534,1536,1685,1678,1849
  Least developed countries,   State of Palestine*,3918,4001,2021,2273,1897,1728
  Least developed countries,   Syrian Arab Republic,4273,4625,2246,2660,2027,1965
  Least developed countries,   Turkey,42,125,26,71,16,54
  Least developed countries,   United Arab Emirates,3098,3628,1618,1898,1480,1730
  Least developed countries,   Yemen,13364,20660,6641,10713,6723,9947
  Least developed countries,   Belarus,0,0,0,0,0,0
  Least developed countries,   Bulgaria,3,1,2,1,1,0
  Least developed countries,   Czechia,0,0,0,0,0,0
  Least developed countries,   Hungary,8,7,0,0,8,7
  Least developed countries,   Poland,1,0,0,0,1,0
  Least developed countries,   Republic of Moldova*,3,1,2,1,1,0
  Least developed countries,   Romania,5,3,4,3,1,0
  Least developed countries,   Russian Federation,985,1039,503,537,482,502
  Least developed countries,   Slovakia,0,0,0,0,0,0
  Least developed countries,   Ukraine*,9,7,6,6,3,1
  Least developed countries,   Channel Islands*,0,0,0,0,0,0
  Least developed countries,   Denmark*,260,245,137,133,123,112
  Least developed countries,   Estonia,0,0,0,0,0,0
  Least developed countries,   Faroe Islands*,0,0,0,0,0,0
  Least developed countries,   Finland*,6,4,4,4,2,0
  Least developed countries,   Iceland,0,0,0,0,0,0
  Least developed countries,   Ireland,10,10,4,5,6,5
  Least developed countries,   Isle of Man*,0,0,0,0,0,0
  Least developed countries,   Latvia,23,20,12,11,11,9
  Least developed countries,   Lithuania,0,0,0,0,0,0
  Least developed countries,   Norway*,14320,14038,7737,4341,6583,9697
  Least developed countries,   Sweden,321,257,162,136,159,121
  Least developed countries,   United Kingdom*,38789,38117,20749,12853,18040,25264
  Least developed countries,   Albania,1275,1491,573,673,702,818
  Least developed countries,   Andorra,1033,1208,544,639,489,569
  Least developed countries,   Bosnia and Herzegovina,2,0,2,0,0,0
  Least developed countries,   Croatia,994,1159,632,739,362,420
  Least developed countries,   Gibraltar*,0,0,0,0,0,0
  Least developed countries,   Greece,35,32,16,15,19,17
  Least developed countries,   Holy See*,0,0,0,0,0,0
  Least developed countries,   Italy,2381,2333,1648,1627,733,706
  Least developed countries,   Malta,0,0,0,0,0,0
  Least developed countries,   Montenegro,0,0,0,0,0,0
  Least developed countries,   North Macedonia,0,0,0,0,0,0
  Least developed countries,   Portugal,11429,10829,6343,6070,5086,4759
  Least developed countries,   San Marino,0,0,0,0,0,0
  Least developed countries,   Serbia*,2,0,1,0,1,0
  Least developed countries,   Slovenia,71,69,41,40,30,29
  Least developed countries,   Spain*,2613,2607,1581,1589,1032,1018
  Least developed countries,   Austria,180,186,149,157,31,29
  Least developed countries,   Belgium,808,918,413,469,395,449
  Least developed countries,   France*,44137,47309,23144,24766,20993,22543
  Least developed countries,   Germany,3683,3668,1934,1947,1749,1721
  Least developed countries,   Liechtenstein,4,2,1,1,3,1
  Least developed countries,   Luxembourg,0,0,0,0,0,0
  Least developed countries,   Monaco,0,0,0,0,0,0
  Least developed countries,   Netherlands*,380,348,200,189,180,159
  Least developed countries,   Switzerland,574,586,342,353,232,233
  Least developed countries,   Anguilla*,0,0,0,0,0,0
  Least developed countries,   Antigua and Barbuda,4452,4276,2545,2453,1907,1823
  Least developed countries,   Aruba*,0,0,0,0,0,0
  Least developed countries,   Bahamas,13,11,6,6,7,5
  Least developed countries,   Barbados,11,9,10,9,1,0
  Least developed countries,"   Bonaire, Sint Eustatius and Saba*",0,0,0,0,0,0
  Least developed countries,   British Virgin Islands*,500,585,211,247,289,338
  Least developed countries,   Cayman Islands*,0,0,0,0,0,0
  Least developed countries,   Cuba,2964,2941,1731,1721,1233,1220
  Least developed countries,   Curaçao*,0,0,0,0,0,0
  Least developed countries,   Dominica,13,11,4,4,9,7
  Least developed countries,   Dominican Republic,2274,2377,1273,1332,1001,1045
  Least developed countries,   Grenada,369,431,159,187,210,244
  Least developed countries,   Guadeloupe*,935,1096,421,495,514,601
  Least developed countries,   Haiti,25,22,13,12,12,10
  Least developed countries,   Jamaica,0,0,0,0,0,0
  Least developed countries,   Martinique*,0,0,0,0,0,0
  Least developed countries,   Montserrat*,0,0,0,0,0,0
  Least developed countries,   Puerto Rico*,1459,1526,665,696,794,830
  Least developed countries,   Saint Barthélemy*,0,0,0,0,0,0
  Least developed countries,   Saint Kitts and Nevis,0,0,0,0,0,0
  Least developed countries,   Saint Lucia,0,0,0,0,0,0
  Least developed countries,   Saint Martin (French part)*,0,0,0,0,0,0
  Least developed countries,   Saint Vincent and the Grenadines,30,27,19,18,11,9
  Least developed countries,   Sint Maarten (Dutch part)*,0,0,0,0,0,0
  Least developed countries,   Trinidad and Tobago,0,0,0,0,0,0
  Least developed countries,   Turks and Caicos Islands*,659,771,290,340,369,431
  Least developed countries,   United States Virgin Islands*,461,540,224,264,237,276
  Least developed countries,   Belize,2,0,2,0,0,0
  Least developed countries,   Costa Rica,374,379,172,175,202,204
  Least developed countries,   El Salvador,4,2,2,2,2,0
  Least developed countries,   Guatemala,0,0,0,0,0,0
  Least developed countries,   Honduras,298,285,166,161,132,124
  Least developed countries,   Mexico,287,299,124,130,163,169
  Least developed countries,   Nicaragua,5,3,3,3,2,0
  Least developed countries,   Panama,0,0,0,0,0,0
  Least developed countries,   Argentina,615,632,358,371,257,261
  Least developed countries,   Bolivia (Plurinational State of),5,3,2,2,3,1
  Least developed countries,   Brazil,15808,15547,8529,5010,7279,10537
  Least developed countries,   Chile,1851,2127,1039,1195,812,932
  Least developed countries,   Colombia,3403,3334,1915,1880,1488,1454
  Least developed countries,   Ecuador,2,0,2,0,0,0
  Least developed countries,   Falkland Islands (Malvinas)*,0,0,0,0,0,0
  Least developed countries,   French Guiana*,0,0,0,0,0,0
  Least developed countries,   Guyana,0,0,0,0,0,0
  Least developed countries,   Paraguay,0,0,0,0,0,0
  Least developed countries,   Peru,330,345,197,207,133,138
  Least developed countries,   Suriname,0,0,0,0,0,0
  Least developed countries,   Uruguay,769,864,343,389,426,475
  Least developed countries,   Venezuela (Bolivarian Republic of),2369,2488,1252,1307,1117,1181
  Least developed countries,   Bermuda*,0,0,0,0,0,0
  Least developed countries,   Canada,1841,1861,978,993,863,868
  Least developed countries,   Greenland*,0,0,0,0,0,0
  Least developed countries,   Saint Pierre and Miquelon*,0,0,0,0,0,0
  Least developed countries,   United States of America*,55466,54901,30140,19479,25326,35422
  Least developed countries,   Australia*,2174,2284,1250,1321,924,963
  Least developed countries,   New Zealand*,543,546,300,305,243,241
  Least developed countries,   Fiji,884,922,470,493,414,429
  Least developed countries,   New Caledonia*,290,294,148,151,142,143
  Least developed countries,   Papua New Guinea,647,631,363,356,284,275
  Least developed countries,   Solomon Islands,132,132,69,70,63,62
  Least developed countries,   Vanuatu,66,64,38,37,28,27
  Least developed countries,   Guam*,0,0,0,0,0,0
  Least developed countries,   Kiribati,329,321,169,160,160,161
  Least developed countries,   Marshall Islands,6,4,3,3,3,1
  Least developed countries,   Micronesia (Fed. States of),3,1,1,1,2,0
  Least developed countries,   Nauru,1495,1607,754,806,741,801
  Least developed countries,   Northern Mariana Islands*,0,0,0,0,0,0
  Least developed countries,   Palau,9,7,5,5,4,2
  Least developed countries,   American Samoa*,395,462,185,218,210,244
  Least developed countries,   Cook Islands*,0,0,0,0,0,0
  Least developed countries,   French Polynesia*,341,398,170,200,171,198
  Least developed countries,   Niue*,0,0,0,0,0,0
  Least developed countries,   Samoa,31,27,19,18,12,9
  Least developed countries,   Tokelau*,0,0,0,0,0,0
  Least developed countries,   Tonga,1002,962,582,562,420,400
  Least developed countries,   Tuvalu,293,311,166,177,127,134
  Least developed countries,   Wallis and Futuna Islands*,0,0,0,0,0,0
  Land-locked Developing Countries (LLDC),WORLD,13821420,15022720,6703619,7264069,7117801,7758651
  Land-locked Developing Countries (LLDC),  Sub-Saharan Africa,4928261,6097882,2475065,3019519,2453196,3078363
  Land-locked Developing Countries (LLDC),  Northern Africa and Western Asia,1553667,1629483,751090,780170,802577,849313
  Land-locked Developing Countries (LLDC),  Central and Southern Asia,1358003,1178114,606441,516118,751562,661996
  Land-locked Developing Countries (LLDC),  Eastern and South-Eastern Asia,197953,208782,108426,114989,89527,93793
  Land-locked Developing Countries (LLDC),  Latin America and the Caribbean,250864,280364,129948,145434,120916,134930
  Land-locked Developing Countries (LLDC),  Oceania (excluding Australia and New Zealand),742,863,357,419,385,444
  Land-locked Developing Countries (LLDC),  Australia and New Zealand,1581,1748,876,980,705,768
  Land-locked Developing Countries (LLDC),  Europe and Northern America,4648966,4788228,2186834,2258874,2462132,2529354
  Land-locked Developing Countries (LLDC),  Developed regions,4655635,4795579,2190345,2262760,2465290,2532819
  Land-locked Developing Countries (LLDC),  Less developed regions,8284402,9389885,4068692,4573743,4215710,4816142
  Land-locked Developing Countries (LLDC)," Less developed regions, excluding least developed countries",3439156,3435514,1640473,1639654,1798683,1795860
  Land-locked Developing Countries (LLDC)," Less developed regions, excluding China",8225481,9328454,4034728,4537734,4190753,4790720
  Land-locked Developing Countries (LLDC),  Least developed countries,4845246,5954371,2428219,2934089,2417027,3020282
  Land-locked Developing Countries (LLDC),  Land-locked Developing Countries (LLDC),2820558,3667638,1432720,1832218,1387838,1835420
  Land-locked Developing Countries (LLDC),  Small island developing States (SIDS),8417,9589,4033,4609,4384,4980
  Land-locked Developing Countries (LLDC),  High-income countries,190160,203286,99196,106442,90964,96844
  Land-locked Developing Countries (LLDC),  Middle-income countries,8087499,8240771,3818487,3898161,4269012,4342610
  Land-locked Developing Countries (LLDC), Upper-middle-income countries,4913914,5061205,2332199,2410782,2581715,2650423
  Land-locked Developing Countries (LLDC), Lower-middle-income countries,3173585,3179566,1486288,1487379,1687297,1692187
  Land-locked Developing Countries (LLDC),  Low-income countries,4661418,5740288,2340921,2831393,2320497,2908895
  Land-locked Developing Countries (LLDC), AFRICA,5951257,7199642,2966546,3540248,2984711,3659394
  Land-locked Developing Countries (LLDC),  Eastern Africa,2585516,3354850,1328920,1679654,1256596,1675196
  Land-locked Developing Countries (LLDC),  Middle Africa,1051277,1269379,520189,626850,531088,642529
  Land-locked Developing Countries (LLDC),  Northern Africa,1022996,1101760,491481,520729,531515,581031
  Land-locked Developing Countries (LLDC),  Southern Africa,58278,61692,29295,31358,28983,30334
  Land-locked Developing Countries (LLDC),  Western Africa,1233190,1411961,596661,681657,636529,730304
  Land-locked Developing Countries (LLDC), ASIA,2086627,1914619,974476,890548,1112151,1024071
  Land-locked Developing Countries (LLDC),  Central Asia,521034,523493,261742,265077,259292,258416
  Land-locked Developing Countries (LLDC),  Eastern Asia,167393,175988,89869,95074,77524,80914
  Land-locked Developing Countries (LLDC),  South-Eastern Asia,30560,32794,18557,19915,12003,12879
  Land-locked Developing Countries (LLDC),  Southern Asia,836969,654621,344699,251041,492270,403580
  Land-locked Developing Countries (LLDC),  Western Asia,530671,527723,259609,259441,271062,268282
  Land-locked Developing Countries (LLDC), EUROPE,4631683,4769118,2177397,2248409,2454286,2520709
  Land-locked Developing Countries (LLDC),  Eastern Europe,4427626,4558639,2082140,2149629,2345486,2409010
  Land-locked Developing Countries (LLDC),  Northern Europe,32557,33756,17387,18164,15170,15592
  Land-locked Developing Countries (LLDC),  Southern Europe,131559,134243,57738,59141,73821,75102
  Land-locked Developing Countries (LLDC),  Western Europe,39941,42480,20132,21475,19809,21005
  Land-locked Developing Countries (LLDC), LATIN AMERICA AND THE CARIBBEAN,250864,280364,129948,145434,120916,134930
  Land-locked Developing Countries (LLDC),  Caribbean,5164,5890,2453,2807,2711,3083
  Land-locked Developing Countries (LLDC),  Central America,12907,14312,6350,7043,6557,7269
  Land-locked Developing Countries (LLDC),  South America,232793,260162,121145,135584,111648,124578
  Land-locked Developing Countries (LLDC), NORTHERN AMERICA,17283,19110,9437,10465,7846,8645
  Land-locked Developing Countries (LLDC), OCEANIA ,2323,2611,1233,1399,1090,1212
  Land-locked Developing Countries (LLDC),  Australia and New Zealand,1581,1748,876,980,705,768
  Land-locked Developing Countries (LLDC),  Melanesia,4,2,2,1,2,1
  Land-locked Developing Countries (LLDC),  Micronesia,0,0,0,0,0,0
  Land-locked Developing Countries (LLDC),  Polynesia*,738,861,355,418,383,443
  Land-locked Developing Countries (LLDC),   Burundi,190977,199447,97919,101637,93058,97810
  Land-locked Developing Countries (LLDC),   Comoros,0,0,0,0,0,0
  Land-locked Developing Countries (LLDC),   Djibouti,3702,3439,1887,1704,1815,1735
  Land-locked Developing Countries (LLDC),   Eritrea,218389,209157,110537,102853,107852,106304
  Land-locked Developing Countries (LLDC),   Ethiopia,15326,16149,8051,8428,7275,7721
  Land-locked Developing Countries (LLDC),   Kenya,53045,49727,25178,23675,27867,26052
  Land-locked Developing Countries (LLDC),   Madagascar,531,565,307,329,224,236
  Land-locked Developing Countries (LLDC),   Malawi,116059,123470,64928,69614,51131,53856
  Land-locked Developing Countries (LLDC),   Mauritius*,218,231,109,116,109,115
  Land-locked Developing Countries (LLDC),   Mayotte*,0,0,0,0,0,0
  Land-locked Developing Countries (LLDC),   Mozambique,177293,175341,97973,98059,79320,77282
  Land-locked Developing Countries (LLDC),   Réunion*,0,0,0,0,0,0
  Land-locked Developing Countries (LLDC),   Rwanda,149878,158804,71572,75362,78306,83442
  Land-locked Developing Countries (LLDC),   Seychelles,10,9,10,9,0,0
  Land-locked Developing Countries (LLDC),   Somalia,477944,449522,243244,222262,234700,227260
  Land-locked Developing Countries (LLDC),   South Sudan,657122,1434559,340627,703401,316495,731158
  Land-locked Developing Countries (LLDC),   Uganda,239863,245512,126131,127703,113732,117809
  Land-locked Developing Countries (LLDC),   United Republic of Tanzania*,107479,112134,51758,54339,55721,57795
  Land-locked Developing Countries (LLDC),   Zambia,72292,68315,34511,33566,37781,34749
  Land-locked Developing Countries (LLDC),   Zimbabwe,105388,108469,54178,56597,51210,51872
  Land-locked Developing Countries (LLDC),   Angola,30274,34149,15177,17380,15097,16769
  Land-locked Developing Countries (LLDC),   Cameroon,33124,38562,15123,17396,18001,21166
  Land-locked Developing Countries (LLDC),   Central African Republic,93423,107722,44471,50612,48952,57110
  Land-locked Developing Countries (LLDC),   Chad,16559,18076,9420,10200,7139,7876
  Land-locked Developing Countries (LLDC),   Congo,20086,24839,10288,12855,9798,11984
  Land-locked Developing Countries (LLDC),   Democratic Republic of the Congo,844771,1030745,419160,510718,425611,520027
  Land-locked Developing Countries (LLDC),   Equatorial Guinea,803,941,396,466,407,475
  Land-locked Developing Countries (LLDC),   Gabon,12164,14268,6120,7186,6044,7082
  Land-locked Developing Countries (LLDC),   Sao Tome and Principe,73,77,34,37,39,40
  Land-locked Developing Countries (LLDC),   Algeria,1066,1271,640,769,426,502
  Land-locked Developing Countries (LLDC),   Egypt,8037,8355,4381,4563,3656,3792
  Land-locked Developing Countries (LLDC),   Libya,2691,3129,1447,1680,1244,1449
  Land-locked Developing Countries (LLDC),   Morocco,802,936,326,382,476,554
  Land-locked Developing Countries (LLDC),   Sudan,1010398,1088068,484685,513334,525713,574734
  Land-locked Developing Countries (LLDC),   Tunisia,2,1,2,1,0,0
  Land-locked Developing Countries (LLDC),   Western Sahara,0,0,0,0,0,0
  Land-locked Developing Countries (LLDC),   Botswana,4725,5232,2553,2831,2172,2401
  Land-locked Developing Countries (LLDC),   Eswatini,621,675,389,423,232,252
  Land-locked Developing Countries (LLDC),   Lesotho,482,500,99,105,383,395
  Land-locked Developing Countries (LLDC),   Namibia,1485,1768,892,1048,593,720
  Land-locked Developing Countries (LLDC),   South Africa,50965,53517,25362,26951,25603,26566
  Land-locked Developing Countries (LLDC),   Benin,23682,29087,9634,11475,14048,17612
  Land-locked Developing Countries (LLDC),   Burkina Faso,72403,86974,39345,47141,33058,39833
  Land-locked Developing Countries (LLDC),   Cabo Verde,129,141,45,50,84,91
  Land-locked Developing Countries (LLDC),   Côte d'Ivoire,708625,759254,345509,370111,363116,389143
  Land-locked Developing Countries (LLDC),   Gambia,1237,1451,605,713,632,738
  Land-locked Developing Countries (LLDC),   Ghana,39183,41881,15059,16219,24124,25662
  Land-locked Developing Countries (LLDC),   Guinea,35765,41969,18444,21669,17321,20300
  Land-locked Developing Countries (LLDC),   Guinea-Bissau,355,414,118,138,237,276
  Land-locked Developing Countries (LLDC),   Liberia,1168,1358,510,596,658,762
  Land-locked Developing Countries (LLDC),   Mali,139152,146647,64319,66996,74833,79651
  Land-locked Developing Countries (LLDC),   Mauritania,13541,24198,7413,13246,6128,10952
  Land-locked Developing Countries (LLDC),   Niger,27239,30205,14715,16343,12524,13862
  Land-locked Developing Countries (LLDC),   Nigeria,113671,182910,55933,88371,57738,94539
  Land-locked Developing Countries (LLDC),   Saint Helena*,0,0,0,0,0,0
  Land-locked Developing Countries (LLDC),   Senegal,25988,30099,13316,15431,12672,14668
  Land-locked Developing Countries (LLDC),   Sierra Leone,2110,2473,976,1145,1134,1328
  Land-locked Developing Countries (LLDC),   Togo,28942,32900,10720,12013,18222,20887
  Land-locked Developing Countries (LLDC),   Kazakhstan,58046,57533,25933,25952,32113,31581
  Land-locked Developing Countries (LLDC),   Kyrgyzstan,25491,25735,12456,12574,13035,13161
  Land-locked Developing Countries (LLDC),   Tajikistan,46277,36322,23012,18769,23265,17553
  Land-locked Developing Countries (LLDC),   Turkmenistan,5800,5734,2800,2789,3000,2945
  Land-locked Developing Countries (LLDC),   Uzbekistan,385420,398169,197541,204993,187879,193176
  Land-locked Developing Countries (LLDC),   China*,58918,61429,33963,36008,24955,25421
  Land-locked Developing Countries (LLDC),"   China, Hong Kong SAR*",3,2,1,1,2,1
  Land-locked Developing Countries (LLDC),"   China, Macao SAR*",0,0,0,0,0,0
  Land-locked Developing Countries (LLDC),"   China, Taiwan Province of China*",0,0,0,0,0,0
  Land-locked Developing Countries (LLDC),   Dem. People's Republic of Korea,66071,69590,33924,35733,32147,33857
  Land-locked Developing Countries (LLDC),   Japan,5088,5603,2635,2906,2453,2697
  Land-locked Developing Countries (LLDC),   Mongolia,71,68,27,27,44,41
  Land-locked Developing Countries (LLDC),   Republic of Korea,37242,39296,19319,20399,17923,18897
  Land-locked Developing Countries (LLDC),   Brunei Darussalam,23,21,12,12,11,9
  Land-locked Developing Countries (LLDC),   Cambodia,3428,3667,1820,1948,1608,1719
  Land-locked Developing Countries (LLDC),   Indonesia,11,10,4,4,7,6
  Land-locked Developing Countries (LLDC),   Lao People's Democratic Republic,1,0,1,0,0,0
  Land-locked Developing Countries (LLDC),   Malaysia*,9,8,5,5,4,3
  Land-locked Developing Countries (LLDC),   Myanmar,2869,3066,1551,1659,1318,1407
  Land-locked Developing Countries (LLDC),   Philippines,237,251,161,174,76,77
  Land-locked Developing Countries (LLDC),   Singapore,835,973,457,534,378,439
  Land-locked Developing Countries (LLDC),   Thailand,3811,4116,2843,3060,968,1056
  Land-locked Developing Countries (LLDC),   Timor-Leste,0,0,0,0,0,0
  Land-locked Developing Countries (LLDC),   Viet Nam,19336,20682,11703,12519,7633,8163
  Land-locked Developing Countries (LLDC),   Afghanistan,13285,13361,6168,6224,7117,7137
  Land-locked Developing Countries (LLDC),   Bangladesh,440,422,198,195,242,227
  Land-locked Developing Countries (LLDC),   Bhutan,28740,27502,14760,14018,13980,13484
  Land-locked Developing Countries (LLDC),   India,508376,493042,176170,171095,332206,321947
  Land-locked Developing Countries (LLDC),   Iran (Islamic Republic of),12829,12712,6525,6513,6304,6199
  Land-locked Developing Countries (LLDC),   Maldives,0,0,0,0,0,0
  Land-locked Developing Countries (LLDC),   Nepal,724,757,429,450,295,307
  Land-locked Developing Countries (LLDC),   Pakistan,271567,105760,139929,51993,131638,53767
  Land-locked Developing Countries (LLDC),   Sri Lanka,1008,1065,520,553,488,512
  Land-locked Developing Countries (LLDC),   Armenia,173210,166773,88615,85533,84595,81240
  Land-locked Developing Countries (LLDC),   Azerbaijan*,160886,162719,77166,78755,83720,83964
  Land-locked Developing Countries (LLDC),   Bahrain,0,0,0,0,0,0
  Land-locked Developing Countries (LLDC),   Cyprus*,10,8,3,3,7,5
  Land-locked Developing Countries (LLDC),   Georgia*,97054,94625,43715,42821,53339,51804
  Land-locked Developing Countries (LLDC),   Iraq,1106,1158,472,530,634,628
  Land-locked Developing Countries (LLDC),   Israel,1913,2152,1045,1177,868,975
  Land-locked Developing Countries (LLDC),   Jordan,17,17,14,15,3,2
  Land-locked Developing Countries (LLDC),   Kuwait,6,5,4,4,2,1
  Land-locked Developing Countries (LLDC),   Lebanon,891,888,426,431,465,457
  Land-locked Developing Countries (LLDC),   Oman,36,34,18,18,18,16
  Land-locked Developing Countries (LLDC),   Qatar,2,1,2,1,0,0
  Land-locked Developing Countries (LLDC),   Saudi Arabia,1462,1712,642,754,820,958
  Land-locked Developing Countries (LLDC),   State of Palestine*,14,14,10,11,4,3
  Land-locked Developing Countries (LLDC),   Syrian Arab Republic,17541,17418,8354,8355,9187,9063
  Land-locked Developing Countries (LLDC),   Turkey,72169,74591,36867,38141,35302,36450
  Land-locked Developing Countries (LLDC),   United Arab Emirates,3030,3555,1580,1857,1450,1698
  Land-locked Developing Countries (LLDC),   Yemen,1324,2053,676,1035,648,1018
  Land-locked Developing Countries (LLDC),   Belarus,111240,114319,53856,55507,57384,58812
  Land-locked Developing Countries (LLDC),   Bulgaria,1229,1229,534,536,695,693
  Land-locked Developing Countries (LLDC),   Czechia,309,308,145,147,164,161
  Land-locked Developing Countries (LLDC),   Hungary,240,235,108,108,132,127
  Land-locked Developing Countries (LLDC),   Poland,4586,4588,1918,1939,2668,2649
  Land-locked Developing Countries (LLDC),   Republic of Moldova*,15787,16330,7843,8141,7944,8189
  Land-locked Developing Countries (LLDC),   Romania,2493,2449,1175,1159,1318,1290
  Land-locked Developing Countries (LLDC),   Russian Federation,3744383,3856720,1756984,1814540,1987399,2042180
  Land-locked Developing Countries (LLDC),   Slovakia,60,58,33,33,27,25
  Land-locked Developing Countries (LLDC),   Ukraine*,547299,562403,259544,267519,287755,294884
  Land-locked Developing Countries (LLDC),   Channel Islands*,0,0,0,0,0,0
  Land-locked Developing Countries (LLDC),   Denmark*,756,773,392,404,364,369
  Land-locked Developing Countries (LLDC),   Estonia,2179,2195,995,1006,1184,1189
  Land-locked Developing Countries (LLDC),   Faroe Islands*,0,0,0,0,0,0
  Land-locked Developing Countries (LLDC),   Finland*,160,156,88,88,72,68
  Land-locked Developing Countries (LLDC),   Iceland,3,2,1,1,2,1
  Land-locked Developing Countries (LLDC),   Ireland,683,728,369,397,314,331
  Land-locked Developing Countries (LLDC),   Isle of Man*,3,2,3,2,0,0
  Land-locked Developing Countries (LLDC),   Latvia,2015,2047,963,985,1052,1062
  Land-locked Developing Countries (LLDC),   Lithuania,7045,7202,3490,3588,3555,3614
  Land-locked Developing Countries (LLDC),   Norway*,472,504,259,277,213,227
  Land-locked Developing Countries (LLDC),   Sweden,764,819,443,475,321,344
  Land-locked Developing Countries (LLDC),   United Kingdom*,18477,19328,10384,10941,8093,8387
  Land-locked Developing Countries (LLDC),   Albania,69065,69596,28481,28706,40584,40890
  Land-locked Developing Countries (LLDC),   Andorra,1027,1204,540,635,487,569
  Land-locked Developing Countries (LLDC),   Bosnia and Herzegovina,8724,8760,3631,3647,5093,5113
  Land-locked Developing Countries (LLDC),   Croatia,2447,2621,1239,1351,1208,1270
  Land-locked Developing Countries (LLDC),   Gibraltar*,0,0,0,0,0,0
  Land-locked Developing Countries (LLDC),   Greece,1768,1750,853,851,915,899
  Land-locked Developing Countries (LLDC),   Holy See*,0,0,0,0,0,0
  Land-locked Developing Countries (LLDC),   Italy,6599,6781,3763,3879,2836,2902
  Land-locked Developing Countries (LLDC),   Malta,6,5,6,5,0,0
  Land-locked Developing Countries (LLDC),   Montenegro,9232,9271,3840,3856,5392,5415
  Land-locked Developing Countries (LLDC),   North Macedonia,16,15,13,13,3,2
  Land-locked Developing Countries (LLDC),   Portugal,1295,1329,768,792,527,537
  Land-locked Developing Countries (LLDC),   San Marino,0,0,0,0,0,0
  Land-locked Developing Countries (LLDC),   Serbia*,17952,18031,7468,7503,10484,10528
  Land-locked Developing Countries (LLDC),   Slovenia,309,308,137,137,172,171
  Land-locked Developing Countries (LLDC),   Spain*,13119,14572,6999,7766,6120,6806
  Land-locked Developing Countries (LLDC),   Austria,260,274,125,136,135,138
  Land-locked Developing Countries (LLDC),   Belgium,1021,1172,511,589,510,583
  Land-locked Developing Countries (LLDC),   France*,18538,20447,9716,10662,8822,9785
  Land-locked Developing Countries (LLDC),   Germany,17939,18259,8607,8827,9332,9432
  Land-locked Developing Countries (LLDC),   Liechtenstein,0,0,0,0,0,0
  Land-locked Developing Countries (LLDC),   Luxembourg,7,6,5,5,2,1
  Land-locked Developing Countries (LLDC),   Monaco,0,0,0,0,0,0
  Land-locked Developing Countries (LLDC),   Netherlands*,1274,1341,699,742,575,599
  Land-locked Developing Countries (LLDC),   Switzerland,902,981,469,514,433,467
  Land-locked Developing Countries (LLDC),   Anguilla*,0,0,0,0,0,0
  Land-locked Developing Countries (LLDC),   Antigua and Barbuda,0,0,0,0,0,0
  Land-locked Developing Countries (LLDC),   Aruba*,3,2,1,1,2,1
  Land-locked Developing Countries (LLDC),   Bahamas,0,0,0,0,0,0
  Land-locked Developing Countries (LLDC),   Barbados,0,0,0,0,0,0
  Land-locked Developing Countries (LLDC),"   Bonaire, Sint Eustatius and Saba*",21,21,10,11,11,10
  Land-locked Developing Countries (LLDC),   British Virgin Islands*,500,585,211,247,289,338
  Land-locked Developing Countries (LLDC),   Cayman Islands*,0,0,0,0,0,0
  Land-locked Developing Countries (LLDC),   Cuba,1787,1986,915,1017,872,969
  Land-locked Developing Countries (LLDC),   Curaçao*,168,185,85,95,83,90
  Land-locked Developing Countries (LLDC),   Dominica,4,3,2,2,2,1
  Land-locked Developing Countries (LLDC),   Dominican Republic,117,128,62,69,55,59
  Land-locked Developing Countries (LLDC),   Grenada,369,431,159,187,210,244
  Land-locked Developing Countries (LLDC),   Guadeloupe*,935,1096,421,495,514,601
  Land-locked Developing Countries (LLDC),   Haiti,16,16,10,11,6,5
  Land-locked Developing Countries (LLDC),   Jamaica,8,7,5,5,3,2
  Land-locked Developing Countries (LLDC),   Martinique*,0,0,0,0,0,0
  Land-locked Developing Countries (LLDC),   Montserrat*,0,0,0,0,0,0
  Land-locked Developing Countries (LLDC),   Puerto Rico*,39,41,19,21,20,20
  Land-locked Developing Countries (LLDC),   Saint Barthélemy*,0,0,0,0,0,0
  Land-locked Developing Countries (LLDC),   Saint Kitts and Nevis,0,0,0,0,0,0
  Land-locked Developing Countries (LLDC),   Saint Lucia,0,0,0,0,0,0
  Land-locked Developing Countries (LLDC),   Saint Martin (French part)*,0,0,0,0,0,0
  Land-locked Developing Countries (LLDC),   Saint Vincent and the Grenadines,0,0,0,0,0,0
  Land-locked Developing Countries (LLDC),   Sint Maarten (Dutch part)*,49,53,25,28,24,25
  Land-locked Developing Countries (LLDC),   Trinidad and Tobago,6,5,3,3,3,2
  Land-locked Developing Countries (LLDC),   Turks and Caicos Islands*,659,771,290,340,369,431
  Land-locked Developing Countries (LLDC),   United States Virgin Islands*,483,560,235,275,248,285
  Land-locked Developing Countries (LLDC),   Belize,906,1007,456,506,450,501
  Land-locked Developing Countries (LLDC),   Costa Rica,147,162,75,84,72,78
  Land-locked Developing Countries (LLDC),   El Salvador,128,140,56,62,72,78
  Land-locked Developing Countries (LLDC),   Guatemala,143,158,79,89,64,69
  Land-locked Developing Countries (LLDC),   Honduras,232,257,116,130,116,127
  Land-locked Developing Countries (LLDC),   Mexico,11129,12344,5461,6052,5668,6292
  Land-locked Developing Countries (LLDC),   Nicaragua,112,123,49,55,63,68
  Land-locked Developing Countries (LLDC),   Panama,110,121,58,65,52,56
  Land-locked Developing Countries (LLDC),   Argentina,99753,109434,50489,55422,49264,54012
  Land-locked Developing Countries (LLDC),   Bolivia (Plurinational State of),1009,1092,522,567,487,525
  Land-locked Developing Countries (LLDC),   Brazil,99407,108509,51962,56786,47445,51723
  Land-locked Developing Countries (LLDC),   Chile,8368,9343,4543,5072,3825,4271
  Land-locked Developing Countries (LLDC),   Colombia,2965,3301,1723,1918,1242,1383
  Land-locked Developing Countries (LLDC),   Ecuador,1003,1115,554,615,449,500
  Land-locked Developing Countries (LLDC),   Falkland Islands (Malvinas)*,0,0,0,0,0,0
  Land-locked Developing Countries (LLDC),   French Guiana*,2,1,2,1,0,0
  Land-locked Developing Countries (LLDC),   Guyana,6,5,4,4,2,1
  Land-locked Developing Countries (LLDC),   Paraguay,4286,4772,2206,2454,2080,2318
  Land-locked Developing Countries (LLDC),   Peru,11284,12565,6520,7251,4764,5314
  Land-locked Developing Countries (LLDC),   Suriname,0,0,0,0,0,0
  Land-locked Developing Countries (LLDC),   Uruguay,3936,4318,2203,2418,1733,1900
  Land-locked Developing Countries (LLDC),   Venezuela (Bolivarian Republic of),774,5707,417,3076,357,2631
  Land-locked Developing Countries (LLDC),   Bermuda*,0,0,0,0,0,0
  Land-locked Developing Countries (LLDC),   Canada,4696,5119,2651,2893,2045,2226
  Land-locked Developing Countries (LLDC),   Greenland*,0,0,0,0,0,0
  Land-locked Developing Countries (LLDC),   Saint Pierre and Miquelon*,0,0,0,0,0,0
  Land-locked Developing Countries (LLDC),   United States of America*,12587,13991,6786,7572,5801,6419
  Land-locked Developing Countries (LLDC),   Australia*,1358,1524,756,856,602,668
  Land-locked Developing Countries (LLDC),   New Zealand*,223,224,120,124,103,100
  Land-locked Developing Countries (LLDC),   Fiji,0,0,0,0,0,0
  Land-locked Developing Countries (LLDC),   New Caledonia*,0,0,0,0,0,0
  Land-locked Developing Countries (LLDC),   Papua New Guinea,2,1,2,1,0,0
  Land-locked Developing Countries (LLDC),   Solomon Islands,2,1,0,0,2,1
  Land-locked Developing Countries (LLDC),   Vanuatu,0,0,0,0,0,0
  Land-locked Developing Countries (LLDC),   Guam*,0,0,0,0,0,0
  Land-locked Developing Countries (LLDC),   Kiribati,0,0,0,0,0,0
  Land-locked Developing Countries (LLDC),   Marshall Islands,0,0,0,0,0,0
  Land-locked Developing Countries (LLDC),   Micronesia (Fed. States of),0,0,0,0,0,0
  Land-locked Developing Countries (LLDC),   Nauru,0,0,0,0,0,0
  Land-locked Developing Countries (LLDC),   Northern Mariana Islands*,0,0,0,0,0,0
  Land-locked Developing Countries (LLDC),   Palau,0,0,0,0,0,0
  Land-locked Developing Countries (LLDC),   American Samoa*,395,462,185,218,210,244
  Land-locked Developing Countries (LLDC),   Cook Islands*,0,0,0,0,0,0
  Land-locked Developing Countries (LLDC),   French Polynesia*,341,398,170,200,171,198
  Land-locked Developing Countries (LLDC),   Niue*,2,1,0,0,2,1
  Land-locked Developing Countries (LLDC),   Samoa,0,0,0,0,0,0
  Land-locked Developing Countries (LLDC),   Tokelau*,0,0,0,0,0,0
  Land-locked Developing Countries (LLDC),   Tonga,0,0,0,0,0,0
  Land-locked Developing Countries (LLDC),   Tuvalu,0,0,0,0,0,0
  Land-locked Developing Countries (LLDC),   Wallis and Futuna Islands*,0,0,0,0,0,0
  Small island developing States (SIDS),WORLD,5273967,5678001,2747999,3006821,2525968,2671180
  Small island developing States (SIDS),  Sub-Saharan Africa,57504,55288,29805,29448,27699,25840
  Small island developing States (SIDS),  Northern Africa and Western Asia,148576,190974,98054,128258,50522,62716
  Small island developing States (SIDS),  Central and Southern Asia,917920,1067273,633108,753258,284812,314015
  Small island developing States (SIDS),  Eastern and South-Eastern Asia,1999957,2055703,855144,882904,1144813,1172799
  Small island developing States (SIDS),  Latin America and the Caribbean,1016688,1157533,564047,632585,452641,524948
  Small island developing States (SIDS),  Oceania (excluding Australia and New Zealand),66379,68462,33576,34605,32803,33857
  Small island developing States (SIDS),  Australia and New Zealand,36097,36717,20563,20911,15534,15806
  Small island developing States (SIDS),  Europe and Northern America,575191,582238,286251,291267,288940,290971
  Small island developing States (SIDS),  Developed regions,615548,623316,309030,314449,306518,308867
  Small island developing States (SIDS),  Less developed regions,4202764,4590872,2211518,2458787,1991246,2132085
  Small island developing States (SIDS)," Less developed regions, excluding least developed countries",3358052,3682792,1654337,1852710,1703715,1830082
  Small island developing States (SIDS)," Less developed regions, excluding China",3667538,4045782,1986645,2229868,1680893,1815914
  Small island developing States (SIDS),  Least developed countries,844712,908080,557181,606077,287531,302003
  Small island developing States (SIDS),  Land-locked Developing Countries (LLDC),7179,8827,4692,5897,2487,2930
  Small island developing States (SIDS),  Small island developing States (SIDS),956760,989110,537878,559138,418882,429972
  Small island developing States (SIDS),  High-income countries,805456,821029,398470,408205,406986,412824
  Small island developing States (SIDS),  Middle-income countries,3363293,3707850,1719076,1938856,1644217,1768994
  Small island developing States (SIDS), Upper-middle-income countries,2181840,2336183,933923,1004048,1247917,1332135
  Small island developing States (SIDS), Lower-middle-income countries,1181453,1371667,785153,934808,396300,436859
  Small island developing States (SIDS),  Low-income countries,607696,642263,385204,407831,222492,234432
  Small island developing States (SIDS), AFRICA,145398,168400,87921,105537,57477,62863
  Small island developing States (SIDS),  Eastern Africa,20743,22062,11153,12134,9590,9928
  Small island developing States (SIDS),  Middle Africa,3470,3622,1712,1820,1758,1802
  Small island developing States (SIDS),  Northern Africa,87894,113112,58116,76089,29778,37023
  Small island developing States (SIDS),  Southern Africa,1332,1405,676,735,656,670
  Small island developing States (SIDS),  Western Africa,31959,28199,16264,14759,15695,13440
  Small island developing States (SIDS), ASIA,2978559,3200838,1528190,1688331,1450369,1512507
  Small island developing States (SIDS),  Central Asia,10,10,5,5,5,5
  Small island developing States (SIDS),  Eastern Asia,544816,554857,229768,233915,315048,320942
  Small island developing States (SIDS),  South-Eastern Asia,1455141,1500846,625376,648989,829765,851857
  Small island developing States (SIDS),  Southern Asia,917910,1067263,633103,753253,284807,314010
  Small island developing States (SIDS),  Western Asia,60682,77862,39938,52169,20744,25693
  Small island developing States (SIDS), EUROPE,269953,276585,137693,141836,132260,134749
  Small island developing States (SIDS),  Eastern Europe,3008,2734,1236,1208,1772,1526
  Small island developing States (SIDS),  Northern Europe,31497,33146,16472,17722,15025,15424
  Small island developing States (SIDS),  Southern Europe,25595,26427,15408,15921,10187,10506
  Small island developing States (SIDS),  Western Europe,209853,214278,104577,106985,105276,107293
  Small island developing States (SIDS), LATIN AMERICA AND THE CARIBBEAN,1016688,1157533,564047,632585,452641,524948
  Small island developing States (SIDS),  Caribbean,841699,868835,479930,497634,361769,371201
  Small island developing States (SIDS),  Central America,59937,64703,29312,31726,30625,32977
  Small island developing States (SIDS),  South America,115052,223995,54805,103225,60247,120770
  Small island developing States (SIDS), NORTHERN AMERICA,305238,305653,148558,149431,156680,156222
  Small island developing States (SIDS), OCEANIA ,102476,105179,54139,55516,48337,49663
  Small island developing States (SIDS),  Australia and New Zealand,36097,36717,20563,20911,15534,15806
  Small island developing States (SIDS),  Melanesia,11188,11479,5806,5967,5382,5512
  Small island developing States (SIDS),  Micronesia,21672,22707,10947,11445,10725,11262
  Small island developing States (SIDS),  Polynesia*,33519,34276,16823,17193,16696,17083
  Small island developing States (SIDS),   Burundi,3,3,0,0,3,3
  Small island developing States (SIDS),   Comoros,0,0,0,0,0,0
  Small island developing States (SIDS),   Djibouti,0,0,0,0,0,0
  Small island developing States (SIDS),   Eritrea,1569,2032,1079,1418,490,614
  Small island developing States (SIDS),   Ethiopia,987,1251,657,852,330,399
  Small island developing States (SIDS),   Kenya,542,549,206,212,336,337
  Small island developing States (SIDS),   Madagascar,12729,12722,6433,6440,6296,6282
  Small island developing States (SIDS),   Malawi,0,0,0,0,0,0
  Small island developing States (SIDS),   Mauritius*,554,564,410,418,144,146
  Small island developing States (SIDS),   Mayotte*,0,0,0,0,0,0
  Small island developing States (SIDS),   Mozambique,142,128,106,96,36,32
  Small island developing States (SIDS),   Réunion*,1681,1668,657,651,1024,1017
  Small island developing States (SIDS),   Rwanda,0,0,0,0,0,0
  Small island developing States (SIDS),   Seychelles,124,124,46,47,78,77
  Small island developing States (SIDS),   Somalia,852,1083,583,753,269,330
  Small island developing States (SIDS),   South Sudan,1290,1671,839,1106,451,565
  Small island developing States (SIDS),   Uganda,40,38,17,17,23,21
  Small island developing States (SIDS),   United Republic of Tanzania*,188,186,94,96,94,90
  Small island developing States (SIDS),   Zambia,9,10,6,7,3,3
  Small island developing States (SIDS),   Zimbabwe,33,33,20,21,13,12
  Small island developing States (SIDS),   Angola,772,739,336,325,436,414
  Small island developing States (SIDS),   Cameroon,23,23,12,12,11,11
  Small island developing States (SIDS),   Central African Republic,135,140,86,90,49,50
  Small island developing States (SIDS),   Chad,437,565,303,398,134,167
  Small island developing States (SIDS),   Congo,0,0,0,0,0,0
  Small island developing States (SIDS),   Democratic Republic of the Congo,0,0,0,0,0,0
  Small island developing States (SIDS),   Equatorial Guinea,146,129,53,47,93,82
  Small island developing States (SIDS),   Gabon,245,217,172,154,73,63
  Small island developing States (SIDS),   Sao Tome and Principe,1712,1809,750,794,962,1015
  Small island developing States (SIDS),   Algeria,1538,1565,845,860,693,705
  Small island developing States (SIDS),   Egypt,73156,94730,48810,64238,24346,30492
  Small island developing States (SIDS),   Libya,0,0,0,0,0,0
  Small island developing States (SIDS),   Morocco,1306,1554,805,980,501,574
  Small island developing States (SIDS),   Sudan,10792,13982,7012,9244,3780,4738
  Small island developing States (SIDS),   Tunisia,1102,1281,644,767,458,514
  Small island developing States (SIDS),   Western Sahara,0,0,0,0,0,0
  Small island developing States (SIDS),   Botswana,14,13,9,9,5,4
  Small island developing States (SIDS),   Eswatini,12,11,5,5,7,6
  Small island developing States (SIDS),   Lesotho,0,0,0,0,0,0
  Small island developing States (SIDS),   Namibia,0,0,0,0,0,0
  Small island developing States (SIDS),   South Africa,1306,1381,662,721,644,660
  Small island developing States (SIDS),   Benin,0,0,0,0,0,0
  Small island developing States (SIDS),   Burkina Faso,0,0,0,0,0,0
  Small island developing States (SIDS),   Cabo Verde,1918,1626,870,747,1048,879
  Small island developing States (SIDS),   Côte d'Ivoire,7,6,4,4,3,2
  Small island developing States (SIDS),   Gambia,1500,1096,748,560,752,536
  Small island developing States (SIDS),   Ghana,164,159,101,102,63,57
  Small island developing States (SIDS),   Guinea,5351,4048,2692,2075,2659,1973
  Small island developing States (SIDS),   Guinea-Bissau,5015,5330,2780,2944,2235,2386
  Small island developing States (SIDS),   Liberia,898,634,565,409,333,225
  Small island developing States (SIDS),   Mali,7,6,4,4,3,2
  Small island developing States (SIDS),   Mauritania,559,408,281,210,278,198
  Small island developing States (SIDS),   Niger,29,32,29,32,0,0
  Small island developing States (SIDS),   Nigeria,3022,3500,1789,2162,1233,1338
  Small island developing States (SIDS),   Saint Helena*,97,100,48,50,49,50
  Small island developing States (SIDS),   Senegal,12565,10655,5935,5150,6630,5505
  Small island developing States (SIDS),   Sierra Leone,827,599,418,310,409,289
  Small island developing States (SIDS),   Togo,0,0,0,0,0,0
  Small island developing States (SIDS),   Kazakhstan,10,10,5,5,5,5
  Small island developing States (SIDS),   Kyrgyzstan,0,0,0,0,0,0
  Small island developing States (SIDS),   Tajikistan,0,0,0,0,0,0
  Small island developing States (SIDS),   Turkmenistan,0,0,0,0,0,0
  Small island developing States (SIDS),   Uzbekistan,0,0,0,0,0,0
  Small island developing States (SIDS),   China*,448695,457139,187704,191191,260991,265948
  Small island developing States (SIDS),"   China, Hong Kong SAR*",65069,66142,28334,28765,36735,37377
  Small island developing States (SIDS),"   China, Macao SAR*",21462,21809,8835,8963,12627,12846
  Small island developing States (SIDS),"   China, Taiwan Province of China*",0,0,0,0,0,0
  Small island developing States (SIDS),   Dem. People's Republic of Korea,0,0,0,0,0,0
  Small island developing States (SIDS),   Japan,4260,4361,2216,2271,2044,2090
  Small island developing States (SIDS),   Mongolia,0,0,0,0,0,0
  Small island developing States (SIDS),   Republic of Korea,5330,5406,2679,2725,2651,2681
  Small island developing States (SIDS),   Brunei Darussalam,0,0,0,0,0,0
  Small island developing States (SIDS),   Cambodia,672,710,288,304,384,406
  Small island developing States (SIDS),   Indonesia,202134,212411,72313,76528,129821,135883
  Small island developing States (SIDS),   Lao People's Democratic Republic,590,625,242,256,348,369
  Small island developing States (SIDS),   Malaysia*,1115359,1133430,482692,489767,632667,643663
  Small island developing States (SIDS),   Myanmar,0,0,0,0,0,0
  Small island developing States (SIDS),   Philippines,115074,131727,65161,77179,49913,54548
  Small island developing States (SIDS),   Singapore,209,211,150,157,59,54
  Small island developing States (SIDS),   Thailand,19675,20294,3842,4105,15833,16189
  Small island developing States (SIDS),   Timor-Leste,8,7,5,5,3,2
  Small island developing States (SIDS),   Viet Nam,1420,1431,683,688,737,743
  Small island developing States (SIDS),   Afghanistan,664,860,457,601,207,259
  Small island developing States (SIDS),   Bangladesh,214783,245792,161568,188888,53215,56904
  Small island developing States (SIDS),   Bhutan,8,8,8,8,0,0
  Small island developing States (SIDS),   India,461924,549627,320545,389884,141379,159743
  Small island developing States (SIDS),   Iran (Islamic Republic of),411,397,304,300,107,97
  Small island developing States (SIDS),   Maldives,38,37,25,25,13,12
  Small island developing States (SIDS),   Nepal,2571,3243,1819,2314,752,929
  Small island developing States (SIDS),   Pakistan,208494,234484,131685,152081,76809,82403
  Small island developing States (SIDS),   Sri Lanka,29017,32815,16692,19152,12325,13663
  Small island developing States (SIDS),   Armenia,0,0,0,0,0,0
  Small island developing States (SIDS),   Azerbaijan*,0,0,0,0,0,0
  Small island developing States (SIDS),   Bahrain,21,21,18,18,3,3
  Small island developing States (SIDS),   Cyprus*,0,0,0,0,0,0
  Small island developing States (SIDS),   Georgia*,0,0,0,0,0,0
  Small island developing States (SIDS),   Iraq,27,27,19,19,8,8
  Small island developing States (SIDS),   Israel,131,103,73,60,58,43
  Small island developing States (SIDS),   Jordan,13805,17807,8972,11789,4833,6018
  Small island developing States (SIDS),   Kuwait,5479,7098,3752,4934,1727,2164
  Small island developing States (SIDS),   Lebanon,4571,5630,3044,3823,1527,1807
  Small island developing States (SIDS),   Oman,0,0,0,0,0,0
  Small island developing States (SIDS),   Qatar,217,281,80,110,137,171
  Small island developing States (SIDS),   Saudi Arabia,550,707,385,501,165,206
  Small island developing States (SIDS),   State of Palestine*,4749,6147,3263,4287,1486,1860
  Small island developing States (SIDS),   Syrian Arab Republic,5155,6419,3387,4313,1768,2106
  Small island developing States (SIDS),   Turkey,3163,4063,2170,2832,993,1231
  Small island developing States (SIDS),   United Arab Emirates,6139,7954,3316,4416,2823,3538
  Small island developing States (SIDS),   Yemen,16675,21605,11459,15067,5216,6538
  Small island developing States (SIDS),   Belarus,0,0,0,0,0,0
  Small island developing States (SIDS),   Bulgaria,121,110,65,65,56,45
  Small island developing States (SIDS),   Czechia,73,53,29,23,44,30
  Small island developing States (SIDS),   Hungary,37,30,22,19,15,11
  Small island developing States (SIDS),   Poland,139,122,69,60,70,62
  Small island developing States (SIDS),   Republic of Moldova*,11,11,5,5,6,6
  Small island developing States (SIDS),   Romania,300,349,175,224,125,125
  Small island developing States (SIDS),   Russian Federation,2000,1811,775,735,1225,1076
  Small island developing States (SIDS),   Slovakia,0,0,0,0,0,0
  Small island developing States (SIDS),   Ukraine*,327,248,96,77,231,171
  Small island developing States (SIDS),   Channel Islands*,15,16,8,8,7,8
  Small island developing States (SIDS),   Denmark*,79,77,45,45,34,32
  Small island developing States (SIDS),   Estonia,16,15,6,6,10,9
  Small island developing States (SIDS),   Faroe Islands*,0,0,0,0,0,0
  Small island developing States (SIDS),   Finland*,36,37,15,16,21,21
  Small island developing States (SIDS),   Iceland,0,0,0,0,0,0
  Small island developing States (SIDS),   Ireland,716,833,356,440,360,393
  Small island developing States (SIDS),   Isle of Man*,0,0,0,0,0,0
  Small island developing States (SIDS),   Latvia,0,0,0,0,0,0
  Small island developing States (SIDS),   Lithuania,0,0,0,0,0,0
  Small island developing States (SIDS),   Norway*,66,67,35,37,31,30
  Small island developing States (SIDS),   Sweden,138,142,89,94,49,48
  Small island developing States (SIDS),   United Kingdom*,30431,31959,15918,17076,14513,14883
  Small island developing States (SIDS),   Albania,1,0,1,0,0,0
  Small island developing States (SIDS),   Andorra,0,0,0,0,0,0
  Small island developing States (SIDS),   Bosnia and Herzegovina,5,5,5,5,0,0
  Small island developing States (SIDS),   Croatia,0,0,0,0,0,0
  Small island developing States (SIDS),   Gibraltar*,0,0,0,0,0,0
  Small island developing States (SIDS),   Greece,158,163,106,113,52,50
  Small island developing States (SIDS),   Holy See*,0,0,0,0,0,0
  Small island developing States (SIDS),   Italy,8032,8251,5537,5725,2495,2526
  Small island developing States (SIDS),   Malta,25,25,14,14,11,11
  Small island developing States (SIDS),   Montenegro,0,0,0,0,0,0
  Small island developing States (SIDS),   North Macedonia,26,26,16,16,10,10
  Small island developing States (SIDS),   Portugal,5679,5618,2931,2879,2748,2739
  Small island developing States (SIDS),   San Marino,0,0,0,0,0,0
  Small island developing States (SIDS),   Serbia*,72,75,32,34,40,41
  Small island developing States (SIDS),   Slovenia,0,0,0,0,0,0
  Small island developing States (SIDS),   Spain*,11597,12264,6766,7135,4831,5129
  Small island developing States (SIDS),   Austria,530,552,384,404,146,148
  Small island developing States (SIDS),   Belgium,1149,1158,621,632,528,526
  Small island developing States (SIDS),   France*,180153,182524,88444,89591,91709,92933
  Small island developing States (SIDS),   Germany,5842,5729,3389,3405,2453,2324
  Small island developing States (SIDS),   Liechtenstein,0,0,0,0,0,0
  Small island developing States (SIDS),   Luxembourg,4,3,1,1,3,2
  Small island developing States (SIDS),   Monaco,0,0,0,0,0,0
  Small island developing States (SIDS),   Netherlands*,19755,21811,10243,11402,9512,10409
  Small island developing States (SIDS),   Switzerland,2420,2501,1495,1550,925,951
  Small island developing States (SIDS),   Anguilla*,1493,1515,780,794,713,721
  Small island developing States (SIDS),   Antigua and Barbuda,7644,7810,3495,3575,4149,4235
  Small island developing States (SIDS),   Aruba*,3736,4094,1564,1737,2172,2357
  Small island developing States (SIDS),   Bahamas,1402,1479,713,758,689,721
  Small island developing States (SIDS),   Barbados,4504,4735,2318,2531,2186,2204
  Small island developing States (SIDS),"   Bonaire, Sint Eustatius and Saba*",3027,3456,1311,1526,1716,1930
  Small island developing States (SIDS),   British Virgin Islands*,3992,4065,1747,1781,2245,2284
  Small island developing States (SIDS),   Cayman Islands*,33,31,22,22,11,9
  Small island developing States (SIDS),   Cuba,22234,24227,10797,11889,11437,12338
  Small island developing States (SIDS),   Curaçao*,4424,4788,2297,2467,2127,2321
  Small island developing States (SIDS),   Dominica,20410,20214,8954,8833,11456,11381
  Small island developing States (SIDS),   Dominican Republic,85933,77407,37821,33552,48112,43855
  Small island developing States (SIDS),   Grenada,10482,11419,4654,5803,5828,5616
  Small island developing States (SIDS),   Guadeloupe*,8460,8542,2938,2990,5522,5552
  Small island developing States (SIDS),   Haiti,542599,568019,345550,361102,197049,206917
  Small island developing States (SIDS),   Jamaica,34872,37797,14455,15870,20417,21927
  Small island developing States (SIDS),   Martinique*,9293,9202,3885,3807,5408,5395
  Small island developing States (SIDS),   Montserrat*,3050,3153,1515,1571,1535,1582
  Small island developing States (SIDS),   Puerto Rico*,15688,16255,8026,8327,7662,7928
  Small island developing States (SIDS),   Saint Barthélemy*,0,0,0,0,0,0
  Small island developing States (SIDS),   Saint Kitts and Nevis,11737,12075,5475,5646,6262,6429
  Small island developing States (SIDS),   Saint Lucia,12151,12401,5434,5626,6717,6775
  Small island developing States (SIDS),   Saint Martin (French part)*,0,0,0,0,0,0
  Small island developing States (SIDS),   Saint Vincent and the Grenadines,15221,16412,6986,8116,8235,8296
  Small island developing States (SIDS),   Sint Maarten (Dutch part)*,1488,1652,729,814,759,838
  Small island developing States (SIDS),   Trinidad and Tobago,13027,13327,5981,6060,7046,7267
  Small island developing States (SIDS),   Turks and Caicos Islands*,1587,1696,641,686,946,1010
  Small island developing States (SIDS),   United States Virgin Islands*,3212,3064,1842,1751,1370,1313
  Small island developing States (SIDS),   Belize,439,478,232,256,207,222
  Small island developing States (SIDS),   Costa Rica,1531,1811,740,875,791,936
  Small island developing States (SIDS),   El Salvador,10146,10634,5173,5459,4973,5175
  Small island developing States (SIDS),   Guatemala,24756,27906,11966,13487,12790,14419
  Small island developing States (SIDS),   Honduras,11499,13015,5507,6243,5992,6772
  Small island developing States (SIDS),   Mexico,8328,8019,4189,4082,4139,3937
  Small island developing States (SIDS),   Nicaragua,1271,1167,547,499,724,668
  Small island developing States (SIDS),   Panama,1967,1673,958,825,1009,848
  Small island developing States (SIDS),   Argentina,2894,2591,1509,1378,1385,1213
  Small island developing States (SIDS),   Bolivia (Plurinational State of),278,246,151,137,127,109
  Small island developing States (SIDS),   Brazil,7659,8256,4187,4548,3472,3708
  Small island developing States (SIDS),   Chile,1861,1542,991,844,870,698
  Small island developing States (SIDS),   Colombia,22850,24732,9443,10051,13407,14681
  Small island developing States (SIDS),   Ecuador,1528,1044,745,521,783,523
  Small island developing States (SIDS),   Falkland Islands (Malvinas)*,0,0,0,0,0,0
  Small island developing States (SIDS),   French Guiana*,3294,3257,1171,1154,2123,2103
  Small island developing States (SIDS),   Guyana,46364,49821,22623,25242,23741,24579
  Small island developing States (SIDS),   Paraguay,25,25,14,14,11,11
  Small island developing States (SIDS),   Peru,4067,5710,2180,2949,1887,2761
  Small island developing States (SIDS),   Suriname,6509,7126,3112,3414,3397,3712
  Small island developing States (SIDS),   Uruguay,467,485,208,219,259,266
  Small island developing States (SIDS),   Venezuela (Bolivarian Republic of),17256,119160,8471,52754,8785,66406
  Small island developing States (SIDS),   Bermuda*,132,132,80,81,52,51
  Small island developing States (SIDS),   Canada,19530,20198,9928,10459,9602,9739
  Small island developing States (SIDS),   Greenland*,0,0,0,0,0,0
  Small island developing States (SIDS),   Saint Pierre and Miquelon*,64,66,38,40,26,26
  Small island developing States (SIDS),   United States of America*,285512,285257,138512,138851,147000,146406
  Small island developing States (SIDS),   Australia*,24333,24697,14243,14461,10090,10236
  Small island developing States (SIDS),   New Zealand*,11764,12020,6320,6450,5444,5570
  Small island developing States (SIDS),   Fiji,2673,2734,1438,1481,1235,1253
  Small island developing States (SIDS),   New Caledonia*,2525,2530,1291,1295,1234,1235
  Small island developing States (SIDS),   Papua New Guinea,688,671,372,364,316,307
  Small island developing States (SIDS),   Solomon Islands,1118,1141,642,661,476,480
  Small island developing States (SIDS),   Vanuatu,4184,4403,2063,2166,2121,2237
  Small island developing States (SIDS),   Guam*,999,1009,462,458,537,551
  Small island developing States (SIDS),   Kiribati,1597,1639,862,889,735,750
  Small island developing States (SIDS),   Marshall Islands,372,383,184,192,188,191
  Small island developing States (SIDS),   Micronesia (Fed. States of),12396,13032,6263,6570,6133,6462
  Small island developing States (SIDS),   Nauru,1483,1595,743,795,740,800
  Small island developing States (SIDS),   Northern Mariana Islands*,2532,2664,1296,1354,1236,1310
  Small island developing States (SIDS),   Palau,2293,2385,1137,1187,1156,1198
  Small island developing States (SIDS),   American Samoa*,1402,1329,718,684,684,645
  Small island developing States (SIDS),   Cook Islands*,52,49,22,22,30,27
  Small island developing States (SIDS),   French Polynesia*,649,691,459,487,190,204
  Small island developing States (SIDS),   Niue*,22,21,15,16,7,5
  Small island developing States (SIDS),   Samoa,16417,16474,8230,8261,8187,8213
  Small island developing States (SIDS),   Tokelau*,111,104,54,52,57,52
  Small island developing States (SIDS),   Tonga,2808,2834,1496,1514,1312,1320
  Small island developing States (SIDS),   Tuvalu,835,861,465,486,370,375
  Small island developing States (SIDS),   Wallis and Futuna Islands*,11223,11913,5364,5671,5859,6242
  High-income countries,WORLD,158516311,181897756,82642592,95328366,75873719,86569390
  High-income countries,  Sub-Saharan Africa,7010597,8494297,3537776,4352021,3472821,4142276
  High-income countries,  Northern Africa and Western Asia,18229558,21642869,10416030,12383639,7813528,9259230
  High-income countries,  Central and Southern Asia,27112750,32310426,18144593,21557545,8968157,10752881
  High-income countries,  Eastern and South-Eastern Asia,26868656,29018421,12585000,13547411,14283656,15471010
  High-income countries,  Latin America and the Caribbean,30931523,33714977,14946710,16109495,15984813,17605482
  High-income countries,  Oceania (excluding Australia and New Zealand),458818,528577,222244,255021,236574,273556
  High-income countries,  Australia and New Zealand,1179649,1322379,579664,647472,599985,674907
  High-income countries,  Europe and Northern America,41263089,47333917,19361984,22537828,21901105,24796089
  High-income countries,  Developed regions,43040158,49284055,20199967,23449528,22840191,25834527
  High-income countries,  Less developed regions,110014482,125081808,59594034,67940904,50420448,57140904
  High-income countries," Less developed regions, excluding least developed countries",97045121,109144784,51441764,57881689,45603357,51263095
  High-income countries," Less developed regions, excluding China",99702155,114538851,54854496,63168842,44847659,51370009
  High-income countries,  Least developed countries,12969361,15937024,8152270,10059215,4817091,5877809
  High-income countries,  Land-locked Developing Countries (LLDC),6424431,8314937,3450040,4466746,2974391,3848191
  High-income countries,  Small island developing States (SIDS),9288224,10253178,4239922,4698002,5048302,5555176
  High-income countries,  High-income countries,40965198,45839206,19460088,22050779,21505110,23788427
  High-income countries,  Middle-income countries,104191836,117946103,55850985,63263584,48340851,54682519
  High-income countries, Upper-middle-income countries,54365728,59946932,26295070,28820899,28070658,31126033
  High-income countries, Lower-middle-income countries,49826108,57999171,29555915,34442685,20270193,23556486
  High-income countries,  Low-income countries,7817281,10493994,4445404,6035998,3371877,4457996
  High-income countries, AFRICA,16228156,18928986,8899275,10406754,7328881,8522232
  High-income countries,  Eastern Africa,2844081,3414902,1377346,1664338,1466735,1750564
  High-income countries,  Middle Africa,940982,1103589,440339,521942,500643,581647
  High-income countries,  Northern Africa,9217559,10434689,5361499,6054733,3856060,4379956
  High-income countries,  Southern Africa,711599,837126,341084,411108,370515,426018
  High-income countries,  Western Africa,2513935,3138680,1379007,1754633,1134928,1384047
  High-income countries, ASIA,62993405,72537027,35784124,41433862,27209281,31103165
  High-income countries,  Central Asia,1306417,1696981,640023,797582,666394,899399
  High-income countries,  Eastern Asia,12865906,13177667,5933345,5993822,6932561,7183845
  High-income countries,  South-Eastern Asia,14002750,15840754,6651655,7553589,7351095,8287165
  High-income countries,  Southern Asia,25806333,30613445,17504570,20759963,8301763,9853482
  High-income countries,  Western Asia,9011999,11208180,5054531,6328906,3957468,4879274
  High-income countries, EUROPE,38458306,44341619,18127366,21207526,20330940,23134093
  High-income countries,  Eastern Europe,14672136,17626463,6535659,7997321,8136477,9629142
  High-income countries,  Northern Europe,6659211,7187799,3209346,3491097,3449865,3696702
  High-income countries,  Southern Europe,9901505,11722099,4974377,6002838,4927128,5719261
  High-income countries,  Western Europe,7225454,7805258,3407984,3716270,3817470,4088988
  High-income countries, LATIN AMERICA AND THE CARIBBEAN,30931523,33714977,14946710,16109495,15984813,17605482
  High-income countries,  Caribbean,7462258,8323845,3398043,3807870,4064215,4515975
  High-income countries,  Central America,15643964,15426093,8132817,7935645,7511147,7490448
  High-income countries,  South America,7825301,9965039,3415850,4365980,4409451,5599059
  High-income countries, NORTHERN AMERICA,2804783,2992298,1234618,1330302,1570165,1661996
  High-income countries, OCEANIA ,1638467,1850956,801908,902493,836559,948463
  High-income countries,  Australia and New Zealand,1179649,1322379,579664,647472,599985,674907
  High-income countries,  Melanesia,222668,248926,105843,117821,116825,131105
  High-income countries,  Micronesia,37035,45886,18341,22544,18694,23342
  High-income countries,  Polynesia*,199115,233765,98060,114656,101055,119109
  High-income countries,   Burundi,32420,37285,15083,17347,17337,19938
  High-income countries,   Comoros,38651,42478,17301,19072,21350,23406
  High-income countries,   Djibouti,11586,13018,5554,6220,6032,6798
  High-income countries,   Eritrea,232563,343517,125566,193203,106997,150314
  High-income countries,   Ethiopia,621897,713768,332558,383688,289339,330080
  High-income countries,   Kenya,343989,400470,163949,188867,180040,211603
  High-income countries,   Madagascar,142455,157277,52494,57884,89961,99393
  High-income countries,   Malawi,20707,23525,9955,11235,10752,12290
  High-income countries,   Mauritius*,151020,166553,67417,74272,83603,92281
  High-income countries,   Mayotte*,0,0,0,0,0,0
  High-income countries,   Mozambique,85348,97246,38436,45032,46912,52214
  High-income countries,   Réunion*,527,599,255,295,272,304
  High-income countries,   Rwanda,38062,41896,17305,18958,20757,22938
  High-income countries,   Seychelles,10153,11034,3926,4236,6227,6798
  High-income countries,   Somalia,459653,567689,218486,272047,241167,295642
  High-income countries,   South Sudan,33093,37798,20359,22938,12734,14860
  High-income countries,   Uganda,144656,180066,67256,82356,77400,97710
  High-income countries,   United Republic of Tanzania*,126985,159138,62242,77313,64743,81825
  High-income countries,   Zambia,73304,90817,32501,39549,40803,51268
  High-income countries,   Zimbabwe,277012,330728,126703,149826,150309,180902
  High-income countries,   Angola,234464,273298,108204,129144,126260,144154
  High-income countries,   Cameroon,224073,279742,103766,131879,120307,147863
  High-income countries,   Central African Republic,20432,22668,9667,10782,10765,11886
  High-income countries,   Chad,18934,21488,11410,13069,7524,8419
  High-income countries,   Congo,105201,116336,51714,57257,53487,59079
  High-income countries,   Democratic Republic of the Congo,273099,315656,128130,148160,144969,167496
  High-income countries,   Equatorial Guinea,20654,24259,7881,9046,12773,15213
  High-income countries,   Gabon,24769,27748,11355,12724,13414,15024
  High-income countries,   Sao Tome and Principe,19356,22394,8212,9881,11144,12513
  High-income countries,   Algeria,1789725,1972164,960680,1058665,829045,913499
  High-income countries,   Egypt,2891352,3328376,1889711,2173041,1001641,1155335
  High-income countries,   Libya,103917,127152,53211,67129,50706,60023
  High-income countries,   Morocco,2946208,3234599,1561568,1692704,1384640,1541895
  High-income countries,   Sudan,721026,880199,466980,566630,254046,313569
  High-income countries,   Tunisia,764142,890900,428736,495899,335406,395001
  High-income countries,   Western Sahara,1189,1299,613,665,576,634
  High-income countries,   Botswana,6222,6942,2983,3289,3239,3653
  High-income countries,   Eswatini,3215,3540,1500,1662,1715,1878
  High-income countries,   Lesotho,1374,1522,627,684,747,838
  High-income countries,   Namibia,6306,7351,2939,3401,3367,3950
  High-income countries,   South Africa,694482,817771,333035,402072,361447,415699
  High-income countries,   Benin,31978,37147,17528,20800,14450,16347
  High-income countries,   Burkina Faso,28193,33481,17109,20792,11084,12689
  High-income countries,   Cabo Verde,152148,167498,67269,74926,84879,92572
  High-income countries,   Côte d'Ivoire,184401,224547,89303,112976,95098,111571
  High-income countries,   Gambia,77022,119064,50308,83151,26714,35913
  High-income countries,   Ghana,435134,519220,243353,292210,191781,227010
  High-income countries,   Guinea,99613,137551,54307,80172,45306,57379
  High-income countries,   Guinea-Bissau,41039,51570,23877,31452,17162,20118
  High-income countries,   Liberia,105246,127082,52165,62200,53081,64882
  High-income countries,   Mali,114391,136098,76001,93114,38390,42984
  High-income countries,   Mauritania,31741,34730,21709,23290,10032,11440
  High-income countries,   Niger,11632,13975,6759,8447,4873,5528
  High-income countries,   Nigeria,725001,964929,373378,506893,351623,458036
  High-income countries,   Saint Helena*,3633,4114,1426,1594,2207,2520
  High-income countries,   Senegal,328559,403536,210629,258460,117930,145076
  High-income countries,   Sierra Leone,87504,97012,42075,46886,45429,50126
  High-income countries,   Togo,56700,67126,31811,37270,24889,29856
  High-income countries,   Kazakhstan,965595,1280006,467907,590990,497688,689016
  High-income countries,   Kyrgyzstan,91643,122000,43026,52011,48617,69989
  High-income countries,   Tajikistan,35911,47270,17433,24662,18478,22608
  High-income countries,   Turkmenistan,13887,17278,6047,7408,7840,9870
  High-income countries,   Uzbekistan,199381,230427,105610,122511,93771,107916
  High-income countries,   China*,9438196,9625821,4321499,4336790,5116697,5289031
  High-income countries,"   China, Hong Kong SAR*",758229,790863,367688,381565,390541,409298
  High-income countries,"   China, Macao SAR*",115902,126273,50351,53707,65551,72566
  High-income countries,"   China, Taiwan Province of China*",0,0,0,0,0,0
  High-income countries,   Dem. People's Republic of Korea,15418,17597,6385,7311,9033,10286
  High-income countries,   Japan,597420,627759,258319,264228,339101,363531
  High-income countries,   Mongolia,43783,60315,21271,29603,22512,30712
  High-income countries,   Republic of Korea,1896958,1929039,907832,920618,989126,1008421
  High-income countries,   Brunei Darussalam,12935,14352,6337,6973,6598,7379
  High-income countries,   Cambodia,368605,372334,172404,172110,196201,200224
  High-income countries,   Indonesia,2642386,3102137,1408645,1671662,1233741,1430475
  High-income countries,   Lao People's Democratic Republic,291519,258977,144188,126177,147331,132800
  High-income countries,   Malaysia*,1538572,1619828,684394,720349,854178,899479
  High-income countries,   Myanmar,434689,529638,258966,315295,175723,214343
  High-income countries,   Philippines,5307773,5889761,2444726,2708158,2863047,3181603
  High-income countries,   Singapore,190060,207566,85510,92137,104550,115429
  High-income countries,   Thailand,809324,967684,286073,359593,523251,608091
  High-income countries,   Timor-Leste,14593,15689,7610,8182,6983,7507
  High-income countries,   Viet Nam,2392294,2862788,1152802,1372953,1239492,1489835
  High-income countries,   Afghanistan,926903,1380793,583994,862968,342909,517825
  High-income countries,   Bangladesh,3687524,4401976,2854737,3401970,832787,1000006
  High-income countries,   Bhutan,12292,14789,6349,7568,5943,7221
  High-income countries,   India,13320655,15419860,8985765,10390037,4334890,5029823
  High-income countries,   Iran (Islamic Republic of),1076880,1200353,571235,641681,505645,558672
  High-income countries,   Maldives,1157,1293,602,668,555,625
  High-income countries,   Nepal,878601,1225895,623754,854265,254847,371630
  High-income countries,   Pakistan,4486373,5240510,3058591,3584294,1427782,1656216
  High-income countries,   Sri Lanka,1415948,1727976,819543,1016512,596405,711464
  High-income countries,   Armenia,173750,192367,82801,91435,90949,100932
  High-income countries,   Azerbaijan*,76556,101449,37307,49866,39249,51583
  High-income countries,   Bahrain,16180,17980,8137,9019,8043,8961
  High-income countries,   Cyprus*,149001,150096,71120,72770,77881,77326
  High-income countries,   Georgia*,201838,233027,83948,101278,117890,131749
  High-income countries,   Iraq,884934,1158384,479230,635037,405704,523347
  High-income countries,   Israel,241037,264445,128571,141457,112466,122988
  High-income countries,   Jordan,590056,693982,387322,452980,202734,241002
  High-income countries,   Kuwait,146244,160917,90220,99378,56024,61539
  High-income countries,   Lebanon,697278,792258,410965,467522,286313,324736
  High-income countries,   Oman,7526,9035,4114,4979,3412,4056
  High-income countries,   Qatar,11903,13710,5708,6716,6195,6994
  High-income countries,   Saudi Arabia,177933,185429,89904,94853,88029,90576
  High-income countries,   State of Palestine*,149277,184463,90932,110104,58345,74359
  High-income countries,   Syrian Arab Republic,1395922,2405274,828174,1422160,567748,983114
  High-income countries,   Turkey,2952249,3277712,1518031,1689964,1434218,1587748
  High-income countries,   United Arab Emirates,113474,139648,60806,74792,52668,64856
  High-income countries,   Yemen,1026841,1228004,677241,804596,349600,423408
  High-income countries,   Belarus,345125,351332,140067,143013,205058,208319
  High-income countries,   Bulgaria,690177,1004826,318558,478608,371619,526218
  High-income countries,   Czechia,799488,1004335,343531,425614,455957,578721
  High-income countries,   Hungary,574909,687763,280151,339797,294758,347966
  High-income countries,   Poland,4008549,4752175,1852699,2264805,2155850,2487370
  High-income countries,   Republic of Moldova*,456698,681579,192804,314509,263894,367070
  High-income countries,   Romania,3377733,3935724,1551826,1855963,1825907,2079761
  High-income countries,   Russian Federation,2361044,2754982,994044,1114676,1367000,1640306
  High-income countries,   Slovakia,339992,412138,153509,191916,186483,220222
  High-income countries,   Ukraine*,1718421,2041609,708470,868420,1009951,1173189
  High-income countries,   Channel Islands*,16358,17026,8257,8790,8101,8236
  High-income countries,   Denmark*,225174,242738,105713,114596,119461,128142
  High-income countries,   Estonia,113921,131200,49387,56578,64534,74622
  High-income countries,   Faroe Islands*,13407,12927,5736,5511,7671,7416
  High-income countries,   Finland*,272860,301445,104520,119055,168340,182390
  High-income countries,   Iceland,36231,42386,17845,20604,18386,21782
  High-income countries,   Ireland,720633,715562,327672,332250,392961,383312
  High-income countries,   Isle of Man*,10575,12012,5182,5802,5393,6210
  High-income countries,   Latvia,246519,256966,109319,116384,137200,140582
  High-income countries,   Lithuania,433997,535223,190627,234023,243370,301200
  High-income countries,   Norway*,161547,165391,69690,72588,91857,92803
  High-income countries,   Sweden,288151,310267,128548,138899,159603,171368
  High-income countries,   United Kingdom*,4119838,4444656,2086850,2266017,2032988,2178639
  High-income countries,   Albania,1065230,1170546,543831,609235,521399,561311
  High-income countries,   Andorra,7694,9910,3643,4649,4051,5261
  High-income countries,   Bosnia and Herzegovina,1212988,1299470,597124,651157,615864,648313
  High-income countries,   Croatia,488191,716177,233085,350269,255106,365908
  High-income countries,   Gibraltar*,11831,13291,5711,6369,6120,6922
  High-income countries,   Greece,701655,944663,366185,503743,335470,440920
  High-income countries,   Holy See*,309,174,114,71,195,103
  High-income countries,   Italy,2315726,2895232,1220252,1564893,1095474,1330339
  High-income countries,   Malta,92903,101956,46920,51277,45983,50679
  High-income countries,   Montenegro,48589,46406,23668,23379,24921,23027
  High-income countries,   North Macedonia,363416,434698,186764,225545,176652,209153
  High-income countries,   Portugal,1721618,1818481,879690,935363,841928,883118
  High-income countries,   San Marino,3579,2300,1238,955,2341,1345
  High-income countries,   Serbia*,781519,958074,386388,476940,395131,481134
  High-income countries,   Slovenia,119913,143351,53974,66072,65939,77279
  High-income countries,   Spain*,966344,1167370,425790,532921,540554,634449
  High-income countries,   Austria,475201,552108,214274,257897,260927,294211
  High-income countries,   Belgium,485329,539413,228448,257347,256881,282066
  High-income countries,   France*,1679450,1866174,798830,895239,880620,970935
  High-income countries,   Germany,3066561,3161734,1437670,1496858,1628891,1664876
  High-income countries,   Liechtenstein,3429,3601,1490,1580,1939,2021
  High-income countries,   Luxembourg,68765,81076,32443,40128,36322,40948
  High-income countries,   Monaco,28751,31922,13601,15118,15150,16804
  High-income countries,   Netherlands*,807830,897315,404011,447374,403819,449941
  High-income countries,   Switzerland,610138,671915,277217,304729,332921,367186
  High-income countries,   Anguilla*,2418,2373,1256,1196,1162,1177
  High-income countries,   Antigua and Barbuda,46059,60557,20454,26676,25605,33881
  High-income countries,   Aruba*,15795,20650,6870,8946,8925,11704
  High-income countries,   Bahamas,41966,52774,17618,21817,24348,30957
  High-income countries,   Barbados,99937,97661,46147,44894,53790,52767
  High-income countries,"   Bonaire, Sint Eustatius and Saba*",7022,7878,3104,3515,3918,4363
  High-income countries,   British Virgin Islands*,4283,4403,1856,1907,2427,2496
  High-income countries,   Cayman Islands*,1598,1797,731,798,867,999
  High-income countries,   Cuba,1449045,1682817,671615,781068,777430,901749
  High-income countries,   Curaçao*,5118,6518,2603,3276,2515,3242
  High-income countries,   Dominica,66730,72317,28300,30338,38430,41979
  High-income countries,   Dominican Republic,1429046,1581799,598225,653742,830821,928057
  High-income countries,   Grenada,67554,60640,29328,26838,38226,33802
  High-income countries,   Guadeloupe*,2752,2925,1289,1373,1463,1552
  High-income countries,   Haiti,950601,1192019,464080,607488,486521,584531
  High-income countries,   Jamaica,1028584,1115779,438742,473305,589842,642474
  High-income countries,   Martinique*,792,852,368,398,424,454
  High-income countries,   Montserrat*,19645,24081,8555,10363,11090,13718
  High-income countries,   Puerto Rico*,1706690,1840837,836709,900424,869981,940413
  High-income countries,   Saint Barthélemy*,0,0,0,0,0,0
  High-income countries,   Saint Kitts and Nevis,38742,48769,17238,21445,21504,27324
  High-income countries,   Saint Lucia,53187,66370,22132,27513,31055,38857
  High-income countries,   Saint Martin (French part)*,0,0,0,0,0,0
  High-income countries,   Saint Vincent and the Grenadines,60807,53999,28425,25135,32382,28864
  High-income countries,   Sint Maarten (Dutch part)*,1458,1730,707,840,751,890
  High-income countries,   Trinidad and Tobago,358565,320404,149954,132826,208611,187578
  High-income countries,   Turks and Caicos Islands*,1758,1882,729,780,1029,1102
  High-income countries,   United States Virgin Islands*,2106,2014,1008,969,1098,1045
  High-income countries,   Belize,58469,47695,24325,19574,34144,28121
  High-income countries,   Costa Rica,116010,126235,47972,51978,68038,74257
  High-income countries,   El Salvador,1446187,1518864,725786,760128,720401,758736
  High-income countries,   Guatemala,1031239,1273000,516421,630684,514818,642316
  High-income countries,   Honduras,667790,894669,277299,359888,390491,534781
  High-income countries,   Mexico,11863522,11116875,6326754,5911200,5536768,5205675
  High-income countries,   Nicaragua,331708,333843,151697,147329,180011,186514
  High-income countries,   Panama,129039,114912,62563,54864,66476,60048
  High-income countries,   Argentina,752793,856620,362087,408729,390706,447891
  High-income countries,   Bolivia (Plurinational State of),334475,417815,145898,179022,188577,238793
  High-income countries,   Brazil,1220281,1585506,486912,639046,733369,946460
  High-income countries,   Chile,328002,338812,151061,156483,176941,182329
  High-income countries,   Colombia,1453324,1811584,629035,781724,824289,1029860
  High-income countries,   Ecuador,1059894,1049458,502632,492126,557262,557332
  High-income countries,   Falkland Islands (Malvinas)*,1318,1464,552,605,766,859
  High-income countries,   French Guiana*,303,323,149,159,154,164
  High-income countries,   Guyana,450261,406007,206823,184912,243438,221095
  High-income countries,   Paraguay,114477,153682,37111,50470,77366,103212
  High-income countries,   Peru,1097114,1201032,448793,503453,648321,697579
  High-income countries,   Suriname,228223,243783,100183,106735,128040,137048
  High-income countries,   Uruguay,176949,185599,82041,86047,94908,99552
  High-income countries,   Venezuela (Bolivarian Republic of),607887,1713354,262573,776469,345314,936885
  High-income countries,   Bermuda*,16135,21008,7948,10244,8187,10764
  High-income countries,   Canada,1194069,1214650,440406,454833,753663,759817
  High-income countries,   Greenland*,16306,17414,6939,7417,9367,9997
  High-income countries,   Saint Pierre and Miquelon*,335,366,183,201,152,165
  High-income countries,   United States of America*,1577938,1738860,779142,857607,798796,881253
  High-income countries,   Australia*,458730,534605,213974,250513,244756,284092
  High-income countries,   New Zealand*,720919,787774,365690,396959,355229,390815
  High-income countries,   Fiji,205131,230422,97588,109086,107543,121336
  High-income countries,   New Caledonia*,4273,4524,2069,2195,2204,2329
  High-income countries,   Papua New Guinea,4153,3993,1909,1911,2244,2082
  High-income countries,   Solomon Islands,2818,3191,1306,1454,1512,1737
  High-income countries,   Vanuatu,6293,6796,2971,3175,3322,3621
  High-income countries,   Guam*,1081,1099,506,501,575,598
  High-income countries,   Kiribati,2632,3593,1191,1660,1441,1933
  High-income countries,   Marshall Islands,7526,10790,3708,5260,3818,5530
  High-income countries,   Micronesia (Fed. States of),20384,24694,10173,12221,10211,12473
  High-income countries,   Nauru,743,818,362,394,381,424
  High-income countries,   Northern Mariana Islands*,2457,2589,1254,1311,1203,1278
  High-income countries,   Palau,2212,2303,1147,1197,1065,1106
  High-income countries,   American Samoa*,121,0,67,0,54,0
  High-income countries,   Cook Islands*,21503,21057,10669,10431,10834,10626
  High-income countries,   French Polynesia*,1505,1621,868,943,637,678
  High-income countries,   Niue*,5304,5141,2590,2521,2714,2620
  High-income countries,   Samoa,100218,119033,49176,58305,51042,60728
  High-income countries,   Tokelau*,2060,2008,1042,1016,1018,992
  High-income countries,   Tonga,55422,70784,27414,34691,28008,36093
  High-income countries,   Tuvalu,1767,2215,875,1081,892,1134
  High-income countries,   Wallis and Futuna Islands*,11215,11906,5359,5668,5856,6238
  Middle-income countries,WORLD,78597464,85895533,40203291,44012113,38394173,41883420
  Middle-income countries,  Sub-Saharan Africa,9954801,10519512,5412777,5773581,4542024,4745931
  Middle-income countries,  Northern Africa and Western Asia,12488284,13908240,6829812,7581163,5658472,6327077
  Middle-income countries,  Central and Southern Asia,19028296,18755695,9652495,9572792,9375801,9182903
  Middle-income countries,  Eastern and South-Eastern Asia,8279668,9322165,4536229,5223908,3743439,4098257
  Middle-income countries,  Latin America and the Caribbean,5124242,9015116,2564410,4511918,2559832,4503198
  Middle-income countries,  Oceania (excluding Australia and New Zealand),32447,32629,16516,16657,15931,15972
  Middle-income countries,  Australia and New Zealand,72912,78626,41238,44446,31674,34180
  Middle-income countries,  Europe and Northern America,18805532,19731350,8623697,8982058,10181835,10749292
  Middle-income countries,  Developed regions,19044147,19989655,8757202,9124456,10286945,10865199
  Middle-income countries,  Less developed regions,54742035,61373678,28919972,32582067,25822063,28791611
  Middle-income countries," Less developed regions, excluding least developed countries",33187885,38673953,17545566,20285480,15642319,18388473
  Middle-income countries," Less developed regions, excluding China",53761644,60343197,28359442,32026363,25402202,28316834
  Middle-income countries,  Least developed countries,21554150,22699725,11374406,12296587,10179744,10403138
  Middle-income countries,  Land-locked Developing Countries (LLDC),21865101,22260387,11104498,11353509,10760603,10906878
  Middle-income countries,  Small island developing States (SIDS),939378,1032284,551520,591664,387858,440620
  Middle-income countries,  High-income countries,6054437,6616973,3081741,3329405,2972696,3287568
  Middle-income countries,  Middle-income countries,50202388,55810379,24990029,27862903,25212359,27947476
  Middle-income countries, Upper-middle-income countries,22580673,27051049,10889555,12871899,11691118,14179150
  Middle-income countries, Lower-middle-income countries,27621715,28759330,14100474,14991004,13521241,13768326
  Middle-income countries,  Low-income countries,17340438,18737963,9505832,10409819,7834606,8328144
  Middle-income countries, AFRICA,10567413,11198245,5759902,6159750,4807511,5038495
  Middle-income countries,  Eastern Africa,3326876,3393242,1809345,1881938,1517531,1511304
  Middle-income countries,  Middle Africa,1287491,1430229,673840,764116,613651,666113
  Middle-income countries,  Northern Africa,612612,678733,347125,386169,265487,292564
  Middle-income countries,  Southern Africa,382346,405004,187287,200162,195059,204842
  Middle-income countries,  Western Africa,4958088,5291037,2742305,2927365,2215783,2363672
  Middle-income countries, ASIA,39183636,41307367,20671411,21991694,18512225,19315673
  Middle-income countries,  Central Asia,6083876,6111536,2982661,2996683,3101215,3114853
  Middle-income countries,  Eastern Asia,1502623,1590681,861493,877287,641130,713394
  Middle-income countries,  South-Eastern Asia,6777045,7731484,3674736,4346621,3102309,3384863
  Middle-income countries,  Southern Asia,12944420,12644159,6669834,6576109,6274586,6068050
  Middle-income countries,  Western Asia,11875672,13229507,6482687,7194994,5392985,6034513
  Middle-income countries, EUROPE,17606310,18406391,8003631,8296654,9602679,10109737
  Middle-income countries,  Eastern Europe,13912543,14329066,6228671,6369772,7683872,7959294
  Middle-income countries,  Northern Europe,649495,690709,316488,326160,333007,364549
  Middle-income countries,  Southern Europe,2129896,2280608,1021955,1098106,1107941,1182502
  Middle-income countries,  Western Europe,914376,1106008,436517,502616,477859,603392
  Middle-income countries, LATIN AMERICA AND THE CARIBBEAN,5124242,9015116,2564410,4511918,2559832,4503198
  Middle-income countries,  Caribbean,590912,669410,368331,407180,222581,262230
  Middle-income countries,  Central America,646288,771913,306196,376419,340092,395494
  Middle-income countries,  South America,3887042,7573793,1889883,3728319,1997159,3845474
  Middle-income countries, NORTHERN AMERICA,1199222,1324959,620066,685404,579156,639555
  Middle-income countries, OCEANIA ,105359,111255,57754,61103,47605,50152
  Middle-income countries,  Australia and New Zealand,72912,78626,41238,44446,31674,34180
  Middle-income countries,  Melanesia,5440,5398,2833,2833,2607,2565
  Middle-income countries,  Micronesia,4876,5083,2504,2613,2372,2470
  Middle-income countries,  Polynesia*,22131,22148,11179,11211,10952,10937
  Middle-income countries,   Burundi,196426,253378,97960,129378,98466,124000
  Middle-income countries,   Comoros,5752,6350,4764,5293,988,1057
  Middle-income countries,   Djibouti,1663,1892,1204,1355,459,537
  Middle-income countries,   Eritrea,12097,27195,7094,13692,5003,13503
  Middle-income countries,   Ethiopia,125071,108162,71111,63506,53960,44656
  Middle-income countries,   Kenya,56697,56445,25229,26410,31468,30035
  Middle-income countries,   Madagascar,10790,10861,5114,5195,5676,5666
  Middle-income countries,   Malawi,216350,224191,132478,142542,83872,81649
  Middle-income countries,   Mauritius*,9775,11167,4747,6037,5028,5130
  Middle-income countries,   Mayotte*,0,0,0,0,0,0
  Middle-income countries,   Mozambique,463231,501776,284828,319577,178403,182199
  Middle-income countries,   Réunion*,1196,1246,467,513,729,733
  Middle-income countries,   Rwanda,46337,48934,24343,26128,21994,22806
  Middle-income countries,   Seychelles,1204,1283,603,674,601,609
  Middle-income countries,   Somalia,791734,732960,432182,406143,359552,326817
  Middle-income countries,   South Sudan,103877,143097,52943,73217,50934,69880
  Middle-income countries,   Uganda,393775,348041,180376,160641,213399,187400
  Middle-income countries,   United Republic of Tanzania*,57657,56300,30088,30425,27569,25875
  Middle-income countries,   Zambia,68223,72263,36049,38313,32174,33950
  Middle-income countries,   Zimbabwe,765021,787701,417765,432899,347256,354802
  Middle-income countries,   Angola,162661,176431,85835,96099,76826,80332
  Middle-income countries,   Cameroon,91111,122134,52518,69692,38593,52442
  Middle-income countries,   Central African Republic,305151,336725,153982,169685,151169,167040
  Middle-income countries,   Chad,80160,78584,45274,44577,34886,34007
  Middle-income countries,   Congo,80283,86514,42667,47493,37616,39021
  Middle-income countries,   Democratic Republic of the Congo,462606,514178,234613,271793,227993,242385
  Middle-income countries,   Equatorial Guinea,84688,93193,48377,53161,36311,40032
  Middle-income countries,   Gabon,5172,5403,2615,2743,2557,2660
  Middle-income countries,   Sao Tome and Principe,15659,17067,7959,8873,7700,8194
  Middle-income countries,   Algeria,37976,41401,19615,21688,18361,19713
  Middle-income countries,   Egypt,232764,249594,137560,151347,95204,98247
  Middle-income countries,   Libya,44339,53046,26147,31194,18192,21852
  Middle-income countries,   Morocco,24452,26395,13164,14157,11288,12238
  Middle-income countries,   Sudan,78684,103806,47561,59378,31123,44428
  Middle-income countries,   Tunisia,9701,10858,5559,6219,4142,4639
  Middle-income countries,   Western Sahara,184696,193633,97519,102186,87177,91447
  Middle-income countries,   Botswana,49022,56573,29464,36413,19558,20160
  Middle-income countries,   Eswatini,43016,46496,21062,22674,21954,23822
  Middle-income countries,   Lesotho,182586,192771,82210,85437,100376,107334
  Middle-income countries,   Namibia,44101,40418,22101,20210,22000,20208
  Middle-income countries,   South Africa,63621,68746,32450,35428,31171,33318
  Middle-income countries,   Benin,507126,542752,279386,297856,227740,244896
  Middle-income countries,   Burkina Faso,1403479,1464360,784233,818201,619246,646159
  Middle-income countries,   Cabo Verde,12121,12680,5826,6322,6295,6358
  Middle-income countries,   Côte d'Ivoire,112949,132215,58916,69955,54033,62260
  Middle-income countries,   Gambia,14344,15110,7156,7548,7188,7562
  Middle-income countries,   Ghana,361739,387356,182935,196517,178804,190839
  Middle-income countries,   Guinea,236587,255051,132012,144366,104575,110685
  Middle-income countries,   Guinea-Bissau,37854,39404,18040,18791,19814,20613
  Middle-income countries,   Liberia,83660,91534,41831,45904,41829,45630
  Middle-income countries,   Mali,908002,954575,517591,544053,390411,410522
  Middle-income countries,   Mauritania,63596,65339,37859,38900,25737,26439
  Middle-income countries,   Niger,269888,288765,163310,174180,106578,114585
  Middle-income countries,   Nigeria,409515,459452,220230,247144,189285,212308
  Middle-income countries,   Saint Helena*,329,369,124,160,205,209
  Middle-income countries,   Senegal,104918,113034,77285,83547,27633,29487
  Middle-income countries,   Sierra Leone,23219,24510,11613,12276,11606,12234
  Middle-income countries,   Togo,408762,444531,203958,221645,204804,222886
  Middle-income countries,   Kazakhstan,2917312,2920907,1340679,1342082,1576633,1578825
  Middle-income countries,   Kyrgyzstan,639897,641026,309961,310475,329936,330551
  Middle-income countries,   Tajikistan,534117,535159,310398,310996,223719,224163
  Middle-income countries,   Turkmenistan,224198,224830,107562,107970,116636,116860
  Middle-income countries,   Uzbekistan,1768352,1789614,914061,925160,854291,864454
  Middle-income countries,   China*,764101,794803,427321,410385,336780,384418
  Middle-income countries,"   China, Hong Kong SAR*",198896,216759,123197,134429,75699,82330
  Middle-income countries,"   China, Macao SAR*",17394,18919,10012,10890,7382,8029
  Middle-income countries,"   China, Taiwan Province of China*",0,0,0,0,0,0
  Middle-income countries,   Dem. People's Republic of Korea,85195,89251,46843,49042,38352,40209
  Middle-income countries,   Japan,165703,179679,92267,97952,73436,81727
  Middle-income countries,   Mongolia,21702,21783,9728,9763,11974,12020
  Middle-income countries,   Republic of Korea,249632,269487,152125,164826,97507,104661
  Middle-income countries,   Brunei Darussalam,32152,30967,19651,18840,12501,12127
  Middle-income countries,   Cambodia,705958,732478,333309,340889,372649,391589
  Middle-income countries,   Indonesia,1421295,1497788,863221,888736,558074,609052
  Middle-income countries,   Lao People's Democratic Republic,995810,1036119,447638,444560,548172,591559
  Middle-income countries,   Malaysia*,242269,240011,131668,84704,110601,155307
  Middle-income countries,   Myanmar,2407803,3182113,1334460,2008604,1073343,1173509
  Middle-income countries,   Philippines,187531,201555,87208,95650,100323,105905
  Middle-income countries,   Singapore,133764,139943,71658,74170,62106,65773
  Middle-income countries,   Thailand,111305,118157,61565,63389,49740,54768
  Middle-income countries,   Timor-Leste,22732,23899,12975,13614,9757,10285
  Middle-income countries,   Viet Nam,516426,528454,311383,313465,205043,214989
  Middle-income countries,   Afghanistan,4459657,4458915,2312219,2356767,2147438,2102148
  Middle-income countries,   Bangladesh,3143479,2999517,1650856,1569883,1492623,1429634
  Middle-income countries,   Bhutan,39096,37208,19867,18726,19229,18482
  Middle-income countries,   India,2549785,2434259,1361674,1332957,1188111,1101302
  Middle-income countries,   Iran (Islamic Republic of),77533,123554,45141,66546,32392,57008
  Middle-income countries,   Maldives,2449,2422,1083,1077,1366,1345
  Middle-income countries,   Nepal,1391540,1373784,615381,607413,776159,766371
  Middle-income countries,   Pakistan,1040731,982605,545637,511066,495094,471539
  Middle-income countries,   Sri Lanka,240150,231895,117976,111674,122174,120221
  Middle-income countries,   Armenia,770567,765623,424258,421919,346309,343704
  Middle-income countries,   Azerbaijan*,1053618,1062302,569354,573466,484264,488836
  Middle-income countries,   Bahrain,40538,40289,21683,14751,18855,25538
  Middle-income countries,   Cyprus*,17577,23108,7986,10241,9591,12867
  Middle-income countries,   Georgia*,626429,627386,327041,327174,299388,300212
  Middle-income countries,   Iraq,585612,706542,326329,296403,259283,410139
  Middle-income countries,   Israel,88948,92678,40610,42914,48338,49764
  Middle-income countries,   Jordan,116774,120927,61741,63974,55033,56953
  Middle-income countries,   Kuwait,48790,51354,28058,30236,20732,21118
  Middle-income countries,   Lebanon,57899,62820,35388,38243,22511,24577
  Middle-income countries,   Oman,15235,16030,7835,8577,7400,7453
  Middle-income countries,   Qatar,11671,11995,6194,6429,5477,5566
  Middle-income countries,   Saudi Arabia,103494,112113,63756,69568,39738,42545
  Middle-income countries,   State of Palestine*,3047518,3238145,1588172,1704762,1459346,1533383
  Middle-income countries,   Syrian Arab Republic,5047523,6047479,2833612,3445323,2213911,2602156
  Middle-income countries,   Turkey,120467,132881,68938,75620,51529,57261
  Middle-income countries,   United Arab Emirates,61820,60011,32014,30806,29806,29205
  Middle-income countries,   Yemen,61192,57824,39718,34588,21474,23236
  Middle-income countries,   Belarus,1124077,1131614,483325,486728,640752,644886
  Middle-income countries,   Bulgaria,489445,678247,178160,214247,311285,464000
  Middle-income countries,   Czechia,20288,21773,9755,10614,10533,11159
  Middle-income countries,   Hungary,25970,26650,12372,12698,13598,13952
  Middle-income countries,   Poland,68451,72886,31399,34171,37052,38715
  Middle-income countries,   Republic of Moldova*,472271,477075,237776,239525,234495,237550
  Middle-income countries,   Romania,42976,51366,15979,18049,26997,33317
  Middle-income countries,   Russian Federation,7583761,7765626,3356019,3440641,4227742,4324985
  Middle-income countries,   Slovakia,7393,7513,3594,3648,3799,3865
  Middle-income countries,   Ukraine*,4077911,4096316,1900292,1909451,2177619,2186865
  Middle-income countries,   Channel Islands*,111,132,35,46,76,86
  Middle-income countries,   Denmark*,11306,13951,5986,7317,5320,6634
  Middle-income countries,   Estonia,75188,75431,34726,34859,40462,40572
  Middle-income countries,   Faroe Islands*,0,0,0,0,0,0
  Middle-income countries,   Finland*,9357,10440,4270,4739,5087,5701
  Middle-income countries,   Iceland,775,865,503,569,272,296
  Middle-income countries,   Ireland,15996,18745,7108,9352,8888,9393
  Middle-income countries,   Isle of Man*,5,20,3,14,2,6
  Middle-income countries,   Latvia,122696,123024,55984,56200,66712,66824
  Middle-income countries,   Lithuania,122295,122834,54277,54629,68018,68205
  Middle-income countries,   Norway*,24022,25995,12569,10195,11453,15800
  Middle-income countries,   Sweden,13959,17079,7283,8516,6676,8563
  Middle-income countries,   United Kingdom*,253785,282193,133744,139724,120041,142469
  Middle-income countries,   Albania,76339,78414,31816,32718,44523,45696
  Middle-income countries,   Andorra,13,14,13,14,0,0
  Middle-income countries,   Bosnia and Herzegovina,380440,388169,166024,169575,214416,218594
  Middle-income countries,   Croatia,317057,322190,142033,144525,175024,177665
  Middle-income countries,   Gibraltar*,85,98,55,65,30,33
  Middle-income countries,   Greece,118429,143812,54972,63283,63457,80529
  Middle-income countries,   Holy See*,1,0,1,0,0,0
  Middle-income countries,   Italy,344623,361259,178781,190537,165842,170722
  Middle-income countries,   Malta,651,837,277,407,374,430
  Middle-income countries,   Montenegro,85439,86559,37660,38168,47779,48391
  Middle-income countries,   North Macedonia,199938,259198,104514,132194,95424,127004
  Middle-income countries,   Portugal,244438,257350,127216,135309,117222,122041
  Middle-income countries,   San Marino,109,107,31,31,78,76
  Middle-income countries,   Serbia*,45370,45888,19952,20624,25418,25264
  Middle-income countries,   Slovenia,16554,16777,7158,7275,9396,9502
  Middle-income countries,   Spain*,300410,319936,151452,163381,148958,156555
  Middle-income countries,   Austria,39790,48385,19415,23240,20375,25145
  Middle-income countries,   Belgium,28952,36415,14760,18598,14192,17817
  Middle-income countries,   France*,190564,215290,101651,115126,88913,100164
  Middle-income countries,   Germany,561764,691619,250619,286600,311145,405019
  Middle-income countries,   Liechtenstein,103,103,74,74,29,29
  Middle-income countries,   Luxembourg,601,681,279,332,322,349
  Middle-income countries,   Monaco,566,630,314,355,252,275
  Middle-income countries,   Netherlands*,58127,71992,31104,36869,27023,35123
  Middle-income countries,   Switzerland,33909,40893,18301,21422,15608,19471
  Middle-income countries,   Anguilla*,135,132,94,97,41,35
  Middle-income countries,   Antigua and Barbuda,1563,1612,738,763,825,849
  Middle-income countries,   Aruba*,826,806,387,380,439,426
  Middle-income countries,   Bahamas,986,1008,491,506,495,502
  Middle-income countries,   Barbados,1931,1941,995,1003,936,938
  Middle-income countries,"   Bonaire, Sint Eustatius and Saba*",273,270,143,142,130,128
  Middle-income countries,   British Virgin Islands*,335,367,178,189,157,178
  Middle-income countries,   Cayman Islands*,111,111,65,65,46,46
  Middle-income countries,   Cuba,53847,71569,29061,39934,24786,31635
  Middle-income countries,   Curaçao*,1121,1093,538,524,583,569
  Middle-income countries,   Dominica,635,626,315,311,320,315
  Middle-income countries,   Dominican Republic,21576,22671,8187,8528,13389,14143
  Middle-income countries,   Grenada,1132,1133,538,547,594,586
  Middle-income countries,   Guadeloupe*,166,180,71,77,95,103
  Middle-income countries,   Haiti,480670,539607,313439,340687,167231,198920
  Middle-income countries,   Jamaica,2548,2669,1340,1441,1208,1228
  Middle-income countries,   Martinique*,507,494,296,293,211,201
  Middle-income countries,   Montserrat*,206,205,107,108,99,97
  Middle-income countries,   Puerto Rico*,7668,8166,4237,4562,3431,3604
  Middle-income countries,   Saint Barthélemy*,0,0,0,0,0,0
  Middle-income countries,   Saint Kitts and Nevis,448,455,237,248,211,207
  Middle-income countries,   Saint Lucia,1311,1342,622,640,689,702
  Middle-income countries,   Saint Martin (French part)*,0,0,0,0,0,0
  Middle-income countries,   Saint Vincent and the Grenadines,1426,1471,598,595,828,876
  Middle-income countries,   Sint Maarten (Dutch part)*,471,461,225,225,246,236
  Middle-income countries,   Trinidad and Tobago,10025,10073,4593,4524,5432,5549
  Middle-income countries,   Turks and Caicos Islands*,37,36,17,16,20,20
  Middle-income countries,   United States Virgin Islands*,958,912,819,775,139,137
  Middle-income countries,   Belize,4628,5061,2288,2523,2340,2538
  Middle-income countries,   Costa Rica,21853,23627,10972,11976,10881,11651
  Middle-income countries,   El Salvador,66704,80192,27673,34038,39031,46154
  Middle-income countries,   Guatemala,86876,95431,41433,45958,45443,49473
  Middle-income countries,   Honduras,61767,90123,28202,41024,33565,49099
  Middle-income countries,   Mexico,59425,68563,31241,36543,28184,32020
  Middle-income countries,   Nicaragua,323864,384308,153405,191156,170459,193152
  Middle-income countries,   Panama,21171,24608,10982,13201,10189,11407
  Middle-income countries,   Argentina,190475,218936,100410,116820,90065,102116
  Middle-income countries,   Bolivia (Plurinational State of),489528,509426,244957,256311,244571,253115
  Middle-income countries,   Brazil,258091,282868,135954,147098,122137,135770
  Middle-income countries,   Chile,287964,302616,138984,148388,148980,154228
  Middle-income countries,   Colombia,1241961,1209355,603268,592838,638693,616517
  Middle-income countries,   Ecuador,70878,78433,35519,39380,35359,39053
  Middle-income countries,   Falkland Islands (Malvinas)*,52,54,26,31,26,23
  Middle-income countries,   French Guiana*,1090,1176,586,648,504,528
  Middle-income countries,   Guyana,26679,27637,13524,14072,13155,13565
  Middle-income countries,   Paraguay,731114,742802,325994,334338,405120,408464
  Middle-income countries,   Peru,311649,317069,156403,160843,155246,156226
  Middle-income countries,   Suriname,3170,3329,1666,1761,1504,1568
  Middle-income countries,   Uruguay,175507,180597,84863,88365,90644,92232
  Middle-income countries,   Venezuela (Bolivarian Republic of),98884,3699495,47729,1827426,51155,1872069
  Middle-income countries,   Bermuda*,90,99,59,68,31,31
  Middle-income countries,   Canada,67129,75354,37601,43058,29528,32296
  Middle-income countries,   Greenland*,405,452,215,241,190,211
  Middle-income countries,   Saint Pierre and Miquelon*,65,67,39,41,26,26
  Middle-income countries,   United States of America*,1131533,1248987,582152,641996,549381,606991
  Middle-income countries,   Australia*,58722,63407,33761,36175,24961,27232
  Middle-income countries,   New Zealand*,14190,15219,7477,8271,6713,6948
  Middle-income countries,   Fiji,2914,2867,1448,1432,1466,1435
  Middle-income countries,   New Caledonia*,290,294,148,151,142,143
  Middle-income countries,   Papua New Guinea,794,785,424,424,370,361
  Middle-income countries,   Solomon Islands,1056,1069,599,610,457,459
  Middle-income countries,   Vanuatu,386,383,214,216,172,167
  Middle-income countries,   Guam*,1051,1114,475,506,576,608
  Middle-income countries,   Kiribati,1492,1509,823,834,669,675
  Middle-income countries,   Marshall Islands,93,92,52,52,41,40
  Middle-income countries,   Micronesia (Fed. States of),246,250,138,139,108,111
  Middle-income countries,   Nauru,1506,1620,754,808,752,812
  Middle-income countries,   Northern Mariana Islands*,150,152,85,90,65,62
  Middle-income countries,   Palau,338,346,177,184,161,162
  Middle-income countries,   American Samoa*,1445,1370,740,706,705,664
  Middle-income countries,   Cook Islands*,52,49,22,22,30,27
  Middle-income countries,   French Polynesia*,0,0,0,0,0,0
  Middle-income countries,   Niue*,28,28,18,21,10,7
  Middle-income countries,   Samoa,16368,16426,8204,8235,8164,8191
  Middle-income countries,   Tokelau*,111,104,54,52,57,52
  Middle-income countries,   Tonga,2761,2787,1470,1488,1291,1299
  Middle-income countries,   Tuvalu,1354,1373,666,682,688,691
  Middle-income countries,   Wallis and Futuna Islands*,12,11,5,5,7,6
 Upper-middle-income countries,WORLD,50991477,57383443,26585049,29870387,24406428,27513056
 Upper-middle-income countries,  Sub-Saharan Africa,2498650,2584922,1454530,1546192,1044120,1038730
 Upper-middle-income countries,  Northern Africa and Western Asia,11270731,12566666,6182262,6886038,5088469,5680628
 Upper-middle-income countries,  Central and Southern Asia,9764674,10017995,5112579,5260840,4652095,4757155
 Upper-middle-income countries,  Eastern and South-Eastern Asia,6761761,7135414,3735154,3965778,3026607,3169636
 Upper-middle-income countries,  Latin America and the Caribbean,4903830,8774782,2451956,4392545,2451874,4382237
 Upper-middle-income countries,  Oceania (excluding Australia and New Zealand),25533,25555,13015,13065,12518,12490
 Upper-middle-income countries,  Australia and New Zealand,49134,54425,26831,29774,22303,24651
 Upper-middle-income countries,  Europe and Northern America,13326418,14177798,6259153,6604882,7067265,7572916
 Upper-middle-income countries,  Developed regions,13505357,14374719,6358350,6715111,7147007,7659608
 Upper-middle-income countries,  Less developed regions,35095374,40962838,18877130,21984003,16218244,18978835
 Upper-middle-income countries," Less developed regions, excluding least developed countries",25772378,31198486,13705505,16542797,12066873,14655689
 Upper-middle-income countries," Less developed regions, excluding China",34523450,40341528,18535640,21611470,15987810,18730058
 Upper-middle-income countries,  Least developed countries,9322996,9764352,5171625,5441206,4151371,4323146
 Upper-middle-income countries,  Land-locked Developing Countries (LLDC),14406169,14739614,7387919,7571116,7018250,7168498
 Upper-middle-income countries,  Small island developing States (SIDS),805086,895819,484791,532490,320295,363329
 Upper-middle-income countries,  High-income countries,5120602,5656006,2599702,2866101,2520900,2789905
 Upper-middle-income countries,  Middle-income countries,33812153,38866884,17123871,19613525,16688282,19253359
 Upper-middle-income countries, Upper-middle-income countries,16219629,20596985,8043536,10106210,8176093,10490775
 Upper-middle-income countries, Lower-middle-income countries,17592524,18269899,9080335,9507315,8512189,8762584
 Upper-middle-income countries,  Low-income countries,9664597,10811121,5510314,6217736,4154283,4593385
 Upper-middle-income countries, AFRICA,2781112,2895521,1625413,1737907,1155699,1157614
 Upper-middle-income countries,  Eastern Africa,1526203,1564151,896947,947664,629256,616487
 Upper-middle-income countries,  Middle Africa,370648,383173,207804,221358,162844,161815
 Upper-middle-income countries,  Northern Africa,282462,310599,170883,191715,111579,118884
 Upper-middle-income countries,  Southern Africa,328854,347176,160557,170946,168297,176230
 Upper-middle-income countries,  Western Africa,272945,290422,189222,206224,83723,84198
 Upper-middle-income countries, ASIA,27514704,29409476,14859112,15920941,12655592,13488535
 Upper-middle-income countries,  Central Asia,5501211,5520986,2707689,2717844,2793522,2803142
 Upper-middle-income countries,  Eastern Asia,1035674,1120415,610728,664046,424946,456369
 Upper-middle-income countries,  South-Eastern Asia,5726087,6014999,3124426,3301732,2601661,2713267
 Upper-middle-income countries,  Southern Asia,4263463,4497009,2404890,2542996,1858573,1954013
 Upper-middle-income countries,  Western Asia,10988269,12256067,6011379,6694323,4976890,5561744
 Upper-middle-income countries, EUROPE,12309888,13039726,5734835,6006787,6575053,7032939
 Upper-middle-income countries,  Eastern Europe,8948087,9312943,4131678,4250517,4816409,5062426
 Upper-middle-income countries,  Northern Europe,497443,536174,237845,257111,259598,279063
 Upper-middle-income countries,  Southern Europe,2076338,2222654,993978,1067938,1082360,1154716
 Upper-middle-income countries,  Western Europe,788020,967955,371334,431221,416686,536734
 Upper-middle-income countries, LATIN AMERICA AND THE CARIBBEAN,4903830,8774782,2451956,4392545,2451874,4382237
 Upper-middle-income countries,  Caribbean,585155,663344,365224,403888,219931,259456
 Upper-middle-income countries,  Central America,549706,671416,259311,327666,290395,343750
 Upper-middle-income countries,  South America,3768969,7440022,1827421,3660991,1941548,3779031
 Upper-middle-income countries, NORTHERN AMERICA,1016530,1138072,524318,598095,492212,539977
 Upper-middle-income countries, OCEANIA ,74667,79980,39846,42839,34821,37141
 Upper-middle-income countries,  Australia and New Zealand,49134,54425,26831,29774,22303,24651
 Upper-middle-income countries,  Melanesia,2202,2191,1180,1189,1022,1002
 Upper-middle-income countries,  Micronesia,1613,1643,885,907,728,736
 Upper-middle-income countries,  Polynesia*,21718,21721,10950,10969,10768,10752
 Upper-middle-income countries,   Burundi,7507,8643,3402,4447,4105,4196
 Upper-middle-income countries,   Comoros,4571,4904,3911,4218,660,686
 Upper-middle-income countries,   Djibouti,1424,1521,1047,1127,377,394
 Upper-middle-income countries,   Eritrea,6134,7112,4119,4839,2015,2273
 Upper-middle-income countries,   Ethiopia,69431,47067,42342,33199,27089,13868
 Upper-middle-income countries,   Kenya,20462,23482,9242,11954,11220,11528
 Upper-middle-income countries,   Madagascar,1107,1212,547,635,560,577
 Upper-middle-income countries,   Malawi,94755,96023,64648,70502,30107,25521
 Upper-middle-income countries,   Mauritius*,9212,10651,4506,5821,4706,4830
 Upper-middle-income countries,   Mayotte*,0,0,0,0,0,0
 Upper-middle-income countries,   Mozambique,318110,353228,203662,235762,114448,117466
 Upper-middle-income countries,   Réunion*,346,401,12,60,334,341
 Upper-middle-income countries,   Rwanda,5510,6339,2219,2971,3291,3368
 Upper-middle-income countries,   Seychelles,792,908,323,428,469,480
 Upper-middle-income countries,   Somalia,187889,177850,118580,115479,69309,62371
 Upper-middle-income countries,   South Sudan,2350,2531,1693,1834,657,697
 Upper-middle-income countries,   Uganda,5982,6859,3409,4224,2573,2635
 Upper-middle-income countries,   United Republic of Tanzania*,12597,14434,7855,9545,4742,4889
 Upper-middle-income countries,   Zambia,27153,31022,13956,15857,13197,15165
 Upper-middle-income countries,   Zimbabwe,750871,769964,411474,424762,339397,345202
 Upper-middle-income countries,   Angola,88794,98992,48038,56389,40756,42603
 Upper-middle-income countries,   Cameroon,50372,55614,29735,32938,20637,22676
 Upper-middle-income countries,   Central African Republic,365,388,244,268,121,120
 Upper-middle-income countries,   Chad,5171,5643,3553,3881,1618,1762
 Upper-middle-income countries,   Congo,37558,42459,21308,25308,16250,17151
 Upper-middle-income countries,   Democratic Republic of the Congo,100654,83361,54298,46789,46356,36572
 Upper-middle-income countries,   Equatorial Guinea,79603,87583,46022,50581,33581,37002
 Upper-middle-income countries,   Gabon,625,727,361,440,264,287
 Upper-middle-income countries,   Sao Tome and Principe,7506,8406,4245,4764,3261,3642
 Upper-middle-income countries,   Algeria,7372,8206,4413,5000,2959,3206
 Upper-middle-income countries,   Egypt,207864,223984,123856,137024,84008,86960
 Upper-middle-income countries,   Libya,21993,27857,13802,17361,8191,10496
 Upper-middle-income countries,   Morocco,11746,12751,6433,7059,5313,5692
 Upper-middle-income countries,   Sudan,28412,32155,19114,21637,9298,10518
 Upper-middle-income countries,   Tunisia,5044,5617,3258,3627,1786,1990
 Upper-middle-income countries,   Western Sahara,31,29,7,7,24,22
 Upper-middle-income countries,   Botswana,44156,51216,26812,33493,17344,17723
 Upper-middle-income countries,   Eswatini,42877,46352,20979,22587,21898,23765
 Upper-middle-income countries,   Lesotho,182216,192416,82113,85347,100103,107069
 Upper-middle-income countries,   Namibia,41819,37849,20958,18936,20861,18913
 Upper-middle-income countries,   South Africa,17786,19343,9695,10583,8091,8760
 Upper-middle-income countries,   Benin,48183,53004,28363,31189,19820,21815
 Upper-middle-income countries,   Burkina Faso,6952,7595,4521,4950,2431,2645
 Upper-middle-income countries,   Cabo Verde,1475,1591,656,729,819,862
 Upper-middle-income countries,   Côte d'Ivoire,5477,6057,3867,4336,1610,1721
 Upper-middle-income countries,   Gambia,125,131,69,74,56,57
 Upper-middle-income countries,   Ghana,14166,18366,10732,14074,3434,4292
 Upper-middle-income countries,   Guinea,4958,5428,3845,4218,1113,1210
 Upper-middle-income countries,   Guinea-Bissau,1578,1693,1145,1242,433,451
 Upper-middle-income countries,   Liberia,826,954,297,413,529,541
 Upper-middle-income countries,   Mali,50915,56001,35727,39284,15188,16717
 Upper-middle-income countries,   Mauritania,612,652,477,508,135,144
 Upper-middle-income countries,   Niger,424,449,346,370,78,79
 Upper-middle-income countries,   Nigeria,77685,72272,54766,55276,22919,16996
 Upper-middle-income countries,   Saint Helena*,329,369,124,160,205,209
 Upper-middle-income countries,   Senegal,37286,41691,31483,35287,5803,6404
 Upper-middle-income countries,   Sierra Leone,917,1024,574,672,343,352
 Upper-middle-income countries,   Togo,21037,23145,12230,13442,8807,9703
 Upper-middle-income countries,   Kazakhstan,2663647,2663989,1227225,1227115,1436422,1436874
 Upper-middle-income countries,   Kyrgyzstan,608228,608929,295419,295719,312809,313210
 Upper-middle-income countries,   Tajikistan,490963,491618,288618,288999,202345,202619
 Upper-middle-income countries,   Turkmenistan,199801,200075,96075,96309,103726,103766
 Upper-middle-income countries,   Uzbekistan,1538572,1556375,800352,809702,738220,746673
 Upper-middle-income countries,   China*,356038,386057,208498,227446,147540,158611
 Upper-middle-income countries,"   China, Hong Kong SAR*",198492,216334,122980,134197,75512,82137
 Upper-middle-income countries,"   China, Macao SAR*",17394,18919,10012,10890,7382,8029
 Upper-middle-income countries,"   China, Taiwan Province of China*",0,0,0,0,0,0
 Upper-middle-income countries,   Dem. People's Republic of Korea,75348,78920,41811,43740,33537,35180
 Upper-middle-income countries,   Japan,129805,142496,72366,80455,57439,62041
 Upper-middle-income countries,   Mongolia,21621,21701,9692,9723,11929,11978
 Upper-middle-income countries,   Republic of Korea,236976,255988,145369,157595,91607,98393
 Upper-middle-income countries,   Brunei Darussalam,6867,7284,4160,4496,2707,2788
 Upper-middle-income countries,   Cambodia,681859,708469,320288,332364,361571,376105
 Upper-middle-income countries,   Indonesia,1234027,1311859,761550,822176,472477,489683
 Upper-middle-income countries,   Lao People's Democratic Republic,900151,941756,395766,413353,504385,528403
 Upper-middle-income countries,   Malaysia*,19258,20761,13067,14181,6191,6580
 Upper-middle-income countries,   Myanmar,2092334,2199867,1183768,1246853,908566,953014
 Upper-middle-income countries,   Philippines,184196,197798,85112,93426,99084,104372
 Upper-middle-income countries,   Singapore,112439,119131,61194,66143,51245,52988
 Upper-middle-income countries,   Thailand,53667,57205,29015,31269,24652,25936
 Upper-middle-income countries,   Timor-Leste,22583,23743,12906,13540,9677,10203
 Upper-middle-income countries,   Viet Nam,418706,427126,257600,263931,161106,163195
 Upper-middle-income countries,   Afghanistan,2726067,2838005,1489044,1538745,1237023,1299260
 Upper-middle-income countries,   Bangladesh,472552,500183,295101,322151,177451,178032
 Upper-middle-income countries,   Bhutan,33,35,23,25,10,10
 Upper-middle-income countries,   India,247454,258003,149911,159822,97543,98181
 Upper-middle-income countries,   Iran (Islamic Republic of),69882,116080,40609,62054,29273,54026
 Upper-middle-income countries,   Maldives,116,122,57,66,59,56
 Upper-middle-income countries,   Nepal,564492,598091,325256,352040,239236,246051
 Upper-middle-income countries,   Pakistan,141482,140624,84350,86027,57132,54597
 Upper-middle-income countries,   Sri Lanka,41385,45866,20539,22066,20846,23800
 Upper-middle-income countries,   Armenia,714766,709079,392445,389674,322321,319405
 Upper-middle-income countries,   Azerbaijan*,945520,953114,509894,513354,435626,439760
 Upper-middle-income countries,   Bahrain,1699,1892,1154,1304,545,588
 Upper-middle-income countries,   Cyprus*,17268,22769,7824,10063,9444,12706
 Upper-middle-income countries,   Georgia*,558150,558131,290151,289746,267999,268385
 Upper-middle-income countries,   Iraq,562118,675386,314565,282050,247553,393336
 Upper-middle-income countries,   Israel,20414,23744,11268,13391,9146,10353
 Upper-middle-income countries,   Jordan,46892,49570,31997,33718,14895,15852
 Upper-middle-income countries,   Kuwait,12659,13816,9720,10642,2939,3174
 Upper-middle-income countries,   Lebanon,45091,48460,27932,30142,17159,18318
 Upper-middle-income countries,   Oman,2482,2738,1739,1914,743,824
 Upper-middle-income countries,   Qatar,1671,1857,1278,1427,393,430
 Upper-middle-income countries,   Saudi Arabia,51099,56607,36416,40069,14683,16538
 Upper-middle-income countries,   State of Palestine*,2918297,3068599,1509602,1607087,1408695,1461512
 Upper-middle-income countries,   Syrian Arab Republic,4922859,5898677,2764538,3370059,2158321,2528618
 Upper-middle-income countries,   Turkey,115565,127530,65798,72186,49767,55344
 Upper-middle-income countries,   United Arab Emirates,4019,4517,2702,3045,1317,1472
 Upper-middle-income countries,   Yemen,47700,39581,32356,24452,15344,15129
 Upper-middle-income countries,   Belarus,839763,843599,364920,366769,474843,476830
 Upper-middle-income countries,   Bulgaria,487450,676203,176855,212914,310595,463289
 Upper-middle-income countries,   Czechia,19902,21316,9567,10401,10335,10915
 Upper-middle-income countries,   Hungary,25489,26111,12065,12364,13424,13747
 Upper-middle-income countries,   Poland,61395,65699,28396,31103,32999,34596
 Upper-middle-income countries,   Republic of Moldova*,319817,322169,167699,168308,152118,153861
 Upper-middle-income countries,   Romania,40314,48660,14716,16772,25598,31888
 Upper-middle-income countries,   Russian Federation,3263638,3398000,1539919,1604347,1723719,1793653
 Upper-middle-income countries,   Slovakia,7329,7429,3557,3604,3772,3825
 Upper-middle-income countries,   Ukraine*,3882990,3903757,1813984,1823935,2069006,2079822
 Upper-middle-income countries,   Channel Islands*,111,132,35,46,76,86
 Upper-middle-income countries,   Denmark*,10472,12972,5571,6837,4901,6135
 Upper-middle-income countries,   Estonia,64369,64451,29354,29402,35015,35049
 Upper-middle-income countries,   Faroe Islands*,0,0,0,0,0,0
 Upper-middle-income countries,   Finland*,8864,9857,4019,4456,4845,5401
 Upper-middle-income countries,   Iceland,719,808,460,523,259,285
 Upper-middle-income countries,   Ireland,15341,18025,6737,8947,8604,9078
 Upper-middle-income countries,   Isle of Man*,2,18,0,12,2,6
 Upper-middle-income countries,   Latvia,102297,102326,45830,45893,56467,56433
 Upper-middle-income countries,   Lithuania,95218,95422,40940,41115,54278,54307
 Upper-middle-income countries,   Norway*,8765,10926,4355,5327,4410,5599
 Upper-middle-income countries,   Sweden,12581,15505,6431,7557,6150,7948
 Upper-middle-income countries,   United Kingdom*,178704,205732,94113,106996,84591,98736
 Upper-middle-income countries,   Albania,76144,78172,31709,32583,44435,45589
 Upper-middle-income countries,   Andorra,13,14,13,14,0,0
 Upper-middle-income countries,   Bosnia and Herzegovina,380389,388098,165993,169534,214396,218564
 Upper-middle-income countries,   Croatia,316952,322047,141957,144420,174995,177627
 Upper-middle-income countries,   Gibraltar*,79,90,50,58,29,32
 Upper-middle-income countries,   Greece,116694,141587,54019,62161,62675,79426
 Upper-middle-income countries,   Holy See*,1,0,1,0,0,0
 Upper-middle-income countries,   Italy,323063,337462,167515,178153,155548,159309
 Upper-middle-income countries,   Malta,645,832,271,402,374,430
 Upper-middle-income countries,   Montenegro,85436,86557,37657,38166,47779,48391
 Upper-middle-income countries,   North Macedonia,199845,259064,104451,132108,95394,126956
 Upper-middle-income countries,   Portugal,234227,247679,121944,130340,112283,117339
 Upper-middle-income countries,   San Marino,109,107,31,31,78,76
 Upper-middle-income countries,   Serbia*,45348,45866,19936,20607,25412,25259
 Upper-middle-income countries,   Slovenia,16544,16768,7152,7269,9392,9499
 Upper-middle-income countries,   Spain*,280849,298311,141279,152092,139570,146219
 Upper-middle-income countries,   Austria,38673,47005,18829,22551,19844,24454
 Upper-middle-income countries,   Belgium,26111,33159,13301,16923,12810,16236
 Upper-middle-income countries,   France*,107626,125857,59199,68955,48427,56902
 Upper-middle-income countries,   Germany,527966,654471,233189,267547,294777,386924
 Upper-middle-income countries,   Liechtenstein,103,103,74,74,29,29
 Upper-middle-income countries,   Luxembourg,590,672,273,326,317,346
 Upper-middle-income countries,   Monaco,513,548,284,313,229,235
 Upper-middle-income countries,   Netherlands*,55798,69171,29805,35348,25993,33823
 Upper-middle-income countries,   Switzerland,30640,36969,16380,19184,14260,17785
 Upper-middle-income countries,   Anguilla*,135,132,94,97,41,35
 Upper-middle-income countries,   Antigua and Barbuda,1433,1474,674,694,759,780
 Upper-middle-income countries,   Aruba*,760,739,351,342,409,397
 Upper-middle-income countries,   Bahamas,892,908,445,458,447,450
 Upper-middle-income countries,   Barbados,1891,1901,975,983,916,918
 Upper-middle-income countries,"   Bonaire, Sint Eustatius and Saba*",252,249,133,131,119,118
 Upper-middle-income countries,   British Virgin Islands*,335,367,178,189,157,178
 Upper-middle-income countries,   Cayman Islands*,21,20,18,17,3,3
 Upper-middle-income countries,   Cuba,49745,67214,26866,37600,22879,29614
 Upper-middle-income countries,   Curaçao*,953,908,453,429,500,479
 Upper-middle-income countries,   Dominica,631,623,313,309,318,314
 Upper-middle-income countries,   Dominican Republic,21183,22263,7963,8293,13220,13970
 Upper-middle-income countries,   Grenada,1132,1133,538,547,594,586
 Upper-middle-income countries,   Guadeloupe*,166,180,71,77,95,103
 Upper-middle-income countries,   Haiti,480551,539489,313363,340609,167188,198880
 Upper-middle-income countries,   Jamaica,2483,2606,1292,1393,1191,1213
 Upper-middle-income countries,   Martinique*,507,494,296,293,211,201
 Upper-middle-income countries,   Montserrat*,206,205,107,108,99,97
 Upper-middle-income countries,   Puerto Rico*,7329,7820,4048,4366,3281,3454
 Upper-middle-income countries,   Saint Barthélemy*,0,0,0,0,0,0
 Upper-middle-income countries,   Saint Kitts and Nevis,448,455,237,248,211,207
 Upper-middle-income countries,   Saint Lucia,1311,1342,622,640,689,702
 Upper-middle-income countries,   Saint Martin (French part)*,0,0,0,0,0,0
 Upper-middle-income countries,   Saint Vincent and the Grenadines,1426,1471,598,595,828,876
 Upper-middle-income countries,   Sint Maarten (Dutch part)*,422,408,200,197,222,211
 Upper-middle-income countries,   Trinidad and Tobago,10019,10068,4590,4521,5429,5547
 Upper-middle-income countries,   Turks and Caicos Islands*,37,36,17,16,20,20
 Upper-middle-income countries,   United States Virgin Islands*,887,839,782,736,105,103
 Upper-middle-income countries,   Belize,2994,3314,1464,1640,1530,1674
 Upper-middle-income countries,   Costa Rica,9158,10376,4518,5241,4640,5135
 Upper-middle-income countries,   El Salvador,55142,68212,22113,28287,33029,39925
 Upper-middle-income countries,   Guatemala,71439,79640,33902,38247,37537,41393
 Upper-middle-income countries,   Honduras,37420,64878,17240,29679,20180,35199
 Upper-middle-income countries,   Mexico,45584,53510,24531,29254,21053,24256
 Upper-middle-income countries,   Nicaragua,308162,368286,145281,182865,162881,185421
 Upper-middle-income countries,   Panama,19807,23200,10262,12453,9545,10747
 Upper-middle-income countries,   Argentina,146722,170162,77986,91873,68736,78289
 Upper-middle-income countries,   Bolivia (Plurinational State of),489229,509122,244763,256111,244466,253011
 Upper-middle-income countries,   Brazil,215458,237495,113512,126641,101946,110854
 Upper-middle-income countries,   Chile,282458,296548,136113,145224,146345,151324
 Upper-middle-income countries,   Colombia,1236942,1203928,600408,589738,636534,614190
 Upper-middle-income countries,   Ecuador,68713,76111,34298,38071,34415,38040
 Upper-middle-income countries,   Falkland Islands (Malvinas)*,52,54,26,31,26,23
 Upper-middle-income countries,   French Guiana*,1088,1175,584,647,504,528
 Upper-middle-income countries,   Guyana,26673,27632,13520,14068,13153,13564
 Upper-middle-income countries,   Paraguay,726782,737984,323759,331855,403023,406129
 Upper-middle-income countries,   Peru,299405,303519,149334,153026,150071,150493
 Upper-middle-income countries,   Suriname,3045,3198,1604,1694,1441,1504
 Upper-middle-income countries,   Uruguay,174817,179851,84454,87923,90363,91928
 Upper-middle-income countries,   Venezuela (Bolivarian Republic of),97585,3693243,47060,1824089,50525,1869154
 Upper-middle-income countries,   Bermuda*,90,99,59,68,31,31
 Upper-middle-income countries,   Canada,51207,58771,29044,34175,22163,24596
 Upper-middle-income countries,   Greenland*,405,452,215,241,190,211
 Upper-middle-income countries,   Saint Pierre and Miquelon*,65,67,39,41,26,26
 Upper-middle-income countries,   United States of America*,964763,1078683,494961,563570,469802,515113
 Upper-middle-income countries,   Australia*,37907,42239,21265,23469,16642,18770
 Upper-middle-income countries,   New Zealand*,11227,12186,5566,6305,5661,5881
 Upper-middle-income countries,   Fiji,1167,1139,628,619,539,520
 Upper-middle-income countries,   New Caledonia*,0,0,0,0,0,0
 Upper-middle-income countries,   Papua New Guinea,101,105,44,51,57,54
 Upper-middle-income countries,   Solomon Islands,713,726,383,392,330,334
 Upper-middle-income countries,   Vanuatu,221,221,125,127,96,94
 Upper-middle-income countries,   Guam*,5,6,2,3,3,3
 Upper-middle-income countries,   Kiribati,1227,1251,673,687,554,564
 Upper-middle-income countries,   Marshall Islands,1,0,1,0,0,0
 Upper-middle-income countries,   Micronesia (Fed. States of),246,250,138,139,108,111
 Upper-middle-income countries,   Nauru,35,34,14,16,21,18
 Upper-middle-income countries,   Northern Mariana Islands*,75,77,43,47,32,30
 Upper-middle-income countries,   Palau,24,25,14,15,10,10
 Upper-middle-income countries,   American Samoa*,1422,1348,728,694,694,654
 Upper-middle-income countries,   Cook Islands*,52,49,22,22,30,27
 Upper-middle-income countries,   French Polynesia*,0,0,0,0,0,0
 Upper-middle-income countries,   Niue*,26,27,18,21,8,6
 Upper-middle-income countries,   Samoa,16347,16406,8194,8225,8153,8181
 Upper-middle-income countries,   Tokelau*,111,104,54,52,57,52
 Upper-middle-income countries,   Tonga,2686,2714,1428,1445,1258,1269
 Upper-middle-income countries,   Tuvalu,1062,1062,501,505,561,557
 Upper-middle-income countries,   Wallis and Futuna Islands*,12,11,5,5,7,6
 Lower-middle-income countries,WORLD,27605987,28512090,13618242,14141726,13987745,14370364
 Lower-middle-income countries,  Sub-Saharan Africa,7456151,7934590,3958247,4227389,3497904,3707201
 Lower-middle-income countries,  Northern Africa and Western Asia,1217553,1341574,647550,695125,570003,646449
 Lower-middle-income countries,  Central and Southern Asia,9263622,8737700,4539916,4311952,4723706,4425748
 Lower-middle-income countries,  Eastern and South-Eastern Asia,1517907,2186751,801075,1258130,716832,928621
 Lower-middle-income countries,  Latin America and the Caribbean,220412,240334,112454,119373,107958,120961
 Lower-middle-income countries,  Oceania (excluding Australia and New Zealand),6914,7074,3501,3592,3413,3482
 Lower-middle-income countries,  Australia and New Zealand,23778,24201,14407,14672,9371,9529
 Lower-middle-income countries,  Europe and Northern America,5479114,5553552,2364544,2377176,3114570,3176376
 Lower-middle-income countries,  Developed regions,5538790,5614936,2398852,2409345,3139938,3205591
 Lower-middle-income countries,  Less developed regions,19646661,20410840,10042842,10598064,9603819,9812776
 Lower-middle-income countries," Less developed regions, excluding least developed countries",7415507,7475467,3840061,3742683,3575446,3732784
 Lower-middle-income countries," Less developed regions, excluding China",19238194,20001669,9823802,10414893,9414392,9586776
 Lower-middle-income countries,  Least developed countries,12231154,12935373,6202781,6855381,6028373,6079992
 Lower-middle-income countries,  Land-locked Developing Countries (LLDC),7458932,7520773,3716579,3782393,3742353,3738380
 Lower-middle-income countries,  Small island developing States (SIDS),134292,136465,66729,59174,67563,77291
 Lower-middle-income countries,  High-income countries,933835,960967,482039,463304,451796,497663
 Lower-middle-income countries,  Middle-income countries,16390235,16943495,7866158,8249378,8524077,8694117
 Lower-middle-income countries, Upper-middle-income countries,6361044,6454064,2846019,2765689,3515025,3688375
 Lower-middle-income countries, Lower-middle-income countries,10029191,10489431,5020139,5483689,5009052,5005742
 Lower-middle-income countries,  Low-income countries,7675841,7926842,3995518,4192083,3680323,3734759
 Lower-middle-income countries, AFRICA,7786301,8302724,4134489,4421843,3651812,3880881
 Lower-middle-income countries,  Eastern Africa,1800673,1829091,912398,934274,888275,894817
 Lower-middle-income countries,  Middle Africa,916843,1047056,466036,542758,450807,504298
 Lower-middle-income countries,  Northern Africa,330150,368134,176242,194454,153908,173680
 Lower-middle-income countries,  Southern Africa,53492,57828,26730,29216,26762,28612
 Lower-middle-income countries,  Western Africa,4685143,5000615,2553083,2721141,2132060,2279474
 Lower-middle-income countries, ASIA,11668932,11897891,5812299,6070753,5856633,5827138
 Lower-middle-income countries,  Central Asia,582665,590550,274972,278839,307693,311711
 Lower-middle-income countries,  Eastern Asia,466949,470266,250765,213241,216184,257025
 Lower-middle-income countries,  South-Eastern Asia,1050958,1716485,550310,1044889,500648,671596
 Lower-middle-income countries,  Southern Asia,8680957,8147150,4264944,4033113,4416013,4114037
 Lower-middle-income countries,  Western Asia,887403,973440,471308,500671,416095,472769
 Lower-middle-income countries, EUROPE,5296422,5366665,2268796,2289867,3027626,3076798
 Lower-middle-income countries,  Eastern Europe,4964456,5016123,2096993,2119255,2867463,2896868
 Lower-middle-income countries,  Northern Europe,152052,154535,78643,69049,73409,85486
 Lower-middle-income countries,  Southern Europe,53558,57954,27977,30168,25581,27786
 Lower-middle-income countries,  Western Europe,126356,138053,65183,71395,61173,66658
 Lower-middle-income countries, LATIN AMERICA AND THE CARIBBEAN,220412,240334,112454,119373,107958,120961
 Lower-middle-income countries,  Caribbean,5757,6066,3107,3292,2650,2774
 Lower-middle-income countries,  Central America,96582,100497,46885,48753,49697,51744
 Lower-middle-income countries,  South America,118073,133771,62462,67328,55611,66443
 Lower-middle-income countries, NORTHERN AMERICA,182692,186887,95748,87309,86944,99578
 Lower-middle-income countries, OCEANIA ,30692,31275,17908,18264,12784,13011
 Lower-middle-income countries,  Australia and New Zealand,23778,24201,14407,14672,9371,9529
 Lower-middle-income countries,  Melanesia,3238,3207,1653,1644,1585,1563
 Lower-middle-income countries,  Micronesia,3263,3440,1619,1706,1644,1734
 Lower-middle-income countries,  Polynesia*,413,427,229,242,184,185
 Lower-middle-income countries,   Burundi,188919,244735,94558,124931,94361,119804
 Lower-middle-income countries,   Comoros,1181,1446,853,1075,328,371
 Lower-middle-income countries,   Djibouti,239,371,157,228,82,143
 Lower-middle-income countries,   Eritrea,5963,20083,2975,8853,2988,11230
 Lower-middle-income countries,   Ethiopia,55640,61095,28769,30307,26871,30788
 Lower-middle-income countries,   Kenya,36235,32963,15987,14456,20248,18507
 Lower-middle-income countries,   Madagascar,9683,9649,4567,4560,5116,5089
 Lower-middle-income countries,   Malawi,121595,128168,67830,72040,53765,56128
 Lower-middle-income countries,   Mauritius*,563,516,241,216,322,300
 Lower-middle-income countries,   Mayotte*,0,0,0,0,0,0
 Lower-middle-income countries,   Mozambique,145121,148548,81166,83815,63955,64733
 Lower-middle-income countries,   Réunion*,850,845,455,453,395,392
 Lower-middle-income countries,   Rwanda,40827,42595,22124,23157,18703,19438
 Lower-middle-income countries,   Seychelles,412,375,280,246,132,129
 Lower-middle-income countries,   Somalia,603845,555110,313602,290664,290243,264446
 Lower-middle-income countries,   South Sudan,101527,140566,51250,71383,50277,69183
 Lower-middle-income countries,   Uganda,387793,341182,176967,156417,210826,184765
 Lower-middle-income countries,   United Republic of Tanzania*,45060,41866,22233,20880,22827,20986
 Lower-middle-income countries,   Zambia,41070,41241,22093,22456,18977,18785
 Lower-middle-income countries,   Zimbabwe,14150,17737,6291,8137,7859,9600
 Lower-middle-income countries,   Angola,73867,77439,37797,39710,36070,37729
 Lower-middle-income countries,   Cameroon,40739,66520,22783,36754,17956,29766
 Lower-middle-income countries,   Central African Republic,304786,336337,153738,169417,151048,166920
 Lower-middle-income countries,   Chad,74989,72941,41721,40696,33268,32245
 Lower-middle-income countries,   Congo,42725,44055,21359,22185,21366,21870
 Lower-middle-income countries,   Democratic Republic of the Congo,361952,430817,180315,225004,181637,205813
 Lower-middle-income countries,   Equatorial Guinea,5085,5610,2355,2580,2730,3030
 Lower-middle-income countries,   Gabon,4547,4676,2254,2303,2293,2373
 Lower-middle-income countries,   Sao Tome and Principe,8153,8661,3714,4109,4439,4552
 Lower-middle-income countries,   Algeria,30604,33195,15202,16688,15402,16507
 Lower-middle-income countries,   Egypt,24900,25610,13704,14323,11196,11287
 Lower-middle-income countries,   Libya,22346,25189,12345,13833,10001,11356
 Lower-middle-income countries,   Morocco,12706,13644,6731,7098,5975,6546
 Lower-middle-income countries,   Sudan,50272,71651,28447,37741,21825,33910
 Lower-middle-income countries,   Tunisia,4657,5241,2301,2592,2356,2649
 Lower-middle-income countries,   Western Sahara,184665,193604,97512,102179,87153,91425
 Lower-middle-income countries,   Botswana,4866,5357,2652,2920,2214,2437
 Lower-middle-income countries,   Eswatini,139,144,83,87,56,57
 Lower-middle-income countries,   Lesotho,370,355,97,90,273,265
 Lower-middle-income countries,   Namibia,2282,2569,1143,1274,1139,1295
 Lower-middle-income countries,   South Africa,45835,49403,22755,24845,23080,24558
 Lower-middle-income countries,   Benin,458943,489748,251023,266667,207920,223081
 Lower-middle-income countries,   Burkina Faso,1396527,1456765,779712,813251,616815,643514
 Lower-middle-income countries,   Cabo Verde,10646,11089,5170,5593,5476,5496
 Lower-middle-income countries,   Côte d'Ivoire,107472,126158,55049,65619,52423,60539
 Lower-middle-income countries,   Gambia,14219,14979,7087,7474,7132,7505
 Lower-middle-income countries,   Ghana,347573,368990,172203,182443,175370,186547
 Lower-middle-income countries,   Guinea,231629,249623,128167,140148,103462,109475
 Lower-middle-income countries,   Guinea-Bissau,36276,37711,16895,17549,19381,20162
 Lower-middle-income countries,   Liberia,82834,90580,41534,45491,41300,45089
 Lower-middle-income countries,   Mali,857087,898574,481864,504769,375223,393805
 Lower-middle-income countries,   Mauritania,62984,64687,37382,38392,25602,26295
 Lower-middle-income countries,   Niger,269464,288316,162964,173810,106500,114506
 Lower-middle-income countries,   Nigeria,331830,387180,165464,191868,166366,195312
 Lower-middle-income countries,   Saint Helena*,0,0,0,0,0,0
 Lower-middle-income countries,   Senegal,67632,71343,45802,48260,21830,23083
 Lower-middle-income countries,   Sierra Leone,22302,23486,11039,11604,11263,11882
 Lower-middle-income countries,   Togo,387725,421386,191728,208203,195997,213183
 Lower-middle-income countries,   Kazakhstan,253665,256918,113454,114967,140211,141951
 Lower-middle-income countries,   Kyrgyzstan,31669,32097,14542,14756,17127,17341
 Lower-middle-income countries,   Tajikistan,43154,43541,21780,21997,21374,21544
 Lower-middle-income countries,   Turkmenistan,24397,24755,11487,11661,12910,13094
 Lower-middle-income countries,   Uzbekistan,229780,233239,113709,115458,116071,117781
 Lower-middle-income countries,   China*,408063,408746,218823,182939,189240,225807
 Lower-middle-income countries,"   China, Hong Kong SAR*",404,425,217,232,187,193
 Lower-middle-income countries,"   China, Macao SAR*",0,0,0,0,0,0
 Lower-middle-income countries,"   China, Taiwan Province of China*",0,0,0,0,0,0
 Lower-middle-income countries,   Dem. People's Republic of Korea,9847,10331,5032,5302,4815,5029
 Lower-middle-income countries,   Japan,35898,37183,19901,17497,15997,19686
 Lower-middle-income countries,   Mongolia,81,82,36,40,45,42
 Lower-middle-income countries,   Republic of Korea,12656,13499,6756,7231,5900,6268
 Lower-middle-income countries,   Brunei Darussalam,25285,23683,15491,14344,9794,9339
 Lower-middle-income countries,   Cambodia,24099,24009,13021,8525,11078,15484
 Lower-middle-income countries,   Indonesia,187268,185929,101671,66560,85597,119369
 Lower-middle-income countries,   Lao People's Democratic Republic,95659,94363,51872,31207,43787,63156
 Lower-middle-income countries,   Malaysia*,223011,219250,118601,70523,104410,148727
 Lower-middle-income countries,   Myanmar,315469,982246,150692,761751,164777,220495
 Lower-middle-income countries,   Philippines,3335,3757,2096,2224,1239,1533
 Lower-middle-income countries,   Singapore,21325,20812,10464,8027,10861,12785
 Lower-middle-income countries,   Thailand,57638,60952,32550,32120,25088,28832
 Lower-middle-income countries,   Timor-Leste,149,156,69,74,80,82
 Lower-middle-income countries,   Viet Nam,97720,101328,53783,49534,43937,51794
 Lower-middle-income countries,   Afghanistan,1733590,1620910,823175,818022,910415,802888
 Lower-middle-income countries,   Bangladesh,2670927,2499334,1355755,1247732,1315172,1251602
 Lower-middle-income countries,   Bhutan,39063,37173,19844,18701,19219,18472
 Lower-middle-income countries,   India,2302331,2176256,1211763,1173135,1090568,1003121
 Lower-middle-income countries,   Iran (Islamic Republic of),7651,7474,4532,4492,3119,2982
 Lower-middle-income countries,   Maldives,2333,2300,1026,1011,1307,1289
 Lower-middle-income countries,   Nepal,827048,775693,290125,255373,536923,520320
 Lower-middle-income countries,   Pakistan,899249,841981,461287,425039,437962,416942
 Lower-middle-income countries,   Sri Lanka,198765,186029,97437,89608,101328,96421
 Lower-middle-income countries,   Armenia,55801,56544,31813,32245,23988,24299
 Lower-middle-income countries,   Azerbaijan*,108098,109188,59460,60112,48638,49076
 Lower-middle-income countries,   Bahrain,38839,38397,20529,13447,18310,24950
 Lower-middle-income countries,   Cyprus*,309,339,162,178,147,161
 Lower-middle-income countries,   Georgia*,68279,69255,36890,37428,31389,31827
 Lower-middle-income countries,   Iraq,23494,31156,11764,14353,11730,16803
 Lower-middle-income countries,   Israel,68534,68934,29342,29523,39192,39411
 Lower-middle-income countries,   Jordan,69882,71357,29744,30256,40138,41101
 Lower-middle-income countries,   Kuwait,36131,37538,18338,19594,17793,17944
 Lower-middle-income countries,   Lebanon,12808,14360,7456,8101,5352,6259
 Lower-middle-income countries,   Oman,12753,13292,6096,6663,6657,6629
 Lower-middle-income countries,   Qatar,10000,10138,4916,5002,5084,5136
 Lower-middle-income countries,   Saudi Arabia,52395,55506,27340,29499,25055,26007
 Lower-middle-income countries,   State of Palestine*,129221,169546,78570,97675,50651,71871
 Lower-middle-income countries,   Syrian Arab Republic,124664,148802,69074,75264,55590,73538
 Lower-middle-income countries,   Turkey,4902,5351,3140,3434,1762,1917
 Lower-middle-income countries,   United Arab Emirates,57801,55494,29312,27761,28489,27733
 Lower-middle-income countries,   Yemen,13492,18243,7362,10136,6130,8107
 Lower-middle-income countries,   Belarus,284314,288015,118405,119959,165909,168056
 Lower-middle-income countries,   Bulgaria,1995,2044,1305,1333,690,711
 Lower-middle-income countries,   Czechia,386,457,188,213,198,244
 Lower-middle-income countries,   Hungary,481,539,307,334,174,205
 Lower-middle-income countries,   Poland,7056,7187,3003,3068,4053,4119
 Lower-middle-income countries,   Republic of Moldova*,152454,154906,70077,71217,82377,83689
 Lower-middle-income countries,   Romania,2662,2706,1263,1277,1399,1429
 Lower-middle-income countries,   Russian Federation,4320123,4367626,1816100,1836294,2504023,2531332
 Lower-middle-income countries,   Slovakia,64,84,37,44,27,40
 Lower-middle-income countries,   Ukraine*,194921,192559,86308,85516,108613,107043
 Lower-middle-income countries,   Channel Islands*,0,0,0,0,0,0
 Lower-middle-income countries,   Denmark*,834,979,415,480,419,499
 Lower-middle-income countries,   Estonia,10819,10980,5372,5457,5447,5523
 Lower-middle-income countries,   Faroe Islands*,0,0,0,0,0,0
 Lower-middle-income countries,   Finland*,493,583,251,283,242,300
 Lower-middle-income countries,   Iceland,56,57,43,46,13,11
 Lower-middle-income countries,   Ireland,655,720,371,405,284,315
 Lower-middle-income countries,   Isle of Man*,3,2,3,2,0,0
 Lower-middle-income countries,   Latvia,20399,20698,10154,10307,10245,10391
 Lower-middle-income countries,   Lithuania,27077,27412,13337,13514,13740,13898
 Lower-middle-income countries,   Norway*,15257,15069,8214,4868,7043,10201
 Lower-middle-income countries,   Sweden,1378,1574,852,959,526,615
 Lower-middle-income countries,   United Kingdom*,75081,76461,39631,32728,35450,43733
 Lower-middle-income countries,   Albania,195,242,107,135,88,107
 Lower-middle-income countries,   Andorra,0,0,0,0,0,0
 Lower-middle-income countries,   Bosnia and Herzegovina,51,71,31,41,20,30
 Lower-middle-income countries,   Croatia,105,143,76,105,29,38
 Lower-middle-income countries,   Gibraltar*,6,8,5,7,1,1
 Lower-middle-income countries,   Greece,1735,2225,953,1122,782,1103
 Lower-middle-income countries,   Holy See*,0,0,0,0,0,0
 Lower-middle-income countries,   Italy,21560,23797,11266,12384,10294,11413
 Lower-middle-income countries,   Malta,6,5,6,5,0,0
 Lower-middle-income countries,   Montenegro,3,2,3,2,0,0
 Lower-middle-income countries,   North Macedonia,93,134,63,86,30,48
 Lower-middle-income countries,   Portugal,10211,9671,5272,4969,4939,4702
 Lower-middle-income countries,   San Marino,0,0,0,0,0,0
 Lower-middle-income countries,   Serbia*,22,22,16,17,6,5
 Lower-middle-income countries,   Slovenia,10,9,6,6,4,3
 Lower-middle-income countries,   Spain*,19561,21625,10173,11289,9388,10336
 Lower-middle-income countries,   Austria,1117,1380,586,689,531,691
 Lower-middle-income countries,   Belgium,2841,3256,1459,1675,1382,1581
 Lower-middle-income countries,   France*,82938,89433,42452,46171,40486,43262
 Lower-middle-income countries,   Germany,33798,37148,17430,19053,16368,18095
 Lower-middle-income countries,   Liechtenstein,0,0,0,0,0,0
 Lower-middle-income countries,   Luxembourg,11,9,6,6,5,3
 Lower-middle-income countries,   Monaco,53,82,30,42,23,40
 Lower-middle-income countries,   Netherlands*,2329,2821,1299,1521,1030,1300
 Lower-middle-income countries,   Switzerland,3269,3924,1921,2238,1348,1686
 Lower-middle-income countries,   Anguilla*,0,0,0,0,0,0
 Lower-middle-income countries,   Antigua and Barbuda,130,138,64,69,66,69
 Lower-middle-income countries,   Aruba*,66,67,36,38,30,29
 Lower-middle-income countries,   Bahamas,94,100,46,48,48,52
 Lower-middle-income countries,   Barbados,40,40,20,20,20,20
 Lower-middle-income countries,"   Bonaire, Sint Eustatius and Saba*",21,21,10,11,11,10
 Lower-middle-income countries,   British Virgin Islands*,0,0,0,0,0,0
 Lower-middle-income countries,   Cayman Islands*,90,91,47,48,43,43
 Lower-middle-income countries,   Cuba,4102,4355,2195,2334,1907,2021
 Lower-middle-income countries,   Curaçao*,168,185,85,95,83,90
 Lower-middle-income countries,   Dominica,4,3,2,2,2,1
 Lower-middle-income countries,   Dominican Republic,393,408,224,235,169,173
 Lower-middle-income countries,   Grenada,0,0,0,0,0,0
 Lower-middle-income countries,   Guadeloupe*,0,0,0,0,0,0
 Lower-middle-income countries,   Haiti,119,118,76,78,43,40
 Lower-middle-income countries,   Jamaica,65,63,48,48,17,15
 Lower-middle-income countries,   Martinique*,0,0,0,0,0,0
 Lower-middle-income countries,   Montserrat*,0,0,0,0,0,0
 Lower-middle-income countries,   Puerto Rico*,339,346,189,196,150,150
 Lower-middle-income countries,   Saint Barthélemy*,0,0,0,0,0,0
 Lower-middle-income countries,   Saint Kitts and Nevis,0,0,0,0,0,0
 Lower-middle-income countries,   Saint Lucia,0,0,0,0,0,0
 Lower-middle-income countries,   Saint Martin (French part)*,0,0,0,0,0,0
 Lower-middle-income countries,   Saint Vincent and the Grenadines,0,0,0,0,0,0
 Lower-middle-income countries,   Sint Maarten (Dutch part)*,49,53,25,28,24,25
 Lower-middle-income countries,   Trinidad and Tobago,6,5,3,3,3,2
 Lower-middle-income countries,   Turks and Caicos Islands*,0,0,0,0,0,0
 Lower-middle-income countries,   United States Virgin Islands*,71,73,37,39,34,34
 Lower-middle-income countries,   Belize,1634,1747,824,883,810,864
 Lower-middle-income countries,   Costa Rica,12695,13251,6454,6735,6241,6516
 Lower-middle-income countries,   El Salvador,11562,11980,5560,5751,6002,6229
 Lower-middle-income countries,   Guatemala,15437,15791,7531,7711,7906,8080
 Lower-middle-income countries,   Honduras,24347,25245,10962,11345,13385,13900
 Lower-middle-income countries,   Mexico,13841,15053,6710,7289,7131,7764
 Lower-middle-income countries,   Nicaragua,15702,16022,8124,8291,7578,7731
 Lower-middle-income countries,   Panama,1364,1408,720,748,644,660
 Lower-middle-income countries,   Argentina,43753,48774,22424,24947,21329,23827
 Lower-middle-income countries,   Bolivia (Plurinational State of),299,304,194,200,105,104
 Lower-middle-income countries,   Brazil,42633,45373,22442,20457,20191,24916
 Lower-middle-income countries,   Chile,5506,6068,2871,3164,2635,2904
 Lower-middle-income countries,   Colombia,5019,5427,2860,3100,2159,2327
 Lower-middle-income countries,   Ecuador,2165,2322,1221,1309,944,1013
 Lower-middle-income countries,   Falkland Islands (Malvinas)*,0,0,0,0,0,0
 Lower-middle-income countries,   French Guiana*,2,1,2,1,0,0
 Lower-middle-income countries,   Guyana,6,5,4,4,2,1
 Lower-middle-income countries,   Paraguay,4332,4818,2235,2483,2097,2335
 Lower-middle-income countries,   Peru,12244,13550,7069,7817,5175,5733
 Lower-middle-income countries,   Suriname,125,131,62,67,63,64
 Lower-middle-income countries,   Uruguay,690,746,409,442,281,304
 Lower-middle-income countries,   Venezuela (Bolivarian Republic of),1299,6252,669,3337,630,2915
 Lower-middle-income countries,   Bermuda*,0,0,0,0,0,0
 Lower-middle-income countries,   Canada,15922,16583,8557,8883,7365,7700
 Lower-middle-income countries,   Greenland*,0,0,0,0,0,0
 Lower-middle-income countries,   Saint Pierre and Miquelon*,0,0,0,0,0,0
 Lower-middle-income countries,   United States of America*,166770,170304,87191,78426,79579,91878
 Lower-middle-income countries,   Australia*,20815,21168,12496,12706,8319,8462
 Lower-middle-income countries,   New Zealand*,2963,3033,1911,1966,1052,1067
 Lower-middle-income countries,   Fiji,1747,1728,820,813,927,915
 Lower-middle-income countries,   New Caledonia*,290,294,148,151,142,143
 Lower-middle-income countries,   Papua New Guinea,693,680,380,373,313,307
 Lower-middle-income countries,   Solomon Islands,343,343,216,218,127,125
 Lower-middle-income countries,   Vanuatu,165,162,89,89,76,73
 Lower-middle-income countries,   Guam*,1046,1108,473,503,573,605
 Lower-middle-income countries,   Kiribati,265,258,150,147,115,111
 Lower-middle-income countries,   Marshall Islands,92,92,51,52,41,40
 Lower-middle-income countries,   Micronesia (Fed. States of),0,0,0,0,0,0
 Lower-middle-income countries,   Nauru,1471,1586,740,792,731,794
 Lower-middle-income countries,   Northern Mariana Islands*,75,75,42,43,33,32
 Lower-middle-income countries,   Palau,314,321,163,169,151,152
 Lower-middle-income countries,   American Samoa*,23,22,12,12,11,10
 Lower-middle-income countries,   Cook Islands*,0,0,0,0,0,0
 Lower-middle-income countries,   French Polynesia*,0,0,0,0,0,0
 Lower-middle-income countries,   Niue*,2,1,0,0,2,1
 Lower-middle-income countries,   Samoa,21,20,10,10,11,10
 Lower-middle-income countries,   Tokelau*,0,0,0,0,0,0
 Lower-middle-income countries,   Tonga,75,73,42,43,33,30
 Lower-middle-income countries,   Tuvalu,292,311,165,177,127,134
 Lower-middle-income countries,   Wallis and Futuna Islands*,0,0,0,0,0,0
  Low-income countries,WORLD,10321749,12232043,5146388,6046398,5175361,6185645
  Low-income countries,  Sub-Saharan Africa,7125962,9137863,3577965,4544815,3547997,4593048
  Low-income countries,  Northern Africa and Western Asia,1886829,2011300,930812,975577,956017,1035723
  Low-income countries,  Central and Southern Asia,339900,163247,173939,81163,165961,82084
  Low-income countries,  Eastern and South-Eastern Asia,54775,57379,28025,29281,26750,28098
  Low-income countries,  Latin America and the Caribbean,27722,28692,14770,15263,12952,13429
  Low-income countries,  Oceania (excluding Australia and New Zealand),1807,1871,985,1023,822,848
  Low-income countries,  Australia and New Zealand,333,329,175,176,158,153
  Low-income countries,  Europe and Northern America,294854,298517,132335,134476,162519,164041
  Low-income countries,  Developed regions,296472,300233,133205,135402,163267,164831
  Low-income countries,  Less developed regions,9435710,11398965,4725801,5646372,4709909,5752593
  Low-income countries," Less developed regions, excluding least developed countries",2605964,2589406,1296924,1272051,1309040,1317355
  Low-income countries," Less developed regions, excluding China",9398667,11360073,4706106,5625780,4692561,5734293
  Low-income countries,  Least developed countries,6829746,8809559,3428877,4374321,3400869,4435238
  Low-income countries,  Land-locked Developing Countries (LLDC),3045534,4701100,1534452,2326468,1511082,2374632
  Low-income countries,  Small island developing States (SIDS),70390,74737,35923,38290,34467,36447
  Low-income countries,  High-income countries,96854,102128,51453,54445,45401,47683
  Low-income countries,  Middle-income countries,3453305,3474543,1697557,1690601,1755748,1783942
  Low-income countries, Upper-middle-income countries,564849,579030,268859,274080,295990,304950
  Low-income countries, Lower-middle-income countries,2888456,2895513,1428698,1416521,1459758,1478992
  Low-income countries,  Low-income countries,6181088,8121431,3109575,4036233,3071513,4085198
  Low-income countries, AFRICA,8209844,10306328,4099803,5100559,4110041,5205769
  Low-income countries,  Eastern Africa,3552492,5091593,1788404,2530944,1764088,2560649
  Low-income countries,  Middle Africa,1588517,1886844,796582,937508,791935,949336
  Low-income countries,  Northern Africa,1083882,1168465,521838,555744,562044,612721
  Low-income countries,  Southern Africa,35940,36229,17193,17564,18747,18665
  Low-income countries,  Western Africa,1949013,2123197,975786,1058799,973227,1064398
  Low-income countries, ASIA,1197622,1063461,610938,530277,586684,533184
  Low-income countries,  Central Asia,37739,26987,17763,13114,19976,13873
  Low-income countries,  Eastern Asia,47555,49836,25092,26198,22463,23638
  Low-income countries,  South-Eastern Asia,7220,7543,2933,3083,4287,4460
  Low-income countries,  Southern Asia,302161,136260,156176,68049,145985,68211
  Low-income countries,  Western Asia,802947,842835,408974,419833,393973,423002
  Low-income countries, EUROPE,286096,289706,127403,129456,158693,160250
  Low-income countries,  Eastern Europe,237936,238823,100536,101036,137400,137787
  Low-income countries,  Northern Europe,4154,3709,2242,2039,1912,1670
  Low-income countries,  Southern Europe,12833,13376,7791,8160,5042,5216
  Low-income countries,  Western Europe,31173,33798,16834,18221,14339,15577
  Low-income countries, LATIN AMERICA AND THE CARIBBEAN,27722,28692,14770,15263,12952,13429
  Low-income countries,  Caribbean,14158,14616,7565,7778,6593,6838
  Low-income countries,  Central America,970,968,469,471,501,497
  Low-income countries,  South America,12594,13108,6736,7014,5858,6094
  Low-income countries, NORTHERN AMERICA,8758,8811,4932,5020,3826,3791
  Low-income countries, OCEANIA ,2140,2200,1160,1199,980,1001
  Low-income countries,  Australia and New Zealand,333,329,175,176,158,153
  Low-income countries,  Melanesia,31,25,22,21,9,4
  Low-income countries,  Micronesia,39,29,24,22,15,7
  Low-income countries,  Polynesia*,1737,1817,939,980,798,837
  Low-income countries,   Burundi,231133,260442,114683,128188,116450,132254
  Low-income countries,   Comoros,11906,13049,6814,7465,5092,5584
  Low-income countries,   Djibouti,3720,3455,1901,1718,1819,1737
  Low-income countries,   Eritrea,380097,432110,193743,215986,186354,216124
  Low-income countries,   Ethiopia,95528,124199,48303,63068,47225,61131
  Low-income countries,   Kenya,79961,78433,38039,37482,41922,40951
  Low-income countries,   Madagascar,10,8,5,5,5,3
  Low-income countries,   Malawi,60414,63336,29889,31649,30525,31687
  Low-income countries,   Mauritius*,15,13,11,11,4,2
  Low-income countries,   Mayotte*,0,0,0,0,0,0
  Low-income countries,   Mozambique,48370,41138,24836,21331,23534,19807
  Low-income countries,   Réunion*,0,0,0,0,0,0
  Low-income countries,   Rwanda,419268,401659,205507,196101,213761,205558
  Low-income countries,   Seychelles,16126,16941,7254,7714,8872,9227
  Low-income countries,   Somalia,757103,733572,390317,386596,366786,346976
  Low-income countries,   South Sudan,923708,2394975,470520,1174949,453188,1220026
  Low-income countries,   Uganda,247798,253333,128319,129738,119479,123595
  Low-income countries,   United Republic of Tanzania*,109460,112425,52992,54737,56468,57688
  Low-income countries,   Zambia,42844,37620,17615,15759,25229,21861
  Low-income countries,   Zimbabwe,125031,124885,57656,58447,67375,66438
  Low-income countries,   Angola,221163,218337,111887,109143,109276,109194
  Low-income countries,   Cameroon,33790,39139,15586,17808,18204,21331
  Low-income countries,   Central African Republic,360641,457275,184427,229019,176214,228256
  Low-income countries,   Chad,92175,122231,47809,62248,44366,59983
  Low-income countries,   Congo,19345,20917,7905,8703,11440,12214
  Low-income countries,   Democratic Republic of the Congo,836517,1002235,415526,496226,420991,506009
  Low-income countries,   Equatorial Guinea,11605,11322,6701,6546,4904,4776
  Low-income countries,   Gabon,13134,15241,6666,7738,6468,7503
  Low-income countries,   Sao Tome and Principe,147,147,75,77,72,70
  Low-income countries,   Algeria,8106,8034,4943,4914,3163,3120
  Low-income countries,   Egypt,26953,32491,14352,17498,12601,14993
  Low-income countries,   Libya,4288,5320,2279,2803,2009,2517
  Low-income countries,   Morocco,1110,1228,520,567,590,661
  Low-income countries,   Sudan,1042892,1120882,499447,529676,543445,591206
  Low-income countries,   Tunisia,533,510,297,286,236,224
  Low-income countries,   Western Sahara,0,0,0,0,0,0
  Low-income countries,   Botswana,50,46,30,28,20,18
  Low-income countries,   Eswatini,5,3,4,3,1,0
  Low-income countries,   Lesotho,7497,7871,3241,3446,4256,4425
  Low-income countries,   Namibia,3,1,2,1,1,0
  Low-income countries,   South Africa,28385,28308,13916,14086,14469,14222
  Low-income countries,   Benin,95819,101928,44223,46682,51596,55246
  Low-income countries,   Burkina Faso,86896,101506,47499,55346,39397,46160
  Low-income countries,   Cabo Verde,7160,7380,3595,3784,3565,3596
  Low-income countries,   Côte d'Ivoire,759030,792536,372692,388288,386338,404248
  Low-income countries,   Gambia,5597,5036,3008,2715,2589,2321
  Low-income countries,   Ghana,95380,97748,39878,40705,55502,57043
  Low-income countries,   Guinea,156257,157190,86104,86875,70153,70315
  Low-income countries,   Guinea-Bissau,18251,19764,9174,9913,9077,9851
  Low-income countries,   Liberia,16835,14948,8950,8131,7885,6817
  Low-income countries,   Mali,205778,212449,102479,104634,103299,107815
  Low-income countries,   Mauritania,18751,29591,11369,17431,7382,12160
  Low-income countries,   Niger,93473,96967,51546,53689,41927,43278
  Low-income countries,   Nigeria,172010,246074,89099,123650,82911,122424
  Low-income countries,   Saint Helena*,0,0,0,0,0,0
  Low-income countries,   Senegal,159285,175364,79190,87368,80095,87996
  Low-income countries,   Sierra Leone,28573,30964,15587,16981,12986,13983
  Low-income countries,   Togo,29918,33752,11393,12607,18525,21145
  Low-income countries,   Kazakhstan,2669,2986,1452,1636,1217,1350
  Low-income countries,   Kyrgyzstan,11301,11351,5767,5780,5534,5571
  Low-income countries,   Tajikistan,15032,4422,6365,1735,8667,2687
  Low-income countries,   Turkmenistan,446,446,217,218,229,228
  Low-income countries,   Uzbekistan,8291,7782,3962,3745,4329,4037
  Low-income countries,   China*,36879,38726,19585,20480,17294,18246
  Low-income countries,"   China, Hong Kong SAR*",164,166,110,112,54,54
  Low-income countries,"   China, Macao SAR*",0,0,0,0,0,0
  Low-income countries,"   China, Taiwan Province of China*",0,0,0,0,0,0
  Low-income countries,   Dem. People's Republic of Korea,3285,3529,1702,1809,1583,1720
  Low-income countries,   Japan,1285,1387,695,750,590,637
  Low-income countries,   Mongolia,0,0,0,0,0,0
  Low-income countries,   Republic of Korea,5942,6028,3000,3047,2942,2981
  Low-income countries,   Brunei Darussalam,23,21,12,12,11,9
  Low-income countries,   Cambodia,9,7,5,5,4,2
  Low-income countries,   Indonesia,1414,1444,365,372,1049,1072
  Low-income countries,   Lao People's Democratic Republic,0,0,0,0,0,0
  Low-income countries,   Malaysia*,197,198,103,104,94,94
  Low-income countries,   Myanmar,2,0,2,0,0,0
  Low-income countries,   Philippines,2928,2991,1135,1159,1793,1832
  Low-income countries,   Singapore,815,955,446,524,369,431
  Low-income countries,   Thailand,1061,1144,440,474,621,670
  Low-income countries,   Timor-Leste,0,0,0,0,0,0
  Low-income countries,   Viet Nam,771,783,425,433,346,350
  Low-income countries,   Afghanistan,14356,14130,6700,6584,7656,7546
  Low-income countries,   Bangladesh,279,270,79,77,200,193
  Low-income countries,   Bhutan,3,1,2,1,1,0
  Low-income countries,   India,15033,15192,9055,8970,5978,6222
  Low-income countries,   Iran (Islamic Republic of),1204,1206,634,637,570,569
  Low-income countries,   Maldives,0,0,0,0,0,0
  Low-income countries,   Nepal,25,22,19,18,6,4
  Low-income countries,   Pakistan,271106,105285,139635,51711,131471,53574
  Low-income countries,   Sri Lanka,155,154,52,51,103,103
  Low-income countries,   Armenia,203,200,84,83,119,117
  Low-income countries,   Azerbaijan*,174,171,69,68,105,103
  Low-income countries,   Bahrain,3,1,2,1,1,0
  Low-income countries,   Cyprus*,7,6,3,3,4,3
  Low-income countries,   Georgia*,664,664,341,342,323,322
  Low-income countries,   Iraq,205067,213050,104663,106570,100404,106480
  Low-income countries,   Israel,1341,1568,718,842,623,726
  Low-income countries,   Jordan,2,0,2,0,0,0
  Low-income countries,   Kuwait,0,0,0,0,0,0
  Low-income countries,   Lebanon,1772,1505,1216,1035,556,470
  Low-income countries,   Oman,36,34,18,18,18,16
  Low-income countries,   Qatar,0,0,0,0,0,0
  Low-income countries,   Saudi Arabia,1479,1726,652,762,827,964
  Low-income countries,   State of Palestine*,577193,600183,293461,297388,283732,302795
  Low-income countries,   Syrian Arab Republic,3951,4019,2057,2304,1894,1715
  Low-income countries,   Turkey,818,815,441,442,377,373
  Low-income countries,   United Arab Emirates,3030,3555,1580,1857,1450,1698
  Low-income countries,   Yemen,7207,15338,3667,8118,3540,7220
  Low-income countries,   Belarus,680,680,277,277,403,403
  Low-income countries,   Bulgaria,3,1,2,1,1,0
  Low-income countries,   Czechia,0,0,0,0,0,0
  Low-income countries,   Hungary,8,7,0,0,8,7
  Low-income countries,   Poland,38,35,19,19,19,16
  Low-income countries,   Republic of Moldova*,790,789,286,286,504,503
  Low-income countries,   Romania,5,3,4,3,1,0
  Low-income countries,   Russian Federation,235194,236089,99205,99704,135989,136385
  Low-income countries,   Slovakia,0,0,0,0,0,0
  Low-income countries,   Ukraine*,1218,1219,743,746,475,473
  Low-income countries,   Channel Islands*,0,0,0,0,0,0
  Low-income countries,   Denmark*,352,336,191,187,161,149
  Low-income countries,   Estonia,0,0,0,0,0,0
  Low-income countries,   Faroe Islands*,0,0,0,0,0,0
  Low-income countries,   Finland*,6,4,4,4,2,0
  Low-income countries,   Iceland,0,0,0,0,0,0
  Low-income countries,   Ireland,10,10,4,5,6,5
  Low-income countries,   Isle of Man*,0,0,0,0,0,0
  Low-income countries,   Latvia,23,20,12,11,11,9
  Low-income countries,   Lithuania,0,0,0,0,0,0
  Low-income countries,   Norway*,9,6,9,6,0,0
  Low-income countries,   Sweden,298,235,149,123,149,112
  Low-income countries,   United Kingdom*,3456,3098,1873,1703,1583,1395
  Low-income countries,   Albania,1275,1491,573,673,702,818
  Low-income countries,   Andorra,1033,1208,544,639,489,569
  Low-income countries,   Bosnia and Herzegovina,2,0,2,0,0,0
  Low-income countries,   Croatia,994,1159,632,739,362,420
  Low-income countries,   Gibraltar*,0,0,0,0,0,0
  Low-income countries,   Greece,35,32,16,15,19,17
  Low-income countries,   Holy See*,0,0,0,0,0,0
  Low-income countries,   Italy,1724,1738,1265,1278,459,460
  Low-income countries,   Malta,0,0,0,0,0,0
  Low-income countries,   Montenegro,0,0,0,0,0,0
  Low-income countries,   North Macedonia,0,0,0,0,0,0
  Low-income countries,   Portugal,5168,5162,3190,3245,1978,1917
  Low-income countries,   San Marino,0,0,0,0,0,0
  Low-income countries,   Serbia*,2,0,1,0,1,0
  Low-income countries,   Slovenia,71,69,41,40,30,29
  Low-income countries,   Spain*,2529,2517,1527,1531,1002,986
  Low-income countries,   Austria,243,247,178,186,65,61
  Low-income countries,   Belgium,748,854,377,430,371,424
  Low-income countries,   France*,27533,30108,14829,16163,12704,13945
  Low-income countries,   Germany,1663,1628,913,907,750,721
  Low-income countries,   Liechtenstein,4,2,1,1,3,1
  Low-income countries,   Luxembourg,0,0,0,0,0,0
  Low-income countries,   Monaco,0,0,0,0,0,0
  Low-income countries,   Netherlands*,380,347,184,172,196,175
  Low-income countries,   Switzerland,602,612,352,362,250,250
  Low-income countries,   Anguilla*,0,0,0,0,0,0
  Low-income countries,   Antigua and Barbuda,4452,4276,2545,2453,1907,1823
  Low-income countries,   Aruba*,0,0,0,0,0,0
  Low-income countries,   Bahamas,13,11,6,6,7,5
  Low-income countries,   Barbados,11,9,10,9,1,0
  Low-income countries,"   Bonaire, Sint Eustatius and Saba*",0,0,0,0,0,0
  Low-income countries,   British Virgin Islands*,500,585,211,247,289,338
  Low-income countries,   Cayman Islands*,0,0,0,0,0,0
  Low-income countries,   Cuba,2935,2914,1714,1704,1221,1210
  Low-income countries,   Curaçao*,0,0,0,0,0,0
  Low-income countries,   Dominica,13,11,4,4,9,7
  Low-income countries,   Dominican Republic,2274,2377,1273,1332,1001,1045
  Low-income countries,   Grenada,369,431,159,187,210,244
  Low-income countries,   Guadeloupe*,935,1096,421,495,514,601
  Low-income countries,   Haiti,25,22,13,12,12,10
  Low-income countries,   Jamaica,0,0,0,0,0,0
  Low-income countries,   Martinique*,0,0,0,0,0,0
  Low-income countries,   Montserrat*,0,0,0,0,0,0
  Low-income countries,   Puerto Rico*,1459,1526,665,696,794,830
  Low-income countries,   Saint Barthélemy*,0,0,0,0,0,0
  Low-income countries,   Saint Kitts and Nevis,0,0,0,0,0,0
  Low-income countries,   Saint Lucia,0,0,0,0,0,0
  Low-income countries,   Saint Martin (French part)*,0,0,0,0,0,0
  Low-income countries,   Saint Vincent and the Grenadines,30,27,19,18,11,9
  Low-income countries,   Sint Maarten (Dutch part)*,0,0,0,0,0,0
  Low-income countries,   Trinidad and Tobago,0,0,0,0,0,0
  Low-income countries,   Turks and Caicos Islands*,659,771,290,340,369,431
  Low-income countries,   United States Virgin Islands*,483,560,235,275,248,285
  Low-income countries,   Belize,2,0,2,0,0,0
  Low-income countries,   Costa Rica,374,379,172,175,202,204
  Low-income countries,   El Salvador,4,2,2,2,2,0
  Low-income countries,   Guatemala,0,0,0,0,0,0
  Low-income countries,   Honduras,298,285,166,161,132,124
  Low-income countries,   Mexico,287,299,124,130,163,169
  Low-income countries,   Nicaragua,5,3,3,3,2,0
  Low-income countries,   Panama,0,0,0,0,0,0
  Low-income countries,   Argentina,549,561,316,325,233,236
  Low-income countries,   Bolivia (Plurinational State of),5,3,2,2,3,1
  Low-income countries,   Brazil,2794,2853,1407,1439,1387,1414
  Low-income countries,   Chile,1851,2127,1039,1195,812,932
  Low-income countries,   Colombia,3403,3334,1915,1880,1488,1454
  Low-income countries,   Ecuador,2,0,2,0,0,0
  Low-income countries,   Falkland Islands (Malvinas)*,0,0,0,0,0,0
  Low-income countries,   French Guiana*,0,0,0,0,0,0
  Low-income countries,   Guyana,0,0,0,0,0,0
  Low-income countries,   Paraguay,0,0,0,0,0,0
  Low-income countries,   Peru,852,878,460,477,392,401
  Low-income countries,   Suriname,0,0,0,0,0,0
  Low-income countries,   Uruguay,769,864,343,389,426,475
  Low-income countries,   Venezuela (Bolivarian Republic of),2369,2488,1252,1307,1117,1181
  Low-income countries,   Bermuda*,0,0,0,0,0,0
  Low-income countries,   Canada,1622,1605,855,853,767,752
  Low-income countries,   Greenland*,0,0,0,0,0,0
  Low-income countries,   Saint Pierre and Miquelon*,0,0,0,0,0,0
  Low-income countries,   United States of America*,7136,7206,4077,4167,3059,3039
  Low-income countries,   Australia*,222,222,121,124,101,98
  Low-income countries,   New Zealand*,111,107,54,52,57,55
  Low-income countries,   Fiji,3,1,2,1,1,0
  Low-income countries,   New Caledonia*,0,0,0,0,0,0
  Low-income countries,   Papua New Guinea,16,14,12,12,4,2
  Low-income countries,   Solomon Islands,12,10,8,8,4,2
  Low-income countries,   Vanuatu,0,0,0,0,0,0
  Low-income countries,   Guam*,0,0,0,0,0,0
  Low-income countries,   Kiribati,3,1,3,1,0,0
  Low-income countries,   Marshall Islands,6,4,3,3,3,1
  Low-income countries,   Micronesia (Fed. States of),3,1,1,1,2,0
  Low-income countries,   Nauru,18,16,12,12,6,4
  Low-income countries,   Northern Mariana Islands*,0,0,0,0,0,0
  Low-income countries,   Palau,9,7,5,5,4,2
  Low-income countries,   American Samoa*,395,462,185,218,210,244
  Low-income countries,   Cook Islands*,0,0,0,0,0,0
  Low-income countries,   French Polynesia*,341,398,170,200,171,198
  Low-income countries,   Niue*,0,0,0,0,0,0
  Low-income countries,   Samoa,28,25,17,16,11,9
  Low-income countries,   Tokelau*,0,0,0,0,0,0
  Low-income countries,   Tonga,972,932,566,546,406,386
  Low-income countries,   Tuvalu,1,0,1,0,0,0
  Low-income countries,   Wallis and Futuna Islands*,0,0,0,0,0,0
 AFRICA,WORLD,22860792,25389464,12139998,13439073,10720794,11950391
 AFRICA,  Sub-Saharan Africa,16787448,19378341,8834217,10150697,7953231,9227644
 AFRICA,  Northern Africa and Western Asia,2240066,2497202,1246149,1369420,993917,1127782
 AFRICA,  Central and Southern Asia,159557,147995,101477,98501,58080,49494
 AFRICA,  Eastern and South-Eastern Asia,91679,101658,60100,67470,31579,34188
 AFRICA,  Latin America and the Caribbean,29928,32524,15144,17141,14784,15383
 AFRICA,  Oceania (excluding Australia and New Zealand),1978,2068,1084,1148,894,920
 AFRICA,  Australia and New Zealand,10543,12415,5346,6524,5197,5891
 AFRICA,  Europe and Northern America,628931,702018,330371,375583,298560,326435
 AFRICA,  Developed regions,644194,720067,338192,385163,306002,334904
 AFRICA,  Less developed regions,19305936,22154154,10255696,11701321,9050240,10452833
 AFRICA," Less developed regions, excluding least developed countries",4899633,5357102,2665452,2921739,2234181,2435363
 AFRICA," Less developed regions, excluding China",19271250,22117420,10233536,11677555,9037714,10439865
 AFRICA,  Least developed countries,14406303,16797052,7590244,8779582,6816059,8017470
 AFRICA,  Land-locked Developing Countries (LLDC),8085621,10005973,4295934,5246662,3789687,4759311
 AFRICA,  Small island developing States (SIDS),223797,257984,110888,128762,112909,129222
 AFRICA,  High-income countries,741633,826988,402641,457206,338992,369782
 AFRICA,  Middle-income countries,6385904,6901516,3428932,3719159,2956972,3182357
 AFRICA, Upper-middle-income countries,592323,649240,344801,381317,247522,267923
 AFRICA, Lower-middle-income countries,5793581,6252276,3084131,3337842,2709450,2914434
 AFRICA,  Low-income countries,12629038,14942739,6660651,7803517,5968387,7139222
 AFRICA, AFRICA,18200172,20917565,9538053,10908187,8662119,10009378
 AFRICA,  Eastern Africa,6615807,8244689,3461377,4272054,3154430,3972635
 AFRICA,  Middle Africa,2862569,3300476,1462300,1691175,1400269,1609301
 AFRICA,  Northern Africa,1412724,1539224,703836,757490,708888,781734
 AFRICA,  Southern Africa,414354,436677,202098,214974,212256,221703
 AFRICA,  Western Africa,6894718,7396499,3708442,3972494,3186276,3424005
 AFRICA, ASIA,1078578,1207631,703890,777901,374688,429730
 AFRICA,  Central Asia,4322,6700,3021,4384,1301,2316
 AFRICA,  Eastern Asia,46494,50202,28444,31158,18050,19044
 AFRICA,  South-Eastern Asia,45185,51456,31656,36312,13529,15144
 AFRICA,  Southern Asia,155235,141295,98456,94117,56779,47178
 AFRICA,  Western Asia,827342,957978,542313,611930,285029,346048
 AFRICA, EUROPE,581876,648455,303662,344926,278214,303529
 AFRICA,  Eastern Europe,48816,57245,24453,29967,24363,27278
 AFRICA,  Northern Europe,119871,132141,60059,67461,59812,64680
 AFRICA,  Southern Europe,99855,112620,53449,62886,46406,49734
 AFRICA,  Western Europe,313334,346449,165701,184612,147633,161837
 AFRICA, LATIN AMERICA AND THE CARIBBEAN,29928,32524,15144,17141,14784,15383
 AFRICA,  Caribbean,13089,13714,6745,7160,6344,6554
 AFRICA,  Central America,1880,2089,1065,1208,815,881
 AFRICA,  South America,14959,16721,7334,8773,7625,7948
 AFRICA, NORTHERN AMERICA,47055,53563,26709,30657,20346,22906
 AFRICA, OCEANIA ,12521,14483,6430,7672,6091,6811
 AFRICA,  Australia and New Zealand,10543,12415,5346,6524,5197,5891
 AFRICA,  Melanesia,136,146,75,90,61,56
 AFRICA,  Micronesia,85,82,55,60,30,22
 AFRICA,  Polynesia*,1757,1840,954,998,803,842
 AFRICA,   Burundi,427385,513643,212501,257419,214884,256224
 AFRICA,   Comoros,83010,108259,41831,53886,41179,54373
 AFRICA,   Djibouti,5380,5345,3102,3071,2278,2274
 AFRICA,   Eritrea,389397,456445,199036,227768,190361,228677
 AFRICA,   Ethiopia,204136,215523,109824,116043,94312,99480
 AFRICA,   Kenya,127963,126637,59080,59976,68883,66661
 AFRICA,   Madagascar,36347,39224,17549,18943,18798,20281
 AFRICA,   Malawi,276715,287480,162338,174161,114377,113319
 AFRICA,   Mauritius*,14964,16571,7367,8765,7597,7806
 AFRICA,   Mayotte*,6507,6740,3173,3287,3334,3453
 AFRICA,   Mozambique,509720,540892,308820,339976,200900,200916
 AFRICA,   Réunion*,1196,1246,467,513,729,733
 AFRICA,   Rwanda,465535,450526,229804,222183,235731,228343
 AFRICA,   Seychelles,17394,18286,7855,8385,9539,9901
 AFRICA,   Somalia,1265451,1176861,672827,625634,592624,551227
 AFRICA,   South Sudan,1026464,2536886,522749,1247380,503715,1289506
 AFRICA,   Uganda,592982,555911,292408,275652,300574,280259
 AFRICA,   United Republic of Tanzania*,166530,168046,82649,84646,83881,83400
 AFRICA,   Zambia,108950,107870,52728,53186,56222,54684
 AFRICA,   Zimbabwe,889781,912298,475269,491180,414512,421118
 AFRICA,   Angola,375334,385631,193262,200346,182072,185285
 AFRICA,   Cameroon,124260,160605,67642,87013,56618,73592
 AFRICA,   Central African Republic,665482,793681,338208,398493,327274,395188
 AFRICA,   Chad,172154,200633,92933,106673,79221,93960
 AFRICA,   Congo,98357,106110,49489,55069,48868,51041
 AFRICA,   Democratic Republic of the Congo,1296862,1511735,648510,764589,648352,747146
 AFRICA,   Equatorial Guinea,96124,104343,54995,59620,41129,44723
 AFRICA,   Gabon,18259,20597,9242,10440,9017,10157
 AFRICA,   Sao Tome and Principe,15737,17141,8019,8932,7718,8209
 AFRICA,   Algeria,42693,45551,22517,24234,20176,21317
 AFRICA,   Egypt,48621,56615,29597,34400,19024,22215
 AFRICA,   Libya,26744,30647,14722,16759,12022,13888
 AFRICA,   Morocco,18716,20334,9550,10385,9166,9949
 AFRICA,   Sudan,1084073,1184472,525857,564988,558216,619484
 AFRICA,   Tunisia,7212,8001,4081,4545,3131,3456
 AFRICA,   Western Sahara,184665,193604,97512,102179,87153,91425
 AFRICA,   Botswana,49021,56567,29472,36416,19549,20151
 AFRICA,   Eswatini,42943,46394,21041,22647,21902,23747
 AFRICA,   Lesotho,190083,200642,85451,88883,104632,111759
 AFRICA,   Namibia,43919,40229,21981,20083,21938,20146
 AFRICA,   South Africa,88388,92845,44153,46945,44235,45900
 AFRICA,   Benin,602793,644527,323504,344429,279289,300098
 AFRICA,   Burkina Faso,1489878,1565368,831515,873328,658363,692040
 AFRICA,   Cabo Verde,17546,18189,8589,9188,8957,9001
 AFRICA,   Côte d'Ivoire,871419,924157,431203,457808,440216,466349
 AFRICA,   Gambia,19900,20103,10133,10229,9767,9874
 AFRICA,   Ghana,456386,481917,222235,234919,234151,246998
 AFRICA,   Guinea,393506,412945,218523,231673,174983,181272
 AFRICA,   Guinea-Bissau,55872,58889,26842,28281,29030,30608
 AFRICA,   Liberia,100445,106430,50752,54005,49693,52425
 AFRICA,   Mali,1114066,1167331,620239,648869,493827,518462
 AFRICA,   Mauritania,82631,95223,49450,56564,33181,38659
 AFRICA,   Niger,363291,385666,214799,227812,148492,157854
 AFRICA,   Nigeria,575972,698218,305405,365616,270567,332602
 AFRICA,   Saint Helena*,232,269,76,110,156,159
 AFRICA,   Senegal,260336,283537,152651,166177,107685,117360
 AFRICA,   Sierra Leone,51781,55464,27189,29247,24592,26217
 AFRICA,   Togo,438664,478266,215337,234239,223327,244027
 AFRICA,   Kazakhstan,2767,3213,1781,2047,986,1166
 AFRICA,   Kyrgyzstan,77,103,46,68,31,35
 AFRICA,   Tajikistan,761,852,594,666,167,186
 AFRICA,   Turkmenistan,268,298,210,235,58,63
 AFRICA,   Uzbekistan,449,2234,390,1368,59,866
 AFRICA,   China*,32989,34769,21344,22699,11645,12070
 AFRICA,"   China, Hong Kong SAR*",1697,1965,816,1067,881,898
 AFRICA,"   China, Macao SAR*",0,0,0,0,0,0
 AFRICA,"   China, Taiwan Province of China*",0,0,0,0,0,0
 AFRICA,   Dem. People's Republic of Korea,3581,3902,1871,2032,1710,1870
 AFRICA,   Japan,4720,5634,2475,3056,2245,2578
 AFRICA,   Mongolia,10,14,9,13,1,1
 AFRICA,   Republic of Korea,3497,3918,1929,2291,1568,1627
 AFRICA,   Brunei Darussalam,66,92,31,40,35,52
 AFRICA,   Cambodia,9,7,5,5,4,2
 AFRICA,   Indonesia,17727,19959,14122,15939,3605,4020
 AFRICA,   Lao People's Democratic Republic,30,34,18,22,12,12
 AFRICA,   Malaysia*,11542,13305,8465,9734,3077,3571
 AFRICA,   Myanmar,233,269,83,116,150,153
 AFRICA,   Philippines,7630,8617,3945,4513,3685,4104
 AFRICA,   Singapore,2519,2908,1421,1707,1098,1201
 AFRICA,   Thailand,5250,6063,3492,4139,1758,1924
 AFRICA,   Timor-Leste,8,7,5,5,3,2
 AFRICA,   Viet Nam,171,195,69,92,102,103
 AFRICA,   Afghanistan,1068,1259,781,933,287,326
 AFRICA,   Bangladesh,33080,25941,21564,19103,11516,6838
 AFRICA,   Bhutan,3,1,2,1,1,0
 AFRICA,   India,88636,86577,55149,54682,33487,31895
 AFRICA,   Iran (Islamic Republic of),1266,1466,744,908,522,558
 AFRICA,   Maldives,115,132,78,94,37,38
 AFRICA,   Nepal,330,349,253,274,77,75
 AFRICA,   Pakistan,26533,21016,17841,15822,8692,5194
 AFRICA,   Sri Lanka,4204,4554,2044,2300,2160,2254
 AFRICA,   Armenia,428,501,280,309,148,192
 AFRICA,   Azerbaijan*,26,34,26,34,0,0
 AFRICA,   Bahrain,1444,1683,986,1129,458,554
 AFRICA,   Cyprus*,5161,6010,2502,3281,2659,2729
 AFRICA,   Georgia*,0,0,0,0,0,0
 AFRICA,   Iraq,90814,103419,57693,64155,33121,39264
 AFRICA,   Israel,6599,7837,3440,4406,3159,3431
 AFRICA,   Jordan,25905,29343,17670,19763,8235,9580
 AFRICA,   Kuwait,13940,15846,10616,11928,3324,3918
 AFRICA,   Lebanon,24013,26421,14633,15957,9380,10464
 AFRICA,   Oman,2069,2385,1609,1830,460,555
 AFRICA,   Qatar,1667,1909,1266,1429,401,480
 AFRICA,   Saudi Arabia,48181,54234,34760,38894,13421,15340
 AFRICA,   State of Palestine*,412739,473383,281086,318295,131653,155088
 AFRICA,   Syrian Arab Republic,142886,183773,82531,100892,60355,82881
 AFRICA,   Turkey,4350,5121,3114,3701,1236,1420
 AFRICA,   United Arab Emirates,6509,7522,3933,4530,2576,2992
 AFRICA,   Yemen,40611,38557,26168,21397,14443,17160
 AFRICA,   Belarus,1186,1376,662,769,524,607
 AFRICA,   Bulgaria,4158,4837,2061,2681,2097,2156
 AFRICA,   Czechia,2272,2680,1156,1493,1116,1187
 AFRICA,   Hungary,431,500,225,257,206,243
 AFRICA,   Poland,11365,13230,5466,7113,5899,6117
 AFRICA,   Republic of Moldova*,43,62,38,56,5,6
 AFRICA,   Romania,2463,2860,1134,1442,1329,1418
 AFRICA,   Russian Federation,21206,25144,10951,12659,10255,12485
 AFRICA,   Slovakia,477,568,333,408,144,160
 AFRICA,   Ukraine*,5215,5988,2427,3089,2788,2899
 AFRICA,   Channel Islands*,0,0,0,0,0,0
 AFRICA,   Denmark*,4240,4835,2300,2796,1940,2039
 AFRICA,   Estonia,166,197,131,158,35,39
 AFRICA,   Faroe Islands*,0,0,0,0,0,0
 AFRICA,   Finland*,1743,1999,796,967,947,1032
 AFRICA,   Iceland,30,34,25,29,5,5
 AFRICA,   Ireland,13326,15423,5618,7521,7708,7902
 AFRICA,   Isle of Man*,0,0,0,0,0,0
 AFRICA,   Latvia,457,523,299,364,158,159
 AFRICA,   Lithuania,416,482,169,230,247,252
 AFRICA,   Norway*,2002,2277,927,1150,1075,1127
 AFRICA,   Sweden,2028,2215,1222,1356,806,859
 AFRICA,   United Kingdom*,95463,104156,48572,52890,46891,51266
 AFRICA,   Albania,1820,2125,898,1064,922,1061
 AFRICA,   Andorra,1033,1208,544,639,489,569
 AFRICA,   Bosnia and Herzegovina,580,655,333,391,247,264
 AFRICA,   Croatia,2098,2466,1206,1497,892,969
 AFRICA,   Gibraltar*,61,71,48,58,13,13
 AFRICA,   Greece,13026,15206,7003,8717,6023,6489
 AFRICA,   Holy See*,0,0,0,0,0,0
 AFRICA,   Italy,42280,48648,22830,27746,19450,20902
 AFRICA,   Malta,352,408,103,154,249,254
 AFRICA,   Montenegro,0,0,0,0,0,0
 AFRICA,   North Macedonia,201,262,146,188,55,74
 AFRICA,   Portugal,24572,26034,13118,13878,11454,12156
 AFRICA,   San Marino,0,0,0,0,0,0
 AFRICA,   Serbia*,4025,4670,1941,2543,2084,2127
 AFRICA,   Slovenia,71,69,41,40,30,29
 AFRICA,   Spain*,9736,10798,5238,5971,4498,4827
 AFRICA,   Austria,7352,8561,3979,4959,3373,3602
 AFRICA,   Belgium,12272,14148,6361,7901,5911,6247
 AFRICA,   France*,233144,253064,124629,135892,108515,117172
 AFRICA,   Germany,42667,49559,21548,24946,21119,24613
 AFRICA,   Liechtenstein,4,2,1,1,3,1
 AFRICA,   Luxembourg,71,76,26,31,45,45
 AFRICA,   Monaco,354,404,240,270,114,134
 AFRICA,   Netherlands*,12746,14982,6539,7643,6207,7339
 AFRICA,   Switzerland,4724,5653,2378,2969,2346,2684
 AFRICA,   Anguilla*,0,0,0,0,0,0
 AFRICA,   Antigua and Barbuda,4922,4781,2737,2660,2185,2121
 AFRICA,   Aruba*,0,0,0,0,0,0
 AFRICA,   Bahamas,71,75,21,21,50,54
 AFRICA,   Barbados,40,42,27,30,13,12
 AFRICA,"   Bonaire, Sint Eustatius and Saba*",0,0,0,0,0,0
 AFRICA,   British Virgin Islands*,521,609,227,266,294,343
 AFRICA,   Cayman Islands*,0,0,0,0,0,0
 AFRICA,   Cuba,4721,4947,2463,2684,2258,2263
 AFRICA,   Curaçao*,0,0,0,0,0,0
 AFRICA,   Dominica,13,11,4,4,9,7
 AFRICA,   Dominican Republic,2,0,1,0,1,0
 AFRICA,   Grenada,369,431,159,187,210,244
 AFRICA,   Guadeloupe*,935,1096,421,495,514,601
 AFRICA,   Haiti,25,22,13,12,12,10
 AFRICA,   Jamaica,199,231,73,103,126,128
 AFRICA,   Martinique*,0,0,0,0,0,0
 AFRICA,   Montserrat*,0,0,0,0,0,0
 AFRICA,   Puerto Rico*,0,0,0,0,0,0
 AFRICA,   Saint Barthélemy*,0,0,0,0,0,0
 AFRICA,   Saint Kitts and Nevis,25,29,16,20,9,9
 AFRICA,   Saint Lucia,0,0,0,0,0,0
 AFRICA,   Saint Martin (French part)*,0,0,0,0,0,0
 AFRICA,   Saint Vincent and the Grenadines,30,27,19,18,11,9
 AFRICA,   Sint Maarten (Dutch part)*,0,0,0,0,0,0
 AFRICA,   Trinidad and Tobago,25,29,13,17,12,12
 AFRICA,   Turks and Caicos Islands*,659,771,290,340,369,431
 AFRICA,   United States Virgin Islands*,532,613,261,303,271,310
 AFRICA,   Belize,2,0,2,0,0,0
 AFRICA,   Costa Rica,118,112,73,71,45,41
 AFRICA,   El Salvador,847,968,530,593,317,375
 AFRICA,   Guatemala,98,114,68,83,30,31
 AFRICA,   Honduras,298,285,166,161,132,124
 AFRICA,   Mexico,341,409,153,201,188,208
 AFRICA,   Nicaragua,117,133,42,59,75,74
 AFRICA,   Panama,59,68,31,40,28,28
 AFRICA,   Argentina,2850,3334,1334,1752,1516,1582
 AFRICA,   Bolivia (Plurinational State of),173,198,23,47,150,151
 AFRICA,   Brazil,5029,5662,2331,2856,2698,2806
 AFRICA,   Chile,2280,2663,1212,1468,1068,1195
 AFRICA,   Colombia,3275,3290,1747,1800,1528,1490
 AFRICA,   Ecuador,10,11,5,4,5,7
 AFRICA,   Falkland Islands (Malvinas)*,0,0,0,0,0,0
 AFRICA,   French Guiana*,0,0,0,0,0,0
 AFRICA,   Guyana,58,67,26,35,32,32
 AFRICA,   Paraguay,121,140,58,76,63,64
 AFRICA,   Peru,213,245,114,144,99,101
 AFRICA,   Suriname,0,0,0,0,0,0
 AFRICA,   Uruguay,618,720,322,381,296,339
 AFRICA,   Venezuela (Bolivarian Republic of),332,391,162,210,170,181
 AFRICA,   Bermuda*,61,70,38,47,23,23
 AFRICA,   Canada,11468,12954,6252,7460,5216,5494
 AFRICA,   Greenland*,0,0,0,0,0,0
 AFRICA,   Saint Pierre and Miquelon*,0,0,0,0,0,0
 AFRICA,   United States of America*,35526,40539,20419,23150,15107,17389
 AFRICA,   Australia*,7163,8472,3665,4327,3498,4145
 AFRICA,   New Zealand*,3380,3943,1681,2197,1699,1746
 AFRICA,   Fiji,49,54,28,34,21,20
 AFRICA,   New Caledonia*,0,0,0,0,0,0
 AFRICA,   Papua New Guinea,75,82,39,48,36,34
 AFRICA,   Solomon Islands,12,10,8,8,4,2
 AFRICA,   Vanuatu,0,0,0,0,0,0
 AFRICA,   Guam*,0,0,0,0,0,0
 AFRICA,   Kiribati,3,1,3,1,0,0
 AFRICA,   Marshall Islands,6,4,3,3,3,1
 AFRICA,   Micronesia (Fed. States of),3,1,1,1,2,0
 AFRICA,   Nauru,39,40,21,24,18,16
 AFRICA,   Northern Mariana Islands*,25,29,22,26,3,3
 AFRICA,   Palau,9,7,5,5,4,2
 AFRICA,   American Samoa*,395,462,185,218,210,244
 AFRICA,   Cook Islands*,0,0,0,0,0,0
 AFRICA,   French Polynesia*,341,398,170,200,171,198
 AFRICA,   Niue*,20,23,15,18,5,5
 AFRICA,   Samoa,28,25,17,16,11,9
 AFRICA,   Tokelau*,0,0,0,0,0,0
 AFRICA,   Tonga,972,932,566,546,406,386
 AFRICA,   Tuvalu,1,0,1,0,0,0
 AFRICA,   Wallis and Futuna Islands*,0,0,0,0,0,0
  Eastern Africa,WORLD,6696922,7682801,3377343,3846978,3319579,3835823
  Eastern Africa,  Sub-Saharan Africa,5327613,6323588,2684274,3155379,2643339,3168209
  Eastern Africa,  Northern Africa and Western Asia,698013,728695,342511,352889,355502,375806
  Eastern Africa,  Central and Southern Asia,52114,52982,31504,32034,20610,20948
  Eastern Africa,  Eastern and South-Eastern Asia,8562,9142,4806,5193,3756,3949
  Eastern Africa,  Latin America and the Caribbean,59,57,34,34,25,23
  Eastern Africa,  Oceania (excluding Australia and New Zealand),0,0,0,0,0,0
  Eastern Africa,  Australia and New Zealand,283,373,146,197,137,176
  Eastern Africa,  Europe and Northern America,137310,146097,74864,79518,62446,66579
  Eastern Africa,  Developed regions,137873,146771,75177,79894,62696,66877
  Eastern Africa,  Less developed regions,6086081,7114163,3062962,3545350,3023119,3568813
  Eastern Africa," Less developed regions, excluding least developed countries",435184,439317,215815,220050,219369,219267
  Eastern Africa," Less developed regions, excluding China",6079230,7106749,3059228,3541247,3020002,3565502
  Eastern Africa,  Least developed countries,5650897,6674846,2847147,3325300,2803750,3349546
  Eastern Africa,  Land-locked Developing Countries (LLDC),2374143,3222705,1196960,1602193,1177183,1620512
  Eastern Africa,  Small island developing States (SIDS),106195,132081,50819,63030,55376,69051
  Eastern Africa,  High-income countries,160059,169908,85503,90731,74556,79177
  Eastern Africa,  Middle-income countries,804363,831876,393882,410894,410481,420982
  Eastern Africa, Upper-middle-income countries,63740,66474,33234,35102,30506,31372
  Eastern Africa, Lower-middle-income countries,740623,765402,360648,375792,379975,389610
  Eastern Africa,  Low-income countries,5252175,6251565,2655126,3119879,2597049,3131686
  Eastern Africa, AFRICA,6012262,7031623,3020144,3497555,2992118,3534068
  Eastern Africa,  Eastern Africa,4218033,4989040,2132347,2491285,2085686,2497755
  Eastern Africa,  Middle Africa,1029628,1251025,511047,620870,518581,630155
  Eastern Africa,  Northern Africa,684649,708035,335870,342176,348779,365859
  Eastern Africa,  Southern Africa,63506,66040,32299,33992,31207,32048
  Eastern Africa,  Western Africa,16446,17483,8581,9232,7865,8251
  Eastern Africa, ASIA,74040,82784,42951,47940,31089,34844
  Eastern Africa,  Central Asia,0,0,0,0,0,0
  Eastern Africa,  Eastern Asia,7416,7979,4029,4400,3387,3579
  Eastern Africa,  South-Eastern Asia,1146,1163,777,793,369,370
  Eastern Africa,  Southern Asia,52114,52982,31504,32034,20610,20948
  Eastern Africa,  Western Asia,13364,20660,6641,10713,6723,9947
  Eastern Africa, EUROPE,133530,142162,72895,77457,60635,64705
  Eastern Africa,  Eastern Europe,425,405,172,165,253,240
  Eastern Africa,  Northern Europe,17816,18334,9698,10077,8118,8257
  Eastern Africa,  Southern Europe,5675,5796,3658,3756,2017,2040
  Eastern Africa,  Western Europe,109614,117627,59367,63459,50247,54168
  Eastern Africa, LATIN AMERICA AND THE CARIBBEAN,59,57,34,34,25,23
  Eastern Africa,  Caribbean,59,57,34,34,25,23
  Eastern Africa,  Central America,0,0,0,0,0,0
  Eastern Africa,  South America,0,0,0,0,0,0
  Eastern Africa, NORTHERN AMERICA,3780,3935,1969,2061,1811,1874
  Eastern Africa, OCEANIA ,283,373,146,197,137,176
  Eastern Africa,  Australia and New Zealand,283,373,146,197,137,176
  Eastern Africa,  Melanesia,0,0,0,0,0,0
  Eastern Africa,  Micronesia,0,0,0,0,0,0
  Eastern Africa,  Polynesia*,0,0,0,0,0,0
  Eastern Africa,   Burundi,381210,445492,192980,226933,188230,218559
  Eastern Africa,   Comoros,77181,101798,36996,48500,40185,53298
  Eastern Africa,   Djibouti,3702,3439,1887,1704,1815,1735
  Eastern Africa,   Eritrea,220550,211044,111613,103803,108937,107241
  Eastern Africa,   Ethiopia,77607,82670,40128,43169,37479,39501
  Eastern Africa,   Kenya,103564,98349,47710,45469,55854,52880
  Eastern Africa,   Madagascar,35342,38102,17039,18332,18303,19770
  Eastern Africa,   Malawi,181914,191387,97658,103610,84256,87777
  Eastern Africa,   Mauritius*,5805,5974,2898,2980,2907,2994
  Eastern Africa,   Mayotte*,6507,6740,3173,3287,3334,3453
  Eastern Africa,   Mozambique,183191,179222,99744,98783,83447,80439
  Eastern Africa,   Réunion*,850,845,455,453,395,392
  Eastern Africa,   Rwanda,156439,164297,74868,78140,81571,86157
  Eastern Africa,   Seychelles,16621,17396,7556,7980,9065,9416
  Eastern Africa,   Somalia,1059897,974335,543691,495549,516206,478786
  Eastern Africa,   South Sudan,754374,1555176,389481,764488,364893,790688
  Eastern Africa,   Uganda,579507,541164,287161,269425,292346,271739
  Eastern Africa,   United Republic of Tanzania*,153383,152919,74719,74995,78664,77924
  Eastern Africa,   Zambia,81335,76233,38719,37199,42616,39034
  Eastern Africa,   Zimbabwe,139054,142458,63871,66486,75183,75972
  Eastern Africa,   Angola,66665,71932,32960,36017,33705,35915
  Eastern Africa,   Cameroon,214,299,114,164,100,135
  Eastern Africa,   Central African Republic,4574,4690,2650,2717,1924,1973
  Eastern Africa,   Chad,5184,5315,3122,3200,2062,2115
  Eastern Africa,   Congo,33704,33780,16795,16935,16909,16845
  Eastern Africa,   Democratic Republic of the Congo,919287,1135009,455406,561837,463881,573172
  Eastern Africa,   Equatorial Guinea,0,0,0,0,0,0
  Eastern Africa,   Gabon,0,0,0,0,0,0
  Eastern Africa,   Sao Tome and Principe,0,0,0,0,0,0
  Eastern Africa,   Algeria,0,0,0,0,0,0
  Eastern Africa,   Egypt,5289,5475,3190,3306,2099,2169
  Eastern Africa,   Libya,153,156,86,88,67,68
  Eastern Africa,   Morocco,0,0,0,0,0,0
  Eastern Africa,   Sudan,679207,702404,332594,338782,346613,363622
  Eastern Africa,   Tunisia,0,0,0,0,0,0
  Eastern Africa,   Western Sahara,0,0,0,0,0,0
  Eastern Africa,   Botswana,4674,5120,2569,2819,2105,2301
  Eastern Africa,   Eswatini,88,77,58,54,30,23
  Eastern Africa,   Lesotho,7614,7974,3293,3491,4321,4483
  Eastern Africa,   Namibia,1266,1405,672,735,594,670
  Eastern Africa,   South Africa,49864,51464,25707,26893,24157,24571
  Eastern Africa,   Benin,0,0,0,0,0,0
  Eastern Africa,   Burkina Faso,0,0,0,0,0,0
  Eastern Africa,   Cabo Verde,6491,6819,3310,3511,3181,3308
  Eastern Africa,   Côte d'Ivoire,56,52,2,2,54,50
  Eastern Africa,   Gambia,0,0,0,0,0,0
  Eastern Africa,   Ghana,154,214,105,150,49,64
  Eastern Africa,   Guinea,0,0,0,0,0,0
  Eastern Africa,   Guinea-Bissau,0,0,0,0,0,0
  Eastern Africa,   Liberia,0,0,0,0,0,0
  Eastern Africa,   Mali,394,475,247,304,147,171
  Eastern Africa,   Mauritania,0,0,0,0,0,0
  Eastern Africa,   Niger,0,0,0,0,0,0
  Eastern Africa,   Nigeria,9223,9746,4819,5128,4404,4618
  Eastern Africa,   Saint Helena*,0,0,0,0,0,0
  Eastern Africa,   Senegal,125,175,95,135,30,40
  Eastern Africa,   Sierra Leone,0,0,0,0,0,0
  Eastern Africa,   Togo,3,2,3,2,0,0
  Eastern Africa,   Kazakhstan,0,0,0,0,0,0
  Eastern Africa,   Kyrgyzstan,0,0,0,0,0,0
  Eastern Africa,   Tajikistan,0,0,0,0,0,0
  Eastern Africa,   Turkmenistan,0,0,0,0,0,0
  Eastern Africa,   Uzbekistan,0,0,0,0,0,0
  Eastern Africa,   China*,6828,7392,3718,4087,3110,3305
  Eastern Africa,"   China, Hong Kong SAR*",23,22,16,16,7,6
  Eastern Africa,"   China, Macao SAR*",0,0,0,0,0,0
  Eastern Africa,"   China, Taiwan Province of China*",0,0,0,0,0,0
  Eastern Africa,   Dem. People's Republic of Korea,131,121,100,92,31,29
  Eastern Africa,   Japan,280,301,167,179,113,122
  Eastern Africa,   Mongolia,0,0,0,0,0,0
  Eastern Africa,   Republic of Korea,154,143,28,26,126,117
  Eastern Africa,   Brunei Darussalam,0,0,0,0,0,0
  Eastern Africa,   Cambodia,0,0,0,0,0,0
  Eastern Africa,   Indonesia,141,143,102,105,39,38
  Eastern Africa,   Lao People's Democratic Republic,0,0,0,0,0,0
  Eastern Africa,   Malaysia*,61,60,29,29,32,31
  Eastern Africa,   Myanmar,0,0,0,0,0,0
  Eastern Africa,   Philippines,705,718,526,537,179,181
  Eastern Africa,   Singapore,0,0,0,0,0,0
  Eastern Africa,   Thailand,239,242,120,122,119,120
  Eastern Africa,   Timor-Leste,0,0,0,0,0,0
  Eastern Africa,   Viet Nam,0,0,0,0,0,0
  Eastern Africa,   Afghanistan,0,0,0,0,0,0
  Eastern Africa,   Bangladesh,8673,8755,3297,3314,5376,5441
  Eastern Africa,   Bhutan,0,0,0,0,0,0
  Eastern Africa,   India,38276,39055,25315,25829,12961,13226
  Eastern Africa,   Iran (Islamic Republic of),0,0,0,0,0,0
  Eastern Africa,   Maldives,38,37,25,25,13,12
  Eastern Africa,   Nepal,175,177,155,158,20,19
  Eastern Africa,   Pakistan,3228,3212,1986,1969,1242,1243
  Eastern Africa,   Sri Lanka,1724,1746,726,739,998,1007
  Eastern Africa,   Armenia,0,0,0,0,0,0
  Eastern Africa,   Azerbaijan*,0,0,0,0,0,0
  Eastern Africa,   Bahrain,0,0,0,0,0,0
  Eastern Africa,   Cyprus*,0,0,0,0,0,0
  Eastern Africa,   Georgia*,0,0,0,0,0,0
  Eastern Africa,   Iraq,0,0,0,0,0,0
  Eastern Africa,   Israel,0,0,0,0,0,0
  Eastern Africa,   Jordan,0,0,0,0,0,0
  Eastern Africa,   Kuwait,0,0,0,0,0,0
  Eastern Africa,   Lebanon,0,0,0,0,0,0
  Eastern Africa,   Oman,0,0,0,0,0,0
  Eastern Africa,   Qatar,0,0,0,0,0,0
  Eastern Africa,   Saudi Arabia,0,0,0,0,0,0
  Eastern Africa,   State of Palestine*,0,0,0,0,0,0
  Eastern Africa,   Syrian Arab Republic,0,0,0,0,0,0
  Eastern Africa,   Turkey,0,0,0,0,0,0
  Eastern Africa,   United Arab Emirates,0,0,0,0,0,0
  Eastern Africa,   Yemen,13364,20660,6641,10713,6723,9947
  Eastern Africa,   Belarus,0,0,0,0,0,0
  Eastern Africa,   Bulgaria,0,0,0,0,0,0
  Eastern Africa,   Czechia,0,0,0,0,0,0
  Eastern Africa,   Hungary,8,7,0,0,8,7
  Eastern Africa,   Poland,0,0,0,0,0,0
  Eastern Africa,   Republic of Moldova*,0,0,0,0,0,0
  Eastern Africa,   Romania,0,0,0,0,0,0
  Eastern Africa,   Russian Federation,417,398,172,165,245,233
  Eastern Africa,   Slovakia,0,0,0,0,0,0
  Eastern Africa,   Ukraine*,0,0,0,0,0,0
  Eastern Africa,   Channel Islands*,0,0,0,0,0,0
  Eastern Africa,   Denmark*,154,143,74,69,80,74
  Eastern Africa,   Estonia,0,0,0,0,0,0
  Eastern Africa,   Faroe Islands*,0,0,0,0,0,0
  Eastern Africa,   Finland*,0,0,0,0,0,0
  Eastern Africa,   Iceland,0,0,0,0,0,0
  Eastern Africa,   Ireland,50,49,28,28,22,21
  Eastern Africa,   Isle of Man*,0,0,0,0,0,0
  Eastern Africa,   Latvia,0,0,0,0,0,0
  Eastern Africa,   Lithuania,0,0,0,0,0,0
  Eastern Africa,   Norway*,7,6,7,6,0,0
  Eastern Africa,   Sweden,25,23,25,23,0,0
  Eastern Africa,   United Kingdom*,17580,18113,9564,9951,8016,8162
  Eastern Africa,   Albania,0,0,0,0,0,0
  Eastern Africa,   Andorra,0,0,0,0,0,0
  Eastern Africa,   Bosnia and Herzegovina,0,0,0,0,0,0
  Eastern Africa,   Croatia,0,0,0,0,0,0
  Eastern Africa,   Gibraltar*,0,0,0,0,0,0
  Eastern Africa,   Greece,35,32,16,15,19,17
  Eastern Africa,   Holy See*,0,0,0,0,0,0
  Eastern Africa,   Italy,1205,1117,823,766,382,351
  Eastern Africa,   Malta,0,0,0,0,0,0
  Eastern Africa,   Montenegro,0,0,0,0,0,0
  Eastern Africa,   North Macedonia,0,0,0,0,0,0
  Eastern Africa,   Portugal,4331,4549,2778,2935,1553,1614
  Eastern Africa,   San Marino,0,0,0,0,0,0
  Eastern Africa,   Serbia*,0,0,0,0,0,0
  Eastern Africa,   Slovenia,0,0,0,0,0,0
  Eastern Africa,   Spain*,104,98,41,40,63,58
  Eastern Africa,   Austria,0,0,0,0,0,0
  Eastern Africa,   Belgium,799,908,414,469,385,439
  Eastern Africa,   France*,106877,114820,57963,62010,48914,52810
  Eastern Africa,   Germany,1642,1617,821,817,821,800
  Eastern Africa,   Liechtenstein,0,0,0,0,0,0
  Eastern Africa,   Luxembourg,0,0,0,0,0,0
  Eastern Africa,   Monaco,0,0,0,0,0,0
  Eastern Africa,   Netherlands*,191,178,92,86,99,92
  Eastern Africa,   Switzerland,105,104,77,77,28,27
  Eastern Africa,   Anguilla*,0,0,0,0,0,0
  Eastern Africa,   Antigua and Barbuda,0,0,0,0,0,0
  Eastern Africa,   Aruba*,0,0,0,0,0,0
  Eastern Africa,   Bahamas,0,0,0,0,0,0
  Eastern Africa,   Barbados,0,0,0,0,0,0
  Eastern Africa,"   Bonaire, Sint Eustatius and Saba*",0,0,0,0,0,0
  Eastern Africa,   British Virgin Islands*,0,0,0,0,0,0
  Eastern Africa,   Cayman Islands*,0,0,0,0,0,0
  Eastern Africa,   Cuba,59,57,34,34,25,23
  Eastern Africa,   Curaçao*,0,0,0,0,0,0
  Eastern Africa,   Dominica,0,0,0,0,0,0
  Eastern Africa,   Dominican Republic,0,0,0,0,0,0
  Eastern Africa,   Grenada,0,0,0,0,0,0
  Eastern Africa,   Guadeloupe*,0,0,0,0,0,0
  Eastern Africa,   Haiti,0,0,0,0,0,0
  Eastern Africa,   Jamaica,0,0,0,0,0,0
  Eastern Africa,   Martinique*,0,0,0,0,0,0
  Eastern Africa,   Montserrat*,0,0,0,0,0,0
  Eastern Africa,   Puerto Rico*,0,0,0,0,0,0
  Eastern Africa,   Saint Barthélemy*,0,0,0,0,0,0
  Eastern Africa,   Saint Kitts and Nevis,0,0,0,0,0,0
  Eastern Africa,   Saint Lucia,0,0,0,0,0,0
  Eastern Africa,   Saint Martin (French part)*,0,0,0,0,0,0
  Eastern Africa,   Saint Vincent and the Grenadines,0,0,0,0,0,0
  Eastern Africa,   Sint Maarten (Dutch part)*,0,0,0,0,0,0
  Eastern Africa,   Trinidad and Tobago,0,0,0,0,0,0
  Eastern Africa,   Turks and Caicos Islands*,0,0,0,0,0,0
  Eastern Africa,   United States Virgin Islands*,0,0,0,0,0,0
  Eastern Africa,   Belize,0,0,0,0,0,0
  Eastern Africa,   Costa Rica,0,0,0,0,0,0
  Eastern Africa,   El Salvador,0,0,0,0,0,0
  Eastern Africa,   Guatemala,0,0,0,0,0,0
  Eastern Africa,   Honduras,0,0,0,0,0,0
  Eastern Africa,   Mexico,0,0,0,0,0,0
  Eastern Africa,   Nicaragua,0,0,0,0,0,0
  Eastern Africa,   Panama,0,0,0,0,0,0
  Eastern Africa,   Argentina,0,0,0,0,0,0
  Eastern Africa,   Bolivia (Plurinational State of),0,0,0,0,0,0
  Eastern Africa,   Brazil,0,0,0,0,0,0
  Eastern Africa,   Chile,0,0,0,0,0,0
  Eastern Africa,   Colombia,0,0,0,0,0,0
  Eastern Africa,   Ecuador,0,0,0,0,0,0
  Eastern Africa,   Falkland Islands (Malvinas)*,0,0,0,0,0,0
  Eastern Africa,   French Guiana*,0,0,0,0,0,0
  Eastern Africa,   Guyana,0,0,0,0,0,0
  Eastern Africa,   Paraguay,0,0,0,0,0,0
  Eastern Africa,   Peru,0,0,0,0,0,0
  Eastern Africa,   Suriname,0,0,0,0,0,0
  Eastern Africa,   Uruguay,0,0,0,0,0,0
  Eastern Africa,   Venezuela (Bolivarian Republic of),0,0,0,0,0,0
  Eastern Africa,   Bermuda*,0,0,0,0,0,0
  Eastern Africa,   Canada,745,763,415,422,330,341
  Eastern Africa,   Greenland*,0,0,0,0,0,0
  Eastern Africa,   Saint Pierre and Miquelon*,0,0,0,0,0,0
  Eastern Africa,   United States of America*,3035,3172,1554,1639,1481,1533
  Eastern Africa,   Australia*,283,373,146,197,137,176
  Eastern Africa,   New Zealand*,0,0,0,0,0,0
  Eastern Africa,   Fiji,0,0,0,0,0,0
  Eastern Africa,   New Caledonia*,0,0,0,0,0,0
  Eastern Africa,   Papua New Guinea,0,0,0,0,0,0
  Eastern Africa,   Solomon Islands,0,0,0,0,0,0
  Eastern Africa,   Vanuatu,0,0,0,0,0,0
  Eastern Africa,   Guam*,0,0,0,0,0,0
  Eastern Africa,   Kiribati,0,0,0,0,0,0
  Eastern Africa,   Marshall Islands,0,0,0,0,0,0
  Eastern Africa,   Micronesia (Fed. States of),0,0,0,0,0,0
  Eastern Africa,   Nauru,0,0,0,0,0,0
  Eastern Africa,   Northern Mariana Islands*,0,0,0,0,0,0
  Eastern Africa,   Palau,0,0,0,0,0,0
  Eastern Africa,   American Samoa*,0,0,0,0,0,0
  Eastern Africa,   Cook Islands*,0,0,0,0,0,0
  Eastern Africa,   French Polynesia*,0,0,0,0,0,0
  Eastern Africa,   Niue*,0,0,0,0,0,0
  Eastern Africa,   Samoa,0,0,0,0,0,0
  Eastern Africa,   Tokelau*,0,0,0,0,0,0
  Eastern Africa,   Tonga,0,0,0,0,0,0
  Eastern Africa,   Tuvalu,0,0,0,0,0,0
  Eastern Africa,   Wallis and Futuna Islands*,0,0,0,0,0,0
   Burundi,WORLD,298299,344767,146970,170125,151329,174642
   Burundi,  Sub-Saharan Africa,270062,311754,132768,153332,137294,158422
   Burundi,  Northern Africa and Western Asia,0,0,0,0,0,0
   Burundi,  Central and Southern Asia,0,0,0,0,0,0
   Burundi,  Eastern and South-Eastern Asia,0,0,0,0,0,0
   Burundi,  Latin America and the Caribbean,0,0,0,0,0,0
   Burundi,  Oceania (excluding Australia and New Zealand),0,0,0,0,0,0
   Burundi,  Australia and New Zealand,0,0,0,0,0,0
   Burundi,  Europe and Northern America,907,1076,433,517,474,559
   Burundi,  Developed regions,907,1076,433,517,474,559
   Burundi,  Less developed regions,270062,311754,132768,153332,137294,158422
   Burundi," Less developed regions, excluding least developed countries",1032,1226,582,693,450,533
   Burundi," Less developed regions, excluding China",270062,311754,132768,153332,137294,158422
   Burundi,  Least developed countries,269030,310528,132186,152639,136844,157889
   Burundi,  Land-locked Developing Countries (LLDC),65254,77625,29660,35347,35594,42278
   Burundi,  Small island developing States (SIDS),0,0,0,0,0,0
   Burundi,  High-income countries,907,1076,433,517,474,559
   Burundi,  Middle-income countries,29040,34544,13619,16228,15421,18316
   Burundi, Upper-middle-income countries,0,0,0,0,0,0
   Burundi, Lower-middle-income countries,29040,34544,13619,16228,15421,18316
   Burundi,  Low-income countries,241022,277210,119149,137104,121873,140106
   Burundi, AFRICA,270062,311754,132768,153332,137294,158422
   Burundi,  Eastern Africa,94294,112169,43279,51575,51015,60594
   Burundi,  Middle Africa,175768,199585,89489,101757,86279,97828
   Burundi,  Northern Africa,0,0,0,0,0,0
   Burundi,  Southern Africa,0,0,0,0,0,0
   Burundi,  Western Africa,0,0,0,0,0,0
   Burundi, ASIA,0,0,0,0,0,0
   Burundi,  Central Asia,0,0,0,0,0,0
   Burundi,  Eastern Asia,0,0,0,0,0,0
   Burundi,  South-Eastern Asia,0,0,0,0,0,0
   Burundi,  Southern Asia,0,0,0,0,0,0
   Burundi,  Western Asia,0,0,0,0,0,0
   Burundi, EUROPE,907,1076,433,517,474,559
   Burundi,  Eastern Europe,0,0,0,0,0,0
   Burundi,  Northern Europe,0,0,0,0,0,0
   Burundi,  Southern Europe,0,0,0,0,0,0
   Burundi,  Western Europe,907,1076,433,517,474,559
   Burundi, LATIN AMERICA AND THE CARIBBEAN,0,0,0,0,0,0
   Burundi,  Caribbean,0,0,0,0,0,0
   Burundi,  Central America,0,0,0,0,0,0
   Burundi,  South America,0,0,0,0,0,0
   Burundi, NORTHERN AMERICA,0,0,0,0,0,0
   Burundi, OCEANIA ,0,0,0,0,0,0
   Burundi,  Australia and New Zealand,0,0,0,0,0,0
   Burundi,  Melanesia,0,0,0,0,0,0
   Burundi,  Micronesia,0,0,0,0,0,0
   Burundi,  Polynesia*,0,0,0,0,0,0
   Burundi,   Belgium,605,718,288,343,317,375
   Burundi,   Democratic Republic of the Congo,175768,199585,89489,101757,86279,97828
   Burundi,   France*,302,358,145,174,157,184
   Burundi,   Kenya,1032,1226,582,693,450,533
   Burundi,   Rwanda,64363,76567,29140,34728,35223,41839
   Burundi,   Uganda,891,1058,520,619,371,439
   Burundi,   United Republic of Tanzania*,28008,33318,13037,15535,14971,17783
   Burundi,Other,27330,31937,13769,16276,13561,15661
   Comoros,WORLD,12555,12496,6071,6044,6484,6452
   Comoros,  Sub-Saharan Africa,10722,10667,5099,5077,5623,5590
   Comoros,  Northern Africa and Western Asia,0,0,0,0,0,0
   Comoros,  Central and Southern Asia,0,0,0,0,0,0
   Comoros,  Eastern and South-Eastern Asia,0,0,0,0,0,0
   Comoros,  Latin America and the Caribbean,0,0,0,0,0,0
   Comoros,  Oceania (excluding Australia and New Zealand),0,0,0,0,0,0
   Comoros,  Australia and New Zealand,0,0,0,0,0,0
   Comoros,  Europe and Northern America,482,479,277,276,205,203
   Comoros,  Developed regions,482,479,277,276,205,203
   Comoros,  Less developed regions,10722,10667,5099,5077,5623,5590
   Comoros," Less developed regions, excluding least developed countries",926,919,489,487,437,432
   Comoros," Less developed regions, excluding China",10722,10667,5099,5077,5623,5590
   Comoros,  Least developed countries,9796,9748,4610,4590,5186,5158
   Comoros,  Land-locked Developing Countries (LLDC),0,0,0,0,0,0
   Comoros,  Small island developing States (SIDS),0,0,0,0,0,0
   Comoros,  High-income countries,482,479,277,276,205,203
   Comoros,  Middle-income countries,221,217,105,105,116,112
   Comoros, Upper-middle-income countries,0,0,0,0,0,0
   Comoros, Lower-middle-income countries,221,217,105,105,116,112
   Comoros,  Low-income countries,9651,9605,4539,4519,5112,5086
   Comoros, AFRICA,10722,10667,5099,5077,5623,5590
   Comoros,  Eastern Africa,10722,10667,5099,5077,5623,5590
   Comoros,  Middle Africa,0,0,0,0,0,0
   Comoros,  Northern Africa,0,0,0,0,0,0
   Comoros,  Southern Africa,0,0,0,0,0,0
   Comoros,  Western Africa,0,0,0,0,0,0
   Comoros, ASIA,0,0,0,0,0,0
   Comoros,  Central Asia,0,0,0,0,0,0
   Comoros,  Eastern Asia,0,0,0,0,0,0
   Comoros,  South-Eastern Asia,0,0,0,0,0,0
   Comoros,  Southern Asia,0,0,0,0,0,0
   Comoros,  Western Asia,0,0,0,0,0,0
   Comoros, EUROPE,482,479,277,276,205,203
   Comoros,  Eastern Europe,0,0,0,0,0,0
   Comoros,  Northern Europe,0,0,0,0,0,0
   Comoros,  Southern Europe,0,0,0,0,0,0
   Comoros,  Western Europe,482,479,277,276,205,203
   Comoros, LATIN AMERICA AND THE CARIBBEAN,0,0,0,0,0,0
   Comoros,  Caribbean,0,0,0,0,0,0
   Comoros,  Central America,0,0,0,0,0,0
   Comoros,  South America,0,0,0,0,0,0
   Comoros, NORTHERN AMERICA,0,0,0,0,0,0
   Comoros, OCEANIA ,0,0,0,0,0,0
   Comoros,  Australia and New Zealand,0,0,0,0,0,0
   Comoros,  Melanesia,0,0,0,0,0,0
   Comoros,  Micronesia,0,0,0,0,0,0
   Comoros,  Polynesia*,0,0,0,0,0,0
   Comoros,   France*,482,479,277,276,205,203
   Comoros,   Kenya,76,74,34,34,42,40
   Comoros,   Madagascar,9651,9605,4539,4519,5112,5086
   Comoros,   Réunion*,850,845,455,453,395,392
   Comoros,   United Republic of Tanzania*,145,143,71,71,74,72
   Comoros,Other,1351,1350,695,691,656,659
   Djibouti,WORLD,112351,119738,59081,62863,53270,56875
   Djibouti,  Sub-Saharan Africa,99828,107554,52543,56438,47285,51116
   Djibouti,  Northern Africa and Western Asia,6157,5322,2974,2595,3183,2727
   Djibouti,  Central and Southern Asia,0,0,0,0,0,0
   Djibouti,  Eastern and South-Eastern Asia,0,0,0,0,0,0
   Djibouti,  Latin America and the Caribbean,0,0,0,0,0,0
   Djibouti,  Oceania (excluding Australia and New Zealand),0,0,0,0,0,0
   Djibouti,  Australia and New Zealand,0,0,0,0,0,0
   Djibouti,  Europe and Northern America,0,0,0,0,0,0
   Djibouti,  Developed regions,0,0,0,0,0,0
   Djibouti,  Less developed regions,105985,112876,55517,59033,50468,53843
   Djibouti," Less developed regions, excluding least developed countries",0,0,0,0,0,0
   Djibouti," Less developed regions, excluding China",105985,112876,55517,59033,50468,53843
   Djibouti,  Least developed countries,105985,112876,55517,59033,50468,53843
   Djibouti,  Land-locked Developing Countries (LLDC),11676,12578,5185,5562,6491,7016
   Djibouti,  Small island developing States (SIDS),0,0,0,0,0,0
   Djibouti,  High-income countries,0,0,0,0,0,0
   Djibouti,  Middle-income countries,0,0,0,0,0,0
   Djibouti, Upper-middle-income countries,0,0,0,0,0,0
   Djibouti, Lower-middle-income countries,0,0,0,0,0,0
   Djibouti,  Low-income countries,105985,112876,55517,59033,50468,53843
   Djibouti, AFRICA,99828,107554,52543,56438,47285,51116
   Djibouti,  Eastern Africa,99828,107554,52543,56438,47285,51116
   Djibouti,  Middle Africa,0,0,0,0,0,0
   Djibouti,  Northern Africa,0,0,0,0,0,0
   Djibouti,  Southern Africa,0,0,0,0,0,0
   Djibouti,  Western Africa,0,0,0,0,0,0
   Djibouti, ASIA,6157,5322,2974,2595,3183,2727
   Djibouti,  Central Asia,0,0,0,0,0,0
   Djibouti,  Eastern Asia,0,0,0,0,0,0
   Djibouti,  South-Eastern Asia,0,0,0,0,0,0
   Djibouti,  Southern Asia,0,0,0,0,0,0
   Djibouti,  Western Asia,6157,5322,2974,2595,3183,2727
   Djibouti, EUROPE,0,0,0,0,0,0
   Djibouti,  Eastern Europe,0,0,0,0,0,0
   Djibouti,  Northern Europe,0,0,0,0,0,0
   Djibouti,  Southern Europe,0,0,0,0,0,0
   Djibouti,  Western Europe,0,0,0,0,0,0
   Djibouti, LATIN AMERICA AND THE CARIBBEAN,0,0,0,0,0,0
   Djibouti,  Caribbean,0,0,0,0,0,0
   Djibouti,  Central America,0,0,0,0,0,0
   Djibouti,  South America,0,0,0,0,0,0
   Djibouti, NORTHERN AMERICA,0,0,0,0,0,0
   Djibouti, OCEANIA ,0,0,0,0,0,0
   Djibouti,  Australia and New Zealand,0,0,0,0,0,0
   Djibouti,  Melanesia,0,0,0,0,0,0
   Djibouti,  Micronesia,0,0,0,0,0,0
   Djibouti,  Polynesia*,0,0,0,0,0,0
   Djibouti,   Ethiopia,11676,12578,5185,5562,6491,7016
   Djibouti,   Somalia,88152,94976,47358,50876,40794,44100
   Djibouti,   Yemen,6157,5322,2974,2595,3183,2727
   Djibouti,Other,6366,6862,3564,3830,2802,3032
   Eritrea,WORLD,15941,13934,8833,7815,7108,6119
   Eritrea,  Sub-Saharan Africa,12774,11142,7139,6309,5635,4833
   Eritrea,  Northern Africa and Western Asia,208,181,136,120,72,61
   Eritrea,  Central and Southern Asia,119,103,46,41,73,62
   Eritrea,  Eastern and South-Eastern Asia,135,117,122,106,13,11
   Eritrea,  Latin America and the Caribbean,0,0,0,0,0,0
   Eritrea,  Oceania (excluding Australia and New Zealand),0,0,0,0,0,0
   Eritrea,  Australia and New Zealand,0,0,0,0,0,0
   Eritrea,  Europe and Northern America,492,428,250,222,242,206
   Eritrea,  Developed regions,492,428,250,222,242,206
   Eritrea,  Less developed regions,13236,11543,7443,6576,5793,4967
   Eritrea," Less developed regions, excluding least developed countries",1051,913,669,589,382,324
   Eritrea," Less developed regions, excluding China",13101,11426,7321,6470,5780,4956
   Eritrea,  Least developed countries,12185,10630,6774,5987,5411,4643
   Eritrea,  Land-locked Developing Countries (LLDC),5963,5209,3619,3199,2344,2010
   Eritrea,  Small island developing States (SIDS),192,166,101,89,91,77
   Eritrea,  High-income countries,492,428,250,222,242,206
   Eritrea,  Middle-income countries,2355,2048,1399,1235,956,813
   Eritrea, Upper-middle-income countries,257,223,191,167,66,56
   Eritrea, Lower-middle-income countries,2098,1825,1208,1068,890,757
   Eritrea,  Low-income countries,10881,9495,6044,5341,4837,4154
   Eritrea, AFRICA,12982,11323,7275,6429,5707,4894
   Eritrea,  Eastern Africa,10621,9261,5946,5252,4675,4009
   Eritrea,  Middle Africa,2031,1775,1124,996,907,779
   Eritrea,  Northern Africa,208,181,136,120,72,61
   Eritrea,  Southern Africa,122,106,69,61,53,45
   Eritrea,  Western Africa,0,0,0,0,0,0
   Eritrea, ASIA,254,220,168,147,86,73
   Eritrea,  Central Asia,0,0,0,0,0,0
   Eritrea,  Eastern Asia,135,117,122,106,13,11
   Eritrea,  South-Eastern Asia,0,0,0,0,0,0
   Eritrea,  Southern Asia,119,103,46,41,73,62
   Eritrea,  Western Asia,0,0,0,0,0,0
   Eritrea, EUROPE,492,428,250,222,242,206
   Eritrea,  Eastern Europe,0,0,0,0,0,0
   Eritrea,  Northern Europe,56,48,21,19,35,29
   Eritrea,  Southern Europe,0,0,0,0,0,0
   Eritrea,  Western Europe,436,380,229,203,207,177
   Eritrea, LATIN AMERICA AND THE CARIBBEAN,0,0,0,0,0,0
   Eritrea,  Caribbean,0,0,0,0,0,0
   Eritrea,  Central America,0,0,0,0,0,0
   Eritrea,  South America,0,0,0,0,0,0
   Eritrea, NORTHERN AMERICA,0,0,0,0,0,0
   Eritrea, OCEANIA ,0,0,0,0,0,0
   Eritrea,  Australia and New Zealand,0,0,0,0,0,0
   Eritrea,  Melanesia,0,0,0,0,0,0
   Eritrea,  Micronesia,0,0,0,0,0,0
   Eritrea,  Polynesia*,0,0,0,0,0,0
   Eritrea,   Angola,346,301,202,178,144,123
   Eritrea,   Burundi,1044,913,559,496,485,417
   Eritrea,   China*,135,117,122,106,13,11
   Eritrea,   Comoros,192,166,101,89,91,77
   Eritrea,   Democratic Republic of the Congo,1685,1474,922,818,763,656
   Eritrea,   Ethiopia,108,94,58,52,50,42
   Eritrea,   France*,436,380,229,203,207,177
   Eritrea,   India,119,103,46,41,73,62
   Eritrea,   Kenya,351,305,203,179,148,126
   Eritrea,   Malawi,771,673,428,379,343,294
   Eritrea,   Mozambique,1105,966,456,408,649,558
   Eritrea,   Rwanda,467,407,220,196,247,211
   Eritrea,   Somalia,2485,2156,1296,1135,1189,1021
   Eritrea,   South Africa,122,106,69,61,53,45
   Eritrea,   Zimbabwe,324,282,229,202,95,80
   Eritrea,   South Sudan,1487,1300,971,856,516,444
   Eritrea,   Sudan,208,181,136,120,72,61
   Eritrea,   Uganda,1521,1331,998,881,523,450
   Eritrea,   United Kingdom*,56,48,21,19,35,29
   Eritrea,   United Republic of Tanzania*,525,459,271,242,254,217
   Eritrea,   Zambia,241,209,156,137,85,72
   Eritrea,Other,2213,1963,1140,1017,1073,946
   Ethiopia,WORLD,1161642,1085517,591409,536807,570233,548710
   Ethiopia,  Sub-Saharan Africa,1048914,1017711,541588,505810,507326,511901
   Ethiopia,  Northern Africa and Western Asia,40823,44012,20667,20644,20156,23368
   Ethiopia,  Central and Southern Asia,0,0,0,0,0,0
   Ethiopia,  Eastern and South-Eastern Asia,0,0,0,0,0,0
   Ethiopia,  Latin America and the Caribbean,0,0,0,0,0,0
   Ethiopia,  Oceania (excluding Australia and New Zealand),0,0,0,0,0,0
   Ethiopia,  Australia and New Zealand,0,0,0,0,0,0
   Ethiopia,  Europe and Northern America,0,0,0,0,0,0
   Ethiopia,  Developed regions,0,0,0,0,0,0
   Ethiopia,  Less developed regions,1089737,1061723,562255,526454,527482,535269
   Ethiopia," Less developed regions, excluding least developed countries",0,0,0,0,0,0
   Ethiopia," Less developed regions, excluding China",1089737,1061723,562255,526454,527482,535269
   Ethiopia,  Least developed countries,1089737,1061723,562255,526454,527482,535269
   Ethiopia,  Land-locked Developing Countries (LLDC),395349,410396,209367,205905,185982,204491
   Ethiopia,  Small island developing States (SIDS),0,0,0,0,0,0
   Ethiopia,  High-income countries,0,0,0,0,0,0
   Ethiopia,  Middle-income countries,3702,3439,1887,1704,1815,1735
   Ethiopia, Upper-middle-income countries,0,0,0,0,0,0
   Ethiopia, Lower-middle-income countries,3702,3439,1887,1704,1815,1735
   Ethiopia,  Low-income countries,1086035,1058284,560368,524750,525667,533534
   Ethiopia, AFRICA,1088413,1059670,561579,525419,526834,534251
   Ethiopia,  Eastern Africa,1047333,1016243,540790,505089,506543,511154
   Ethiopia,  Middle Africa,1581,1468,798,721,783,747
   Ethiopia,  Northern Africa,39499,41959,19991,19609,19508,22350
   Ethiopia,  Southern Africa,0,0,0,0,0,0
   Ethiopia,  Western Africa,0,0,0,0,0,0
   Ethiopia, ASIA,1324,2053,676,1035,648,1018
   Ethiopia,  Central Asia,0,0,0,0,0,0
   Ethiopia,  Eastern Asia,0,0,0,0,0,0
   Ethiopia,  South-Eastern Asia,0,0,0,0,0,0
   Ethiopia,  Southern Asia,0,0,0,0,0,0
   Ethiopia,  Western Asia,1324,2053,676,1035,648,1018
   Ethiopia, EUROPE,0,0,0,0,0,0
   Ethiopia,  Eastern Europe,0,0,0,0,0,0
   Ethiopia,  Northern Europe,0,0,0,0,0,0
   Ethiopia,  Southern Europe,0,0,0,0,0,0
   Ethiopia,  Western Europe,0,0,0,0,0,0
   Ethiopia, LATIN AMERICA AND THE CARIBBEAN,0,0,0,0,0,0
   Ethiopia,  Caribbean,0,0,0,0,0,0
   Ethiopia,  Central America,0,0,0,0,0,0
   Ethiopia,  South America,0,0,0,0,0,0
   Ethiopia, NORTHERN AMERICA,0,0,0,0,0,0
   Ethiopia, OCEANIA ,0,0,0,0,0,0
   Ethiopia,  Australia and New Zealand,0,0,0,0,0,0
   Ethiopia,  Melanesia,0,0,0,0,0,0
   Ethiopia,  Micronesia,0,0,0,0,0,0
   Ethiopia,  Polynesia*,0,0,0,0,0,0
   Ethiopia,   Burundi,180,166,90,81,90,85
   Ethiopia,   Democratic Republic of the Congo,1581,1468,798,721,783,747
   Ethiopia,   Eritrea,205821,191256,103940,93794,101881,97462
   Ethiopia,   Djibouti,3702,3439,1887,1704,1815,1735
   Ethiopia,   Rwanda,150,138,76,68,74,70
   Ethiopia,   Somalia,442461,411152,225596,203686,216865,207466
   Ethiopia,   South Sudan,394801,409890,209090,205655,185711,204235
   Ethiopia,   Sudan,39499,41959,19991,19609,19508,22350
   Ethiopia,   Uganda,218,202,111,101,107,101
   Ethiopia,   Yemen,1324,2053,676,1035,648,1018
   Ethiopia,Other,71905,23794,29154,10353,42751,13441
   Kenya,WORLD,1126886,1050147,562909,529975,563977,520172
   Kenya,  Sub-Saharan Africa,1037136,971029,516938,489063,520198,481966
   Kenya,  Northern Africa and Western Asia,10266,9926,5133,5016,5133,4910
   Kenya,  Central and Southern Asia,0,0,0,0,0,0
   Kenya,  Eastern and South-Eastern Asia,0,0,0,0,0,0
   Kenya,  Latin America and the Caribbean,0,0,0,0,0,0
   Kenya,  Oceania (excluding Australia and New Zealand),0,0,0,0,0,0
   Kenya,  Australia and New Zealand,0,0,0,0,0,0
   Kenya,  Europe and Northern America,0,0,0,0,0,0
   Kenya,  Developed regions,0,0,0,0,0,0
   Kenya,  Less developed regions,1047402,980955,522071,494079,525331,486876
   Kenya," Less developed regions, excluding least developed countries",180,154,87,76,93,78
   Kenya," Less developed regions, excluding China",1047402,980955,522071,494079,525331,486876
   Kenya,  Least developed countries,1047222,980801,521984,494003,525238,486798
   Kenya,  Land-locked Developing Countries (LLDC),481085,464873,233009,228325,248076,236548
   Kenya,  Small island developing States (SIDS),0,0,0,0,0,0
   Kenya,  High-income countries,0,0,0,0,0,0
   Kenya,  Middle-income countries,40115,34921,19910,17513,20205,17408
   Kenya, Upper-middle-income countries,180,154,87,76,93,78
   Kenya, Lower-middle-income countries,39935,34767,19823,17437,20112,17330
   Kenya,  Low-income countries,1007287,946034,502161,476566,505126,469468
   Kenya, AFRICA,1047402,980955,522071,494079,525331,486876
   Kenya,  Eastern Africa,1012218,927298,504482,466975,507736,460323
   Kenya,  Middle Africa,24738,43577,12369,22012,12369,21565
   Kenya,  Northern Africa,10266,9926,5133,5016,5133,4910
   Kenya,  Southern Africa,180,154,87,76,93,78
   Kenya,  Western Africa,0,0,0,0,0,0
   Kenya, ASIA,0,0,0,0,0,0
   Kenya,  Central Asia,0,0,0,0,0,0
   Kenya,  Eastern Asia,0,0,0,0,0,0
   Kenya,  South-Eastern Asia,0,0,0,0,0,0
   Kenya,  Southern Asia,0,0,0,0,0,0
   Kenya,  Western Asia,0,0,0,0,0,0
   Kenya, EUROPE,0,0,0,0,0,0
   Kenya,  Eastern Europe,0,0,0,0,0,0
   Kenya,  Northern Europe,0,0,0,0,0,0
   Kenya,  Southern Europe,0,0,0,0,0,0
   Kenya,  Western Europe,0,0,0,0,0,0
   Kenya, LATIN AMERICA AND THE CARIBBEAN,0,0,0,0,0,0
   Kenya,  Caribbean,0,0,0,0,0,0
   Kenya,  Central America,0,0,0,0,0,0
   Kenya,  South America,0,0,0,0,0,0
   Kenya, NORTHERN AMERICA,0,0,0,0,0,0
   Kenya, OCEANIA ,0,0,0,0,0,0
   Kenya,  Australia and New Zealand,0,0,0,0,0,0
   Kenya,  Melanesia,0,0,0,0,0,0
   Kenya,  Micronesia,0,0,0,0,0,0
   Kenya,  Polynesia*,0,0,0,0,0,0
   Kenya,   Burundi,8312,15098,4156,7629,4156,7469
   Kenya,   Democratic Republic of the Congo,24738,43577,12369,22012,12369,21565
   Kenya,   Ethiopia,36889,32115,20032,17590,16857,14525
   Kenya,   Eritrea,2127,1851,1057,929,1070,922
   Kenya,   Mozambique,601,523,298,263,303,260
   Kenya,   Namibia,68,58,33,29,35,29
   Kenya,   Rwanda,6330,5510,3142,2765,3188,2745
   Kenya,   Somalia,488470,425284,250295,220021,238175,205263
   Kenya,   South Africa,112,96,54,47,58,49
   Kenya,   South Sudan,95765,121553,47883,61402,47882,60151
   Kenya,   Sudan,10266,9926,5133,5016,5133,4910
   Kenya,   Uganda,333789,290597,157796,138939,175993,151658
   Kenya,   United Republic of Tanzania*,39935,34767,19823,17437,20112,17330
   Kenya,Other,79484,69192,40838,35896,38646,33296
   Madagascar,WORLD,32075,35563,18270,20262,13805,15301
   Madagascar,  Sub-Saharan Africa,10953,12153,6238,6917,4715,5236
   Madagascar,  Northern Africa and Western Asia,0,0,0,0,0,0
   Madagascar,  Central and Southern Asia,1581,1751,900,998,681,753
   Madagascar,  Eastern and South-Eastern Asia,1979,2193,1112,1234,867,959
   Madagascar,  Latin America and the Caribbean,0,0,0,0,0,0
   Madagascar,  Oceania (excluding Australia and New Zealand),0,0,0,0,0,0
   Madagascar,  Australia and New Zealand,0,0,0,0,0,0
   Madagascar,  Europe and Northern America,8950,9922,5102,5658,3848,4264
   Madagascar,  Developed regions,8950,9922,5102,5658,3848,4264
   Madagascar,  Less developed regions,14513,16097,8250,9149,6263,6948
   Madagascar," Less developed regions, excluding least developed countries",3560,3944,2012,2232,1548,1712
   Madagascar," Less developed regions, excluding China",12534,13904,7138,7915,5396,5989
   Madagascar,  Least developed countries,10953,12153,6238,6917,4715,5236
   Madagascar,  Land-locked Developing Countries (LLDC),0,0,0,0,0,0
   Madagascar,  Small island developing States (SIDS),10953,12153,6238,6917,4715,5236
   Madagascar,  High-income countries,8950,9922,5102,5658,3848,4264
   Madagascar,  Middle-income countries,14513,16097,8250,9149,6263,6948
   Madagascar, Upper-middle-income countries,1979,2193,1112,1234,867,959
   Madagascar, Lower-middle-income countries,12534,13904,7138,7915,5396,5989
   Madagascar,  Low-income countries,0,0,0,0,0,0
   Madagascar, AFRICA,10953,12153,6238,6917,4715,5236
   Madagascar,  Eastern Africa,10953,12153,6238,6917,4715,5236
   Madagascar,  Middle Africa,0,0,0,0,0,0
   Madagascar,  Northern Africa,0,0,0,0,0,0
   Madagascar,  Southern Africa,0,0,0,0,0,0
   Madagascar,  Western Africa,0,0,0,0,0,0
   Madagascar, ASIA,3560,3944,2012,2232,1548,1712
   Madagascar,  Central Asia,0,0,0,0,0,0
   Madagascar,  Eastern Asia,1979,2193,1112,1234,867,959
   Madagascar,  South-Eastern Asia,0,0,0,0,0,0
   Madagascar,  Southern Asia,1581,1751,900,998,681,753
   Madagascar,  Western Asia,0,0,0,0,0,0
   Madagascar, EUROPE,8950,9922,5102,5658,3848,4264
   Madagascar,  Eastern Europe,0,0,0,0,0,0
   Madagascar,  Northern Europe,0,0,0,0,0,0
   Madagascar,  Southern Europe,0,0,0,0,0,0
   Madagascar,  Western Europe,8950,9922,5102,5658,3848,4264
   Madagascar, LATIN AMERICA AND THE CARIBBEAN,0,0,0,0,0,0
   Madagascar,  Caribbean,0,0,0,0,0,0
   Madagascar,  Central America,0,0,0,0,0,0
   Madagascar,  South America,0,0,0,0,0,0
   Madagascar, NORTHERN AMERICA,0,0,0,0,0,0
   Madagascar, OCEANIA ,0,0,0,0,0,0
   Madagascar,  Australia and New Zealand,0,0,0,0,0,0
   Madagascar,  Melanesia,0,0,0,0,0,0
   Madagascar,  Micronesia,0,0,0,0,0,0
   Madagascar,  Polynesia*,0,0,0,0,0,0
   Madagascar,   China*,1979,2193,1112,1234,867,959
   Madagascar,   Comoros,10953,12153,6238,6917,4715,5236
   Madagascar,   France*,8950,9922,5102,5658,3848,4264
   Madagascar,   India,1581,1751,900,998,681,753
   Madagascar,Other,8612,9544,4918,5455,3694,4089
   Malawi,WORLD,197328,191362,93689,93612,103639,97750
   Malawi,  Sub-Saharan Africa,157004,157089,73179,76009,83825,81080
   Malawi,  Northern Africa and Western Asia,0,0,0,0,0,0
   Malawi,  Central and Southern Asia,2083,1770,1112,954,971,816
   Malawi,  Eastern and South-Eastern Asia,0,0,0,0,0,0
   Malawi,  Latin America and the Caribbean,0,0,0,0,0,0
   Malawi,  Oceania (excluding Australia and New Zealand),0,0,0,0,0,0
   Malawi,  Australia and New Zealand,0,0,0,0,0,0
   Malawi,  Europe and Northern America,1272,1081,650,558,622,523
   Malawi,  Developed regions,1272,1081,650,558,622,523
   Malawi,  Less developed regions,159087,158859,74291,76963,84796,81896
   Malawi," Less developed regions, excluding least developed countries",42453,36078,18680,16084,23773,19994
   Malawi," Less developed regions, excluding China",159087,158859,74291,76963,84796,81896
   Malawi,  Least developed countries,116634,122781,55611,60879,61023,61902
   Malawi,  Land-locked Developing Countries (LLDC),81189,74955,35071,33738,46118,41217
   Malawi,  Small island developing States (SIDS),0,0,0,0,0,0
   Malawi,  High-income countries,1272,1081,650,558,622,523
   Malawi,  Middle-income countries,87656,74494,37108,31980,50548,42514
   Malawi, Upper-middle-income countries,7124,6054,3140,2703,3984,3351
   Malawi, Lower-middle-income countries,80532,68440,33968,29277,46564,39163
   Malawi,  Low-income countries,71431,84365,37183,44983,34248,39382
   Malawi, AFRICA,157004,157089,73179,76009,83825,81080
   Malawi,  Eastern Africa,136768,122229,63091,57816,73677,64413
   Malawi,  Middle Africa,13112,28806,6948,15490,6164,13316
   Malawi,  Northern Africa,0,0,0,0,0,0
   Malawi,  Southern Africa,7124,6054,3140,2703,3984,3351
   Malawi,  Western Africa,0,0,0,0,0,0
   Malawi, ASIA,2083,1770,1112,954,971,816
   Malawi,  Central Asia,0,0,0,0,0,0
   Malawi,  Eastern Asia,0,0,0,0,0,0
   Malawi,  South-Eastern Asia,0,0,0,0,0,0
   Malawi,  Southern Asia,2083,1770,1112,954,971,816
   Malawi,  Western Asia,0,0,0,0,0,0
   Malawi, EUROPE,1272,1081,650,558,622,523
   Malawi,  Eastern Europe,0,0,0,0,0,0
   Malawi,  Northern Europe,1272,1081,650,558,622,523
   Malawi,  Southern Europe,0,0,0,0,0,0
   Malawi,  Western Europe,0,0,0,0,0,0
   Malawi, LATIN AMERICA AND THE CARIBBEAN,0,0,0,0,0,0
   Malawi,  Caribbean,0,0,0,0,0,0
   Malawi,  Central America,0,0,0,0,0,0
   Malawi,  South America,0,0,0,0,0,0
   Malawi, NORTHERN AMERICA,0,0,0,0,0,0
   Malawi, OCEANIA ,0,0,0,0,0,0
   Malawi,  Australia and New Zealand,0,0,0,0,0,0
   Malawi,  Melanesia,0,0,0,0,0,0
   Malawi,  Micronesia,0,0,0,0,0,0
   Malawi,  Polynesia*,0,0,0,0,0,0
   Malawi,   Burundi,6659,10079,3581,5869,3078,4210
   Malawi,   Congo,1216,1033,655,562,561,471
   Malawi,   Democratic Republic of the Congo,11896,27773,6293,14928,5603,12845
   Malawi,   India,2083,1770,1112,954,971,816
   Malawi,   Mozambique,47220,40131,24353,20897,22867,19234
   Malawi,   Rwanda,5582,6280,2915,3231,2667,3049
   Malawi,   Somalia,74,102,41,58,33,44
   Malawi,   South Africa,7124,6054,3140,2703,3984,3351
   Malawi,   United Kingdom*,1272,1081,650,558,622,523
   Malawi,   United Republic of Tanzania*,8285,7041,3626,3123,4659,3918
   Malawi,   Zambia,36918,31375,14802,12773,22116,18602
   Malawi,   Zimbabwe,32030,27221,13773,11865,18257,15356
   Malawi,Other,36969,31422,18748,16091,18221,15331
   Mauritius*,WORLD,28585,28893,15832,16003,12753,12890
   Mauritius*,  Sub-Saharan Africa,3023,3052,1578,1596,1445,1456
   Mauritius*,  Northern Africa and Western Asia,0,0,0,0,0,0
   Mauritius*,  Central and Southern Asia,18291,18517,10718,10837,7573,7680
   Mauritius*,  Eastern and South-Eastern Asia,3044,3071,1236,1248,1808,1823
   Mauritius*,  Latin America and the Caribbean,0,0,0,0,0,0
   Mauritius*,  Oceania (excluding Australia and New Zealand),0,0,0,0,0,0
   Mauritius*,  Australia and New Zealand,0,0,0,0,0,0
   Mauritius*,  Europe and Northern America,2675,2687,1577,1592,1098,1095
   Mauritius*,  Developed regions,2684,2695,1581,1596,1103,1099
   Mauritius*,  Less developed regions,24349,24632,13528,13677,10821,10955
   Mauritius*," Less developed regions, excluding least developed countries",13745,13916,9178,9298,4567,4618
   Mauritius*," Less developed regions, excluding China",21375,21629,12325,12462,9050,9167
   Mauritius*,  Least developed countries,10604,10716,4350,4379,6254,6337
   Mauritius*,  Land-locked Developing Countries (LLDC),0,0,0,0,0,0
   Mauritius*,  Small island developing States (SIDS),124,124,46,47,78,77
   Mauritius*,  High-income countries,2782,2793,1621,1637,1161,1156
   Mauritius*,  Middle-income countries,21974,22233,12241,12375,9733,9858
   Mauritius*, Upper-middle-income countries,3683,3716,1523,1538,2160,2178
   Mauritius*, Lower-middle-income countries,18291,18517,10718,10837,7573,7680
   Mauritius*,  Low-income countries,2277,2301,1247,1261,1030,1040
   Mauritius*, AFRICA,3023,3052,1578,1596,1445,1456
   Mauritius*,  Eastern Africa,2401,2425,1293,1308,1108,1117
   Mauritius*,  Middle Africa,0,0,0,0,0,0
   Mauritius*,  Northern Africa,0,0,0,0,0,0
   Mauritius*,  Southern Africa,622,627,285,288,337,339
   Mauritius*,  Western Africa,0,0,0,0,0,0
   Mauritius*, ASIA,21335,21588,11954,12085,9381,9503
   Mauritius*,  Central Asia,0,0,0,0,0,0
   Mauritius*,  Eastern Asia,2983,3011,1207,1219,1776,1792
   Mauritius*,  South-Eastern Asia,61,60,29,29,32,31
   Mauritius*,  Southern Asia,18291,18517,10718,10837,7573,7680
   Mauritius*,  Western Asia,0,0,0,0,0,0
   Mauritius*, EUROPE,2590,2604,1533,1548,1057,1056
   Mauritius*,  Eastern Europe,49,48,22,22,27,26
   Mauritius*,  Northern Europe,504,507,257,260,247,247
   Mauritius*,  Southern Europe,173,172,104,105,69,67
   Mauritius*,  Western Europe,1864,1877,1150,1161,714,716
   Mauritius*, LATIN AMERICA AND THE CARIBBEAN,0,0,0,0,0,0
   Mauritius*,  Caribbean,0,0,0,0,0,0
   Mauritius*,  Central America,0,0,0,0,0,0
   Mauritius*,  South America,0,0,0,0,0,0
   Mauritius*, NORTHERN AMERICA,85,83,44,44,41,39
   Mauritius*, OCEANIA ,0,0,0,0,0,0
   Mauritius*,  Australia and New Zealand,0,0,0,0,0,0
   Mauritius*,  Melanesia,0,0,0,0,0,0
   Mauritius*,  Micronesia,0,0,0,0,0,0
   Mauritius*,  Polynesia*,0,0,0,0,0,0
   Mauritius*,   Bangladesh,8327,8415,3103,3118,5224,5297
   Mauritius*,   Belgium,118,118,93,94,25,24
   Mauritius*,   Canada,36,35,20,20,16,15
   Mauritius*,   Sri Lanka,1126,1137,299,303,827,834
   Mauritius*,   China*,2951,2981,1187,1199,1764,1782
   Mauritius*,   France*,1505,1519,909,918,596,601
   Mauritius*,   Germany,136,136,71,72,65,64
   Mauritius*,"   China, Hong Kong SAR*",23,22,16,16,7,6
   Mauritius*,   India,8651,8778,7235,7334,1416,1444
   Mauritius*,   Ireland,50,49,28,28,22,21
   Mauritius*,   Italy,146,146,86,87,60,59
   Mauritius*,   Japan,9,8,4,4,5,4
   Mauritius*,   Madagascar,2277,2301,1247,1261,1030,1040
   Mauritius*,   Malaysia*,61,60,29,29,32,31
   Mauritius*,   Pakistan,187,187,81,82,106,105
   Mauritius*,   Russian Federation,49,48,22,22,27,26
   Mauritius*,   Seychelles,124,124,46,47,78,77
   Mauritius*,   South Africa,622,627,285,288,337,339
   Mauritius*,   Spain*,27,26,18,18,9,8
   Mauritius*,   Switzerland,105,104,77,77,28,27
   Mauritius*,   United Kingdom*,454,458,229,232,225,226
   Mauritius*,   United States of America*,49,48,24,24,25,24
   Mauritius*,Other,1552,1566,723,730,829,836
   Mayotte*,WORLD,81386,111540,37657,51609,43729,59931
   Mayotte*,  Sub-Saharan Africa,69075,94669,31959,43799,37116,50870
   Mayotte*,  Northern Africa and Western Asia,0,0,0,0,0,0
   Mayotte*,  Central and Southern Asia,0,0,0,0,0,0
   Mayotte*,  Eastern and South-Eastern Asia,0,0,0,0,0,0
   Mayotte*,  Latin America and the Caribbean,0,0,0,0,0,0
   Mayotte*,  Oceania (excluding Australia and New Zealand),0,0,0,0,0,0
   Mayotte*,  Australia and New Zealand,0,0,0,0,0,0
   Mayotte*,  Europe and Northern America,10624,14560,4916,6738,5708,7822
   Mayotte*,  Developed regions,10624,14560,4916,6738,5708,7822
   Mayotte*,  Less developed regions,69075,94669,31959,43799,37116,50870
   Mayotte*," Less developed regions, excluding least developed countries",0,0,0,0,0,0
   Mayotte*," Less developed regions, excluding China",69075,94669,31959,43799,37116,50870
   Mayotte*,  Least developed countries,69075,94669,31959,43799,37116,50870
   Mayotte*,  Land-locked Developing Countries (LLDC),0,0,0,0,0,0
   Mayotte*,  Small island developing States (SIDS),63225,86652,29252,40089,33973,46563
   Mayotte*,  High-income countries,10624,14560,4916,6738,5708,7822
   Mayotte*,  Middle-income countries,63225,86652,29252,40089,33973,46563
   Mayotte*, Upper-middle-income countries,0,0,0,0,0,0
   Mayotte*, Lower-middle-income countries,63225,86652,29252,40089,33973,46563
   Mayotte*,  Low-income countries,5850,8017,2707,3710,3143,4307
   Mayotte*, AFRICA,69075,94669,31959,43799,37116,50870
   Mayotte*,  Eastern Africa,69075,94669,31959,43799,37116,50870
   Mayotte*,  Middle Africa,0,0,0,0,0,0
   Mayotte*,  Northern Africa,0,0,0,0,0,0
   Mayotte*,  Southern Africa,0,0,0,0,0,0
   Mayotte*,  Western Africa,0,0,0,0,0,0
   Mayotte*, ASIA,0,0,0,0,0,0
   Mayotte*,  Central Asia,0,0,0,0,0,0
   Mayotte*,  Eastern Asia,0,0,0,0,0,0
   Mayotte*,  South-Eastern Asia,0,0,0,0,0,0
   Mayotte*,  Southern Asia,0,0,0,0,0,0
   Mayotte*,  Western Asia,0,0,0,0,0,0
   Mayotte*, EUROPE,10624,14560,4916,6738,5708,7822
   Mayotte*,  Eastern Europe,0,0,0,0,0,0
   Mayotte*,  Northern Europe,0,0,0,0,0,0
   Mayotte*,  Southern Europe,0,0,0,0,0,0
   Mayotte*,  Western Europe,10624,14560,4916,6738,5708,7822
   Mayotte*, LATIN AMERICA AND THE CARIBBEAN,0,0,0,0,0,0
   Mayotte*,  Caribbean,0,0,0,0,0,0
   Mayotte*,  Central America,0,0,0,0,0,0
   Mayotte*,  South America,0,0,0,0,0,0
   Mayotte*, NORTHERN AMERICA,0,0,0,0,0,0
   Mayotte*, OCEANIA ,0,0,0,0,0,0
   Mayotte*,  Australia and New Zealand,0,0,0,0,0,0
   Mayotte*,  Melanesia,0,0,0,0,0,0
   Mayotte*,  Micronesia,0,0,0,0,0,0
   Mayotte*,  Polynesia*,0,0,0,0,0,0
   Mayotte*,   Comoros,63225,86652,29252,40089,33973,46563
   Mayotte*,   France*,10624,14560,4916,6738,5708,7822
   Mayotte*,   Madagascar,5850,8017,2707,3710,3143,4307
   Mayotte*,Other,1687,2311,782,1072,905,1239
   Mozambique,WORLD,321794,338850,155510,165490,166284,173360
   Mozambique,  Sub-Saharan Africa,295496,313605,141608,151924,153888,161681
   Mozambique,  Northern Africa and Western Asia,0,0,0,0,0,0
   Mozambique,  Central and Southern Asia,3683,3867,2280,2408,1403,1459
   Mozambique,  Eastern and South-Eastern Asia,0,0,0,0,0,0
   Mozambique,  Latin America and the Caribbean,0,0,0,0,0,0
   Mozambique,  Oceania (excluding Australia and New Zealand),0,0,0,0,0,0
   Mozambique,  Australia and New Zealand,0,0,0,0,0,0
   Mozambique,  Europe and Northern America,4331,4549,2778,2935,1553,1614
   Mozambique,  Developed regions,4331,4549,2778,2935,1553,1614
   Mozambique,  Less developed regions,299179,317472,143888,154332,155291,163140
   Mozambique," Less developed regions, excluding least developed countries",166850,175311,79542,84487,87308,90824
   Mozambique," Less developed regions, excluding China",299179,317472,143888,154332,155291,163140
   Mozambique,  Least developed countries,132329,142161,64346,69845,67983,72316
   Mozambique,  Land-locked Developing Countries (LLDC),170769,181567,81583,87695,89186,93872
   Mozambique,  Small island developing States (SIDS),22614,23759,10562,11224,12052,12535
   Mozambique,  High-income countries,20454,21489,10030,10648,10424,10841
   Mozambique,  Middle-income countries,207524,218043,99499,105670,108025,112373
   Mozambique, Upper-middle-income countries,19198,20171,9485,10068,9713,10103
   Mozambique, Lower-middle-income countries,188326,197872,90014,95602,98312,102270
   Mozambique,  Low-income countries,75532,82489,37137,40949,38395,41540
   Mozambique, AFRICA,295496,313605,141608,151924,153888,161681
   Mozambique,  Eastern Africa,210078,222867,100415,107696,109663,115171
   Mozambique,  Middle Africa,47164,50550,22787,24684,24377,25866
   Mozambique,  Northern Africa,0,0,0,0,0,0
   Mozambique,  Southern Africa,26663,28013,12704,13493,13959,14520
   Mozambique,  Western Africa,11591,12175,5702,6051,5889,6124
   Mozambique, ASIA,3683,3867,2280,2408,1403,1459
   Mozambique,  Central Asia,0,0,0,0,0,0
   Mozambique,  Eastern Asia,0,0,0,0,0,0
   Mozambique,  South-Eastern Asia,0,0,0,0,0,0
   Mozambique,  Southern Asia,3683,3867,2280,2408,1403,1459
   Mozambique,  Western Asia,0,0,0,0,0,0
   Mozambique, EUROPE,4331,4549,2778,2935,1553,1614
   Mozambique,  Eastern Europe,0,0,0,0,0,0
   Mozambique,  Northern Europe,0,0,0,0,0,0
   Mozambique,  Southern Europe,4331,4549,2778,2935,1553,1614
   Mozambique,  Western Europe,0,0,0,0,0,0
   Mozambique, LATIN AMERICA AND THE CARIBBEAN,0,0,0,0,0,0
   Mozambique,  Caribbean,0,0,0,0,0,0
   Mozambique,  Central America,0,0,0,0,0,0
   Mozambique,  South America,0,0,0,0,0,0
   Mozambique, NORTHERN AMERICA,0,0,0,0,0,0
   Mozambique, OCEANIA ,0,0,0,0,0,0
   Mozambique,  Australia and New Zealand,0,0,0,0,0,0
   Mozambique,  Melanesia,0,0,0,0,0,0
   Mozambique,  Micronesia,0,0,0,0,0,0
   Mozambique,  Polynesia*,0,0,0,0,0,0
   Mozambique,   Angola,37206,39092,17974,19087,19232,20005
   Mozambique,   Burundi,5954,8388,2880,4099,3074,4289
   Mozambique,   Cabo Verde,6491,6819,3310,3511,3181,3308
   Mozambique,   Democratic Republic of the Congo,9958,11458,4813,5597,5145,5861
   Mozambique,   India,2338,2455,1448,1529,890,926
   Mozambique,   Kenya,23584,24779,11174,11870,12410,12909
   Mozambique,   Lesotho,7465,7842,3219,3425,4246,4417
   Mozambique,   Malawi,59620,62643,29444,31253,30176,31390
   Mozambique,   Nigeria,5100,5356,2392,2540,2708,2816
   Mozambique,   Pakistan,1345,1412,832,879,513,533
   Mozambique,   Portugal,4331,4549,2778,2935,1553,1614
   Mozambique,   Seychelles,16123,16940,7252,7713,8871,9227
   Mozambique,   South Africa,19198,20171,9485,10068,9713,10103
   Mozambique,   Zimbabwe,92671,97379,43649,46377,49022,51002
   Mozambique,   United Republic of Tanzania*,7067,7423,3625,3843,3442,3580
   Mozambique,   Zambia,5059,5315,2391,2541,2668,2774
   Mozambique,Other,18284,16829,8844,8223,9440,8606
   Réunion*,WORLD,127209,131769,64537,66852,62672,64917
   Réunion*,  Sub-Saharan Africa,30544,31637,14501,15022,16043,16615
   Réunion*,  Northern Africa and Western Asia,0,0,0,0,0,0
   Réunion*,  Central and Southern Asia,0,0,0,0,0,0
   Réunion*,  Eastern and South-Eastern Asia,0,0,0,0,0,0
   Réunion*,  Latin America and the Caribbean,0,0,0,0,0,0
   Réunion*,  Oceania (excluding Australia and New Zealand),0,0,0,0,0,0
   Réunion*,  Australia and New Zealand,0,0,0,0,0,0
   Réunion*,  Europe and Northern America,84056,87069,46102,47756,37954,39313
   Réunion*,  Developed regions,84056,87069,46102,47756,37954,39313
   Réunion*,  Less developed regions,30544,31637,14501,15022,16043,16615
   Réunion*," Less developed regions, excluding least developed countries",11566,11980,5557,5757,6009,6223
   Réunion*," Less developed regions, excluding China",30544,31637,14501,15022,16043,16615
   Réunion*,  Least developed countries,18978,19657,8944,9265,10034,10392
   Réunion*,  Land-locked Developing Countries (LLDC),0,0,0,0,0,0
   Réunion*,  Small island developing States (SIDS),7274,7534,3429,3553,3845,3981
   Réunion*,  High-income countries,89115,92309,48486,50226,40629,42083
   Réunion*,  Middle-income countries,2215,2294,1045,1083,1170,1211
   Réunion*, Upper-middle-income countries,0,0,0,0,0,0
   Réunion*, Lower-middle-income countries,2215,2294,1045,1083,1170,1211
   Réunion*,  Low-income countries,16763,17363,7899,8182,8864,9181
   Réunion*, AFRICA,30544,31637,14501,15022,16043,16615
   Réunion*,  Eastern Africa,30544,31637,14501,15022,16043,16615
   Réunion*,  Middle Africa,0,0,0,0,0,0
   Réunion*,  Northern Africa,0,0,0,0,0,0
   Réunion*,  Southern Africa,0,0,0,0,0,0
   Réunion*,  Western Africa,0,0,0,0,0,0
   Réunion*, ASIA,0,0,0,0,0,0
   Réunion*,  Central Asia,0,0,0,0,0,0
   Réunion*,  Eastern Asia,0,0,0,0,0,0
   Réunion*,  South-Eastern Asia,0,0,0,0,0,0
   Réunion*,  Southern Asia,0,0,0,0,0,0
   Réunion*,  Western Asia,0,0,0,0,0,0
   Réunion*, EUROPE,84056,87069,46102,47756,37954,39313
   Réunion*,  Eastern Europe,0,0,0,0,0,0
   Réunion*,  Northern Europe,0,0,0,0,0,0
   Réunion*,  Southern Europe,0,0,0,0,0,0
   Réunion*,  Western Europe,84056,87069,46102,47756,37954,39313
   Réunion*, LATIN AMERICA AND THE CARIBBEAN,0,0,0,0,0,0
   Réunion*,  Caribbean,0,0,0,0,0,0
   Réunion*,  Central America,0,0,0,0,0,0
   Réunion*,  South America,0,0,0,0,0,0
   Réunion*, NORTHERN AMERICA,0,0,0,0,0,0
   Réunion*, OCEANIA ,0,0,0,0,0,0
   Réunion*,  Australia and New Zealand,0,0,0,0,0,0
   Réunion*,  Melanesia,0,0,0,0,0,0
   Réunion*,  Micronesia,0,0,0,0,0,0
   Réunion*,  Polynesia*,0,0,0,0,0,0
   Réunion*,   Comoros,2215,2294,1045,1083,1170,1211
   Réunion*,   France*,84056,87069,46102,47756,37954,39313
   Réunion*,   Madagascar,16763,17363,7899,8182,8864,9181
   Réunion*,   Mauritius*,5059,5240,2384,2470,2675,2770
   Réunion*,   Mayotte*,6507,6740,3173,3287,3334,3453
   Réunion*,Other,12609,13063,3934,4074,8675,8989
   Rwanda,WORLD,514647,513907,256327,259907,258320,254000
   Rwanda,  Sub-Saharan Africa,505797,505069,251270,254804,254527,250265
   Rwanda,  Northern Africa and Western Asia,0,0,0,0,0,0
   Rwanda,  Central and Southern Asia,0,0,0,0,0,0
   Rwanda,  Eastern and South-Eastern Asia,0,0,0,0,0,0
   Rwanda,  Latin America and the Caribbean,0,0,0,0,0,0
   Rwanda,  Oceania (excluding Australia and New Zealand),0,0,0,0,0,0
   Rwanda,  Australia and New Zealand,0,0,0,0,0,0
   Rwanda,  Europe and Northern America,0,0,0,0,0,0
   Rwanda,  Developed regions,0,0,0,0,0,0
   Rwanda,  Less developed regions,505797,505069,251270,254804,254527,250265
   Rwanda," Less developed regions, excluding least developed countries",2581,2575,1498,1511,1083,1064
   Rwanda," Less developed regions, excluding China",505797,505069,251270,254804,254527,250265
   Rwanda,  Least developed countries,503216,502494,249772,253293,253444,249201
   Rwanda,  Land-locked Developing Countries (LLDC),226696,223124,116133,114413,110563,108711
   Rwanda,  Small island developing States (SIDS),0,0,0,0,0,0
   Rwanda,  High-income countries,0,0,0,0,0,0
   Rwanda,  Middle-income countries,45357,45288,22959,23266,22398,22022
   Rwanda, Upper-middle-income countries,0,0,0,0,0,0
   Rwanda, Lower-middle-income countries,45357,45288,22959,23266,22398,22022
   Rwanda,  Low-income countries,460440,459781,228311,231538,232129,228243
   Rwanda, AFRICA,505797,505069,251270,254804,254527,250265
   Rwanda,  Eastern Africa,272053,268412,139092,137679,132961,130733
   Rwanda,  Middle Africa,233744,236657,112178,117125,121566,119532
   Rwanda,  Northern Africa,0,0,0,0,0,0
   Rwanda,  Southern Africa,0,0,0,0,0,0
   Rwanda,  Western Africa,0,0,0,0,0,0
   Rwanda, ASIA,0,0,0,0,0,0
   Rwanda,  Central Asia,0,0,0,0,0,0
   Rwanda,  Eastern Asia,0,0,0,0,0,0
   Rwanda,  South-Eastern Asia,0,0,0,0,0,0
   Rwanda,  Southern Asia,0,0,0,0,0,0
   Rwanda,  Western Asia,0,0,0,0,0,0
   Rwanda, EUROPE,0,0,0,0,0,0
   Rwanda,  Eastern Europe,0,0,0,0,0,0
   Rwanda,  Northern Europe,0,0,0,0,0,0
   Rwanda,  Southern Europe,0,0,0,0,0,0
   Rwanda,  Western Europe,0,0,0,0,0,0
   Rwanda, LATIN AMERICA AND THE CARIBBEAN,0,0,0,0,0,0
   Rwanda,  Caribbean,0,0,0,0,0,0
   Rwanda,  Central America,0,0,0,0,0,0
   Rwanda,  South America,0,0,0,0,0,0
   Rwanda, NORTHERN AMERICA,0,0,0,0,0,0
   Rwanda, OCEANIA ,0,0,0,0,0,0
   Rwanda,  Australia and New Zealand,0,0,0,0,0,0
   Rwanda,  Melanesia,0,0,0,0,0,0
   Rwanda,  Micronesia,0,0,0,0,0,0
   Rwanda,  Polynesia*,0,0,0,0,0,0
   Rwanda,   Burundi,134501,131063,68378,66047,66123,65016
   Rwanda,   Democratic Republic of the Congo,233744,236657,112178,117125,121566,119532
   Rwanda,   Kenya,2581,2575,1498,1511,1083,1064
   Rwanda,   Uganda,92195,92061,47755,48366,44440,43695
   Rwanda,   United Republic of Tanzania*,42776,42713,21461,21755,21315,20958
   Rwanda,Other,8850,8838,5057,5103,3793,3735
   Seychelles,WORLD,12791,13050,8954,9136,3837,3914
   Seychelles,  Sub-Saharan Africa,2247,2280,1465,1492,782,788
   Seychelles,  Northern Africa and Western Asia,0,0,0,0,0,0
   Seychelles,  Central and Southern Asia,7537,7697,5528,5639,2009,2058
   Seychelles,  Eastern and South-Eastern Asia,1595,1622,1197,1223,398,399
   Seychelles,  Latin America and the Caribbean,43,42,19,19,24,23
   Seychelles,  Oceania (excluding Australia and New Zealand),0,0,0,0,0,0
   Seychelles,  Australia and New Zealand,51,50,27,27,24,23
   Seychelles,  Europe and Northern America,894,902,450,461,444,441
   Seychelles,  Developed regions,945,952,477,488,468,464
   Seychelles,  Less developed regions,11422,11641,8209,8373,3213,3268
   Seychelles," Less developed regions, excluding least developed countries",10134,10335,7175,7319,2959,3016
   Seychelles," Less developed regions, excluding China",10912,11122,7760,7914,3152,3208
   Seychelles,  Least developed countries,1288,1306,1034,1054,254,252
   Seychelles,  Land-locked Developing Countries (LLDC),203,204,169,172,34,32
   Seychelles,  Small island developing States (SIDS),635,643,454,462,181,181
   Seychelles,  High-income countries,1403,1419,848,865,555,554
   Seychelles,  Middle-income countries,10071,10268,7135,7280,2936,2988
   Seychelles, Upper-middle-income countries,1322,1338,909,928,413,410
   Seychelles, Lower-middle-income countries,8749,8930,6226,6352,2523,2578
   Seychelles,  Low-income countries,893,906,703,716,190,190
   Seychelles, AFRICA,2247,2280,1465,1492,782,788
   Seychelles,  Eastern Africa,1856,1885,1267,1291,589,594
   Seychelles,  Middle Africa,0,0,0,0,0,0
   Seychelles,  Northern Africa,0,0,0,0,0,0
   Seychelles,  Southern Africa,255,258,155,157,100,101
   Seychelles,  Western Africa,136,137,43,44,93,93
   Seychelles, ASIA,9132,9319,6725,6862,2407,2457
   Seychelles,  Central Asia,0,0,0,0,0,0
   Seychelles,  Eastern Asia,510,519,449,459,61,60
   Seychelles,  South-Eastern Asia,1085,1103,748,764,337,339
   Seychelles,  Southern Asia,7537,7697,5528,5639,2009,2058
   Seychelles,  Western Asia,0,0,0,0,0,0
   Seychelles, EUROPE,894,902,450,461,444,441
   Seychelles,  Eastern Europe,96,97,39,41,57,56
   Seychelles,  Northern Europe,290,295,156,160,134,135
   Seychelles,  Southern Europe,146,146,81,83,65,63
   Seychelles,  Western Europe,362,364,174,177,188,187
   Seychelles, LATIN AMERICA AND THE CARIBBEAN,43,42,19,19,24,23
   Seychelles,  Caribbean,43,42,19,19,24,23
   Seychelles,  Central America,0,0,0,0,0,0
   Seychelles,  South America,0,0,0,0,0,0
   Seychelles, NORTHERN AMERICA,0,0,0,0,0,0
   Seychelles, OCEANIA ,51,50,27,27,24,23
   Seychelles,  Australia and New Zealand,51,50,27,27,24,23
   Seychelles,  Melanesia,0,0,0,0,0,0
   Seychelles,  Micronesia,0,0,0,0,0,0
   Seychelles,  Polynesia*,0,0,0,0,0,0
   Seychelles,   Australia*,51,50,27,27,24,23
   Seychelles,   Bangladesh,220,223,176,180,44,43
   Seychelles,   Belgium,38,37,14,14,24,23
   Seychelles,   Sri Lanka,598,609,427,436,171,173
   Seychelles,   China*,510,519,449,459,61,60
   Seychelles,   Cuba,43,42,19,19,24,23
   Seychelles,   France*,239,242,122,124,117,118
   Seychelles,   Germany,85,85,38,39,47,46
   Seychelles,   India,6482,6628,4726,4821,1756,1807
   Seychelles,   Indonesia,141,143,102,105,39,38
   Seychelles,   Italy,122,123,75,77,47,46
   Seychelles,   Kenya,409,415,154,157,255,258
   Seychelles,   Madagascar,801,816,647,660,154,156
   Seychelles,   Maldives,38,37,25,25,13,12
   Seychelles,   Mauritius*,554,564,410,418,144,146
   Seychelles,   Nepal,175,177,155,158,20,19
   Seychelles,   Nigeria,136,137,43,44,93,93
   Seychelles,   Pakistan,24,23,19,19,5,4
   Seychelles,   Philippines,705,718,526,537,179,181
   Seychelles,   Russian Federation,96,97,39,41,57,56
   Seychelles,   Somalia,64,63,42,42,22,21
   Seychelles,   South Africa,255,258,155,157,100,101
   Seychelles,   Spain*,24,23,6,6,18,17
   Seychelles,   Thailand,239,242,120,122,119,120
   Seychelles,   Uganda,28,27,14,14,14,13
   Seychelles,   United Kingdom*,290,295,156,160,134,135
   Seychelles,Other,424,457,268,275,156,182
   Somalia,WORLD,40990,58590,21584,32285,19406,26305
   Somalia,  Sub-Saharan Africa,13675,21800,6840,11575,6835,10225
   Somalia,  Northern Africa and Western Asia,5883,13285,2991,7083,2892,6202
   Somalia,  Central and Southern Asia,0,0,0,0,0,0
   Somalia,  Eastern and South-Eastern Asia,0,0,0,0,0,0
   Somalia,  Latin America and the Caribbean,0,0,0,0,0,0
   Somalia,  Oceania (excluding Australia and New Zealand),0,0,0,0,0,0
   Somalia,  Australia and New Zealand,0,0,0,0,0,0
   Somalia,  Europe and Northern America,0,0,0,0,0,0
   Somalia,  Developed regions,0,0,0,0,0,0
   Somalia,  Less developed regions,19558,35085,9831,18658,9727,16427
   Somalia," Less developed regions, excluding least developed countries",0,0,0,0,0,0
   Somalia," Less developed regions, excluding China",19558,35085,9831,18658,9727,16427
   Somalia,  Least developed countries,19558,35085,9831,18658,9727,16427
   Somalia,  Land-locked Developing Countries (LLDC),13641,21764,6821,11554,6820,10210
   Somalia,  Small island developing States (SIDS),0,0,0,0,0,0
   Somalia,  High-income countries,0,0,0,0,0,0
   Somalia,  Middle-income countries,0,0,0,0,0,0
   Somalia, Upper-middle-income countries,0,0,0,0,0,0
   Somalia, Lower-middle-income countries,0,0,0,0,0,0
   Somalia,  Low-income countries,19558,35085,9831,18658,9727,16427
   Somalia, AFRICA,13675,21800,6840,11575,6835,10225
   Somalia,  Eastern Africa,13675,21800,6840,11575,6835,10225
   Somalia,  Middle Africa,0,0,0,0,0,0
   Somalia,  Northern Africa,0,0,0,0,0,0
   Somalia,  Southern Africa,0,0,0,0,0,0
   Somalia,  Western Africa,0,0,0,0,0,0
   Somalia, ASIA,5883,13285,2991,7083,2892,6202
   Somalia,  Central Asia,0,0,0,0,0,0
   Somalia,  Eastern Asia,0,0,0,0,0,0
   Somalia,  South-Eastern Asia,0,0,0,0,0,0
   Somalia,  Southern Asia,0,0,0,0,0,0
   Somalia,  Western Asia,5883,13285,2991,7083,2892,6202
   Somalia, EUROPE,0,0,0,0,0,0
   Somalia,  Eastern Europe,0,0,0,0,0,0
   Somalia,  Northern Europe,0,0,0,0,0,0
   Somalia,  Southern Europe,0,0,0,0,0,0
   Somalia,  Western Europe,0,0,0,0,0,0
   Somalia, LATIN AMERICA AND THE CARIBBEAN,0,0,0,0,0,0
   Somalia,  Caribbean,0,0,0,0,0,0
   Somalia,  Central America,0,0,0,0,0,0
   Somalia,  South America,0,0,0,0,0,0
   Somalia, NORTHERN AMERICA,0,0,0,0,0,0
   Somalia, OCEANIA ,0,0,0,0,0,0
   Somalia,  Australia and New Zealand,0,0,0,0,0,0
   Somalia,  Melanesia,0,0,0,0,0,0
   Somalia,  Micronesia,0,0,0,0,0,0
   Somalia,  Polynesia*,0,0,0,0,0,0
   Somalia,   Ethiopia,13641,21764,6821,11554,6820,10210
   Somalia,   Eritrea,34,36,19,21,15,15
   Somalia,   Yemen,5883,13285,2991,7083,2892,6202
   Somalia,Other,21432,23505,11753,13627,9679,9878
   South Sudan,WORLD,844112,882252,430944,443405,413168,438847
   South Sudan,  Sub-Saharan Africa,272522,285136,148283,151782,124239,133354
   South Sudan,  Northern Africa and Western Asia,567679,593099,280306,289209,287373,303890
   South Sudan,  Central and Southern Asia,1414,1449,852,873,562,576
   South Sudan,  Eastern and South-Eastern Asia,0,0,0,0,0,0
   South Sudan,  Latin America and the Caribbean,0,0,0,0,0,0
   South Sudan,  Oceania (excluding Australia and New Zealand),0,0,0,0,0,0
   South Sudan,  Australia and New Zealand,0,0,0,0,0,0
   South Sudan,  Europe and Northern America,0,0,0,0,0,0
   South Sudan,  Developed regions,0,0,0,0,0,0
   South Sudan,  Less developed regions,841615,879684,429441,441864,412174,437820
   South Sudan," Less developed regions, excluding least developed countries",19807,20306,11925,12223,7882,8083
   South Sudan," Less developed regions, excluding China",841615,879684,429441,441864,412174,437820
   South Sudan,  Least developed countries,821808,859378,417516,429641,404292,429737
   South Sudan,  Land-locked Developing Countries (LLDC),168354,174326,89858,90898,78496,83428
   South Sudan,  Small island developing States (SIDS),0,0,0,0,0,0
   South Sudan,  High-income countries,0,0,0,0,0,0
   South Sudan,  Middle-income countries,19807,20306,11925,12223,7882,8083
   South Sudan, Upper-middle-income countries,153,156,86,88,67,68
   South Sudan, Lower-middle-income countries,19654,20150,11839,12135,7815,8015
   South Sudan,  Low-income countries,821808,859378,417516,429641,404292,429737
   South Sudan, AFRICA,840201,878235,428589,440991,411612,437244
   South Sudan,  Eastern Africa,171269,177315,91720,92806,79549,84509
   South Sudan,  Middle Africa,97513,103987,54310,56667,43203,47320
   South Sudan,  Northern Africa,567679,593099,280306,289209,287373,303890
   South Sudan,  Southern Africa,0,0,0,0,0,0
   South Sudan,  Western Africa,3740,3834,2253,2309,1487,1525
   South Sudan, ASIA,1414,1449,852,873,562,576
   South Sudan,  Central Asia,0,0,0,0,0,0
   South Sudan,  Eastern Asia,0,0,0,0,0,0
   South Sudan,  South-Eastern Asia,0,0,0,0,0,0
   South Sudan,  Southern Asia,1414,1449,852,873,562,576
   South Sudan,  Western Asia,0,0,0,0,0,0
   South Sudan, EUROPE,0,0,0,0,0,0
   South Sudan,  Eastern Europe,0,0,0,0,0,0
   South Sudan,  Northern Europe,0,0,0,0,0,0
   South Sudan,  Southern Europe,0,0,0,0,0,0
   South Sudan,  Western Europe,0,0,0,0,0,0
   South Sudan, LATIN AMERICA AND THE CARIBBEAN,0,0,0,0,0,0
   South Sudan,  Caribbean,0,0,0,0,0,0
   South Sudan,  Central America,0,0,0,0,0,0
   South Sudan,  South America,0,0,0,0,0,0
   South Sudan, NORTHERN AMERICA,0,0,0,0,0,0
   South Sudan, OCEANIA ,0,0,0,0,0,0
   South Sudan,  Australia and New Zealand,0,0,0,0,0,0
   South Sudan,  Melanesia,0,0,0,0,0,0
   South Sudan,  Micronesia,0,0,0,0,0,0
   South Sudan,  Polynesia*,0,0,0,0,0,0
   South Sudan,   Central African Republic,4574,4690,2650,2717,1924,1973
   South Sudan,   Chad,5184,5315,3122,3200,2062,2115
   South Sudan,   Democratic Republic of the Congo,87755,93982,48538,50750,39217,43232
   South Sudan,   Egypt,5145,5275,3099,3177,2046,2098
   South Sudan,   Eritrea,3318,3402,1999,2049,1319,1353
   South Sudan,   Ethiopia,12786,13110,6784,6953,6002,6157
   South Sudan,   India,1414,1449,852,873,562,576
   South Sudan,   Kenya,9558,9800,5757,5901,3801,3899
   South Sudan,   Libya,153,156,86,88,67,68
   South Sudan,   Mali,203,208,122,125,81,83
   South Sudan,   Nigeria,3537,3626,2131,2184,1406,1442
   South Sudan,   Sudan,562381,587668,277121,285944,285260,301724
   South Sudan,   Uganda,145607,151003,77180,77903,68427,73100
   South Sudan,Other,2497,2568,1503,1541,994,1027
   Uganda,WORLD,851175,1720313,415845,827664,435330,892649
   Uganda,  Sub-Saharan Africa,772560,1646637,378851,793254,393709,853383
   Uganda,  Northern Africa and Western Asia,66853,62670,30213,28093,36640,34577
   Uganda,  Central and Southern Asia,4650,4389,2875,2693,1775,1696
   Uganda,  Eastern and South-Eastern Asia,834,775,478,444,356,331
   Uganda,  Latin America and the Caribbean,16,15,15,15,1,0
   Uganda,  Oceania (excluding Australia and New Zealand),0,0,0,0,0,0
   Uganda,  Australia and New Zealand,0,0,0,0,0,0
   Uganda,  Europe and Northern America,3746,3489,2059,1910,1687,1579
   Uganda,  Developed regions,3929,3659,2178,2021,1751,1638
   Uganda,  Less developed regions,844730,1714316,412313,824388,432417,889928
   Uganda," Less developed regions, excluding least developed countries",43506,39188,19553,17406,23953,21782
   Uganda," Less developed regions, excluding China",844364,1713975,412082,824173,432282,889802
   Uganda,  Least developed countries,801224,1675128,392760,806982,408464,868146
   Uganda,  Land-locked Developing Countries (LLDC),381614,1141781,191559,555663,190055,586118
   Uganda,  Small island developing States (SIDS),16,15,15,15,1,0
   Uganda,  High-income countries,3811,3549,2095,1945,1716,1604
   Uganda,  Middle-income countries,65541,59737,30187,27248,35354,32489
   Uganda, Upper-middle-income countries,654,609,357,332,297,277
   Uganda, Lower-middle-income countries,64887,59128,29830,26916,35057,32212
   Uganda,  Low-income countries,779307,1654689,382209,797216,397098,857473
   Uganda, AFRICA,839413,1709307,409064,821347,430349,887960
   Uganda,  Eastern Africa,486284,1248943,240626,605256,245658,643687
   Uganda,  Middle Africa,286214,397638,138217,187992,147997,209646
   Uganda,  Northern Africa,66853,62670,30213,28093,36640,34577
   Uganda,  Southern Africa,0,0,0,0,0,0
   Uganda,  Western Africa,62,56,8,6,54,50
   Uganda, ASIA,5484,5164,3353,3137,2131,2027
   Uganda,  Central Asia,0,0,0,0,0,0
   Uganda,  Eastern Asia,834,775,478,444,356,331
   Uganda,  South-Eastern Asia,0,0,0,0,0,0
   Uganda,  Southern Asia,4650,4389,2875,2693,1775,1696
   Uganda,  Western Asia,0,0,0,0,0,0
   Uganda, EUROPE,2648,2462,1500,1393,1148,1069
   Uganda,  Eastern Europe,280,260,111,102,169,158
   Uganda,  Northern Europe,1258,1170,673,623,585,547
   Uganda,  Southern Europe,450,418,362,338,88,80
   Uganda,  Western Europe,660,614,354,330,306,284
   Uganda, LATIN AMERICA AND THE CARIBBEAN,16,15,15,15,1,0
   Uganda,  Caribbean,16,15,15,15,1,0
   Uganda,  Central America,0,0,0,0,0,0
   Uganda,  South America,0,0,0,0,0,0
   Uganda, NORTHERN AMERICA,1098,1027,559,517,539,510
   Uganda, OCEANIA ,0,0,0,0,0,0
   Uganda,  Australia and New Zealand,0,0,0,0,0,0
   Uganda,  Melanesia,0,0,0,0,0,0
   Uganda,  Micronesia,0,0,0,0,0,0
   Uganda,  Polynesia*,0,0,0,0,0,0
   Uganda,   Algeria,0,0,0,0,0,0
   Uganda,   Bangladesh,126,117,18,16,108,101
   Uganda,   Belgium,38,35,19,18,19,17
   Uganda,   Burundi,44379,50652,23154,25675,21225,24977
   Uganda,   Canada,239,221,134,124,105,97
   Uganda,   China*,366,341,231,215,135,126
   Uganda,   Democratic Republic of the Congo,286214,397638,138217,187992,147997,209646
   Uganda,   Cuba,16,15,15,15,1,0
   Uganda,   Denmark*,154,143,74,69,80,74
   Uganda,   Ethiopia,2507,3009,1248,1458,1259,1551
   Uganda,   Eritrea,9250,14499,4598,7010,4652,7489
   Uganda,   France*,222,207,136,127,86,80
   Uganda,   Gambia,0,0,0,0,0,0
   Uganda,   Germany,209,194,107,99,102,95
   Uganda,   Ghana,0,0,0,0,0,0
   Uganda,   Greece,35,32,16,15,19,17
   Uganda,   Hungary,8,7,0,0,8,7
   Uganda,   India,3520,3277,2202,2043,1318,1234
   Uganda,   Italy,362,337,329,307,33,30
   Uganda,   Côte d'Ivoire,56,52,2,2,54,50
   Uganda,   Japan,183,170,119,111,64,59
   Uganda,   Kenya,38254,34241,16315,14376,21939,19865
   Uganda,   Dem. People's Republic of Korea,131,121,100,92,31,29
   Uganda,   Republic of Korea,154,143,28,26,126,117
   Uganda,   Libya,0,0,0,0,0,0
   Uganda,   Malawi,6,5,5,5,1,0
   Uganda,   Mauritania,0,0,0,0,0,0
   Uganda,   Mozambique,26,24,14,13,12,11
   Uganda,   Netherlands*,191,178,92,86,99,92
   Uganda,   Nigeria,3,2,3,2,0,0
   Uganda,   Norway*,7,6,7,6,0,0
   Uganda,   Pakistan,1004,995,655,634,349,361
   Uganda,   Russian Federation,272,253,111,102,161,151
   Uganda,   Rwanda,72393,65676,35609,31945,36784,33731
   Uganda,   Senegal,0,0,0,0,0,0
   Uganda,   Somalia,35224,37960,17511,18356,17713,19604
   Uganda,   Zimbabwe,2,1,2,1,0,0
   Uganda,   Spain*,53,49,17,16,36,33
   Uganda,   South Sudan,262321,1022433,131537,496575,130784,525858
   Uganda,   Sudan,66853,62670,30213,28093,36640,34577
   Uganda,   Sweden,25,23,25,23,0,0
   Uganda,   Togo,3,2,3,2,0,0
   Uganda,   Egypt,0,0,0,0,0,0
   Uganda,   United Kingdom*,1072,998,567,525,505,473
   Uganda,   United Republic of Tanzania*,21916,20438,10629,9838,11287,10600
   Uganda,   United States of America*,859,806,425,393,434,413
   Uganda,   Zambia,6,5,4,4,2,1
   Uganda,Other,2516,2338,1354,1255,1162,1083
   United Republic of Tanzania*,WORLD,384567,426017,190617,213007,193950,213010
   United Republic of Tanzania*,  Sub-Saharan Africa,330630,378188,162933,188435,167697,189753
   United Republic of Tanzania*,  Northern Africa and Western Asia,0,0,0,0,0,0
   United Republic of Tanzania*,  Central and Southern Asia,8678,7730,4982,4420,3696,3310
   United Republic of Tanzania*,  Eastern and South-Eastern Asia,0,0,0,0,0,0
   United Republic of Tanzania*,  Latin America and the Caribbean,0,0,0,0,0,0
   United Republic of Tanzania*,  Oceania (excluding Australia and New Zealand),0,0,0,0,0,0
   United Republic of Tanzania*,  Australia and New Zealand,0,0,0,0,0,0
   United Republic of Tanzania*,  Europe and Northern America,4188,3726,2096,1856,2092,1870
   United Republic of Tanzania*,  Developed regions,4188,3726,2096,1856,2092,1870
   United Republic of Tanzania*,  Less developed regions,339308,385918,167915,192855,171393,193063
   United Republic of Tanzania*," Less developed regions, excluding least developed countries",63945,56960,30804,27271,33141,29689
   United Republic of Tanzania*," Less developed regions, excluding China",339308,385918,167915,192855,171393,193063
   United Republic of Tanzania*,  Least developed countries,275363,328958,137111,165584,138252,163374
   United Republic of Tanzania*,  Land-locked Developing Countries (LLDC),197473,241841,99171,123505,98302,118336
   United Republic of Tanzania*,  Small island developing States (SIDS),1162,1035,722,634,440,401
   United Republic of Tanzania*,  High-income countries,4754,4228,2458,2168,2296,2060
   United Republic of Tanzania*,  Middle-income countries,73946,65875,35888,31791,38058,34084
   United Republic of Tanzania*, Upper-middle-income countries,1497,1331,925,822,572,509
   United Republic of Tanzania*, Lower-middle-income countries,72449,64544,34963,30969,37486,33575
   United Republic of Tanzania*,  Low-income countries,264796,319541,131665,160752,133131,158789
   United Republic of Tanzania*, AFRICA,330630,378188,162933,188435,167697,189753
   United Republic of Tanzania*,  Eastern Africa,243122,282510,120311,142204,122811,140306
   United Republic of Tanzania*,  Middle Africa,85774,94138,41565,45289,44209,48849
   United Republic of Tanzania*,  Northern Africa,0,0,0,0,0,0
   United Republic of Tanzania*,  Southern Africa,1734,1540,1057,942,677,598
   United Republic of Tanzania*,  Western Africa,0,0,0,0,0,0
   United Republic of Tanzania*, ASIA,8678,7730,4982,4420,3696,3310
   United Republic of Tanzania*,  Central Asia,0,0,0,0,0,0
   United Republic of Tanzania*,  Eastern Asia,0,0,0,0,0,0
   United Republic of Tanzania*,  South-Eastern Asia,0,0,0,0,0,0
   United Republic of Tanzania*,  Southern Asia,8678,7730,4982,4420,3696,3310
   United Republic of Tanzania*,  Western Asia,0,0,0,0,0,0
   United Republic of Tanzania*, EUROPE,2603,2316,1254,1110,1349,1206
   United Republic of Tanzania*,  Eastern Europe,0,0,0,0,0,0
   United Republic of Tanzania*,  Northern Europe,1061,944,448,396,613,548
   United Republic of Tanzania*,  Southern Europe,575,511,333,295,242,216
   United Republic of Tanzania*,  Western Europe,967,861,473,419,494,442
   United Republic of Tanzania*, LATIN AMERICA AND THE CARIBBEAN,0,0,0,0,0,0
   United Republic of Tanzania*,  Caribbean,0,0,0,0,0,0
   United Republic of Tanzania*,  Central America,0,0,0,0,0,0
   United Republic of Tanzania*,  South America,0,0,0,0,0,0
   United Republic of Tanzania*, NORTHERN AMERICA,1585,1410,842,746,743,664
   United Republic of Tanzania*, OCEANIA ,0,0,0,0,0,0
   United Republic of Tanzania*,  Australia and New Zealand,0,0,0,0,0,0
   United Republic of Tanzania*,  Melanesia,0,0,0,0,0,0
   United Republic of Tanzania*,  Micronesia,0,0,0,0,0,0
   United Republic of Tanzania*,  Polynesia*,0,0,0,0,0,0
   United Republic of Tanzania*,   Angola,1249,1115,751,669,498,446
   United Republic of Tanzania*,   Botswana,141,125,99,89,42,36
   United Republic of Tanzania*,   Burundi,175325,222115,87663,113303,87662,108812
   United Republic of Tanzania*,   Canada,294,261,178,158,116,103
   United Republic of Tanzania*,   Comoros,596,533,360,322,236,211
   United Republic of Tanzania*,   Congo,25017,22287,12399,10983,12618,11304
   United Republic of Tanzania*,   Democratic Republic of the Congo,59508,70736,28415,33637,31093,37099
   United Republic of Tanzania*,   Germany,967,861,473,419,494,442
   United Republic of Tanzania*,   India,8010,7135,4583,4065,3427,3070
   United Republic of Tanzania*,   Italy,575,511,333,295,242,216
   United Republic of Tanzania*,   Kenya,27247,24274,11734,10376,15513,13898
   United Republic of Tanzania*,   Lesotho,149,132,74,66,75,66
   United Republic of Tanzania*,   Malawi,6907,6153,3751,3326,3156,2827
   United Republic of Tanzania*,   Mauritius*,192,170,104,92,88,78
   United Republic of Tanzania*,   Mozambique,14651,13052,7363,6523,7288,6529
   United Republic of Tanzania*,   Namibia,644,573,393,349,251,224
   United Republic of Tanzania*,   Pakistan,668,595,399,355,269,240
   United Republic of Tanzania*,   Rwanda,581,517,379,335,202,182
   United Republic of Tanzania*,   Seychelles,374,332,258,220,116,112
   United Republic of Tanzania*,   Somalia,2967,2642,1552,1375,1415,1267
   United Republic of Tanzania*,   South Africa,712,633,433,384,279,249
   United Republic of Tanzania*,   Eswatini,88,77,58,54,30,23
   United Republic of Tanzania*,   Uganda,4857,4326,2542,2253,2315,2073
   United Republic of Tanzania*,   United Kingdom*,1061,944,448,396,613,548
   United Republic of Tanzania*,   United States of America*,1291,1149,664,588,627,561
   United Republic of Tanzania*,   Zambia,8573,7637,4261,3775,4312,3862
   United Republic of Tanzania*,   Zimbabwe,852,759,344,304,508,455
   United Republic of Tanzania*,Other,41071,36373,20606,18296,20465,18077
   Zambia,WORLD,132107,187955,66651,97556,65456,90399
   Zambia,  Sub-Saharan Africa,108686,155714,53986,79702,54700,76012
   Zambia,  Northern Africa and Western Asia,144,200,91,129,53,71
   Zambia,  Central and Southern Asia,4078,5709,2211,3171,1867,2538
   Zambia,  Eastern and South-Eastern Asia,975,1364,661,938,314,426
   Zambia,  Latin America and the Caribbean,0,0,0,0,0,0
   Zambia,  Oceania (excluding Australia and New Zealand),0,0,0,0,0,0
   Zambia,  Australia and New Zealand,232,323,119,170,113,153
   Zambia,  Europe and Northern America,2450,3424,1278,1836,1172,1588
   Zambia,  Developed regions,2770,3870,1441,2070,1329,1800
   Zambia,  Less developed regions,113795,162864,56905,83876,56890,78988
   Zambia," Less developed regions, excluding least developed countries",31110,41916,15251,21214,15859,20702
   Zambia," Less developed regions, excluding China",112908,161623,56288,83002,56620,78621
   Zambia,  Least developed countries,82685,120948,41654,62662,41031,58286
   Zambia,  Land-locked Developing Countries (LLDC),36367,48414,17636,24225,18731,24189
   Zambia,  Small island developing States (SIDS),0,0,0,0,0,0
   Zambia,  High-income countries,2770,3870,1441,2070,1329,1800
   Zambia,  Middle-income countries,63825,80132,31555,40583,32270,39549
   Zambia, Upper-middle-income countries,4955,6933,2606,3743,2349,3190
   Zambia, Lower-middle-income countries,58870,73199,28949,36840,29921,36359
   Zambia,  Low-income countries,49970,82732,25350,43293,24620,39439
   Zambia, AFRICA,108830,155914,54077,79831,54753,76083
   Zambia,  Eastern Africa,41712,55897,20160,27874,21552,28023
   Zambia,  Middle Africa,61989,92844,31262,48137,30727,44707
   Zambia,  Northern Africa,144,200,91,129,53,71
   Zambia,  Southern Africa,4068,5692,1989,2869,2079,2823
   Zambia,  Western Africa,917,1281,575,822,342,459
   Zambia, ASIA,5053,7073,2872,4109,2181,2964
   Zambia,  Central Asia,0,0,0,0,0,0
   Zambia,  Eastern Asia,975,1364,661,938,314,426
   Zambia,  South-Eastern Asia,0,0,0,0,0,0
   Zambia,  Southern Asia,4078,5709,2211,3171,1867,2538
   Zambia,  Western Asia,0,0,0,0,0,0
   Zambia, EUROPE,1438,2009,754,1082,684,927
   Zambia,  Eastern Europe,0,0,0,0,0,0
   Zambia,  Northern Europe,1132,1584,597,858,535,726
   Zambia,  Southern Europe,0,0,0,0,0,0
   Zambia,  Western Europe,306,425,157,224,149,201
   Zambia, LATIN AMERICA AND THE CARIBBEAN,0,0,0,0,0,0
   Zambia,  Caribbean,0,0,0,0,0,0
   Zambia,  Central America,0,0,0,0,0,0
   Zambia,  South America,0,0,0,0,0,0
   Zambia, NORTHERN AMERICA,1012,1415,524,754,488,661
   Zambia, OCEANIA ,232,323,119,170,113,153
   Zambia,  Australia and New Zealand,232,323,119,170,113,153
   Zambia,  Melanesia,0,0,0,0,0,0
   Zambia,  Micronesia,0,0,0,0,0,0
   Zambia,  Polynesia*,0,0,0,0,0,0
   Zambia,   Angola,27864,31424,14033,16083,13831,15341
   Zambia,   Australia*,232,323,119,170,113,153
   Zambia,   Botswana,808,1130,371,537,437,593
   Zambia,   Burundi,4856,7018,2519,3734,2337,3284
   Zambia,   Cameroon,214,299,114,164,100,135
   Zambia,   Canada,176,246,83,120,93,126
   Zambia,   China*,887,1241,617,874,270,367
   Zambia,   Congo,7471,10460,3741,5390,3730,5070
   Zambia,   Democratic Republic of the Congo,26440,50661,13374,26500,13066,24161
   Zambia,   France*,61,84,25,36,36,48
   Zambia,   Germany,245,341,132,188,113,153
   Zambia,   Ghana,154,214,105,150,49,64
   Zambia,   India,4078,5709,2211,3171,1867,2538
   Zambia,   Japan,88,123,44,64,44,59
   Zambia,   Kenya,472,660,259,372,213,288
   Zambia,   Malawi,10363,13422,5115,6817,5248,6605
   Zambia,   Mali,191,267,125,179,66,88
   Zambia,   Mozambique,1146,1603,585,842,561,761
   Zambia,   Namibia,554,774,246,357,308,417
   Zambia,   Nigeria,447,625,250,358,197,267
   Zambia,   Rwanda,6573,9202,3387,4872,3186,4330
   Zambia,   Senegal,125,175,95,135,30,40
   Zambia,   South Africa,2706,3788,1372,1975,1334,1813
   Zambia,   Zimbabwe,13175,16816,5874,7737,7301,9079
   Zambia,   Uganda,401,559,245,349,156,210
   Zambia,   Egypt,144,200,91,129,53,71
   Zambia,   United Kingdom*,1132,1584,597,858,535,726
   Zambia,   United Republic of Tanzania*,4726,6617,2176,3151,2550,3466
   Zambia,   United States of America*,836,1169,441,634,395,535
   Zambia,Other,15542,21221,8305,11610,7237,9611
   Zimbabwe,WORLD,400482,416141,225653,236561,174829,179580
   Zimbabwe,  Sub-Saharan Africa,275965,286702,155508,163039,120457,123663
   Zimbabwe,  Northern Africa and Western Asia,0,0,0,0,0,0
   Zimbabwe,  Central and Southern Asia,0,0,0,0,0,0
   Zimbabwe,  Eastern and South-Eastern Asia,0,0,0,0,0,0
   Zimbabwe,  Latin America and the Caribbean,0,0,0,0,0,0
   Zimbabwe,  Oceania (excluding Australia and New Zealand),0,0,0,0,0,0
   Zimbabwe,  Australia and New Zealand,0,0,0,0,0,0
   Zimbabwe,  Europe and Northern America,12243,12705,6896,7203,5347,5502
   Zimbabwe,  Developed regions,12243,12705,6896,7203,5347,5502
   Zimbabwe,  Less developed regions,275965,286702,155508,163039,120457,123663
   Zimbabwe," Less developed regions, excluding least developed countries",22738,23596,12813,13403,9925,10193
   Zimbabwe," Less developed regions, excluding China",275965,286702,155508,163039,120457,123663
   Zimbabwe,  Least developed countries,253227,263106,142695,149636,110532,113470
   Zimbabwe,  Land-locked Developing Countries (LLDC),138510,144048,78119,81992,60391,62056
   Zimbabwe,  Small island developing States (SIDS),0,0,0,0,0,0
   Zimbabwe,  High-income countries,12243,12705,6896,7203,5347,5502
   Zimbabwe,  Middle-income countries,53276,55288,29918,31372,23358,23916
   Zimbabwe, Upper-middle-income countries,22738,23596,12813,13403,9925,10193
   Zimbabwe, Lower-middle-income countries,30538,31692,17105,17969,13433,13723
   Zimbabwe,  Low-income countries,222689,231414,125590,131667,97099,99747
   Zimbabwe, AFRICA,275965,286702,155508,163039,120457,123663
   Zimbabwe,  Eastern Africa,253227,263106,142695,149636,110532,113470
   Zimbabwe,  Middle Africa,0,0,0,0,0,0
   Zimbabwe,  Northern Africa,0,0,0,0,0,0
   Zimbabwe,  Southern Africa,22738,23596,12813,13403,9925,10193
   Zimbabwe,  Western Africa,0,0,0,0,0,0
   Zimbabwe, ASIA,0,0,0,0,0,0
   Zimbabwe,  Central Asia,0,0,0,0,0,0
   Zimbabwe,  Eastern Asia,0,0,0,0,0,0
   Zimbabwe,  South-Eastern Asia,0,0,0,0,0,0
   Zimbabwe,  Southern Asia,0,0,0,0,0,0
   Zimbabwe,  Western Asia,0,0,0,0,0,0
   Zimbabwe, EUROPE,12243,12705,6896,7203,5347,5502
   Zimbabwe,  Eastern Europe,0,0,0,0,0,0
   Zimbabwe,  Northern Europe,12243,12705,6896,7203,5347,5502
   Zimbabwe,  Southern Europe,0,0,0,0,0,0
   Zimbabwe,  Western Europe,0,0,0,0,0,0
   Zimbabwe, LATIN AMERICA AND THE CARIBBEAN,0,0,0,0,0,0
   Zimbabwe,  Caribbean,0,0,0,0,0,0
   Zimbabwe,  Central America,0,0,0,0,0,0
   Zimbabwe,  South America,0,0,0,0,0,0
   Zimbabwe, NORTHERN AMERICA,0,0,0,0,0,0
   Zimbabwe, OCEANIA ,0,0,0,0,0,0
   Zimbabwe,  Australia and New Zealand,0,0,0,0,0,0
   Zimbabwe,  Melanesia,0,0,0,0,0,0
   Zimbabwe,  Micronesia,0,0,0,0,0,0
   Zimbabwe,  Polynesia*,0,0,0,0,0,0
   Zimbabwe,   Botswana,3725,3865,2099,2193,1626,1672
   Zimbabwe,   Malawi,104247,108491,58915,61830,45332,46661
   Zimbabwe,   Mozambique,118442,122923,66675,69837,51767,53086
   Zimbabwe,   South Africa,19013,19731,10714,11210,8299,8521
   Zimbabwe,   United Kingdom*,12243,12705,6896,7203,5347,5502
   Zimbabwe,   Zambia,30538,31692,17105,17969,13433,13723
   Zimbabwe,Other,112274,116734,63249,66319,49025,50415
  Middle Africa,WORLD,3479911,3861568,1828969,2030830,1650942,1830738
  Middle Africa,  Sub-Saharan Africa,2244984,2556505,1179078,1343032,1065906,1213473
  Middle Africa,  Northern Africa and Western Asia,351848,404972,161105,183083,190743,221889
  Middle Africa,  Central and Southern Asia,0,0,0,0,0,0
  Middle Africa,  Eastern and South-Eastern Asia,1592,1641,1326,1364,266,277
  Middle Africa,  Latin America and the Caribbean,536,531,167,164,369,367
  Middle Africa,  Oceania (excluding Australia and New Zealand),0,0,0,0,0,0
  Middle Africa,  Australia and New Zealand,10,10,5,6,5,4
  Middle Africa,  Europe and Northern America,61739,65744,33630,35728,28109,30016
  Middle Africa,  Developed regions,61778,65783,33653,35753,28125,30030
  Middle Africa,  Less developed regions,2598931,2963620,1341658,1527624,1257273,1435996
  Middle Africa," Less developed regions, excluding least developed countries",405224,480825,213514,251722,191710,229103
  Middle Africa," Less developed regions, excluding China",2597691,2962359,1340566,1526516,1257125,1435843
  Middle Africa,  Least developed countries,2193707,2482795,1128144,1275902,1065563,1206893
  Middle Africa,  Land-locked Developing Countries (LLDC),1171671,1374184,608019,705027,563652,669157
  Middle Africa,  Small island developing States (SIDS),24512,26228,12188,13458,12324,12770
  Middle Africa,  High-income countries,59265,63295,32695,34818,26570,28477
  Middle Africa,  Middle-income countries,761626,842079,413532,454156,348094,387923
  Middle Africa, Upper-middle-income countries,105640,115229,59375,64872,46265,50357
  Middle Africa, Lower-middle-income countries,655986,726850,354157,389284,301829,337566
  Middle Africa,  Low-income countries,1839818,2124029,929084,1074403,910734,1049626
  Middle Africa, AFRICA,2593326,2957755,1337720,1523487,1255606,1434268
  Middle Africa,  Eastern Africa,355514,436882,171636,210433,183878,226449
  Middle Africa,  Middle Africa,1425332,1570589,733385,810637,691947,759952
  Middle Africa,  Northern Africa,348342,401250,158642,180455,189700,220795
  Middle Africa,  Southern Africa,6820,7249,3196,3564,3624,3685
  Middle Africa,  Western Africa,457318,541785,270861,318398,186457,223387
  Middle Africa, ASIA,5098,5363,3789,3992,1309,1371
  Middle Africa,  Central Asia,0,0,0,0,0,0
  Middle Africa,  Eastern Asia,1592,1641,1326,1364,266,277
  Middle Africa,  South-Eastern Asia,0,0,0,0,0,0
  Middle Africa,  Southern Asia,0,0,0,0,0,0
  Middle Africa,  Western Asia,3506,3722,2463,2628,1043,1094
  Middle Africa, EUROPE,59074,62806,32020,33966,27054,28840
  Middle Africa,  Eastern Europe,2712,2701,1092,1080,1620,1621
  Middle Africa,  Northern Europe,279,318,149,174,130,144
  Middle Africa,  Southern Europe,9513,9287,5052,4939,4461,4348
  Middle Africa,  Western Europe,46570,50500,25727,27773,20843,22727
  Middle Africa, LATIN AMERICA AND THE CARIBBEAN,536,531,167,164,369,367
  Middle Africa,  Caribbean,536,531,167,164,369,367
  Middle Africa,  Central America,0,0,0,0,0,0
  Middle Africa,  South America,0,0,0,0,0,0
  Middle Africa, NORTHERN AMERICA,2665,2938,1610,1762,1055,1176
  Middle Africa, OCEANIA ,10,10,5,6,5,4
  Middle Africa,  Australia and New Zealand,10,10,5,6,5,4
  Middle Africa,  Melanesia,0,0,0,0,0,0
  Middle Africa,  Micronesia,0,0,0,0,0,0
  Middle Africa,  Polynesia*,0,0,0,0,0,0
  Middle Africa,   Burundi,38530,59311,16117,26009,22413,33302
  Middle Africa,   Comoros,0,0,0,0,0,0
  Middle Africa,   Djibouti,0,0,0,0,0,0
  Middle Africa,   Eritrea,0,0,0,0,0,0
  Middle Africa,   Ethiopia,0,0,0,0,0,0
  Middle Africa,   Kenya,0,0,0,0,0,0
  Middle Africa,   Madagascar,0,0,0,0,0,0
  Middle Africa,   Malawi,0,0,0,0,0,0
  Middle Africa,   Mauritius*,0,0,0,0,0,0
  Middle Africa,   Mayotte*,0,0,0,0,0,0
  Middle Africa,   Mozambique,351,350,207,208,144,142
  Middle Africa,   Réunion*,0,0,0,0,0,0
  Middle Africa,   Rwanda,301632,277757,151781,140040,149851,137717
  Middle Africa,   Seychelles,0,0,0,0,0,0
  Middle Africa,   Somalia,0,0,0,0,0,0
  Middle Africa,   South Sudan,8596,93207,2317,43057,6279,50150
  Middle Africa,   Uganda,6115,5950,1114,1003,5001,4947
  Middle Africa,   United Republic of Tanzania*,0,0,0,0,0,0
  Middle Africa,   Zambia,290,307,100,116,190,191
  Middle Africa,   Zimbabwe,0,0,0,0,0,0
  Middle Africa,   Angola,227116,222403,116300,112337,110816,110066
  Middle Africa,   Cameroon,89069,98723,48075,52803,40994,45920
  Middle Africa,   Central African Republic,645000,760417,327333,381233,317667,379184
  Middle Africa,   Chad,58722,55386,33269,31627,25453,23759
  Middle Africa,   Congo,26132,28116,11550,12582,14582,15534
  Middle Africa,   Democratic Republic of the Congo,275765,291974,138832,156282,136933,135692
  Middle Africa,   Equatorial Guinea,84519,93021,48294,53074,36225,39947
  Middle Africa,   Gabon,5058,5287,2504,2601,2554,2686
  Middle Africa,   Sao Tome and Principe,13951,15262,7228,8098,6723,7164
  Middle Africa,   Algeria,100,108,65,72,35,36
  Middle Africa,   Egypt,38,39,17,17,21,22
  Middle Africa,   Libya,1297,1504,597,685,700,819
  Middle Africa,   Morocco,653,717,377,415,276,302
  Middle Africa,   Sudan,346050,398659,157458,179125,188592,219534
  Middle Africa,   Tunisia,204,223,128,141,76,82
  Middle Africa,   Western Sahara,0,0,0,0,0,0
  Middle Africa,   Botswana,0,0,0,0,0,0
  Middle Africa,   Eswatini,0,0,0,0,0,0
  Middle Africa,   Lesotho,0,0,0,0,0,0
  Middle Africa,   Namibia,839,890,392,437,447,453
  Middle Africa,   South Africa,5981,6359,2804,3127,3177,3232
  Middle Africa,   Benin,65276,70349,37325,40228,27951,30121
  Middle Africa,   Burkina Faso,6386,7024,4271,4696,2115,2328
  Middle Africa,   Cabo Verde,10025,10435,4793,5196,5232,5239
  Middle Africa,   Côte d'Ivoire,9547,16052,5672,9912,3875,6140
  Middle Africa,   Gambia,0,0,0,0,0,0
  Middle Africa,   Ghana,5811,6392,5099,5609,712,783
  Middle Africa,   Guinea,18375,28472,9363,17057,9012,11415
  Middle Africa,   Guinea-Bissau,0,0,0,0,0,0
  Middle Africa,   Liberia,4255,4956,1843,2150,2412,2806
  Middle Africa,   Mali,92805,99003,63716,67950,29089,31053
  Middle Africa,   Mauritania,3149,3127,2426,2406,723,721
  Middle Africa,   Niger,13595,15822,8001,9296,5594,6526
  Middle Africa,   Nigeria,160346,207094,79209,100914,81137,106180
  Middle Africa,   Saint Helena*,0,0,0,0,0,0
  Middle Africa,   Senegal,44279,47503,35793,38438,8486,9065
  Middle Africa,   Sierra Leone,0,0,0,0,0,0
  Middle Africa,   Togo,23469,25556,13350,14546,10119,11010
  Middle Africa,   Kazakhstan,0,0,0,0,0,0
  Middle Africa,   Kyrgyzstan,0,0,0,0,0,0
  Middle Africa,   Tajikistan,0,0,0,0,0,0
  Middle Africa,   Turkmenistan,0,0,0,0,0,0
  Middle Africa,   Uzbekistan,0,0,0,0,0,0
  Middle Africa,   China*,1240,1261,1092,1108,148,153
  Middle Africa,"   China, Hong Kong SAR*",0,0,0,0,0,0
  Middle Africa,"   China, Macao SAR*",0,0,0,0,0,0
  Middle Africa,"   China, Taiwan Province of China*",0,0,0,0,0,0
  Middle Africa,   Dem. People's Republic of Korea,146,158,96,106,50,52
  Middle Africa,   Japan,29,29,18,19,11,10
  Middle Africa,   Mongolia,0,0,0,0,0,0
  Middle Africa,   Republic of Korea,177,193,120,131,57,62
  Middle Africa,   Brunei Darussalam,0,0,0,0,0,0
  Middle Africa,   Cambodia,0,0,0,0,0,0
  Middle Africa,   Indonesia,0,0,0,0,0,0
  Middle Africa,   Lao People's Democratic Republic,0,0,0,0,0,0
  Middle Africa,   Malaysia*,0,0,0,0,0,0
  Middle Africa,   Myanmar,0,0,0,0,0,0
  Middle Africa,   Philippines,0,0,0,0,0,0
  Middle Africa,   Singapore,0,0,0,0,0,0
  Middle Africa,   Thailand,0,0,0,0,0,0
  Middle Africa,   Timor-Leste,0,0,0,0,0,0
  Middle Africa,   Viet Nam,0,0,0,0,0,0
  Middle Africa,   Afghanistan,0,0,0,0,0,0
  Middle Africa,   Bangladesh,0,0,0,0,0,0
  Middle Africa,   Bhutan,0,0,0,0,0,0
  Middle Africa,   India,0,0,0,0,0,0
  Middle Africa,   Iran (Islamic Republic of),0,0,0,0,0,0
  Middle Africa,   Maldives,0,0,0,0,0,0
  Middle Africa,   Nepal,0,0,0,0,0,0
  Middle Africa,   Pakistan,0,0,0,0,0,0
  Middle Africa,   Sri Lanka,0,0,0,0,0,0
  Middle Africa,   Armenia,0,0,0,0,0,0
  Middle Africa,   Azerbaijan*,0,0,0,0,0,0
  Middle Africa,   Bahrain,0,0,0,0,0,0
  Middle Africa,   Cyprus*,7,6,3,3,4,3
  Middle Africa,   Georgia*,0,0,0,0,0,0
  Middle Africa,   Iraq,0,0,0,0,0,0
  Middle Africa,   Israel,15,14,11,11,4,3
  Middle Africa,   Jordan,0,0,0,0,0,0
  Middle Africa,   Kuwait,0,0,0,0,0,0
  Middle Africa,   Lebanon,3451,3669,2431,2594,1020,1075
  Middle Africa,   Oman,0,0,0,0,0,0
  Middle Africa,   Qatar,0,0,0,0,0,0
  Middle Africa,   Saudi Arabia,0,0,0,0,0,0
  Middle Africa,   State of Palestine*,0,0,0,0,0,0
  Middle Africa,   Syrian Arab Republic,26,27,16,18,10,9
  Middle Africa,   Turkey,7,6,2,2,5,4
  Middle Africa,   United Arab Emirates,0,0,0,0,0,0
  Middle Africa,   Yemen,0,0,0,0,0,0
  Middle Africa,   Belarus,0,0,0,0,0,0
  Middle Africa,   Bulgaria,0,0,0,0,0,0
  Middle Africa,   Czechia,0,0,0,0,0,0
  Middle Africa,   Hungary,0,0,0,0,0,0
  Middle Africa,   Poland,0,0,0,0,0,0
  Middle Africa,   Republic of Moldova*,0,0,0,0,0,0
  Middle Africa,   Romania,0,0,0,0,0,0
  Middle Africa,   Russian Federation,2712,2701,1092,1080,1620,1621
  Middle Africa,   Slovakia,0,0,0,0,0,0
  Middle Africa,   Ukraine*,0,0,0,0,0,0
  Middle Africa,   Channel Islands*,0,0,0,0,0,0
  Middle Africa,   Denmark*,2,1,0,0,2,1
  Middle Africa,   Estonia,0,0,0,0,0,0
  Middle Africa,   Faroe Islands*,0,0,0,0,0,0
  Middle Africa,   Finland*,0,0,0,0,0,0
  Middle Africa,   Iceland,0,0,0,0,0,0
  Middle Africa,   Ireland,10,10,4,5,6,5
  Middle Africa,   Isle of Man*,0,0,0,0,0,0
  Middle Africa,   Latvia,0,0,0,0,0,0
  Middle Africa,   Lithuania,0,0,0,0,0,0
  Middle Africa,   Norway*,0,0,0,0,0,0
  Middle Africa,   Sweden,12,12,6,7,6,5
  Middle Africa,   United Kingdom*,255,295,139,162,116,133
  Middle Africa,   Albania,0,0,0,0,0,0
  Middle Africa,   Andorra,0,0,0,0,0,0
  Middle Africa,   Bosnia and Herzegovina,0,0,0,0,0,0
  Middle Africa,   Croatia,0,0,0,0,0,0
  Middle Africa,   Gibraltar*,0,0,0,0,0,0
  Middle Africa,   Greece,191,220,121,140,70,80
  Middle Africa,   Holy See*,0,0,0,0,0,0
  Middle Africa,   Italy,574,660,312,360,262,300
  Middle Africa,   Malta,0,0,0,0,0,0
  Middle Africa,   Montenegro,0,0,0,0,0,0
  Middle Africa,   North Macedonia,0,0,0,0,0,0
  Middle Africa,   Portugal,7426,6827,3830,3495,3596,3332
  Middle Africa,   San Marino,0,0,0,0,0,0
  Middle Africa,   Serbia*,0,0,0,0,0,0
  Middle Africa,   Slovenia,43,44,24,24,19,20
  Middle Africa,   Spain*,1279,1536,765,920,514,616
  Middle Africa,   Austria,21,22,14,16,7,6
  Middle Africa,   Belgium,457,501,285,314,172,187
  Middle Africa,   France*,44802,48606,24797,26769,20005,21837
  Middle Africa,   Germany,953,1000,457,480,496,520
  Middle Africa,   Liechtenstein,0,0,0,0,0,0
  Middle Africa,   Luxembourg,0,0,0,0,0,0
  Middle Africa,   Monaco,0,0,0,0,0,0
  Middle Africa,   Netherlands*,192,218,106,122,86,96
  Middle Africa,   Switzerland,145,153,68,72,77,81
  Middle Africa,   Anguilla*,0,0,0,0,0,0
  Middle Africa,   Antigua and Barbuda,0,0,0,0,0,0
  Middle Africa,   Aruba*,0,0,0,0,0,0
  Middle Africa,   Bahamas,0,0,0,0,0,0
  Middle Africa,   Barbados,0,0,0,0,0,0
  Middle Africa,"   Bonaire, Sint Eustatius and Saba*",0,0,0,0,0,0
  Middle Africa,   British Virgin Islands*,0,0,0,0,0,0
  Middle Africa,   Cayman Islands*,0,0,0,0,0,0
  Middle Africa,   Cuba,536,531,167,164,369,367
  Middle Africa,   Curaçao*,0,0,0,0,0,0
  Middle Africa,   Dominica,0,0,0,0,0,0
  Middle Africa,   Dominican Republic,0,0,0,0,0,0
  Middle Africa,   Grenada,0,0,0,0,0,0
  Middle Africa,   Guadeloupe*,0,0,0,0,0,0
  Middle Africa,   Haiti,0,0,0,0,0,0
  Middle Africa,   Jamaica,0,0,0,0,0,0
  Middle Africa,   Martinique*,0,0,0,0,0,0
  Middle Africa,   Montserrat*,0,0,0,0,0,0
  Middle Africa,   Puerto Rico*,0,0,0,0,0,0
  Middle Africa,   Saint Barthélemy*,0,0,0,0,0,0
  Middle Africa,   Saint Kitts and Nevis,0,0,0,0,0,0
  Middle Africa,   Saint Lucia,0,0,0,0,0,0
  Middle Africa,   Saint Martin (French part)*,0,0,0,0,0,0
  Middle Africa,   Saint Vincent and the Grenadines,0,0,0,0,0,0
  Middle Africa,   Sint Maarten (Dutch part)*,0,0,0,0,0,0
  Middle Africa,   Trinidad and Tobago,0,0,0,0,0,0
  Middle Africa,   Turks and Caicos Islands*,0,0,0,0,0,0
  Middle Africa,   United States Virgin Islands*,0,0,0,0,0,0
  Middle Africa,   Belize,0,0,0,0,0,0
  Middle Africa,   Costa Rica,0,0,0,0,0,0
  Middle Africa,   El Salvador,0,0,0,0,0,0
  Middle Africa,   Guatemala,0,0,0,0,0,0
  Middle Africa,   Honduras,0,0,0,0,0,0
  Middle Africa,   Mexico,0,0,0,0,0,0
  Middle Africa,   Nicaragua,0,0,0,0,0,0
  Middle Africa,   Panama,0,0,0,0,0,0
  Middle Africa,   Argentina,0,0,0,0,0,0
  Middle Africa,   Bolivia (Plurinational State of),0,0,0,0,0,0
  Middle Africa,   Brazil,0,0,0,0,0,0
  Middle Africa,   Chile,0,0,0,0,0,0
  Middle Africa,   Colombia,0,0,0,0,0,0
  Middle Africa,   Ecuador,0,0,0,0,0,0
  Middle Africa,   Falkland Islands (Malvinas)*,0,0,0,0,0,0
  Middle Africa,   French Guiana*,0,0,0,0,0,0
  Middle Africa,   Guyana,0,0,0,0,0,0
  Middle Africa,   Paraguay,0,0,0,0,0,0
  Middle Africa,   Peru,0,0,0,0,0,0
  Middle Africa,   Suriname,0,0,0,0,0,0
  Middle Africa,   Uruguay,0,0,0,0,0,0
  Middle Africa,   Venezuela (Bolivarian Republic of),0,0,0,0,0,0
  Middle Africa,   Bermuda*,0,0,0,0,0,0
  Middle Africa,   Canada,630,693,342,376,288,317
  Middle Africa,   Greenland*,0,0,0,0,0,0
  Middle Africa,   Saint Pierre and Miquelon*,0,0,0,0,0,0
  Middle Africa,   United States of America*,2035,2245,1268,1386,767,859
  Middle Africa,   Australia*,10,10,5,6,5,4
  Middle Africa,   New Zealand*,0,0,0,0,0,0
  Middle Africa,   Fiji,0,0,0,0,0,0
  Middle Africa,   New Caledonia*,0,0,0,0,0,0
  Middle Africa,   Papua New Guinea,0,0,0,0,0,0
  Middle Africa,   Solomon Islands,0,0,0,0,0,0
  Middle Africa,   Vanuatu,0,0,0,0,0,0
  Middle Africa,   Guam*,0,0,0,0,0,0
  Middle Africa,   Kiribati,0,0,0,0,0,0
  Middle Africa,   Marshall Islands,0,0,0,0,0,0
  Middle Africa,   Micronesia (Fed. States of),0,0,0,0,0,0
  Middle Africa,   Nauru,0,0,0,0,0,0
  Middle Africa,   Northern Mariana Islands*,0,0,0,0,0,0
  Middle Africa,   Palau,0,0,0,0,0,0
  Middle Africa,   American Samoa*,0,0,0,0,0,0
  Middle Africa,   Cook Islands*,0,0,0,0,0,0
  Middle Africa,   French Polynesia*,0,0,0,0,0,0
  Middle Africa,   Niue*,0,0,0,0,0,0
  Middle Africa,   Samoa,0,0,0,0,0,0
  Middle Africa,   Tokelau*,0,0,0,0,0,0
  Middle Africa,   Tonga,0,0,0,0,0,0
  Middle Africa,   Tuvalu,0,0,0,0,0,0
  Middle Africa,   Wallis and Futuna Islands*,0,0,0,0,0,0
   Angola,WORLD,632178,656434,304635,331401,327543,325033
   Angola,  Sub-Saharan Africa,115965,149245,55246,85999,60719,63246
   Angola,  Northern Africa and Western Asia,0,0,0,0,0,0
   Angola,  Central and Southern Asia,0,0,0,0,0,0
   Angola,  Eastern and South-Eastern Asia,0,0,0,0,0,0
   Angola,  Latin America and the Caribbean,0,0,0,0,0,0
   Angola,  Oceania (excluding Australia and New Zealand),0,0,0,0,0,0
   Angola,  Australia and New Zealand,0,0,0,0,0,0
   Angola,  Europe and Northern America,5867,5292,2936,2616,2931,2676
   Angola,  Developed regions,5867,5292,2936,2616,2931,2676
   Angola,  Less developed regions,115965,149245,55246,85999,60719,63246
   Angola," Less developed regions, excluding least developed countries",22863,30103,11179,16099,11684,14004
   Angola," Less developed regions, excluding China",115965,149245,55246,85999,60719,63246
   Angola,  Least developed countries,93102,119142,44067,69900,49035,49242
   Angola,  Land-locked Developing Countries (LLDC),1507,3456,608,1801,899,1655
   Angola,  Small island developing States (SIDS),15103,16067,7102,7927,8001,8140
   Angola,  High-income countries,5867,5292,2936,2616,2931,2676
   Angola,  Middle-income countries,29594,37262,14243,19530,15351,17732
   Angola, Upper-middle-income countries,6756,7185,3144,3512,3612,3673
   Angola, Lower-middle-income countries,22838,30077,11099,16018,11739,14059
   Angola,  Low-income countries,86371,111983,41003,66469,45368,45514
   Angola, AFRICA,115965,149245,55246,85999,60719,63246
   Angola,  Eastern Africa,1711,1815,707,799,1004,1016
   Angola,  Middle Africa,83136,100244,39954,58742,43182,41502
   Angola,  Northern Africa,0,0,0,0,0,0
   Angola,  Southern Africa,6756,7185,3144,3512,3612,3673
   Angola,  Western Africa,24362,40001,11441,22946,12921,17055
   Angola, ASIA,0,0,0,0,0,0
   Angola,  Central Asia,0,0,0,0,0,0
   Angola,  Eastern Asia,0,0,0,0,0,0
   Angola,  South-Eastern Asia,0,0,0,0,0,0
   Angola,  Southern Asia,0,0,0,0,0,0
   Angola,  Western Asia,0,0,0,0,0,0
   Angola, EUROPE,5867,5292,2936,2616,2931,2676
   Angola,  Eastern Europe,0,0,0,0,0,0
   Angola,  Northern Europe,0,0,0,0,0,0
   Angola,  Southern Europe,5867,5292,2936,2616,2931,2676
   Angola,  Western Europe,0,0,0,0,0,0
   Angola, LATIN AMERICA AND THE CARIBBEAN,0,0,0,0,0,0
   Angola,  Caribbean,0,0,0,0,0,0
   Angola,  Central America,0,0,0,0,0,0
   Angola,  South America,0,0,0,0,0,0
   Angola, NORTHERN AMERICA,0,0,0,0,0,0
   Angola, OCEANIA ,0,0,0,0,0,0
   Angola,  Australia and New Zealand,0,0,0,0,0,0
   Angola,  Melanesia,0,0,0,0,0,0
   Angola,  Micronesia,0,0,0,0,0,0
   Angola,  Polynesia*,0,0,0,0,0,0
   Angola,   Cabo Verde,8662,9215,4138,4612,4524,4603
   Angola,   Chad,31,1889,13,1126,18,763
   Angola,   Congo,997,1059,392,445,605,614
   Angola,   Democratic Republic of the Congo,75667,90444,36585,53856,39082,36588
   Angola,   Guinea,9252,18142,3798,10804,5454,7338
   Angola,   Côte d'Ivoire,6448,12644,3505,7530,2943,5114
   Angola,   Mozambique,235,248,112,124,123,124
   Angola,   Namibia,839,890,392,437,447,453
   Angola,   Portugal,5867,5292,2936,2616,2931,2676
   Angola,   Rwanda,1186,1260,495,559,691,701
   Angola,   Sao Tome and Principe,6441,6852,2964,3315,3477,3537
   Angola,   South Africa,5917,6295,2752,3075,3165,3220
   Angola,   Zambia,290,307,100,116,190,191
   Angola,Other,510346,501897,246453,242786,263893,259111
   Cameroon,WORLD,508346,579209,251311,286254,257035,292955
   Cameroon,  Sub-Saharan Africa,483991,555310,240186,274168,243805,281142
   Cameroon,  Northern Africa and Western Asia,0,0,0,0,0,0
   Cameroon,  Central and Southern Asia,0,0,0,0,0,0
   Cameroon,  Eastern and South-Eastern Asia,0,0,0,0,0,0
   Cameroon,  Latin America and the Caribbean,0,0,0,0,0,0
   Cameroon,  Oceania (excluding Australia and New Zealand),0,0,0,0,0,0
   Cameroon,  Australia and New Zealand,0,0,0,0,0,0
   Cameroon,  Europe and Northern America,7019,8164,3485,4062,3534,4102
   Cameroon,  Developed regions,7019,8164,3485,4062,3534,4102
   Cameroon,  Less developed regions,483991,555310,240186,274168,243805,281142
   Cameroon," Less developed regions, excluding least developed countries",138981,178180,62423,80031,76558,98149
   Cameroon," Less developed regions, excluding China",483991,555310,240186,274168,243805,281142
   Cameroon,  Least developed countries,345010,377130,177763,194137,167247,182993
   Cameroon,  Land-locked Developing Countries (LLDC),323992,352649,167084,181684,156908,170965
   Cameroon,  Small island developing States (SIDS),0,0,0,0,0,0
   Cameroon,  High-income countries,7019,8164,3485,4062,3534,4102
   Cameroon,  Middle-income countries,147089,187624,67292,85709,79797,101915
   Cameroon, Upper-middle-income countries,4412,5139,1928,2251,2484,2888
   Cameroon, Lower-middle-income countries,142677,182485,65364,83458,77313,99027
   Cameroon,  Low-income countries,336902,367686,172894,188459,164008,179227
   Cameroon, AFRICA,483991,555310,240186,274168,243805,281142
   Cameroon,  Eastern Africa,0,0,0,0,0,0
   Cameroon,  Middle Africa,319285,347161,161343,174998,157942,172163
   Cameroon,  Northern Africa,0,0,0,0,0,0
   Cameroon,  Southern Africa,0,0,0,0,0,0
   Cameroon,  Western Africa,164706,208149,78843,99170,85863,108979
   Cameroon, ASIA,0,0,0,0,0,0
   Cameroon,  Central Asia,0,0,0,0,0,0
   Cameroon,  Eastern Asia,0,0,0,0,0,0
   Cameroon,  South-Eastern Asia,0,0,0,0,0,0
   Cameroon,  Southern Asia,0,0,0,0,0,0
   Cameroon,  Western Asia,0,0,0,0,0,0
   Cameroon, EUROPE,6022,7005,3019,3518,3003,3487
   Cameroon,  Eastern Europe,0,0,0,0,0,0
   Cameroon,  Northern Europe,255,295,139,162,116,133
   Cameroon,  Southern Europe,699,810,394,458,305,352
   Cameroon,  Western Europe,5068,5900,2486,2898,2582,3002
   Cameroon, LATIN AMERICA AND THE CARIBBEAN,0,0,0,0,0,0
   Cameroon,  Caribbean,0,0,0,0,0,0
   Cameroon,  Central America,0,0,0,0,0,0
   Cameroon,  South America,0,0,0,0,0,0
   Cameroon, NORTHERN AMERICA,997,1159,466,544,531,615
   Cameroon, OCEANIA ,0,0,0,0,0,0
   Cameroon,  Australia and New Zealand,0,0,0,0,0,0
   Cameroon,  Melanesia,0,0,0,0,0,0
   Cameroon,  Micronesia,0,0,0,0,0,0
   Cameroon,  Polynesia*,0,0,0,0,0,0
   Cameroon,   Angola,2555,2976,1125,1313,1430,1663
   Cameroon,   Canada,178,207,83,98,95,109
   Cameroon,   Central African Republic,271319,303005,137017,152849,134302,150156
   Cameroon,   Chad,33968,27852,17974,14739,15994,13113
   Cameroon,   Congo,2953,3439,1339,1561,1614,1878
   Cameroon,   Democratic Republic of the Congo,4078,4750,1960,2285,2118,2465
   Cameroon,   Benin,2400,2795,1250,1458,1150,1337
   Cameroon,   Equatorial Guinea,3357,3911,1441,1682,1916,2229
   Cameroon,   France*,4615,5376,2260,2636,2355,2740
   Cameroon,   Gabon,1055,1228,487,569,568,659
   Cameroon,   Germany,294,340,137,158,157,182
   Cameroon,   Greece,191,220,121,140,70,80
   Cameroon,   Guinea,4577,5331,2007,2340,2570,2991
   Cameroon,   Italy,508,590,273,318,235,272
   Cameroon,   Liberia,4255,4956,1843,2150,2412,2806
   Cameroon,   Mali,8202,9556,5516,6430,2686,3126
   Cameroon,   Netherlands*,159,184,89,104,70,80
   Cameroon,   Niger,10503,12236,6577,7666,3926,4570
   Cameroon,   Nigeria,131616,169602,59156,76219,72460,93383
   Cameroon,   Senegal,3153,3673,2494,2907,659,766
   Cameroon,   United Kingdom*,255,295,139,162,116,133
   Cameroon,   United States of America*,819,952,383,446,436,506
   Cameroon,Other,17336,15735,7640,8024,9696,7711
   Central African Republic,WORLD,81568,88546,43147,46357,38421,42189
   Central African Republic,  Sub-Saharan Africa,27674,31511,13960,15775,13714,15736
   Central African Republic,  Northern Africa and Western Asia,19591,20746,10498,10996,9093,9750
   Central African Republic,  Central and Southern Asia,0,0,0,0,0,0
   Central African Republic,  Eastern and South-Eastern Asia,0,0,0,0,0,0
   Central African Republic,  Latin America and the Caribbean,0,0,0,0,0,0
   Central African Republic,  Oceania (excluding Australia and New Zealand),0,0,0,0,0,0
   Central African Republic,  Australia and New Zealand,10,10,5,6,5,4
   Central African Republic,  Europe and Northern America,10782,11398,5733,6007,5049,5391
   Central African Republic,  Developed regions,10792,11408,5738,6013,5054,5395
   Central African Republic,  Less developed regions,47265,52257,24458,26771,22807,25486
   Central African Republic," Less developed regions, excluding least developed countries",104,104,62,63,42,41
   Central African Republic," Less developed regions, excluding China",47265,52257,24458,26771,22807,25486
   Central African Republic,  Least developed countries,47161,52153,24396,26708,22765,25445
   Central African Republic,  Land-locked Developing Countries (LLDC),10327,13161,5753,7203,4574,5958
   Central African Republic,  Small island developing States (SIDS),73,77,34,37,39,40
   Central African Republic,  High-income countries,10663,11271,5667,5939,4996,5332
   Central African Republic,  Middle-income countries,306,318,167,174,139,144
   Central African Republic, Upper-middle-income countries,195,202,116,120,79,82
   Central African Republic, Lower-middle-income countries,111,116,51,54,60,62
   Central African Republic,  Low-income countries,47088,52076,24362,26671,22726,25405
   Central African Republic, AFRICA,47251,52245,24453,26766,22798,25479
   Central African Republic,  Eastern Africa,0,2236,0,1171,0,1065
   Central African Republic,  Middle Africa,27312,28897,13754,14390,13558,14507
   Central African Republic,  Northern Africa,19577,20734,10493,10991,9084,9743
   Central African Republic,  Southern Africa,52,53,40,41,12,12
   Central African Republic,  Western Africa,310,325,166,173,144,152
   Central African Republic, ASIA,14,12,5,5,9,7
   Central African Republic,  Central Asia,0,0,0,0,0,0
   Central African Republic,  Eastern Asia,0,0,0,0,0,0
   Central African Republic,  South-Eastern Asia,0,0,0,0,0,0
   Central African Republic,  Southern Asia,0,0,0,0,0,0
   Central African Republic,  Western Asia,14,12,5,5,9,7
   Central African Republic, EUROPE,10048,10624,5164,5408,4884,5216
   Central African Republic,  Eastern Europe,136,143,74,77,62,66
   Central African Republic,  Northern Europe,24,23,10,12,14,11
   Central African Republic,  Southern Europe,109,114,63,66,46,48
   Central African Republic,  Western Europe,9779,10344,5017,5253,4762,5091
   Central African Republic, LATIN AMERICA AND THE CARIBBEAN,0,0,0,0,0,0
   Central African Republic,  Caribbean,0,0,0,0,0,0
   Central African Republic,  Central America,0,0,0,0,0,0
   Central African Republic,  South America,0,0,0,0,0,0
   Central African Republic, NORTHERN AMERICA,734,774,569,599,165,175
   Central African Republic, OCEANIA ,10,10,5,6,5,4
   Central African Republic,  Australia and New Zealand,10,10,5,6,5,4
   Central African Republic,  Melanesia,0,0,0,0,0,0
   Central African Republic,  Micronesia,0,0,0,0,0,0
   Central African Republic,  Polynesia*,0,0,0,0,0,0
   Central African Republic,   Australia*,10,10,5,6,5,4
   Central African Republic,   Austria,21,22,14,16,7,6
   Central African Republic,   Canada,186,195,94,97,92,98
   Central African Republic,   Chad,10026,10608,5592,5864,4434,4744
   Central African Republic,   Democratic Republic of the Congo,17213,18212,8128,8489,9085,9723
   Central African Republic,   Cyprus*,7,6,3,3,4,3
   Central African Republic,   Denmark*,2,1,0,0,2,1
   Central African Republic,   France*,9580,10135,4918,5147,4662,4988
   Central African Republic,   Ireland,10,10,4,5,6,5
   Central African Republic,   Italy,66,70,39,42,27,28
   Central African Republic,   Mali,301,317,161,168,140,149
   Central African Republic,   Netherlands*,33,34,17,18,16,16
   Central African Republic,   Russian Federation,136,143,74,77,62,66
   Central African Republic,   Sao Tome and Principe,73,77,34,37,39,40
   Central African Republic,   Slovenia,43,44,24,24,19,20
   Central African Republic,   South Africa,52,53,40,41,12,12
   Central African Republic,   South Sudan,0,2236,0,1171,0,1065
   Central African Republic,   Sudan,19539,20695,10476,10974,9063,9721
   Central African Republic,   Sweden,12,12,6,7,6,5
   Central African Republic,   Switzerland,145,153,68,72,77,81
   Central African Republic,   Togo,9,8,5,5,4,3
   Central African Republic,   Turkey,7,6,2,2,5,4
   Central African Republic,   Egypt,38,39,17,17,21,22
   Central African Republic,   United States of America*,548,579,475,502,73,77
   Central African Republic,Other,23511,24881,12951,13573,10560,11308
   Chad,WORLD,466968,547494,215640,249548,251328,297946
   Chad,  Sub-Saharan Africa,129405,155648,60172,71432,69233,84216
   Chad,  Northern Africa and Western Asia,322285,374098,146901,168255,175384,205843
   Chad,  Central and Southern Asia,0,0,0,0,0,0
   Chad,  Eastern and South-Eastern Asia,0,0,0,0,0,0
   Chad,  Latin America and the Caribbean,0,0,0,0,0,0
   Chad,  Oceania (excluding Australia and New Zealand),0,0,0,0,0,0
   Chad,  Australia and New Zealand,0,0,0,0,0,0
   Chad,  Europe and Northern America,1048,1216,482,553,566,663
   Chad,  Developed regions,1048,1216,482,553,566,663
   Chad,  Less developed regions,451690,529746,207073,239687,244617,290059
   Chad," Less developed regions, excluding least developed countries",39723,51553,18062,23168,21661,28385
   Chad," Less developed regions, excluding China",451690,529746,207073,239687,244617,290059
   Chad,  Least developed countries,411967,478193,189011,216519,222956,261674
   Chad,  Land-locked Developing Countries (LLDC),90675,105248,42567,48789,48108,56459
   Chad,  Small island developing States (SIDS),0,0,0,0,0,0
   Chad,  High-income countries,1048,1216,482,553,566,663
   Chad,  Middle-income countries,39723,51553,18062,23168,21661,28385
   Chad, Upper-middle-income countries,1644,1905,757,868,887,1037
   Chad, Lower-middle-income countries,38079,49648,17305,22300,20774,27348
   Chad,  Low-income countries,411967,478193,189011,216519,222956,261674
   Chad, AFRICA,451690,529746,207073,239687,244617,290059
   Chad,  Eastern Africa,0,0,0,0,0,0
   Chad,  Middle Africa,119782,139029,55740,63875,64042,75154
   Chad,  Northern Africa,322285,374098,146901,168255,175384,205843
   Chad,  Southern Africa,0,0,0,0,0,0
   Chad,  Western Africa,9623,16619,4432,7557,5191,9062
   Chad, ASIA,0,0,0,0,0,0
   Chad,  Central Asia,0,0,0,0,0,0
   Chad,  Eastern Asia,0,0,0,0,0,0
   Chad,  South-Eastern Asia,0,0,0,0,0,0
   Chad,  Southern Asia,0,0,0,0,0,0
   Chad,  Western Asia,0,0,0,0,0,0
   Chad, EUROPE,1048,1216,482,553,566,663
   Chad,  Eastern Europe,0,0,0,0,0,0
   Chad,  Northern Europe,0,0,0,0,0,0
   Chad,  Southern Europe,0,0,0,0,0,0
   Chad,  Western Europe,1048,1216,482,553,566,663
   Chad, LATIN AMERICA AND THE CARIBBEAN,0,0,0,0,0,0
   Chad,  Caribbean,0,0,0,0,0,0
   Chad,  Central America,0,0,0,0,0,0
   Chad,  South America,0,0,0,0,0,0
   Chad, NORTHERN AMERICA,0,0,0,0,0,0
   Chad, OCEANIA ,0,0,0,0,0,0
   Chad,  Australia and New Zealand,0,0,0,0,0,0
   Chad,  Melanesia,0,0,0,0,0,0
   Chad,  Micronesia,0,0,0,0,0,0
   Chad,  Polynesia*,0,0,0,0,0,0
   Chad,   Cameroon,30702,35635,13908,15927,16794,19708
   Chad,   Central African Republic,87583,101662,41143,47159,46440,54503
   Chad,   Congo,846,980,389,446,457,534
   Chad,   Democratic Republic of the Congo,304,351,140,160,164,191
   Chad,   France*,1048,1216,482,553,566,663
   Chad,   Gabon,347,401,160,183,187,218
   Chad,   Libya,1297,1504,597,685,700,819
   Chad,   Niger,3092,3586,1424,1630,1668,1956
   Chad,   Nigeria,6531,13033,3008,5927,3523,7106
   Chad,   Sudan,320988,372594,146304,167570,174684,205024
   Chad,Other,14230,16532,8085,9308,6145,7224
   Congo,WORLD,390142,387606,213764,211403,176378,176203
   Congo,  Sub-Saharan Africa,363994,361617,199480,197277,164514,164340
   Congo,  Northern Africa and Western Asia,1167,1158,726,719,441,439
   Congo,  Central and Southern Asia,0,0,0,0,0,0
   Congo,  Eastern and South-Eastern Asia,924,917,852,846,72,71
   Congo,  Latin America and the Caribbean,536,531,167,164,369,367
   Congo,  Oceania (excluding Australia and New Zealand),0,0,0,0,0,0
   Congo,  Australia and New Zealand,0,0,0,0,0,0
   Congo,  Europe and Northern America,15082,14978,7862,7771,7220,7207
   Congo,  Developed regions,15082,14978,7862,7771,7220,7207
   Congo,  Less developed regions,366621,364223,201225,199006,165396,165217
   Congo," Less developed regions, excluding least developed countries",18672,18542,10877,10763,7795,7779
   Congo," Less developed regions, excluding China",365697,363306,200373,198160,165324,165146
   Congo,  Least developed countries,347949,345681,190348,188243,157601,157438
   Congo,  Land-locked Developing Countries (LLDC),102298,101626,60177,59554,42121,42072
   Congo,  Small island developing States (SIDS),536,531,167,164,369,367
   Congo,  High-income countries,12506,12420,6844,6768,5662,5652
   Congo,  Middle-income countries,94094,93468,53939,53370,40155,40098
   Congo, Upper-middle-income countries,9948,9875,5168,5108,4780,4767
   Congo, Lower-middle-income countries,84146,83593,48771,48262,35375,35331
   Congo,  Low-income countries,275103,273313,148304,146639,126799,126674
   Congo, AFRICA,363994,361617,199480,197277,164514,164340
   Congo,  Eastern Africa,25119,24955,14246,14095,10873,10860
   Congo,  Middle Africa,270912,269148,140813,139179,130099,129969
   Congo,  Northern Africa,0,0,0,0,0,0
   Congo,  Southern Africa,0,0,0,0,0,0
   Congo,  Western Africa,67963,67514,44421,44003,23542,23511
   Congo, ASIA,2091,2075,1578,1565,513,510
   Congo,  Central Asia,0,0,0,0,0,0
   Congo,  Eastern Asia,924,917,852,846,72,71
   Congo,  South-Eastern Asia,0,0,0,0,0,0
   Congo,  Southern Asia,0,0,0,0,0,0
   Congo,  Western Asia,1167,1158,726,719,441,439
   Congo, EUROPE,14916,14814,7763,7673,7153,7141
   Congo,  Eastern Europe,2576,2558,1018,1003,1558,1555
   Congo,  Northern Europe,0,0,0,0,0,0
   Congo,  Southern Europe,1441,1431,833,824,608,607
   Congo,  Western Europe,10899,10825,5912,5846,4987,4979
   Congo, LATIN AMERICA AND THE CARIBBEAN,536,531,167,164,369,367
   Congo,  Caribbean,536,531,167,164,369,367
   Congo,  Central America,0,0,0,0,0,0
   Congo,  South America,0,0,0,0,0,0
   Congo, NORTHERN AMERICA,166,164,99,98,67,66
   Congo, OCEANIA ,0,0,0,0,0,0
   Congo,  Australia and New Zealand,0,0,0,0,0,0
   Congo,  Melanesia,0,0,0,0,0,0
   Congo,  Micronesia,0,0,0,0,0,0
   Congo,  Polynesia*,0,0,0,0,0,0
   Congo,   Angola,41238,40969,21453,21206,19785,19763
   Congo,   Cameroon,11300,11225,6727,6658,4573,4567
   Congo,   Central African Republic,32696,32481,16302,16105,16394,16376
   Congo,   Chad,10565,10494,6926,6860,3639,3634
   Congo,   China*,924,917,852,846,72,71
   Congo,   Democratic Republic of the Congo,170368,169268,87000,85974,83368,83294
   Congo,   Cuba,536,531,167,164,369,367
   Congo,   Benin,15194,15094,8006,7915,7188,7179
   Congo,   Equatorial Guinea,1582,1570,861,851,721,719
   Congo,   France*,10320,10251,5643,5580,4677,4671
   Congo,   Gabon,3163,3141,1544,1525,1619,1616
   Congo,   Germany,579,574,269,266,310,308
   Congo,   Lebanon,1167,1158,726,719,441,439
   Congo,   Mali,33918,33696,22703,22494,11215,11202
   Congo,   Mauritania,3149,3127,2426,2406,723,721
   Congo,   Portugal,1441,1431,833,824,608,607
   Congo,   Russian Federation,2576,2558,1018,1003,1558,1555
   Congo,   Rwanda,25119,24955,14246,14095,10873,10860
   Congo,   Senegal,13265,13178,10159,10077,3106,3101
   Congo,   Togo,2437,2419,1127,1111,1310,1308
   Congo,   United States of America*,166,164,99,98,67,66
   Congo,Other,8439,8405,4677,4626,3762,3779
   Democratic Republic of the Congo,WORLD,810018,952871,393966,459052,416052,493819
   Democratic Republic of the Congo,  Sub-Saharan Africa,770011,913938,383319,449167,386692,464771
   Democratic Republic of the Congo,  Northern Africa and Western Asia,5523,5370,678,581,4845,4789
   Democratic Republic of the Congo,  Central and Southern Asia,0,0,0,0,0,0
   Democratic Republic of the Congo,  Eastern and South-Eastern Asia,0,0,0,0,0,0
   Democratic Republic of the Congo,  Latin America and the Caribbean,0,0,0,0,0,0
   Democratic Republic of the Congo,  Oceania (excluding Australia and New Zealand),0,0,0,0,0,0
   Democratic Republic of the Congo,  Australia and New Zealand,0,0,0,0,0,0
   Democratic Republic of the Congo,  Europe and Northern America,0,0,0,0,0,0
   Democratic Republic of the Congo,  Developed regions,0,0,0,0,0,0
   Democratic Republic of the Congo,  Less developed regions,775534,919308,383997,449748,391537,469560
   Democratic Republic of the Congo," Less developed regions, excluding least developed countries",6431,6242,1163,1045,5268,5197
   Democratic Republic of the Congo," Less developed regions, excluding China",775534,919308,383997,449748,391537,469560
   Democratic Republic of the Congo,  Least developed countries,769103,913066,382834,448703,386269,464363
   Democratic Republic of the Congo,  Land-locked Developing Countries (LLDC),581626,730668,289245,359167,292381,371501
   Democratic Republic of the Congo,  Small island developing States (SIDS),0,0,0,0,0,0
   Democratic Republic of the Congo,  High-income countries,0,0,0,0,0,0
   Democratic Republic of the Congo,  Middle-income countries,188385,183270,94074,90000,94311,93270
   Democratic Republic of the Congo, Upper-middle-income countries,0,0,0,0,0,0
   Democratic Republic of the Congo, Lower-middle-income countries,188385,183270,94074,90000,94311,93270
   Democratic Republic of the Congo,  Low-income countries,587149,736038,289923,359748,297226,376290
   Democratic Republic of the Congo, AFRICA,775534,919308,383997,449748,391537,469560
   Democratic Republic of the Congo,  Eastern Africa,328224,407399,156374,194047,171850,213352
   Democratic Republic of the Congo,  Middle Africa,441787,506539,226945,255120,214842,251419
   Democratic Republic of the Congo,  Northern Africa,5523,5370,678,581,4845,4789
   Democratic Republic of the Congo,  Southern Africa,0,0,0,0,0,0
   Democratic Republic of the Congo,  Western Africa,0,0,0,0,0,0
   Democratic Republic of the Congo, ASIA,0,0,0,0,0,0
   Democratic Republic of the Congo,  Central Asia,0,0,0,0,0,0
   Democratic Republic of the Congo,  Eastern Asia,0,0,0,0,0,0
   Democratic Republic of the Congo,  South-Eastern Asia,0,0,0,0,0,0
   Democratic Republic of the Congo,  Southern Asia,0,0,0,0,0,0
   Democratic Republic of the Congo,  Western Asia,0,0,0,0,0,0
   Democratic Republic of the Congo, EUROPE,0,0,0,0,0,0
   Democratic Republic of the Congo,  Eastern Europe,0,0,0,0,0,0
   Democratic Republic of the Congo,  Northern Europe,0,0,0,0,0,0
   Democratic Republic of the Congo,  Southern Europe,0,0,0,0,0,0
   Democratic Republic of the Congo,  Western Europe,0,0,0,0,0,0
   Democratic Republic of the Congo, LATIN AMERICA AND THE CARIBBEAN,0,0,0,0,0,0
   Democratic Republic of the Congo,  Caribbean,0,0,0,0,0,0
   Democratic Republic of the Congo,  Central America,0,0,0,0,0,0
   Democratic Republic of the Congo,  South America,0,0,0,0,0,0
   Democratic Republic of the Congo, NORTHERN AMERICA,0,0,0,0,0,0
   Democratic Republic of the Congo, OCEANIA ,0,0,0,0,0,0
   Democratic Republic of the Congo,  Australia and New Zealand,0,0,0,0,0,0
   Democratic Republic of the Congo,  Melanesia,0,0,0,0,0,0
   Democratic Republic of the Congo,  Micronesia,0,0,0,0,0,0
   Democratic Republic of the Congo,  Polynesia*,0,0,0,0,0,0
   Democratic Republic of the Congo,   Angola,181954,177028,92911,88955,89043,88073
   Democratic Republic of the Congo,   Burundi,38377,59145,16015,25896,22362,33249
   Democratic Republic of the Congo,   Central African Republic,253402,323269,132871,165120,120531,158149
   Democratic Republic of the Congo,   Congo,6431,6242,1163,1045,5268,5197
   Democratic Republic of the Congo,   Rwanda,275136,251333,136928,125262,138208,126071
   Democratic Republic of the Congo,   South Sudan,8596,90971,2317,41886,6279,49085
   Democratic Republic of the Congo,   Sudan,5523,5370,678,581,4845,4789
   Democratic Republic of the Congo,   Uganda,6115,5950,1114,1003,5001,4947
   Democratic Republic of the Congo,Other,34484,33563,9969,9304,24515,24259
   Equatorial Guinea,WORLD,209611,230618,161527,177716,48084,52902
   Equatorial Guinea,  Sub-Saharan Africa,2906,3488,1791,2153,1115,1335
   Equatorial Guinea,  Northern Africa and Western Asia,0,0,0,0,0,0
   Equatorial Guinea,  Central and Southern Asia,0,0,0,0,0,0
   Equatorial Guinea,  Eastern and South-Eastern Asia,0,0,0,0,0,0
   Equatorial Guinea,  Latin America and the Caribbean,0,0,0,0,0,0
   Equatorial Guinea,  Oceania (excluding Australia and New Zealand),0,0,0,0,0,0
   Equatorial Guinea,  Australia and New Zealand,0,0,0,0,0,0
   Equatorial Guinea,  Europe and Northern America,5840,7018,2886,3470,2954,3548
   Equatorial Guinea,  Developed regions,5840,7018,2886,3470,2954,3548
   Equatorial Guinea,  Less developed regions,2906,3488,1791,2153,1115,1335
   Equatorial Guinea," Less developed regions, excluding least developed countries",1413,1694,876,1052,537,642
   Equatorial Guinea," Less developed regions, excluding China",2906,3488,1791,2153,1115,1335
   Equatorial Guinea,  Least developed countries,1493,1794,915,1101,578,693
   Equatorial Guinea,  Land-locked Developing Countries (LLDC),0,0,0,0,0,0
   Equatorial Guinea,  Small island developing States (SIDS),1493,1794,915,1101,578,693
   Equatorial Guinea,  High-income countries,5840,7018,2886,3470,2954,3548
   Equatorial Guinea,  Middle-income countries,2906,3488,1791,2153,1115,1335
   Equatorial Guinea, Upper-middle-income countries,256,307,146,175,110,132
   Equatorial Guinea, Lower-middle-income countries,2650,3181,1645,1978,1005,1203
   Equatorial Guinea,  Low-income countries,0,0,0,0,0,0
   Equatorial Guinea, AFRICA,2906,3488,1791,2153,1115,1335
   Equatorial Guinea,  Eastern Africa,0,0,0,0,0,0
   Equatorial Guinea,  Middle Africa,2547,3058,1596,1919,951,1139
   Equatorial Guinea,  Northern Africa,0,0,0,0,0,0
   Equatorial Guinea,  Southern Africa,0,0,0,0,0,0
   Equatorial Guinea,  Western Africa,359,430,195,234,164,196
   Equatorial Guinea, ASIA,0,0,0,0,0,0
   Equatorial Guinea,  Central Asia,0,0,0,0,0,0
   Equatorial Guinea,  Eastern Asia,0,0,0,0,0,0
   Equatorial Guinea,  South-Eastern Asia,0,0,0,0,0,0
   Equatorial Guinea,  Southern Asia,0,0,0,0,0,0
   Equatorial Guinea,  Western Asia,0,0,0,0,0,0
   Equatorial Guinea, EUROPE,5840,7018,2886,3470,2954,3548
   Equatorial Guinea,  Eastern Europe,0,0,0,0,0,0
   Equatorial Guinea,  Northern Europe,0,0,0,0,0,0
   Equatorial Guinea,  Southern Europe,1279,1536,765,920,514,616
   Equatorial Guinea,  Western Europe,4561,5482,2121,2550,2440,2932
   Equatorial Guinea, LATIN AMERICA AND THE CARIBBEAN,0,0,0,0,0,0
   Equatorial Guinea,  Caribbean,0,0,0,0,0,0
   Equatorial Guinea,  Central America,0,0,0,0,0,0
   Equatorial Guinea,  South America,0,0,0,0,0,0
   Equatorial Guinea, NORTHERN AMERICA,0,0,0,0,0,0
   Equatorial Guinea, OCEANIA ,0,0,0,0,0,0
   Equatorial Guinea,  Australia and New Zealand,0,0,0,0,0,0
   Equatorial Guinea,  Melanesia,0,0,0,0,0,0
   Equatorial Guinea,  Micronesia,0,0,0,0,0,0
   Equatorial Guinea,  Polynesia*,0,0,0,0,0,0
   Equatorial Guinea,   Cameroon,798,957,535,643,263,314
   Equatorial Guinea,   France*,4561,5482,2121,2550,2440,2932
   Equatorial Guinea,   Gabon,256,307,146,175,110,132
   Equatorial Guinea,   Nigeria,359,430,195,234,164,196
   Equatorial Guinea,   Sao Tome and Principe,1493,1794,915,1101,578,693
   Equatorial Guinea,   Spain*,1279,1536,765,920,514,616
   Equatorial Guinea,Other,200865,220112,156850,172093,44015,48019
   Gabon,WORLD,378686,416651,243782,268032,134904,148619
   Gabon,  Sub-Saharan Africa,348818,383768,223810,246068,125008,137700
   Gabon,  Northern Africa and Western Asia,3282,3600,2302,2532,980,1068
   Gabon,  Central and Southern Asia,0,0,0,0,0,0
   Gabon,  Eastern and South-Eastern Asia,668,724,474,518,194,206
   Gabon,  Latin America and the Caribbean,0,0,0,0,0,0
   Gabon,  Oceania (excluding Australia and New Zealand),0,0,0,0,0,0
   Gabon,  Australia and New Zealand,0,0,0,0,0,0
   Gabon,  Europe and Northern America,15983,17574,10185,11194,5798,6380
   Gabon,  Developed regions,16012,17603,10203,11213,5809,6390
   Gabon,  Less developed regions,352739,388063,226568,249099,126171,138964
   Gabon," Less developed regions, excluding least developed countries",175291,192848,107997,118721,67294,74127
   Gabon," Less developed regions, excluding China",352423,387719,226328,248837,126095,138882
   Gabon,  Least developed countries,177448,195215,118571,130378,58877,64837
   Gabon,  Land-locked Developing Countries (LLDC),61246,67376,42585,46829,18661,20547
   Gabon,  Small island developing States (SIDS),5944,6539,3315,3645,2629,2894
   Gabon,  High-income countries,16204,17810,10334,11355,5870,6455
   Gabon,  Middle-income countries,257425,283218,162945,179143,94480,104075
   Gabon, Upper-middle-income countries,82046,90277,47896,52642,34150,37635
   Gabon, Lower-middle-income countries,175379,192941,115049,126501,60330,66440
   Gabon,  Low-income countries,95122,104638,63492,69814,31630,34824
   Gabon, AFRICA,349775,384816,224380,246696,125395,138120
   Gabon,  Eastern Africa,344,375,214,237,130,138
   Gabon,  Middle Africa,159830,175855,92876,102089,66954,73766
   Gabon,  Northern Africa,957,1048,570,628,387,420
   Gabon,  Southern Africa,12,11,12,11,0,0
   Gabon,  Western Africa,188632,207527,130708,143731,57924,63796
   Gabon, ASIA,2993,3276,2206,2422,787,854
   Gabon,  Central Asia,0,0,0,0,0,0
   Gabon,  Eastern Asia,668,724,474,518,194,206
   Gabon,  South-Eastern Asia,0,0,0,0,0,0
   Gabon,  Southern Asia,0,0,0,0,0,0
   Gabon,  Western Asia,2325,2552,1732,1904,593,648
   Gabon, EUROPE,15215,16733,9709,10673,5506,6060
   Gabon,  Eastern Europe,0,0,0,0,0,0
   Gabon,  Northern Europe,0,0,0,0,0,0
   Gabon,  Southern Europe,0,0,0,0,0,0
   Gabon,  Western Europe,15215,16733,9709,10673,5506,6060
   Gabon, LATIN AMERICA AND THE CARIBBEAN,0,0,0,0,0,0
   Gabon,  Caribbean,0,0,0,0,0,0
   Gabon,  Central America,0,0,0,0,0,0
   Gabon,  South America,0,0,0,0,0,0
   Gabon, NORTHERN AMERICA,768,841,476,521,292,320
   Gabon, OCEANIA ,0,0,0,0,0,0
   Gabon,  Australia and New Zealand,0,0,0,0,0,0
   Gabon,  Melanesia,0,0,0,0,0,0
   Gabon,  Micronesia,0,0,0,0,0,0
   Gabon,  Polynesia*,0,0,0,0,0,0
   Gabon,   Algeria,100,108,65,72,35,36
   Gabon,   Angola,1011,1111,667,734,344,377
   Gabon,   Belgium,457,501,285,314,172,187
   Gabon,   Burundi,153,166,102,113,51,53
   Gabon,   Cameroon,46269,50906,26905,29575,19364,21331
   Gabon,   Canada,266,291,165,181,101,110
   Gabon,   Chad,4132,4543,2764,3038,1368,1505
   Gabon,   China*,316,344,240,262,76,82
   Gabon,   Congo,14905,16396,8267,9085,6638,7311
   Gabon,   Democratic Republic of the Congo,8135,8949,5019,5518,3116,3431
   Gabon,   Benin,47682,52460,28069,30855,19613,21605
   Gabon,   Equatorial Guinea,79434,87411,45939,50494,33495,36917
   Gabon,   France*,14678,16146,9373,10303,5305,5843
   Gabon,   Germany,80,86,51,56,29,30
   Gabon,   Ghana,5811,6392,5099,5609,712,783
   Gabon,   Guinea,4546,4999,3558,3913,988,1086
   Gabon,   Israel,15,14,11,11,4,3
   Gabon,   Côte d'Ivoire,3099,3408,2167,2382,932,1026
   Gabon,   Japan,29,29,18,19,11,10
   Gabon,   Dem. People's Republic of Korea,146,158,96,106,50,52
   Gabon,   Republic of Korea,177,193,120,131,57,62
   Gabon,   Lebanon,2284,2511,1705,1875,579,636
   Gabon,   Mali,50384,55434,35336,38858,15048,16576
   Gabon,   Morocco,653,717,377,415,276,302
   Gabon,   Nigeria,21840,24029,16850,18534,4990,5495
   Gabon,   Rwanda,191,209,112,124,79,85
   Gabon,   Sao Tome and Principe,5944,6539,3315,3645,2629,2894
   Gabon,   Senegal,27861,30652,23140,25454,4721,5198
   Gabon,   South Africa,12,11,12,11,0,0
   Gabon,   Syrian Arab Republic,26,27,16,18,10,9
   Gabon,   Togo,21023,23129,12218,13430,8805,9699
   Gabon,   Tunisia,204,223,128,141,76,82
   Gabon,   United States of America*,502,550,311,340,191,210
   Gabon,   Burkina Faso,6386,7024,4271,4696,2115,2328
   Gabon,Other,9935,10985,7011,7720,2924,3265
   Sao Tome and Principe,WORLD,2394,2139,1197,1067,1197,1072
   Sao Tome and Principe,  Sub-Saharan Africa,2220,1980,1114,993,1106,987
   Sao Tome and Principe,  Northern Africa and Western Asia,0,0,0,0,0,0
   Sao Tome and Principe,  Central and Southern Asia,0,0,0,0,0,0
   Sao Tome and Principe,  Eastern and South-Eastern Asia,0,0,0,0,0,0
   Sao Tome and Principe,  Latin America and the Caribbean,0,0,0,0,0,0
   Sao Tome and Principe,  Oceania (excluding Australia and New Zealand),0,0,0,0,0,0
   Sao Tome and Principe,  Australia and New Zealand,0,0,0,0,0,0
   Sao Tome and Principe,  Europe and Northern America,118,104,61,55,57,49
   Sao Tome and Principe,  Developed regions,118,104,61,55,57,49
   Sao Tome and Principe,  Less developed regions,2220,1980,1114,993,1106,987
   Sao Tome and Principe," Less developed regions, excluding least developed countries",1746,1559,875,780,871,779
   Sao Tome and Principe," Less developed regions, excluding China",2220,1980,1114,993,1106,987
   Sao Tome and Principe,  Least developed countries,474,421,239,213,235,208
   Sao Tome and Principe,  Land-locked Developing Countries (LLDC),0,0,0,0,0,0
   Sao Tome and Principe,  Small island developing States (SIDS),1363,1220,655,584,708,636
   Sao Tome and Principe,  High-income countries,118,104,61,55,57,49
   Sao Tome and Principe,  Middle-income countries,2104,1878,1019,909,1085,969
   Sao Tome and Principe, Upper-middle-income countries,383,339,220,196,163,143
   Sao Tome and Principe, Lower-middle-income countries,1721,1539,799,713,922,826
   Sao Tome and Principe,  Low-income countries,116,102,95,84,21,18
   Sao Tome and Principe, AFRICA,2220,1980,1114,993,1106,987
   Sao Tome and Principe,  Eastern Africa,116,102,95,84,21,18
   Sao Tome and Principe,  Middle Africa,741,658,364,325,377,333
   Sao Tome and Principe,  Northern Africa,0,0,0,0,0,0
   Sao Tome and Principe,  Southern Africa,0,0,0,0,0,0
   Sao Tome and Principe,  Western Africa,1363,1220,655,584,708,636
   Sao Tome and Principe, ASIA,0,0,0,0,0,0
   Sao Tome and Principe,  Central Asia,0,0,0,0,0,0
   Sao Tome and Principe,  Eastern Asia,0,0,0,0,0,0
   Sao Tome and Principe,  South-Eastern Asia,0,0,0,0,0,0
   Sao Tome and Principe,  Southern Asia,0,0,0,0,0,0
   Sao Tome and Principe,  Western Asia,0,0,0,0,0,0
   Sao Tome and Principe, EUROPE,118,104,61,55,57,49
   Sao Tome and Principe,  Eastern Europe,0,0,0,0,0,0
   Sao Tome and Principe,  Northern Europe,0,0,0,0,0,0
   Sao Tome and Principe,  Southern Europe,118,104,61,55,57,49
   Sao Tome and Principe,  Western Europe,0,0,0,0,0,0
   Sao Tome and Principe, LATIN AMERICA AND THE CARIBBEAN,0,0,0,0,0,0
   Sao Tome and Principe,  Caribbean,0,0,0,0,0,0
   Sao Tome and Principe,  Central America,0,0,0,0,0,0
   Sao Tome and Principe,  South America,0,0,0,0,0,0
   Sao Tome and Principe, NORTHERN AMERICA,0,0,0,0,0,0
   Sao Tome and Principe, OCEANIA ,0,0,0,0,0,0
   Sao Tome and Principe,  Australia and New Zealand,0,0,0,0,0,0
   Sao Tome and Principe,  Melanesia,0,0,0,0,0,0
   Sao Tome and Principe,  Micronesia,0,0,0,0,0,0
   Sao Tome and Principe,  Polynesia*,0,0,0,0,0,0
   Sao Tome and Principe,   Angola,358,319,144,129,214,190
   Sao Tome and Principe,   Cabo Verde,1363,1220,655,584,708,636
   Sao Tome and Principe,   Equatorial Guinea,146,129,53,47,93,82
   Sao Tome and Principe,   Gabon,237,210,167,149,70,61
   Sao Tome and Principe,   Mozambique,116,102,95,84,21,18
   Sao Tome and Principe,   Portugal,118,104,61,55,57,49
   Sao Tome and Principe,Other,56,55,22,19,34,36
  Northern Africa,WORLD,2138918,3167926,1273692,1788054,865226,1379872
  Northern Africa,  Sub-Saharan Africa,769868,1569747,420039,814969,349829,754778
  Northern Africa,  Northern Africa and Western Asia,1095039,1258042,691453,775449,403586,482593
  Northern Africa,  Central and Southern Asia,15105,19305,11383,13980,3722,5325
  Northern Africa,  Eastern and South-Eastern Asia,43614,50264,32776,37326,10838,12938
  Northern Africa,  Latin America and the Caribbean,1498,1845,917,1086,581,759
  Northern Africa,  Oceania (excluding Australia and New Zealand),0,0,0,0,0,0
  Northern Africa,  Australia and New Zealand,1109,1361,747,888,362,473
  Northern Africa,  Europe and Northern America,150099,174581,84408,97066,65691,77515
  Northern Africa,  Developed regions,152952,178172,86232,99268,66720,78904
  Northern Africa,  Less developed regions,1923380,2896973,1155491,1641496,767889,1255477
  Northern Africa," Less developed regions, excluding least developed countries",1099941,1266892,698028,790695,401913,476197
  Northern Africa," Less developed regions, excluding China",1918710,2891386,1152355,1637804,766355,1253582
  Northern Africa,  Least developed countries,823439,1630081,457463,850801,365976,779280
  Northern Africa,  Land-locked Developing Countries (LLDC),419920,1118435,210421,553709,209499,564726
  Northern Africa,  Small island developing States (SIDS),8279,9340,6459,7265,1820,2075
  Northern Africa,  High-income countries,205900,236718,128336,146314,77564,90404
  Northern Africa,  Middle-income countries,763920,880210,502468,570197,261452,310013
  Northern Africa, Upper-middle-income countries,205555,236821,134298,151356,71257,85465
  Northern Africa, Lower-middle-income countries,558365,643389,368170,418841,190195,224548
  Northern Africa,  Low-income countries,949854,1795265,528131,938235,421723,857030
  Northern Africa, AFRICA,1080681,1924020,592327,1008647,488354,915373
  Northern Africa,  Eastern Africa,630901,1379123,344882,714248,286019,664875
  Northern Africa,  Middle Africa,100188,144667,52009,73970,48179,70697
  Northern Africa,  Northern Africa,310813,354273,172288,193678,138525,160595
  Northern Africa,  Southern Africa,961,1180,622,721,339,459
  Northern Africa,  Western Africa,37818,44777,22526,26030,15292,18747
  Northern Africa, ASIA,842945,973338,563324,633077,279621,340261
  Northern Africa,  Central Asia,2453,4512,1953,3130,500,1382
  Northern Africa,  Eastern Asia,7396,8993,4903,5822,2493,3171
  Northern Africa,  South-Eastern Asia,36218,41271,27873,31504,8345,9767
  Northern Africa,  Southern Asia,12652,14793,9430,10850,3222,3943
  Northern Africa,  Western Asia,784226,903769,519165,581771,265061,321998
  Northern Africa, EUROPE,129679,150592,71571,82281,58108,68311
  Northern Africa,  Eastern Europe,17067,21115,9413,10888,7654,10227
  Northern Africa,  Northern Europe,14590,16975,8941,10250,5649,6725
  Northern Africa,  Southern Europe,23495,27273,13309,15315,10186,11958
  Northern Africa,  Western Europe,74527,85229,39908,45828,34619,39401
  Northern Africa, LATIN AMERICA AND THE CARIBBEAN,1498,1845,917,1086,581,759
  Northern Africa,  Caribbean,21,29,9,11,12,18
  Northern Africa,  Central America,891,1038,551,620,340,418
  Northern Africa,  South America,586,778,357,455,229,323
  Northern Africa, NORTHERN AMERICA,20420,23989,12837,14785,7583,9204
  Northern Africa, OCEANIA ,1109,1361,747,888,362,473
  Northern Africa,  Australia and New Zealand,1109,1361,747,888,362,473
  Northern Africa,  Melanesia,0,0,0,0,0,0
  Northern Africa,  Micronesia,0,0,0,0,0,0
  Northern Africa,  Polynesia*,0,0,0,0,0,0
  Northern Africa,   Burundi,24,35,23,34,1,1
  Northern Africa,   Comoros,4866,5497,4186,4721,680,776
  Northern Africa,   Djibouti,1660,1890,1201,1353,459,537
  Northern Africa,   Eritrea,168230,244693,87078,123532,81152,121161
  Northern Africa,   Ethiopia,59490,88381,28864,41303,30626,47078
  Northern Africa,   Kenya,2998,4055,1612,2146,1386,1909
  Northern Africa,   Madagascar,26,39,25,38,1,1
  Northern Africa,   Malawi,19,28,17,25,2,3
  Northern Africa,   Mauritius*,0,0,0,0,0,0
  Northern Africa,   Mayotte*,0,0,0,0,0,0
  Northern Africa,   Mozambique,11,15,7,9,4,6
  Northern Africa,   Réunion*,0,0,0,0,0,0
  Northern Africa,   Rwanda,29,44,24,37,5,7
  Northern Africa,   Seychelles,13,19,9,13,4,6
  Northern Africa,   Somalia,128341,143629,89897,99896,38444,43733
  Northern Africa,   South Sudan,263491,888502,130949,439834,132542,448668
  Northern Africa,   Uganda,1306,1814,688,939,618,875
  Northern Africa,   United Republic of Tanzania*,358,425,272,324,86,101
  Northern Africa,   Zambia,17,25,12,18,5,7
  Northern Africa,   Zimbabwe,22,32,18,26,4,6
  Northern Africa,   Angola,19,28,11,16,8,12
  Northern Africa,   Cameroon,797,884,440,503,357,381
  Northern Africa,   Central African Republic,13526,26019,6932,13147,6594,12872
  Northern Africa,   Chad,75587,104317,38418,52202,37169,52115
  Northern Africa,   Congo,2296,2529,1264,1420,1032,1109
  Northern Africa,   Democratic Republic of the Congo,7963,10890,4944,6682,3019,4208
  Northern Africa,   Equatorial Guinea,0,0,0,0,0,0
  Northern Africa,   Gabon,0,0,0,0,0,0
  Northern Africa,   Sao Tome and Principe,0,0,0,0,0,0
  Northern Africa,   Algeria,27829,30356,14333,15834,13496,14522
  Northern Africa,   Egypt,37316,44197,23310,27192,14006,17005
  Northern Africa,   Libya,17254,20437,9225,10850,8029,9587
  Northern Africa,   Morocco,11351,12441,5698,6193,5653,6248
  Northern Africa,   Sudan,54295,77032,33480,43711,20815,33321
  Northern Africa,   Tunisia,6110,6858,3454,3880,2656,2978
  Northern Africa,   Western Sahara,156658,162952,82788,86018,73870,76934
  Northern Africa,   Botswana,0,0,0,0,0,0
  Northern Africa,   Eswatini,0,0,0,0,0,0
  Northern Africa,   Lesotho,0,0,0,0,0,0
  Northern Africa,   Namibia,172,268,75,97,97,171
  Northern Africa,   South Africa,789,912,547,624,242,288
  Northern Africa,   Benin,24,35,24,35,0,0
  Northern Africa,   Burkina Faso,42,64,37,57,5,7
  Northern Africa,   Cabo Verde,0,0,0,0,0,0
  Northern Africa,   Côte d'Ivoire,1754,2123,1042,1197,712,926
  Northern Africa,   Gambia,19,28,14,21,5,7
  Northern Africa,   Ghana,763,889,610,709,153,180
  Northern Africa,   Guinea,2014,2202,1191,1328,823,874
  Northern Africa,   Guinea-Bissau,1376,1474,823,898,553,576
  Northern Africa,   Liberia,31,47,20,28,11,19
  Northern Africa,   Mali,2523,2961,1471,1728,1052,1233
  Northern Africa,   Mauritania,3090,3377,1834,2032,1256,1345
  Northern Africa,   Niger,431,496,351,407,80,89
  Northern Africa,   Nigeria,20156,24938,11606,13699,8550,11239
  Northern Africa,   Saint Helena*,0,0,0,0,0,0
  Northern Africa,   Senegal,5318,5831,3320,3687,1998,2144
  Northern Africa,   Sierra Leone,277,312,183,204,94,108
  Northern Africa,   Togo,0,0,0,0,0,0
  Northern Africa,   Kazakhstan,937,1067,729,812,208,255
  Northern Africa,   Kyrgyzstan,40,61,32,49,8,12
  Northern Africa,   Tajikistan,760,852,593,666,167,186
  Northern Africa,   Turkmenistan,268,298,210,235,58,63
  Northern Africa,   Uzbekistan,448,2234,389,1368,59,866
  Northern Africa,   China*,4670,5587,3136,3692,1534,1895
  Northern Africa,"   China, Hong Kong SAR*",0,0,0,0,0,0
  Northern Africa,"   China, Macao SAR*",0,0,0,0,0,0
  Northern Africa,"   China, Taiwan Province of China*",0,0,0,0,0,0
  Northern Africa,   Dem. People's Republic of Korea,66,102,43,62,23,40
  Northern Africa,   Japan,1744,2230,1077,1314,667,916
  Northern Africa,   Mongolia,10,14,9,13,1,1
  Northern Africa,   Republic of Korea,906,1060,638,741,268,319
  Northern Africa,   Brunei Darussalam,45,68,22,28,23,40
  Northern Africa,   Cambodia,0,0,0,0,0,0
  Northern Africa,   Indonesia,16236,18257,13371,14992,2865,3265
  Northern Africa,   Lao People's Democratic Republic,0,0,0,0,0,0
  Northern Africa,   Malaysia*,10536,12149,8238,9371,2298,2778
  Northern Africa,   Myanmar,8,11,8,11,0,0
  Northern Africa,   Philippines,5100,5808,2730,3049,2370,2759
  Northern Africa,   Singapore,760,857,541,607,219,250
  Northern Africa,   Thailand,3533,4121,2963,3446,570,675
  Northern Africa,   Timor-Leste,0,0,0,0,0,0
  Northern Africa,   Viet Nam,0,0,0,0,0,0
  Northern Africa,   Afghanistan,454,550,338,412,116,138
  Northern Africa,   Bangladesh,1410,1589,1335,1502,75,87
  Northern Africa,   Bhutan,0,0,0,0,0,0
  Northern Africa,   India,6903,8180,4945,5732,1958,2448
  Northern Africa,   Iran (Islamic Republic of),507,589,368,421,139,168
  Northern Africa,   Maldives,19,28,14,21,5,7
  Northern Africa,   Nepal,0,0,0,0,0,0
  Northern Africa,   Pakistan,2849,3244,2114,2390,735,854
  Northern Africa,   Sri Lanka,510,613,316,372,194,241
  Northern Africa,   Armenia,358,430,210,238,148,192
  Northern Africa,   Azerbaijan*,21,31,21,31,0,0
  Northern Africa,   Bahrain,1224,1436,877,994,347,442
  Northern Africa,   Cyprus*,56,86,34,48,22,38
  Northern Africa,   Georgia*,0,0,0,0,0,0
  Northern Africa,   Iraq,90532,103100,57500,63927,33032,39173
  Northern Africa,   Israel,456,710,297,432,159,278
  Northern Africa,   Jordan,25845,29276,17633,19719,8212,9557
  Northern Africa,   Kuwait,13817,15707,10534,11830,3283,3877
  Northern Africa,   Lebanon,15555,17663,9063,10137,6492,7526
  Northern Africa,   Oman,2038,2350,1590,1807,448,543
  Northern Africa,   Qatar,1667,1909,1266,1429,401,480
  Northern Africa,   Saudi Arabia,44326,49956,32891,36779,11435,13177
  Northern Africa,   State of Palestine*,412479,473094,280973,318158,131506,154936
  Northern Africa,   Syrian Arab Republic,142359,182938,82235,100405,60124,82533
  Northern Africa,   Turkey,3103,3602,2328,2690,775,912
  Northern Africa,   United Arab Emirates,3226,3680,2227,2517,999,1163
  Northern Africa,   Yemen,27164,17801,19486,10630,7678,7171
  Northern Africa,   Belarus,939,1090,549,619,390,471
  Northern Africa,   Bulgaria,45,68,23,30,22,38
  Northern Africa,   Czechia,130,201,66,89,64,112
  Northern Africa,   Hungary,423,493,225,257,198,236
  Northern Africa,   Poland,920,1103,455,540,465,563
  Northern Africa,   Republic of Moldova*,40,61,36,55,4,6
  Northern Africa,   Romania,751,879,365,422,386,457
  Northern Africa,   Russian Federation,12798,16055,7167,8284,5631,7771
  Northern Africa,   Slovakia,40,61,19,26,21,35
  Northern Africa,   Ukraine*,981,1104,508,566,473,538
  Northern Africa,   Channel Islands*,0,0,0,0,0,0
  Northern Africa,   Denmark*,962,1123,634,724,328,399
  Northern Africa,   Estonia,17,25,10,14,7,11
  Northern Africa,   Faroe Islands*,0,0,0,0,0,0
  Northern Africa,   Finland*,988,1134,604,676,384,458
  Northern Africa,   Iceland,0,0,0,0,0,0
  Northern Africa,   Ireland,61,95,29,40,32,55
  Northern Africa,   Isle of Man*,0,0,0,0,0,0
  Northern Africa,   Latvia,0,0,0,0,0,0
  Northern Africa,   Lithuania,0,0,0,0,0,0
  Northern Africa,   Norway*,412,477,255,294,157,183
  Northern Africa,   Sweden,974,1152,644,747,330,405
  Northern Africa,   United Kingdom*,11176,12969,6765,7755,4411,5214
  Northern Africa,   Albania,377,439,258,299,119,140
  Northern Africa,   Andorra,0,0,0,0,0,0
  Northern Africa,   Bosnia and Herzegovina,368,412,251,280,117,132
  Northern Africa,   Croatia,66,102,53,80,13,22
  Northern Africa,   Gibraltar*,6,8,5,7,1,1
  Northern Africa,   Greece,3430,4076,1963,2245,1467,1831
  Northern Africa,   Holy See*,0,0,0,0,0,0
  Northern Africa,   Italy,14126,16462,8089,9325,6037,7137
  Northern Africa,   Malta,0,0,0,0,0,0
  Northern Africa,   Montenegro,0,0,0,0,0,0
  Northern Africa,   North Macedonia,77,119,50,73,27,46
  Northern Africa,   Portugal,29,44,15,21,14,23
  Northern Africa,   San Marino,0,0,0,0,0,0
  Northern Africa,   Serbia*,0,0,0,0,0,0
  Northern Africa,   Slovenia,0,0,0,0,0,0
  Northern Africa,   Spain*,5016,5611,2625,2985,2391,2626
  Northern Africa,   Austria,1139,1408,603,714,536,694
  Northern Africa,   Belgium,2412,2796,1300,1506,1112,1290
  Northern Africa,   France*,50866,56274,26530,29826,24336,26448
  Northern Africa,   Germany,15571,19125,8840,10626,6731,8499
  Northern Africa,   Liechtenstein,0,0,0,0,0,0
  Northern Africa,   Luxembourg,0,0,0,0,0,0
  Northern Africa,   Monaco,329,375,218,244,111,131
  Northern Africa,   Netherlands*,2403,2887,1363,1596,1040,1291
  Northern Africa,   Switzerland,1807,2364,1054,1316,753,1048
  Northern Africa,   Anguilla*,0,0,0,0,0,0
  Northern Africa,   Antigua and Barbuda,11,15,6,8,5,7
  Northern Africa,   Aruba*,0,0,0,0,0,0
  Northern Africa,   Bahamas,10,14,3,3,7,11
  Northern Africa,   Barbados,0,0,0,0,0,0
  Northern Africa,"   Bonaire, Sint Eustatius and Saba*",0,0,0,0,0,0
  Northern Africa,   British Virgin Islands*,0,0,0,0,0,0
  Northern Africa,   Cayman Islands*,0,0,0,0,0,0
  Northern Africa,   Cuba,0,0,0,0,0,0
  Northern Africa,   Curaçao*,0,0,0,0,0,0
  Northern Africa,   Dominica,0,0,0,0,0,0
  Northern Africa,   Dominican Republic,0,0,0,0,0,0
  Northern Africa,   Grenada,0,0,0,0,0,0
  Northern Africa,   Guadeloupe*,0,0,0,0,0,0
  Northern Africa,   Haiti,0,0,0,0,0,0
  Northern Africa,   Jamaica,0,0,0,0,0,0
  Northern Africa,   Martinique*,0,0,0,0,0,0
  Northern Africa,   Montserrat*,0,0,0,0,0,0
  Northern Africa,   Puerto Rico*,0,0,0,0,0,0
  Northern Africa,   Saint Barthélemy*,0,0,0,0,0,0
  Northern Africa,   Saint Kitts and Nevis,0,0,0,0,0,0
  Northern Africa,   Saint Lucia,0,0,0,0,0,0
  Northern Africa,   Saint Martin (French part)*,0,0,0,0,0,0
  Northern Africa,   Saint Vincent and the Grenadines,0,0,0,0,0,0
  Northern Africa,   Sint Maarten (Dutch part)*,0,0,0,0,0,0
  Northern Africa,   Trinidad and Tobago,0,0,0,0,0,0
  Northern Africa,   Turks and Caicos Islands*,0,0,0,0,0,0
  Northern Africa,   United States Virgin Islands*,0,0,0,0,0,0
  Northern Africa,   Belize,0,0,0,0,0,0
  Northern Africa,   Costa Rica,0,0,0,0,0,0
  Northern Africa,   El Salvador,843,966,528,591,315,375
  Northern Africa,   Guatemala,6,8,4,5,2,3
  Northern Africa,   Honduras,0,0,0,0,0,0
  Northern Africa,   Mexico,42,64,19,24,23,40
  Northern Africa,   Nicaragua,0,0,0,0,0,0
  Northern Africa,   Panama,0,0,0,0,0,0
  Northern Africa,   Argentina,161,251,106,155,55,96
  Northern Africa,   Bolivia (Plurinational State of),0,0,0,0,0,0
  Northern Africa,   Brazil,340,400,197,222,143,178
  Northern Africa,   Chile,18,27,11,16,7,11
  Northern Africa,   Colombia,37,57,29,45,8,12
  Northern Africa,   Ecuador,8,11,3,4,5,7
  Northern Africa,   Falkland Islands (Malvinas)*,0,0,0,0,0,0
  Northern Africa,   French Guiana*,0,0,0,0,0,0
  Northern Africa,   Guyana,0,0,0,0,0,0
  Northern Africa,   Paraguay,0,0,0,0,0,0
  Northern Africa,   Peru,0,0,0,0,0,0
  Northern Africa,   Suriname,0,0,0,0,0,0
  Northern Africa,   Uruguay,0,0,0,0,0,0
  Northern Africa,   Venezuela (Bolivarian Republic of),22,32,11,13,11,19
  Northern Africa,   Bermuda*,0,0,0,0,0,0
  Northern Africa,   Canada,3249,3677,2169,2430,1080,1247
  Northern Africa,   Greenland*,0,0,0,0,0,0
  Northern Africa,   Saint Pierre and Miquelon*,0,0,0,0,0,0
  Northern Africa,   United States of America*,17171,20312,10668,12355,6503,7957
  Northern Africa,   Australia*,1049,1268,705,825,344,443
  Northern Africa,   New Zealand*,60,93,42,63,18,30
  Northern Africa,   Fiji,0,0,0,0,0,0
  Northern Africa,   New Caledonia*,0,0,0,0,0,0
  Northern Africa,   Papua New Guinea,0,0,0,0,0,0
  Northern Africa,   Solomon Islands,0,0,0,0,0,0
  Northern Africa,   Vanuatu,0,0,0,0,0,0
  Northern Africa,   Guam*,0,0,0,0,0,0
  Northern Africa,   Kiribati,0,0,0,0,0,0
  Northern Africa,   Marshall Islands,0,0,0,0,0,0
  Northern Africa,   Micronesia (Fed. States of),0,0,0,0,0,0
  Northern Africa,   Nauru,0,0,0,0,0,0
  Northern Africa,   Northern Mariana Islands*,0,0,0,0,0,0
  Northern Africa,   Palau,0,0,0,0,0,0
  Northern Africa,   American Samoa*,0,0,0,0,0,0
  Northern Africa,   Cook Islands*,0,0,0,0,0,0
  Northern Africa,   French Polynesia*,0,0,0,0,0,0
  Northern Africa,   Niue*,0,0,0,0,0,0
  Northern Africa,   Samoa,0,0,0,0,0,0
  Northern Africa,   Tokelau*,0,0,0,0,0,0
  Northern Africa,   Tonga,0,0,0,0,0,0
  Northern Africa,   Tuvalu,0,0,0,0,0,0
  Northern Africa,   Wallis and Futuna Islands*,0,0,0,0,0,0
   Algeria,WORLD,239473,250378,126522,132142,112951,118236
   Algeria,  Sub-Saharan Africa,10923,11361,5992,6227,4931,5134
   Algeria,  Northern Africa and Western Asia,213980,223853,113203,118301,100777,105552
   Algeria,  Central and Southern Asia,0,0,0,0,0,0
   Algeria,  Eastern and South-Eastern Asia,2190,2275,1566,1628,624,647
   Algeria,  Latin America and the Caribbean,0,0,0,0,0,0
   Algeria,  Oceania (excluding Australia and New Zealand),0,0,0,0,0,0
   Algeria,  Australia and New Zealand,0,0,0,0,0,0
   Algeria,  Europe and Northern America,4497,4668,1848,1917,2649,2751
   Algeria,  Developed regions,4497,4668,1848,1917,2649,2751
   Algeria,  Less developed regions,227093,237489,120761,126156,106332,111333
   Algeria," Less developed regions, excluding least developed countries",212432,222242,112689,117766,99743,104476
   Algeria," Less developed regions, excluding China",227093,237489,120761,126156,106332,111333
   Algeria,  Least developed countries,14661,15247,8072,8390,6589,6857
   Algeria,  Land-locked Developing Countries (LLDC),0,0,0,0,0,0
   Algeria,  Small island developing States (SIDS),0,0,0,0,0,0
   Algeria,  High-income countries,8575,8907,4547,4721,4028,4186
   Algeria,  Middle-income countries,45485,47294,23934,24864,21551,22430
   Algeria, Upper-middle-income countries,15585,16197,8002,8311,7583,7886
   Algeria, Lower-middle-income countries,29900,31097,15932,16553,13968,14544
   Algeria,  Low-income countries,20872,23004,11340,12470,9532,10534
   Algeria, AFRICA,171282,178160,90727,94270,80555,83890
   Algeria,  Eastern Africa,10923,11361,5992,6227,4931,5134
   Algeria,  Middle Africa,0,0,0,0,0,0
   Algeria,  Northern Africa,160359,166799,84735,88043,75624,78756
   Algeria,  Southern Africa,0,0,0,0,0,0
   Algeria,  Western Africa,0,0,0,0,0,0
   Algeria, ASIA,55811,59329,30034,31886,25777,27443
   Algeria,  Central Asia,0,0,0,0,0,0
   Algeria,  Eastern Asia,0,0,0,0,0,0
   Algeria,  South-Eastern Asia,2190,2275,1566,1628,624,647
   Algeria,  Southern Asia,0,0,0,0,0,0
   Algeria,  Western Asia,53621,57054,28468,30258,25153,26796
   Algeria, EUROPE,3465,3596,1365,1415,2100,2181
   Algeria,  Eastern Europe,757,785,314,325,443,460
   Algeria,  Northern Europe,754,782,315,326,439,456
   Algeria,  Southern Europe,698,725,268,278,430,447
   Algeria,  Western Europe,1256,1304,468,486,788,818
   Algeria, LATIN AMERICA AND THE CARIBBEAN,0,0,0,0,0,0
   Algeria,  Caribbean,0,0,0,0,0,0
   Algeria,  Central America,0,0,0,0,0,0
   Algeria,  South America,0,0,0,0,0,0
   Algeria, NORTHERN AMERICA,1032,1072,483,502,549,570
   Algeria, OCEANIA ,0,0,0,0,0,0
   Algeria,  Australia and New Zealand,0,0,0,0,0,0
   Algeria,  Melanesia,0,0,0,0,0,0
   Algeria,  Micronesia,0,0,0,0,0,0
   Algeria,  Polynesia*,0,0,0,0,0,0
   Algeria,   France*,523,543,225,233,298,310
   Algeria,   State of Palestine*,29900,31097,15932,16553,13968,14544
   Algeria,   Germany,733,761,243,253,490,508
   Algeria,   Indonesia,1363,1416,998,1037,365,379
   Algeria,   Iraq,7156,7441,3404,3535,3752,3906
   Algeria,   Italy,698,725,268,278,430,447
   Algeria,   Jordan,2132,2216,1122,1165,1010,1051
   Algeria,   Kuwait,1129,1172,739,768,390,404
   Algeria,   Lebanon,1155,1199,444,461,711,738
   Algeria,   Libya,2195,2281,1152,1197,1043,1084
   Algeria,   Malaysia*,827,859,568,591,259,268
   Algeria,   Russian Federation,757,785,314,325,443,460
   Algeria,   Saudi Arabia,3706,3852,2274,2361,1432,1491
   Algeria,   Somalia,10923,11361,5992,6227,4931,5134
   Algeria,   Sudan,1506,1566,795,828,711,738
   Algeria,   Western Sahara,156658,162952,82788,86018,73870,76934
   Algeria,   Syrian Arab Republic,6211,7757,3268,4080,2943,3677
   Algeria,   United Kingdom*,754,782,315,326,439,456
   Algeria,   United States of America*,1032,1072,483,502,549,570
   Algeria,   Yemen,2232,2320,1285,1335,947,985
   Algeria,Other,7883,8221,3913,4069,3970,4152
   Egypt,WORLD,353641,543937,207433,289552,146208,254385
   Egypt,  Sub-Saharan Africa,35171,80359,21140,41418,14031,38941
   Egypt,  Northern Africa and Western Asia,276541,382331,161746,204857,114795,177474
   Egypt,  Central and Southern Asia,2122,3294,1508,2227,614,1067
   Egypt,  Eastern and South-Eastern Asia,6718,10480,4738,6993,1980,3487
   Egypt,  Latin America and the Caribbean,537,821,305,425,232,396
   Egypt,  Oceania (excluding Australia and New Zealand),0,0,0,0,0,0
   Egypt,  Australia and New Zealand,363,564,226,324,137,240
   Egypt,  Europe and Northern America,26111,40776,14652,20558,11459,20218
   Egypt,  Developed regions,27216,42498,15312,21498,11904,21000
   Egypt,  Less developed regions,320347,476127,189003,255304,131344,220823
   Egypt," Less developed regions, excluding least developed countries",245973,328794,145006,177846,100967,150948
   Egypt," Less developed regions, excluding China",319852,475356,188647,254776,131205,220580
   Egypt,  Least developed countries,74374,147333,43997,77458,30377,69875
   Egypt,  Land-locked Developing Countries (LLDC),14119,37462,7895,18625,6224,18837
   Egypt,  Small island developing States (SIDS),1050,1629,789,1180,261,449
   Egypt,  High-income countries,31241,48779,19109,27387,12132,21392
   Egypt,  Middle-income countries,138686,198970,85001,111858,53685,87112
   Egypt, Upper-middle-income countries,33221,51898,18765,26363,14456,25535
   Egypt, Lower-middle-income countries,105465,147072,66236,85495,39229,61577
   Egypt,  Low-income countries,177636,270876,100205,137557,77431,133319
   Egypt, AFRICA,78564,148212,46309,77033,32255,71179
   Egypt,  Eastern Africa,30863,75890,18026,38430,12837,37460
   Egypt,  Middle Africa,486,747,348,510,138,237
   Egypt,  Northern Africa,43393,67853,25169,35615,18224,32238
   Egypt,  Southern Africa,316,490,165,226,151,264
   Egypt,  Western Africa,3506,3232,2601,2252,905,980
   Egypt, ASIA,241988,328252,142823,178462,99165,149790
   Egypt,  Central Asia,365,561,262,386,103,175
   Egypt,  Eastern Asia,1506,2344,978,1419,528,925
   Egypt,  South-Eastern Asia,5212,8136,3760,5574,1452,2562
   Egypt,  Southern Asia,1757,2733,1246,1841,511,892
   Egypt,  Western Asia,233148,314478,136577,169242,96571,145236
   Egypt, EUROPE,21817,34065,12093,16914,9724,17151
   Egypt,  Eastern Europe,5852,9133,2754,3667,3098,5466
   Egypt,  Northern Europe,2761,4307,1622,2303,1139,2004
   Egypt,  Southern Europe,4075,6359,2349,3319,1726,3040
   Egypt,  Western Europe,9129,14266,5368,7625,3761,6641
   Egypt, LATIN AMERICA AND THE CARIBBEAN,537,821,305,425,232,396
   Egypt,  Caribbean,21,29,9,11,12,18
   Egypt,  Central America,185,284,94,125,91,159
   Egypt,  South America,331,508,202,289,129,219
   Egypt, NORTHERN AMERICA,4294,6711,2559,3644,1735,3067
   Egypt, OCEANIA ,363,564,226,324,137,240
   Egypt,  Australia and New Zealand,363,564,226,324,137,240
   Egypt,  Melanesia,0,0,0,0,0,0
   Egypt,  Micronesia,0,0,0,0,0,0
   Egypt,  Polynesia*,0,0,0,0,0,0
   Egypt,   Afghanistan,135,210,108,164,27,46
   Egypt,   Albania,77,119,51,75,26,44
   Egypt,   Algeria,569,889,245,318,324,571
   Egypt,   Angola,19,28,11,16,8,12
   Egypt,   Antigua and Barbuda,11,15,6,8,5,7
   Egypt,   Azerbaijan*,21,31,21,31,0,0
   Egypt,   Argentina,161,251,106,155,55,96
   Egypt,   Australia*,303,471,184,261,119,210
   Egypt,   Austria,389,607,201,277,188,330
   Egypt,   Bahamas,10,14,3,3,7,11
   Egypt,   Bahrain,259,404,144,203,115,201
   Egypt,   Bangladesh,164,255,147,227,17,28
   Egypt,   Armenia,103,160,48,64,55,96
   Egypt,   Belgium,362,564,203,286,159,278
   Egypt,   Bosnia and Herzegovina,40,61,23,33,17,28
   Egypt,   Brazil,85,130,42,56,43,74
   Egypt,   Brunei Darussalam,45,68,22,28,23,40
   Egypt,   Bulgaria,45,68,23,30,22,38
   Egypt,   Myanmar,8,11,8,11,0,0
   Egypt,   Burundi,24,35,23,34,1,1
   Egypt,   Belarus,180,279,90,121,90,158
   Egypt,   Cameroon,82,126,71,107,11,19
   Egypt,   Canada,408,636,245,349,163,287
   Egypt,   Central African Republic,37,57,24,35,13,22
   Egypt,   Sri Lanka,144,222,90,127,54,95
   Egypt,   Chad,215,334,148,216,67,118
   Egypt,   Chile,18,27,11,16,7,11
   Egypt,   China*,495,771,356,528,139,243
   Egypt,   Colombia,37,57,29,45,8,12
   Egypt,   Comoros,585,913,493,753,92,160
   Egypt,   Congo,48,72,35,50,13,22
   Egypt,   Democratic Republic of the Congo,85,130,59,86,26,44
   Egypt,   Croatia,66,102,53,80,13,22
   Egypt,   Cyprus*,56,86,34,48,22,38
   Egypt,   Czechia,130,201,66,89,64,112
   Egypt,   Benin,24,35,24,35,0,0
   Egypt,   Denmark*,194,302,111,157,83,145
   Egypt,   Ecuador,8,11,3,4,5,7
   Egypt,   El Salvador,137,212,71,96,66,116
   Egypt,   Ethiopia,6931,16256,3467,7067,3464,9189
   Egypt,   Eritrea,3836,18232,1918,7924,1918,10308
   Egypt,   Estonia,17,25,10,14,7,11
   Egypt,   Finland*,160,249,79,107,81,142
   Egypt,   France*,1838,2874,1089,1551,749,1323
   Egypt,   Djibouti,239,371,157,228,82,143
   Egypt,   Gambia,19,28,14,21,5,7
   Egypt,   State of Palestine*,96879,135932,60723,79148,36156,56784
   Egypt,   Germany,4970,7771,2975,4243,1995,3528
   Egypt,   Ghana,151,234,119,179,32,55
   Egypt,   Gibraltar*,6,8,5,7,1,1
   Egypt,   Greece,822,1284,411,559,411,725
   Egypt,   Guatemala,6,8,4,5,2,3
   Egypt,   Guinea,93,143,86,132,7,11
   Egypt,   Hungary,86,133,42,57,44,76
   Egypt,   India,800,1249,547,804,253,445
   Egypt,   Indonesia,1854,2897,1481,2238,373,659
   Egypt,   Iran (Islamic Republic of),97,150,62,90,35,60
   Egypt,   Iraq,12817,20042,6474,8821,6343,11221
   Egypt,   Ireland,61,95,29,40,32,55
   Egypt,   Israel,456,710,297,432,159,278
   Egypt,   Italy,2691,4206,1586,2252,1105,1954
   Egypt,   Côte d'Ivoire,514,802,259,352,255,450
   Egypt,   Japan,742,1158,434,616,308,542
   Egypt,   Kazakhstan,137,212,83,117,54,95
   Egypt,   Jordan,3375,5277,2041,2917,1334,2360
   Egypt,   Kenya,89,137,64,94,25,43
   Egypt,   Dem. People's Republic of Korea,66,102,43,62,23,40
   Egypt,   Republic of Korea,193,299,136,200,57,99
   Egypt,   Kuwait,1925,3008,1308,1918,617,1090
   Egypt,   Kyrgyzstan,40,61,32,49,8,12
   Egypt,   Lebanon,2045,3197,1046,1431,999,1766
   Egypt,   Liberia,31,47,20,28,11,19
   Egypt,   Libya,3228,5047,1980,2840,1248,2207
   Egypt,   Madagascar,26,39,25,38,1,1
   Egypt,   Malawi,19,28,17,25,2,3
   Egypt,   Malaysia*,1815,2836,1293,1913,522,923
   Egypt,   Maldives,19,28,14,21,5,7
   Egypt,   Mali,139,216,112,170,27,46
   Egypt,   Mauritania,100,154,77,114,23,40
   Egypt,   Mexico,42,64,19,24,23,40
   Egypt,   Monaco,53,82,30,42,23,40
   Egypt,   Mongolia,10,14,9,13,1,1
   Egypt,   Republic of Moldova*,40,61,36,55,4,6
   Egypt,   Morocco,683,1066,236,276,447,790
   Egypt,   Mozambique,11,15,7,9,4,6
   Egypt,   Oman,350,544,246,361,104,183
   Egypt,   Namibia,172,268,75,97,97,171
   Egypt,   Netherlands*,639,997,354,495,285,502
   Egypt,   New Zealand*,60,93,42,63,18,30
   Egypt,   Niger,75,116,64,99,11,17
   Egypt,   Nigeria,1945,814,1480,596,465,218
   Egypt,   Norway*,78,120,47,67,31,53
   Egypt,   Pakistan,398,619,278,408,120,211
   Egypt,   Philippines,705,1101,319,419,386,682
   Egypt,   Poland,244,380,136,190,108,190
   Egypt,   Portugal,29,44,15,21,14,23
   Egypt,   Guinea-Bissau,60,93,60,93,0,0
   Egypt,   Qatar,257,401,170,249,87,152
   Egypt,   Romania,157,243,79,107,78,136
   Egypt,   Russian Federation,4820,7536,2216,2930,2604,4606
   Egypt,   Rwanda,29,44,24,37,5,7
   Egypt,   Saudi Arabia,5268,8238,3591,5273,1677,2965
   Egypt,   Senegal,273,425,228,346,45,79
   Egypt,   Seychelles,13,19,9,13,4,6
   Egypt,   Sierra Leone,40,61,21,30,19,31
   Egypt,   Singapore,93,143,60,86,33,57
   Egypt,   Slovakia,40,61,19,26,21,35
   Egypt,   Somalia,13110,20501,8302,11996,4808,8505
   Egypt,   South Africa,144,222,90,129,54,93
   Egypt,   Zimbabwe,22,32,18,26,4,6
   Egypt,   Spain*,267,416,155,219,112,197
   Egypt,   South Sudan,5762,19013,3367,9981,2395,9032
   Egypt,   Sudan,38410,60066,22443,31816,15967,28250
   Egypt,   Sweden,228,355,140,201,88,154
   Egypt,   Switzerland,878,1371,516,731,362,640
   Egypt,   Syrian Arab Republic,104635,125673,57334,61804,47301,63869
   Egypt,   Tajikistan,84,129,63,94,21,35
   Egypt,   Thailand,692,1080,577,879,115,201
   Egypt,   United Arab Emirates,460,719,296,430,164,289
   Egypt,   Tunisia,503,785,265,365,238,420
   Egypt,   Turkey,576,898,433,647,143,251
   Egypt,   Turkmenistan,31,47,24,36,7,11
   Egypt,   Uganda,56,86,48,74,8,12
   Egypt,   Ukraine*,110,171,47,62,63,109
   Egypt,   North Macedonia,77,119,50,73,27,46
   Egypt,   United Kingdom*,2023,3161,1206,1717,817,1444
   Egypt,   United Republic of Tanzania*,94,144,75,113,19,31
   Egypt,   United States of America*,3886,6075,2314,3295,1572,2780
   Egypt,   Burkina Faso,42,64,37,57,5,7
   Egypt,   Uzbekistan,73,112,60,90,13,22
   Egypt,   Venezuela (Bolivarian Republic of),22,32,11,13,11,19
   Egypt,   Yemen,3666,9158,2371,5465,1295,3693
   Egypt,   Zambia,17,25,12,18,5,7
   Egypt,Other,6078,25312,3118,12750,2960,12562
   Libya,WORLD,771146,826537,549153,593797,221993,232740
   Libya,  Sub-Saharan Africa,127815,137405,93425,101246,34390,36159
   Libya,  Northern Africa and Western Asia,536256,572782,381582,411427,154674,161355
   Libya,  Central and Southern Asia,11706,14247,9215,10854,2491,3393
   Libya,  Eastern and South-Eastern Asia,33595,35973,25898,27923,7697,8050
   Libya,  Latin America and the Caribbean,961,1024,612,661,349,363
   Libya,  Oceania (excluding Australia and New Zealand),0,0,0,0,0,0
   Libya,  Australia and New Zealand,746,797,521,564,225,233
   Libya,  Europe and Northern America,60067,64309,37900,41122,22167,23187
   Libya,  Developed regions,61815,66178,39064,42384,22751,23794
   Libya,  Less developed regions,709331,760359,510089,551413,199242,208946
   Libya," Less developed regions, excluding least developed countries",549733,605365,393283,438186,156450,167179
   Libya," Less developed regions, excluding China",706267,757079,507883,549031,198384,208048
   Libya,  Least developed countries,159598,154994,116806,113227,42792,41767
   Libya,  Land-locked Developing Countries (LLDC),7808,10067,5695,7073,2113,2994
   Libya,  Small island developing States (SIDS),6222,6659,5215,5609,1007,1050
   Libya,  High-income countries,106660,114204,74672,80737,31988,33467
   Libya,  Middle-income countries,485231,521459,344848,375300,140383,146159
   Libya, Upper-middle-income countries,140162,150102,99019,107025,41143,43077
   Libya, Lower-middle-income countries,345069,371357,245829,268275,99240,103082
   Libya,  Low-income countries,179255,190874,129633,137760,49622,53114
   Libya, AFRICA,174660,187576,124984,135410,49676,52166
   Libya,  Eastern Africa,118719,127678,86293,93555,32426,34123
   Libya,  Middle Africa,1692,1810,1276,1379,416,431
   Libya,  Northern Africa,46845,50171,31559,34164,15286,16007
   Libya,  Southern Africa,645,690,457,495,188,195
   Libya,  Western Africa,6759,7227,5399,5817,1360,1410
   Libya, ASIA,534712,572831,385136,416040,149576,156791
   Libya,  Central Asia,2088,3951,1691,2744,397,1207
   Libya,  Eastern Asia,4779,5113,3351,3621,1428,1492
   Libya,  South-Eastern Asia,28816,30860,22547,24302,6269,6558
   Libya,  Southern Asia,9618,10296,7524,8110,2094,2186
   Libya,  Western Asia,489411,522611,350023,377263,139388,145348
   Libya, EUROPE,47375,50718,29320,31836,18055,18882
   Libya,  Eastern Europe,10458,11197,6345,6896,4113,4301
   Libya,  Northern Europe,9883,10579,6405,6946,3478,3633
   Libya,  Southern Europe,10627,11378,6593,7157,4034,4221
   Libya,  Western Europe,16407,17564,9977,10837,6430,6727
   Libya, LATIN AMERICA AND THE CARIBBEAN,961,1024,612,661,349,363
   Libya,  Caribbean,0,0,0,0,0,0
   Libya,  Central America,706,754,457,495,249,259
   Libya,  South America,255,270,155,166,100,104
   Libya, NORTHERN AMERICA,12692,13591,8580,9286,4112,4305
   Libya, OCEANIA ,746,797,521,564,225,233
   Libya,  Australia and New Zealand,746,797,521,564,225,233
   Libya,  Melanesia,0,0,0,0,0,0
   Libya,  Micronesia,0,0,0,0,0,0
   Libya,  Polynesia*,0,0,0,0,0,0
   Libya,   Afghanistan,319,340,230,248,89,92
   Libya,   Albania,300,320,207,224,93,96
   Libya,   Algeria,3577,3830,2049,2231,1528,1599
   Libya,   Australia*,746,797,521,564,225,233
   Libya,   Austria,750,801,402,437,348,364
   Libya,   Bahrain,965,1032,733,791,232,241
   Libya,   Bangladesh,1246,1334,1188,1275,58,59
   Libya,   Armenia,255,270,162,174,93,96
   Libya,   Belgium,673,720,405,440,268,280
   Libya,   Bosnia and Herzegovina,328,351,228,247,100,104
   Libya,   Brazil,255,270,155,166,100,104
   Libya,   Belarus,759,811,459,498,300,313
   Libya,   Canada,2841,3041,1924,2081,917,960
   Libya,   Sri Lanka,366,391,226,245,140,146
   Libya,   Chad,858,918,639,691,219,227
   Libya,   China*,3064,3280,2206,2382,858,898
   Libya,   Comoros,4281,4584,3693,3968,588,616
   Libya,   Congo,401,429,301,325,100,104
   Libya,   Democratic Republic of the Congo,433,463,336,363,97,100
   Libya,   Denmark*,768,821,523,567,245,254
   Libya,   El Salvador,706,754,457,495,249,259
   Libya,   Ethiopia,1825,1952,1165,1262,660,690
   Libya,   Eritrea,4646,5501,3173,3798,1473,1703
   Libya,   Finland*,828,885,525,569,303,316
   Libya,   France*,5010,5364,3271,3544,1739,1820
   Libya,   Djibouti,1421,1519,1044,1125,377,394
   Libya,   State of Palestine*,285146,305476,204028,222145,81118,83331
   Libya,   Germany,7005,7503,4164,4528,2841,2975
   Libya,   Ghana,612,655,491,530,121,125
   Libya,   Greece,2608,2792,1552,1686,1056,1106
   Libya,   Hungary,337,360,183,200,154,160
   Libya,   India,4826,5167,3738,4029,1088,1138
   Libya,   Indonesia,13019,13944,10892,11717,2127,2227
   Libya,   Iran (Islamic Republic of),410,439,306,331,104,108
   Libya,   Iraq,68240,73093,46444,50260,21796,22833
   Libya,   Italy,6667,7141,4157,4513,2510,2628
   Libya,   Côte d'Ivoire,594,636,448,485,146,151
   Libya,   Japan,1002,1072,643,698,359,374
   Libya,   Kazakhstan,800,855,646,695,154,160
   Libya,   Jordan,20338,21783,14470,15637,5868,6146
   Libya,   Kenya,334,357,221,241,113,116
   Libya,   Republic of Korea,713,761,502,541,211,220
   Libya,   Kuwait,10763,11527,8487,9144,2276,2383
   Libya,   Lebanon,11029,11812,6906,7494,4123,4318
   Libya,   Malaysia*,7894,8454,6377,6867,1517,1587
   Libya,   Mali,337,360,260,281,77,79
   Libya,   Mauritania,356,380,281,303,75,77
   Libya,   Monaco,276,293,188,202,88,91
   Libya,   Morocco,4883,5229,2475,2708,2408,2521
   Libya,   Oman,1688,1806,1344,1446,344,360
   Libya,   Netherlands*,1764,1890,1009,1101,755,789
   Libya,   Niger,356,380,287,308,69,72
   Libya,   Nigeria,2841,3041,2191,2363,650,678
   Libya,   Norway*,334,357,208,227,126,130
   Libya,   Pakistan,2451,2625,1836,1982,615,643
   Libya,   Philippines,4395,4707,2411,2630,1984,2077
   Libya,   Poland,676,723,319,350,357,373
   Libya,   Guinea-Bissau,309,329,308,329,1,0
   Libya,   Qatar,1410,1508,1096,1180,314,328
   Libya,   Romania,594,636,286,315,308,321
   Libya,   Russian Federation,7221,7734,4637,5029,2584,2705
   Libya,   Saudi Arabia,35352,37866,27026,29145,8326,8721
   Libya,   Senegal,1117,1195,971,1044,146,151
   Libya,   Sierra Leone,237,251,162,174,75,77
   Libya,   Singapore,667,714,481,521,186,193
   Libya,   Somalia,104178,111588,75539,81585,28639,30003
   Libya,   South Africa,645,690,457,495,188,195
   Libya,   Spain*,724,774,449,487,275,287
   Libya,   South Sudan,1770,1896,1261,1365,509,531
   Libya,   Sudan,14379,15400,10242,11067,4137,4333
   Libya,   Sweden,746,797,504,546,242,251
   Libya,   Switzerland,929,993,538,585,391,408
   Libya,   Syrian Arab Republic,27666,44450,19671,31887,7995,12563
   Libya,   Tajikistan,676,723,530,572,146,151
   Libya,   Thailand,2841,3041,2386,2567,455,474
   Libya,   United Arab Emirates,2766,2961,1931,2087,835,874
   Libya,   Tunisia,3074,3292,1917,2082,1157,1210
   Libya,   Turkey,2527,2704,1895,2043,632,661
   Libya,   Turkmenistan,237,251,186,199,51,52
   Libya,   Ukraine*,871,933,461,504,410,429
   Libya,   Egypt,20932,22420,14876,16076,6056,6344
   Libya,   United Kingdom*,7207,7719,4645,5037,2562,2682
   Libya,   United Republic of Tanzania*,264,281,197,211,67,70
   Libya,   United States of America*,9851,10550,6656,7205,3195,3345
   Libya,   Uzbekistan,375,2122,329,1278,46,844
   Libya,   Yemen,21266,6323,15830,3830,5436,2493
   Morocco,WORLD,92424,102358,46387,52707,46037,49651
   Morocco,  Sub-Saharan Africa,6152,6753,3090,3480,3062,3273
   Morocco,  Northern Africa and Western Asia,24335,27531,12220,14190,12115,13341
   Morocco,  Central and Southern Asia,0,0,0,0,0,0
   Morocco,  Eastern and South-Eastern Asia,0,0,0,0,0,0
   Morocco,  Latin America and the Caribbean,0,0,0,0,0,0
   Morocco,  Oceania (excluding Australia and New Zealand),0,0,0,0,0,0
   Morocco,  Australia and New Zealand,0,0,0,0,0,0
   Morocco,  Europe and Northern America,46281,50872,23220,26178,23061,24694
   Morocco,  Developed regions,46281,50872,23220,26178,23061,24694
   Morocco,  Less developed regions,30487,34284,15310,17670,15177,16614
   Morocco," Less developed regions, excluding least developed countries",26182,29559,13148,15235,13034,14324
   Morocco," Less developed regions, excluding China",30487,34284,15310,17670,15177,16614
   Morocco,  Least developed countries,4305,4725,2162,2435,2143,2290
   Morocco,  Land-locked Developing Countries (LLDC),0,0,0,0,0,0
   Morocco,  Small island developing States (SIDS),0,0,0,0,0,0
   Morocco,  High-income countries,46281,50872,23220,26178,23061,24694
   Morocco,  Middle-income countries,26901,29547,13508,15225,13393,14322
   Morocco, Upper-middle-income countries,4164,4572,2093,2359,2071,2213
   Morocco, Lower-middle-income countries,22737,24975,11415,12866,11322,12109
   Morocco,  Low-income countries,3586,4737,1802,2445,1784,2292
   Morocco, AFRICA,24859,27304,12481,14067,12378,13237
   Morocco,  Eastern Africa,0,0,0,0,0,0
   Morocco,  Middle Africa,1847,2028,928,1045,919,983
   Morocco,  Northern Africa,18707,20551,9391,10587,9316,9964
   Morocco,  Southern Africa,0,0,0,0,0,0
   Morocco,  Western Africa,4305,4725,2162,2435,2143,2290
   Morocco, ASIA,5628,6980,2829,3603,2799,3377
   Morocco,  Central Asia,0,0,0,0,0,0
   Morocco,  Eastern Asia,0,0,0,0,0,0
   Morocco,  South-Eastern Asia,0,0,0,0,0,0
   Morocco,  Southern Asia,0,0,0,0,0,0
   Morocco,  Western Asia,5628,6980,2829,3603,2799,3377
   Morocco, EUROPE,44486,48901,22319,25162,22167,23739
   Morocco,  Eastern Europe,0,0,0,0,0,0
   Morocco,  Northern Europe,1192,1307,599,675,593,632
   Morocco,  Southern Europe,5887,6466,2956,3333,2931,3133
   Morocco,  Western Europe,37407,41128,18764,21154,18643,19974
   Morocco, LATIN AMERICA AND THE CARIBBEAN,0,0,0,0,0,0
   Morocco,  Caribbean,0,0,0,0,0,0
   Morocco,  Central America,0,0,0,0,0,0
   Morocco,  South America,0,0,0,0,0,0
   Morocco, NORTHERN AMERICA,1795,1971,901,1016,894,955
   Morocco, OCEANIA ,0,0,0,0,0,0
   Morocco,  Australia and New Zealand,0,0,0,0,0,0
   Morocco,  Melanesia,0,0,0,0,0,0
   Morocco,  Micronesia,0,0,0,0,0,0
   Morocco,  Polynesia*,0,0,0,0,0,0
   Morocco,   Algeria,13194,14497,6622,7466,6572,7031
   Morocco,   Belgium,1377,1512,692,780,685,732
   Morocco,   Congo,1847,2028,928,1045,919,983
   Morocco,   France*,34615,38063,17362,19575,17253,18488
   Morocco,   Germany,1415,1553,710,799,705,754
   Morocco,   Guinea,967,1061,486,547,481,514
   Morocco,   Iraq,1683,1849,846,954,837,895
   Morocco,   Italy,1862,2045,935,1054,927,991
   Morocco,   Lebanon,1326,1455,667,751,659,704
   Morocco,   Libya,1155,1268,580,654,575,614
   Morocco,   Mauritania,1564,1717,785,884,779,833
   Morocco,   Senegal,1774,1947,891,1004,883,943
   Morocco,   Spain*,4025,4421,2021,2279,2004,2142
   Morocco,   Syrian Arab Republic,2619,3676,1316,1898,1303,1778
   Morocco,   Tunisia,2533,2781,1272,1433,1261,1348
   Morocco,   Egypt,1825,2005,917,1034,908,971
   Morocco,   United Kingdom*,1192,1307,599,675,593,632
   Morocco,   United States of America*,1795,1971,901,1016,894,955
   Morocco,Other,15656,17202,7857,8859,7799,8343
   Sudan,WORLD,620523,1379147,311885,685177,308638,693970
   Sudan,  Sub-Saharan Africa,581350,1324964,291661,657591,289689,667373
   Sudan,  Northern Africa and Western Asia,14980,20719,7734,10548,7246,10171
   Sudan,  Central and Southern Asia,1277,1764,660,899,617,865
   Sudan,  Eastern and South-Eastern Asia,1111,1536,574,782,537,754
   Sudan,  Latin America and the Caribbean,0,0,0,0,0,0
   Sudan,  Oceania (excluding Australia and New Zealand),0,0,0,0,0,0
   Sudan,  Australia and New Zealand,0,0,0,0,0,0
   Sudan,  Europe and Northern America,0,0,0,0,0,0
   Sudan,  Developed regions,0,0,0,0,0,0
   Sudan,  Less developed regions,598718,1348983,300629,669820,298089,679163
   Sudan," Less developed regions, excluding least developed countries",34771,48088,17950,24480,16821,23608
   Sudan," Less developed regions, excluding China",597607,1347447,300055,669038,297552,678409
   Sudan,  Least developed countries,563947,1300895,282679,645340,281268,655555
   Sudan,  Land-locked Developing Countries (LLDC),396624,1069459,196079,527209,200545,542250
   Sudan,  Small island developing States (SIDS),0,0,0,0,0,0
   Sudan,  High-income countries,0,0,0,0,0,0
   Sudan,  Middle-income countries,34771,48088,17950,24480,16821,23608
   Sudan, Upper-middle-income countries,2668,3689,1378,1878,1290,1811
   Sudan, Lower-middle-income countries,32103,44399,16572,22602,15531,21797
   Sudan,  Low-income countries,563947,1300895,282679,645340,281268,655555
   Sudan, AFRICA,596330,1345683,299395,668139,296935,677544
   Sudan,  Eastern Africa,470396,1164194,234571,576036,235825,588158
   Sudan,  Middle Africa,95448,139324,49088,70640,46360,68684
   Sudan,  Northern Africa,14980,20719,7734,10548,7246,10171
   Sudan,  Southern Africa,0,0,0,0,0,0
   Sudan,  Western Africa,15506,21446,8002,10915,7504,10531
   Sudan, ASIA,2388,3300,1234,1681,1154,1619
   Sudan,  Central Asia,0,0,0,0,0,0
   Sudan,  Eastern Asia,1111,1536,574,782,537,754
   Sudan,  South-Eastern Asia,0,0,0,0,0,0
   Sudan,  Southern Asia,1277,1764,660,899,617,865
   Sudan,  Western Asia,0,0,0,0,0,0
   Sudan, EUROPE,0,0,0,0,0,0
   Sudan,  Eastern Europe,0,0,0,0,0,0
   Sudan,  Northern Europe,0,0,0,0,0,0
   Sudan,  Southern Europe,0,0,0,0,0,0
   Sudan,  Western Europe,0,0,0,0,0,0
   Sudan, LATIN AMERICA AND THE CARIBBEAN,0,0,0,0,0,0
   Sudan,  Caribbean,0,0,0,0,0,0
   Sudan,  Central America,0,0,0,0,0,0
   Sudan,  South America,0,0,0,0,0,0
   Sudan, NORTHERN AMERICA,0,0,0,0,0,0
   Sudan, OCEANIA ,0,0,0,0,0,0
   Sudan,  Australia and New Zealand,0,0,0,0,0,0
   Sudan,  Melanesia,0,0,0,0,0,0
   Sudan,  Micronesia,0,0,0,0,0,0
   Sudan,  Polynesia*,0,0,0,0,0,0
   Sudan,   Central African Republic,13489,25962,6908,13112,6581,12850
   Sudan,   Chad,74514,103065,37631,51295,36883,51770
   Sudan,   China*,1111,1536,574,782,537,754
   Sudan,   Democratic Republic of the Congo,7445,10297,4549,6233,2896,4064
   Sudan,   Ethiopia,50734,70173,24232,32974,26502,37199
   Sudan,   Eritrea,159748,220960,81987,111810,77761,109150
   Sudan,   India,1277,1764,660,899,617,865
   Sudan,   Kenya,2575,3561,1327,1811,1248,1750
   Sudan,   Libya,1557,2153,804,1096,753,1057
   Sudan,   Mali,678,938,347,475,331,463
   Sudan,   Nigeria,14828,20508,7655,10440,7173,10068
   Sudan,   Somalia,130,179,64,88,66,91
   Sudan,   South Sudan,255959,867593,126321,428488,129638,439105
   Sudan,   Uganda,1250,1728,640,865,610,863
   Sudan,   Egypt,13423,18566,6930,9452,6493,9114
   Sudan,Other,21805,30164,11256,15357,10549,14807
   Tunisia,WORLD,56532,60145,29253,31474,27279,28671
   Tunisia,  Sub-Saharan Africa,3836,4069,1975,2121,1861,1948
   Tunisia,  Northern Africa and Western Asia,28869,30746,14929,16085,13940,14661
   Tunisia,  Central and Southern Asia,0,0,0,0,0,0
   Tunisia,  Eastern and South-Eastern Asia,0,0,0,0,0,0
   Tunisia,  Latin America and the Caribbean,0,0,0,0,0,0
   Tunisia,  Oceania (excluding Australia and New Zealand),0,0,0,0,0,0
   Tunisia,  Australia and New Zealand,0,0,0,0,0,0
   Tunisia,  Europe and Northern America,12875,13677,6652,7149,6223,6528
   Tunisia,  Developed regions,12875,13677,6652,7149,6223,6528
   Tunisia,  Less developed regions,32705,34815,16904,18206,15801,16609
   Tunisia," Less developed regions, excluding least developed countries",30772,32764,15913,17141,14859,15623
   Tunisia," Less developed regions, excluding China",32705,34815,16904,18206,15801,16609
   Tunisia,  Least developed countries,1933,2051,991,1065,942,986
   Tunisia,  Land-locked Developing Countries (LLDC),996,1058,507,546,489,512
   Tunisia,  Small island developing States (SIDS),0,0,0,0,0,0
   Tunisia,  High-income countries,12875,13677,6652,7149,6223,6528
   Tunisia,  Middle-income countries,30481,32375,15751,16924,14730,15451
   Tunisia, Upper-middle-income countries,9755,10363,5041,5420,4714,4943
   Tunisia, Lower-middle-income countries,20726,22012,10710,11504,10016,10508
   Tunisia,  Low-income countries,2224,2440,1153,1282,1071,1158
   Tunisia, AFRICA,30287,32169,15636,16801,14651,15368
   Tunisia,  Eastern Africa,0,0,0,0,0,0
   Tunisia,  Middle Africa,715,758,369,396,346,362
   Tunisia,  Northern Africa,26451,28100,13661,14680,12790,13420
   Tunisia,  Southern Africa,0,0,0,0,0,0
   Tunisia,  Western Africa,3121,3311,1606,1725,1515,1586
   Tunisia, ASIA,2418,2646,1268,1405,1150,1241
   Tunisia,  Central Asia,0,0,0,0,0,0
   Tunisia,  Eastern Asia,0,0,0,0,0,0
   Tunisia,  South-Eastern Asia,0,0,0,0,0,0
   Tunisia,  Southern Asia,0,0,0,0,0,0
   Tunisia,  Western Asia,2418,2646,1268,1405,1150,1241
   Tunisia, EUROPE,12268,13033,6338,6812,5930,6221
   Tunisia,  Eastern Europe,0,0,0,0,0,0
   Tunisia,  Northern Europe,0,0,0,0,0,0
   Tunisia,  Southern Europe,2208,2345,1143,1228,1065,1117
   Tunisia,  Western Europe,10060,10688,5195,5584,4865,5104
   Tunisia, LATIN AMERICA AND THE CARIBBEAN,0,0,0,0,0,0
   Tunisia,  Caribbean,0,0,0,0,0,0
   Tunisia,  Central America,0,0,0,0,0,0
   Tunisia,  South America,0,0,0,0,0,0
   Tunisia, NORTHERN AMERICA,607,644,314,337,293,307
   Tunisia, OCEANIA ,0,0,0,0,0,0
   Tunisia,  Australia and New Zealand,0,0,0,0,0,0
   Tunisia,  Melanesia,0,0,0,0,0,0
   Tunisia,  Micronesia,0,0,0,0,0,0
   Tunisia,  Polynesia*,0,0,0,0,0,0
   Tunisia,   Algeria,10411,11060,5378,5778,5033,5282
   Tunisia,   Cameroon,715,758,369,396,346,362
   Tunisia,   France*,8612,9151,4447,4781,4165,4370
   Tunisia,   State of Palestine*,554,589,290,312,264,277
   Tunisia,   Germany,1448,1537,748,803,700,734
   Tunisia,   Iraq,636,675,332,357,304,318
   Tunisia,   Italy,2208,2345,1143,1228,1065,1117
   Tunisia,   Côte d'Ivoire,646,685,335,360,311,325
   Tunisia,   Libya,9119,9688,4709,5063,4410,4625
   Tunisia,   Mali,996,1058,507,546,489,512
   Tunisia,   Mauritania,528,560,273,293,255,267
   Tunisia,   Morocco,5785,6146,2987,3209,2798,2937
   Tunisia,   Nigeria,542,575,280,300,262,275
   Tunisia,   Senegal,409,433,211,226,198,207
   Tunisia,   Syrian Arab Republic,1228,1382,646,736,582,646
   Tunisia,   Egypt,1136,1206,587,630,549,576
   Tunisia,   United States of America*,607,644,314,337,293,307
   Tunisia,Other,10952,11653,5697,6119,5255,5534
   Western Sahara,WORLD,5179,5424,3059,3205,2120,2219
   Western Sahara,  Sub-Saharan Africa,4621,4836,2756,2886,1865,1950
   Western Sahara,  Northern Africa and Western Asia,78,80,39,41,39,39
   Western Sahara,  Central and Southern Asia,0,0,0,0,0,0
   Western Sahara,  Eastern and South-Eastern Asia,0,0,0,0,0,0
   Western Sahara,  Latin America and the Caribbean,0,0,0,0,0,0
   Western Sahara,  Oceania (excluding Australia and New Zealand),0,0,0,0,0,0
   Western Sahara,  Australia and New Zealand,0,0,0,0,0,0
   Western Sahara,  Europe and Northern America,268,279,136,142,132,137
   Western Sahara,  Developed regions,268,279,136,142,132,137
   Western Sahara,  Less developed regions,4699,4916,2795,2927,1904,1989
   Western Sahara," Less developed regions, excluding least developed countries",78,80,39,41,39,39
   Western Sahara," Less developed regions, excluding China",4699,4916,2795,2927,1904,1989
   Western Sahara,  Least developed countries,4621,4836,2756,2886,1865,1950
   Western Sahara,  Land-locked Developing Countries (LLDC),373,389,245,256,128,133
   Western Sahara,  Small island developing States (SIDS),1007,1052,455,476,552,576
   Western Sahara,  High-income countries,268,279,136,142,132,137
   Western Sahara,  Middle-income countries,2365,2477,1476,1546,889,931
   Western Sahara, Upper-middle-income countries,0,0,0,0,0,0
   Western Sahara, Lower-middle-income countries,2365,2477,1476,1546,889,931
   Western Sahara,  Low-income countries,2334,2439,1319,1381,1015,1058
   Western Sahara, AFRICA,4699,4916,2795,2927,1904,1989
   Western Sahara,  Eastern Africa,0,0,0,0,0,0
   Western Sahara,  Middle Africa,0,0,0,0,0,0
   Western Sahara,  Northern Africa,78,80,39,41,39,39
   Western Sahara,  Southern Africa,0,0,0,0,0,0
   Western Sahara,  Western Africa,4621,4836,2756,2886,1865,1950
   Western Sahara, ASIA,0,0,0,0,0,0
   Western Sahara,  Central Asia,0,0,0,0,0,0
   Western Sahara,  Eastern Asia,0,0,0,0,0,0
   Western Sahara,  South-Eastern Asia,0,0,0,0,0,0
   Western Sahara,  Southern Asia,0,0,0,0,0,0
   Western Sahara,  Western Asia,0,0,0,0,0,0
   Western Sahara, EUROPE,268,279,136,142,132,137
   Western Sahara,  Eastern Europe,0,0,0,0,0,0
   Western Sahara,  Northern Europe,0,0,0,0,0,0
   Western Sahara,  Southern Europe,0,0,0,0,0,0
   Western Sahara,  Western Europe,268,279,136,142,132,137
   Western Sahara, LATIN AMERICA AND THE CARIBBEAN,0,0,0,0,0,0
   Western Sahara,  Caribbean,0,0,0,0,0,0
   Western Sahara,  Central America,0,0,0,0,0,0
   Western Sahara,  South America,0,0,0,0,0,0
   Western Sahara, NORTHERN AMERICA,0,0,0,0,0,0
   Western Sahara, OCEANIA ,0,0,0,0,0,0
   Western Sahara,  Australia and New Zealand,0,0,0,0,0,0
   Western Sahara,  Melanesia,0,0,0,0,0,0
   Western Sahara,  Micronesia,0,0,0,0,0,0
   Western Sahara,  Polynesia*,0,0,0,0,0,0
   Western Sahara,   Algeria,78,80,39,41,39,39
   Western Sahara,   France*,268,279,136,142,132,137
   Western Sahara,   Guinea,954,998,619,649,335,349
   Western Sahara,   Mali,373,389,245,256,128,133
   Western Sahara,   Mauritania,542,566,418,438,124,128
   Western Sahara,   Guinea-Bissau,1007,1052,455,476,552,576
   Western Sahara,   Senegal,1745,1831,1019,1067,726,764
   Western Sahara,Other,212,229,128,136,84,93
  Southern Africa,WORLD,3477903,3125072,1905968,1772593,1571935,1352479
  Southern Africa,  Sub-Saharan Africa,2002694,2035175,1120512,1175720,882182,859455
  Southern Africa,  Northern Africa and Western Asia,24488,28309,12850,16418,11638,11891
  Southern Africa,  Central and Southern Asia,87207,70151,55229,49015,31978,21136
  Southern Africa,  Eastern and South-Eastern Asia,27568,29086,15457,17293,12111,11793
  Southern Africa,  Latin America and the Caribbean,12016,13774,5450,7034,6566,6740
  Southern Africa,  Oceania (excluding Australia and New Zealand),171,197,99,125,72,72
  Southern Africa,  Australia and New Zealand,9096,10626,4425,5409,4671,5217
  Southern Africa,  Europe and Northern America,238534,272171,116089,140626,122445,131545
  Southern Africa,  Developed regions,249554,285020,121340,147135,128214,137885
  Southern Africa,  Less developed regions,2152220,2174469,1208771,1264505,943449,909964
  Southern Africa," Less developed regions, excluding least developed countries",1142864,1167498,628714,658403,514150,509095
  Southern Africa," Less developed regions, excluding China",2135028,2157362,1197417,1252780,937611,904582
  Southern Africa,  Least developed countries,1009356,1006971,580057,606102,429299,400869
  Southern Africa,  Land-locked Developing Countries (LLDC),1229114,1254737,670116,696276,558998,558461
  Southern Africa,  Small island developing States (SIDS),14702,16906,7164,9160,7538,7746
  Southern Africa,  High-income countries,259360,296356,126294,153489,133066,142867
  Southern Africa,  Middle-income countries,1459480,1500956,789670,830377,669810,670579
  Southern Africa, Upper-middle-income countries,161492,171233,86314,96558,75178,74675
  Southern Africa, Lower-middle-income countries,1297988,1329723,703356,733819,594632,595904
  Southern Africa,  Low-income countries,682336,661484,414044,427586,268292,233898
  Southern Africa, AFRICA,2013377,2047496,1126280,1183008,887097,864488
  Southern Africa,  Eastern Africa,1405000,1433038,809202,852666,595798,580372
  Southern Africa,  Middle Africa,194695,187553,105001,106689,89694,80864
  Southern Africa,  Northern Africa,10683,12321,5768,7288,4915,5033
  Southern Africa,  Southern Africa,341022,360129,164699,175379,176323,184750
  Southern Africa,  Western Africa,61977,54455,41610,40986,20367,13469
  Southern Africa, ASIA,128580,115225,77768,75438,50812,39787
  Southern Africa,  Central Asia,37,42,14,19,23,23
  Southern Africa,  Eastern Asia,21116,21637,13134,14064,7982,7573
  Southern Africa,  South-Eastern Asia,6452,7449,2323,3229,4129,4220
  Southern Africa,  Southern Asia,87170,70109,55215,48996,31955,21113
  Southern Africa,  Western Asia,13805,15988,7082,9130,6723,6858
  Southern Africa, EUROPE,223700,254975,108693,131599,115007,123376
  Southern Africa,  Eastern Europe,27210,31512,13075,17068,14135,14444
  Southern Africa,  Northern Europe,84701,93943,39999,45616,44702,48327
  Southern Africa,  Southern Europe,53527,62236,27370,34578,26157,27658
  Southern Africa,  Western Europe,58262,67284,28249,34337,30013,32947
  Southern Africa, LATIN AMERICA AND THE CARIBBEAN,12016,13774,5450,7034,6566,6740
  Southern Africa,  Caribbean,3061,3442,1491,1810,1570,1632
  Southern Africa,  Central America,559,647,265,349,294,298
  Southern Africa,  South America,8396,9685,3694,4875,4702,4810
  Southern Africa, NORTHERN AMERICA,14834,17196,7396,9027,7438,8169
  Southern Africa, OCEANIA ,9267,10823,4524,5534,4743,5289
  Southern Africa,  Australia and New Zealand,9096,10626,4425,5409,4671,5217
  Southern Africa,  Melanesia,105,121,53,69,52,52
  Southern Africa,  Micronesia,46,53,31,38,15,15
  Southern Africa,  Polynesia*,20,23,15,18,5,5
  Southern Africa,   Burundi,7582,8769,3355,4418,4227,4351
  Southern Africa,   Comoros,202,234,174,206,28,28
  Southern Africa,   Djibouti,0,0,0,0,0,0
  Southern Africa,   Eritrea,593,688,329,419,264,269
  Southern Africa,   Ethiopia,66997,44429,40809,31545,26188,12884
  Southern Africa,   Kenya,19360,22272,8563,11207,10797,11065
  Southern Africa,   Madagascar,969,1075,480,568,489,507
  Southern Africa,   Malawi,94765,96050,64651,70514,30114,25536
  Southern Africa,   Mauritius*,9144,10584,4458,5774,4686,4810
  Southern Africa,   Mayotte*,0,0,0,0,0,0
  Southern Africa,   Mozambique,326122,361262,208838,240951,117284,120311
  Southern Africa,   Réunion*,346,401,12,60,334,341
  Southern Africa,   Rwanda,5593,6451,2231,2995,3362,3456
  Southern Africa,   Seychelles,757,870,288,391,469,479
  Southern Africa,   Somalia,77207,58893,39235,30185,37972,28708
  Southern Africa,   South Sudan,0,0,0,0,0,0
  Southern Africa,   Uganda,6053,6983,3444,4285,2609,2698
  Southern Africa,   United Republic of Tanzania*,11898,13661,7311,8921,4587,4740
  Southern Africa,   Zambia,26711,30610,13647,15561,13064,15049
  Southern Africa,   Zimbabwe,750701,769806,411377,424666,339324,345140
  Southern Africa,   Angola,79507,88962,43016,50868,36491,38094
  Southern Africa,   Cameroon,2677,3096,1844,2245,833,851
  Southern Africa,   Central African Republic,121,140,94,113,27,27
  Southern Africa,   Chad,0,0,0,0,0,0
  Southern Africa,   Congo,21590,24952,12227,15373,9363,9579
  Southern Africa,   Democratic Republic of the Congo,90478,70030,47644,37866,42834,32164
  Southern Africa,   Equatorial Guinea,0,0,0,0,0,0
  Southern Africa,   Gabon,322,373,176,224,146,149
  Southern Africa,   Sao Tome and Principe,0,0,0,0,0,0
  Southern Africa,   Algeria,936,1042,565,653,371,389
  Southern Africa,   Egypt,4963,5744,2565,3294,2398,2450
  Southern Africa,   Libya,202,230,153,181,49,49
  Southern Africa,   Morocco,1126,1307,707,880,419,427
  Southern Africa,   Sudan,3339,3858,1716,2196,1623,1662
  Southern Africa,   Tunisia,117,140,62,84,55,56
  Southern Africa,   Western Sahara,0,0,0,0,0,0
  Southern Africa,   Botswana,44297,51401,26873,33569,17424,17832
  Southern Africa,   Eswatini,42850,46314,20979,22590,21871,23724
  Southern Africa,   Lesotho,182437,192639,82136,85371,100301,107268
  Southern Africa,   Namibia,41639,37665,20840,18813,20799,18852
  Southern Africa,   South Africa,29799,32110,13871,15036,15928,17074
  Southern Africa,   Benin,351,392,189,225,162,167
  Southern Africa,   Burkina Faso,69,73,33,35,36,38
  Southern Africa,   Cabo Verde,0,0,0,0,0,0
  Southern Africa,   Côte d'Ivoire,1228,1422,848,1035,380,387
  Southern Africa,   Gambia,84,88,38,40,46,48
  Southern Africa,   Ghana,7183,8345,4694,5790,2489,2555
  Southern Africa,   Guinea,130,144,82,95,48,49
  Southern Africa,   Guinea-Bissau,29,33,10,14,19,19
  Southern Africa,   Liberia,825,948,291,405,534,543
  Southern Africa,   Mali,109,126,55,71,54,55
  Southern Africa,   Mauritania,0,0,0,0,0,0
  Southern Africa,   Niger,20,23,13,16,7,7
  Southern Africa,   Nigeria,48152,38472,32259,29585,15893,8887
  Southern Africa,   Saint Helena*,232,269,76,110,156,159
  Southern Africa,   Senegal,2893,3355,2618,3075,275,280
  Southern Africa,   Sierra Leone,672,765,404,490,268,275
  Southern Africa,   Togo,0,0,0,0,0,0
  Southern Africa,   Kazakhstan,0,0,0,0,0,0
  Southern Africa,   Kyrgyzstan,37,42,14,19,23,23
  Southern Africa,   Tajikistan,0,0,0,0,0,0
  Southern Africa,   Turkmenistan,0,0,0,0,0,0
  Southern Africa,   Uzbekistan,0,0,0,0,0,0
  Southern Africa,   China*,15518,15164,10554,10674,4964,4490
  Southern Africa,"   China, Hong Kong SAR*",1674,1943,800,1051,874,892
  Southern Africa,"   China, Macao SAR*",0,0,0,0,0,0
  Southern Africa,"   China, Taiwan Province of China*",0,0,0,0,0,0
  Southern Africa,   Dem. People's Republic of Korea,239,267,123,149,116,118
  Southern Africa,   Japan,1924,2223,826,1100,1098,1123
  Southern Africa,   Mongolia,0,0,0,0,0,0
  Southern Africa,   Republic of Korea,1761,2040,831,1090,930,950
  Southern Africa,   Brunei Darussalam,21,24,9,12,12,12
  Southern Africa,   Cambodia,0,0,0,0,0,0
  Southern Africa,   Indonesia,1350,1559,649,842,701,717
  Southern Africa,   Lao People's Democratic Republic,30,34,18,22,12,12
  Southern Africa,   Malaysia*,944,1096,197,334,747,762
  Southern Africa,   Myanmar,223,258,73,105,150,153
  Southern Africa,   Philippines,1794,2060,671,909,1123,1151
  Southern Africa,   Singapore,944,1096,434,576,510,520
  Southern Africa,   Thailand,980,1130,207,340,773,790
  Southern Africa,   Timor-Leste,0,0,0,0,0,0
  Southern Africa,   Viet Nam,166,192,65,89,101,103
  Southern Africa,   Afghanistan,138,155,72,88,66,67
  Southern Africa,   Bangladesh,22996,15597,16931,14287,6065,1310
  Southern Africa,   Bhutan,0,0,0,0,0,0
  Southern Africa,   India,40865,36708,23096,21457,17769,15251
  Southern Africa,   Iran (Islamic Republic of),759,877,376,487,383,390
  Southern Africa,   Maldives,58,67,39,48,19,19
  Southern Africa,   Nepal,130,150,79,98,51,52
  Southern Africa,   Pakistan,20276,14381,13633,11354,6643,3027
  Southern Africa,   Sri Lanka,1948,2174,989,1177,959,997
  Southern Africa,   Armenia,61,64,61,64,0,0
  Southern Africa,   Azerbaijan*,0,0,0,0,0,0
  Southern Africa,   Bahrain,217,246,107,134,110,112
  Southern Africa,   Cyprus*,5098,5918,2465,3230,2633,2688
  Southern Africa,   Georgia*,0,0,0,0,0,0
  Southern Africa,   Iraq,170,197,126,153,44,44
  Southern Africa,   Israel,4741,5494,2387,3090,2354,2404
  Southern Africa,   Jordan,58,67,35,44,23,23
  Southern Africa,   Kuwait,92,106,65,79,27,27
  Southern Africa,   Lebanon,1005,1161,521,668,484,493
  Southern Africa,   Oman,31,35,19,23,12,12
  Southern Africa,   Qatar,0,0,0,0,0,0
  Southern Africa,   Saudi Arabia,641,744,333,430,308,314
  Southern Africa,   State of Palestine*,99,114,18,32,81,82
  Southern Africa,   Syrian Arab Republic,119,138,56,74,63,64
  Southern Africa,   Turkey,1205,1394,760,940,445,454
  Southern Africa,   United Arab Emirates,185,214,88,115,97,99
  Southern Africa,   Yemen,83,96,41,54,42,42
  Southern Africa,   Belarus,247,286,113,150,134,136
  Southern Africa,   Bulgaria,4110,4768,2036,2650,2074,2118
  Southern Africa,   Czechia,2142,2479,1090,1404,1052,1075
  Southern Africa,   Hungary,0,0,0,0,0,0
  Southern Africa,   Poland,10397,12075,4989,6548,5408,5527
  Southern Africa,   Republic of Moldova*,0,0,0,0,0,0
  Southern Africa,   Romania,1707,1978,765,1017,942,961
  Southern Africa,   Russian Federation,3967,4564,1867,2413,2100,2151
  Southern Africa,   Slovakia,437,507,314,382,123,125
  Southern Africa,   Ukraine*,4203,4855,1901,2504,2302,2351
  Southern Africa,   Channel Islands*,0,0,0,0,0,0
  Southern Africa,   Denmark*,3056,3505,1554,1965,1502,1540
  Southern Africa,   Estonia,149,172,121,144,28,28
  Southern Africa,   Faroe Islands*,0,0,0,0,0,0
  Southern Africa,   Finland*,749,861,188,287,561,574
  Southern Africa,   Iceland,30,34,25,29,5,5
  Southern Africa,   Ireland,13205,15269,5557,7448,7648,7821
  Southern Africa,   Isle of Man*,0,0,0,0,0,0
  Southern Africa,   Latvia,434,503,287,353,147,150
  Southern Africa,   Lithuania,416,482,169,230,247,252
  Southern Africa,   Norway*,1581,1794,663,850,918,944
  Southern Africa,   Sweden,756,828,429,486,327,342
  Southern Africa,   United Kingdom*,64325,70495,31006,33824,33319,36671
  Southern Africa,   Albania,168,195,67,92,101,103
  Southern Africa,   Andorra,0,0,0,0,0,0
  Southern Africa,   Bosnia and Herzegovina,210,243,80,111,130,132
  Southern Africa,   Croatia,1038,1205,521,678,517,527
  Southern Africa,   Gibraltar*,55,63,43,51,12,12
  Southern Africa,   Greece,9370,10878,4903,6317,4467,4561
  Southern Africa,   Holy See*,0,0,0,0,0,0
  Southern Africa,   Italy,25539,29530,13132,16789,12407,12741
  Southern Africa,   Malta,352,408,103,154,249,254
  Southern Africa,   Montenegro,0,0,0,0,0,0
  Southern Africa,   North Macedonia,124,143,96,115,28,28
  Southern Africa,   Portugal,10790,12776,5530,6531,5260,6245
  Southern Africa,   San Marino,0,0,0,0,0,0
  Southern Africa,   Serbia*,4023,4670,1940,2543,2083,2127
  Southern Africa,   Slovenia,0,0,0,0,0,0
  Southern Africa,   Spain*,1858,2125,955,1197,903,928
  Southern Africa,   Austria,6191,7131,3361,4229,2830,2902
  Southern Africa,   Belgium,8429,9769,4250,5498,4179,4271
  Southern Africa,   France*,8383,9684,4016,5212,4367,4472
  Southern Africa,   Germany,23082,26425,10716,12315,12366,14110
  Southern Africa,   Liechtenstein,0,0,0,0,0,0
  Southern Africa,   Luxembourg,67,73,25,30,42,43
  Southern Africa,   Monaco,25,29,22,26,3,3
  Southern Africa,   Netherlands*,9630,11362,4797,5649,4833,5713
  Southern Africa,   Switzerland,2455,2811,1062,1378,1393,1433
  Southern Africa,   Anguilla*,0,0,0,0,0,0
  Southern Africa,   Antigua and Barbuda,459,490,186,199,273,291
  Southern Africa,   Aruba*,0,0,0,0,0,0
  Southern Africa,   Bahamas,48,50,12,12,36,38
  Southern Africa,   Barbados,29,33,17,21,12,12
  Southern Africa,"   Bonaire, Sint Eustatius and Saba*",0,0,0,0,0,0
  Southern Africa,   British Virgin Islands*,21,24,16,19,5,5
  Southern Africa,   Cayman Islands*,0,0,0,0,0,0
  Southern Africa,   Cuba,2255,2556,1158,1419,1097,1137
  Southern Africa,   Curaçao*,0,0,0,0,0,0
  Southern Africa,   Dominica,0,0,0,0,0,0
  Southern Africa,   Dominican Republic,0,0,0,0,0,0
  Southern Africa,   Grenada,0,0,0,0,0,0
  Southern Africa,   Guadeloupe*,0,0,0,0,0,0
  Southern Africa,   Haiti,0,0,0,0,0,0
  Southern Africa,   Jamaica,199,231,73,103,126,128
  Southern Africa,   Martinique*,0,0,0,0,0,0
  Southern Africa,   Montserrat*,0,0,0,0,0,0
  Southern Africa,   Puerto Rico*,0,0,0,0,0,0
  Southern Africa,   Saint Barthélemy*,0,0,0,0,0,0
  Southern Africa,   Saint Kitts and Nevis,25,29,16,20,9,9
  Southern Africa,   Saint Lucia,0,0,0,0,0,0
  Southern Africa,   Saint Martin (French part)*,0,0,0,0,0,0
  Southern Africa,   Saint Vincent and the Grenadines,0,0,0,0,0,0
  Southern Africa,   Sint Maarten (Dutch part)*,0,0,0,0,0,0
  Southern Africa,   Trinidad and Tobago,25,29,13,17,12,12
  Southern Africa,   Turks and Caicos Islands*,0,0,0,0,0,0
  Southern Africa,   United States Virgin Islands*,0,0,0,0,0,0
  Southern Africa,   Belize,0,0,0,0,0,0
  Southern Africa,   Costa Rica,0,0,0,0,0,0
  Southern Africa,   El Salvador,0,0,0,0,0,0
  Southern Africa,   Guatemala,92,106,64,78,28,28
  Southern Africa,   Honduras,0,0,0,0,0,0
  Southern Africa,   Mexico,296,343,131,175,165,168
  Southern Africa,   Nicaragua,112,130,39,56,73,74
  Southern Africa,   Panama,59,68,31,40,28,28
  Southern Africa,   Argentina,2507,2904,1120,1488,1387,1416
  Southern Africa,   Bolivia (Plurinational State of),168,195,21,45,147,150
  Southern Africa,   Brazil,3567,4093,1558,2029,2009,2064
  Southern Africa,   Chile,723,835,363,468,360,367
  Southern Africa,   Colombia,615,714,201,292,414,422
  Southern Africa,   Ecuador,0,0,0,0,0,0
  Southern Africa,   Falkland Islands (Malvinas)*,0,0,0,0,0,0
  Southern Africa,   French Guiana*,0,0,0,0,0,0
  Southern Africa,   Guyana,58,67,26,35,32,32
  Southern Africa,   Paraguay,121,140,58,76,63,64
  Southern Africa,   Peru,210,243,111,142,99,101
  Southern Africa,   Suriname,0,0,0,0,0,0
  Southern Africa,   Uruguay,117,135,85,103,32,32
  Southern Africa,   Venezuela (Bolivarian Republic of),310,359,151,197,159,162
  Southern Africa,   Bermuda*,61,70,38,47,23,23
  Southern Africa,   Canada,6285,7257,3033,3930,3252,3327
  Southern Africa,   Greenland*,0,0,0,0,0,0
  Southern Africa,   Saint Pierre and Miquelon*,0,0,0,0,0,0
  Southern Africa,   United States of America*,8488,9869,4325,5050,4163,4819
  Southern Africa,   Australia*,5778,6776,2788,3275,2990,3501
  Southern Africa,   New Zealand*,3318,3850,1637,2134,1681,1716
  Southern Africa,   Fiji,46,53,26,33,20,20
  Southern Africa,   New Caledonia*,0,0,0,0,0,0
  Southern Africa,   Papua New Guinea,59,68,27,36,32,32
  Southern Africa,   Solomon Islands,0,0,0,0,0,0
  Southern Africa,   Vanuatu,0,0,0,0,0,0
  Southern Africa,   Guam*,0,0,0,0,0,0
  Southern Africa,   Kiribati,0,0,0,0,0,0
  Southern Africa,   Marshall Islands,0,0,0,0,0,0
  Southern Africa,   Micronesia (Fed. States of),0,0,0,0,0,0
  Southern Africa,   Nauru,21,24,9,12,12,12
  Southern Africa,   Northern Mariana Islands*,25,29,22,26,3,3
  Southern Africa,   Palau,0,0,0,0,0,0
  Southern Africa,   American Samoa*,0,0,0,0,0,0
  Southern Africa,   Cook Islands*,0,0,0,0,0,0
  Southern Africa,   French Polynesia*,0,0,0,0,0,0
  Southern Africa,   Niue*,20,23,15,18,5,5
  Southern Africa,   Samoa,0,0,0,0,0,0
  Southern Africa,   Tokelau*,0,0,0,0,0,0
  Southern Africa,   Tonga,0,0,0,0,0,0
  Southern Africa,   Tuvalu,0,0,0,0,0,0
  Southern Africa,   Wallis and Futuna Islands*,0,0,0,0,0,0
   Botswana,WORLD,103053,110268,58651,62817,44402,47451
   Botswana,  Sub-Saharan Africa,79168,84693,45306,48521,33862,36172
   Botswana,  Northern Africa and Western Asia,0,0,0,0,0,0
   Botswana,  Central and Southern Asia,6644,7102,3788,4057,2856,3045
   Botswana,  Eastern and South-Eastern Asia,4466,4777,3561,3812,905,965
   Botswana,  Latin America and the Caribbean,0,0,0,0,0,0
   Botswana,  Oceania (excluding Australia and New Zealand),0,0,0,0,0,0
   Botswana,  Australia and New Zealand,367,391,177,190,190,201
   Botswana,  Europe and Northern America,5814,6200,3270,3500,2544,2700
   Botswana,  Developed regions,6181,6591,3447,3690,2734,2901
   Botswana,  Less developed regions,90278,96572,52655,56390,37623,40182
   Botswana," Less developed regions, excluding least developed countries",80560,86192,47204,50553,33356,35639
   Botswana," Less developed regions, excluding China",85812,91795,49094,52578,36718,39217
   Botswana,  Least developed countries,9718,10380,5451,5837,4267,4543
   Botswana,  Land-locked Developing Countries (LLDC),66728,71403,38256,40972,28472,30431
   Botswana,  Small island developing States (SIDS),228,240,119,125,109,115
   Botswana,  High-income countries,6409,6831,3566,3815,2843,3016
   Botswana,  Middle-income countries,86214,92237,50230,53796,35984,38441
   Botswana, Upper-middle-income countries,10751,11498,7099,7601,3652,3897
   Botswana, Lower-middle-income countries,75463,80739,43131,46195,32332,34544
   Botswana,  Low-income countries,3836,4095,2306,2469,1530,1626
   Botswana, AFRICA,79168,84693,45306,48521,33862,36172
   Botswana,  Eastern Africa,69112,73946,39752,42572,29360,31374
   Botswana,  Middle Africa,1786,1908,978,1049,808,859
   Botswana,  Northern Africa,0,0,0,0,0,0
   Botswana,  Southern Africa,7116,7606,3978,4260,3138,3346
   Botswana,  Western Africa,1154,1233,598,640,556,593
   Botswana, ASIA,11110,11879,7349,7869,3761,4010
   Botswana,  Central Asia,0,0,0,0,0,0
   Botswana,  Eastern Asia,4466,4777,3561,3812,905,965
   Botswana,  South-Eastern Asia,0,0,0,0,0,0
   Botswana,  Southern Asia,6644,7102,3788,4057,2856,3045
   Botswana,  Western Asia,0,0,0,0,0,0
   Botswana, EUROPE,4779,5095,2813,3008,1966,2087
   Botswana,  Eastern Europe,0,0,0,0,0,0
   Botswana,  Northern Europe,2919,3113,1725,1845,1194,1268
   Botswana,  Southern Europe,947,1009,593,634,354,375
   Botswana,  Western Europe,913,973,495,529,418,444
   Botswana, LATIN AMERICA AND THE CARIBBEAN,0,0,0,0,0,0
   Botswana,  Caribbean,0,0,0,0,0,0
   Botswana,  Central America,0,0,0,0,0,0
   Botswana,  South America,0,0,0,0,0,0
   Botswana, NORTHERN AMERICA,1035,1105,457,492,578,613
   Botswana, OCEANIA ,367,391,177,190,190,201
   Botswana,  Australia and New Zealand,367,391,177,190,190,201
   Botswana,  Melanesia,0,0,0,0,0,0
   Botswana,  Micronesia,0,0,0,0,0,0
   Botswana,  Polynesia*,0,0,0,0,0,0
   Botswana,   Angola,730,779,348,373,382,406
   Botswana,   Australia*,367,391,177,190,190,201
   Botswana,   Canada,174,185,54,59,120,126
   Botswana,   Sri Lanka,926,988,479,513,447,475
   Botswana,   China*,4466,4777,3561,3812,905,965
   Botswana,   Democratic Republic of the Congo,1056,1129,630,676,426,453
   Botswana,   Denmark*,324,344,168,179,156,165
   Botswana,   Germany,316,336,142,151,174,185
   Botswana,   India,5282,5650,3080,3299,2202,2351
   Botswana,   Ireland,587,626,317,339,270,287
   Botswana,   Italy,511,545,328,352,183,193
   Botswana,   Kenya,1133,1210,762,816,371,394
   Botswana,   Lesotho,261,277,76,81,185,196
   Botswana,   Madagascar,525,560,304,326,221,234
   Botswana,   Malawi,1384,1478,861,920,523,558
   Botswana,   Mauritius*,218,231,109,116,109,115
   Botswana,   Mozambique,566,604,326,349,240,255
   Botswana,   Namibia,926,988,642,686,284,302
   Botswana,   Netherlands*,597,637,353,378,244,259
   Botswana,   Nigeria,1154,1233,598,640,556,593
   Botswana,   Norway*,367,391,206,220,161,171
   Botswana,   Pakistan,436,464,229,245,207,219
   Botswana,   Portugal,436,464,265,282,171,182
   Botswana,   Seychelles,10,9,10,9,0,0
   Botswana,   South Africa,5359,5733,2896,3103,2463,2630
   Botswana,   Zimbabwe,60080,64301,34474,36924,25606,27377
   Botswana,   Eswatini,570,608,364,390,206,218
   Botswana,   Sweden,410,437,250,267,160,170
   Botswana,   Uganda,305,324,185,198,120,126
   Botswana,   United Kingdom*,1231,1315,784,840,447,475
   Botswana,   United Republic of Tanzania*,763,814,425,455,338,359
   Botswana,   United States of America*,861,920,403,433,458,487
   Botswana,   Zambia,4128,4415,2296,2459,1832,1956
   Botswana,Other,6594,7105,2549,2737,4045,4368
   Eswatini,WORLD,32352,32858,16627,16921,15725,15937
   Eswatini,  Sub-Saharan Africa,24459,25151,11864,12228,12595,12923
   Eswatini,  Northern Africa and Western Asia,0,0,0,0,0,0
   Eswatini,  Central and Southern Asia,0,0,0,0,0,0
   Eswatini,  Eastern and South-Eastern Asia,0,0,0,0,0,0
   Eswatini,  Latin America and the Caribbean,0,0,0,0,0,0
   Eswatini,  Oceania (excluding Australia and New Zealand),0,0,0,0,0,0
   Eswatini,  Australia and New Zealand,80,77,49,48,31,29
   Eswatini,  Europe and Northern America,275,276,109,110,166,166
   Eswatini,  Developed regions,355,353,158,158,197,195
   Eswatini,  Less developed regions,24459,25151,11864,12228,12595,12923
   Eswatini," Less developed regions, excluding least developed countries",12624,12822,4971,5062,7653,7760
   Eswatini," Less developed regions, excluding China",24459,25151,11864,12228,12595,12923
   Eswatini,  Least developed countries,11835,12329,6893,7166,4942,5163
   Eswatini,  Land-locked Developing Countries (LLDC),1091,1200,447,504,644,696
   Eswatini,  Small island developing States (SIDS),0,0,0,0,0,0
   Eswatini,  High-income countries,355,353,158,158,197,195
   Eswatini,  Middle-income countries,12976,13178,5059,5153,7917,8025
   Eswatini, Upper-middle-income countries,12552,12751,4935,5026,7617,7725
   Eswatini, Lower-middle-income countries,424,427,124,127,300,300
   Eswatini,  Low-income countries,11483,11973,6805,7075,4678,4898
   Eswatini, AFRICA,24459,25151,11864,12228,12595,12923
   Eswatini,  Eastern Africa,10867,11254,6501,6718,4366,4536
   Eswatini,  Middle Africa,773,879,383,439,390,440
   Eswatini,  Northern Africa,0,0,0,0,0,0
   Eswatini,  Southern Africa,12773,12974,4958,5050,7815,7924
   Eswatini,  Western Africa,46,44,22,21,24,23
   Eswatini, ASIA,0,0,0,0,0,0
   Eswatini,  Central Asia,0,0,0,0,0,0
   Eswatini,  Eastern Asia,0,0,0,0,0,0
   Eswatini,  South-Eastern Asia,0,0,0,0,0,0
   Eswatini,  Southern Asia,0,0,0,0,0,0
   Eswatini,  Western Asia,0,0,0,0,0,0
   Eswatini, EUROPE,0,0,0,0,0,0
   Eswatini,  Eastern Europe,0,0,0,0,0,0
   Eswatini,  Northern Europe,0,0,0,0,0,0
   Eswatini,  Southern Europe,0,0,0,0,0,0
   Eswatini,  Western Europe,0,0,0,0,0,0
   Eswatini, LATIN AMERICA AND THE CARIBBEAN,0,0,0,0,0,0
   Eswatini,  Caribbean,0,0,0,0,0,0
   Eswatini,  Central America,0,0,0,0,0,0
   Eswatini,  South America,0,0,0,0,0,0
   Eswatini, NORTHERN AMERICA,275,276,109,110,166,166
   Eswatini, OCEANIA ,80,77,49,48,31,29
   Eswatini,  Australia and New Zealand,80,77,49,48,31,29
   Eswatini,  Melanesia,0,0,0,0,0,0
   Eswatini,  Micronesia,0,0,0,0,0,0
   Eswatini,  Polynesia*,0,0,0,0,0,0
   Eswatini,   Angola,131,133,65,67,66,66
   Eswatini,   Australia*,55,54,32,32,23,22
   Eswatini,   Botswana,41,39,14,13,27,26
   Eswatini,   Burundi,402,469,197,231,205,238
   Eswatini,   Canada,19,17,7,6,12,11
   Eswatini,   Congo,72,71,36,36,36,35
   Eswatini,   Democratic Republic of the Congo,570,675,282,336,288,339
   Eswatini,   Ethiopia,30,28,16,15,14,13
   Eswatini,   Lesotho,221,223,23,24,198,199
   Eswatini,   Liberia,46,44,22,21,24,23
   Eswatini,   Mozambique,9857,10011,5995,6089,3862,3922
   Eswatini,   New Zealand*,25,23,17,16,8,7
   Eswatini,   Rwanda,342,387,170,194,172,193
   Eswatini,   Somalia,181,305,96,162,85,143
   Eswatini,   South Africa,12511,12712,4921,5013,7590,7699
   Eswatini,   Uganda,55,54,27,27,28,27
   Eswatini,   United States of America*,256,259,102,104,154,155
   Eswatini,Other,7538,7354,4605,4535,2933,2819
   Lesotho,WORLD,9152,12060,5037,6537,4115,5523
   Lesotho,  Sub-Saharan Africa,4546,5985,2414,3128,2132,2857
   Lesotho,  Northern Africa and Western Asia,0,0,0,0,0,0
   Lesotho,  Central and Southern Asia,636,838,360,468,276,370
   Lesotho,  Eastern and South-Eastern Asia,168,221,97,126,71,95
   Lesotho,  Latin America and the Caribbean,0,0,0,0,0,0
   Lesotho,  Oceania (excluding Australia and New Zealand),0,0,0,0,0,0
   Lesotho,  Australia and New Zealand,0,0,0,0,0,0
   Lesotho,  Europe and Northern America,124,163,67,87,57,76
   Lesotho,  Developed regions,124,163,67,87,57,76
   Lesotho,  Less developed regions,5350,7044,2871,3722,2479,3322
   Lesotho," Less developed regions, excluding least developed countries",4861,6402,2594,3363,2267,3039
   Lesotho," Less developed regions, excluding China",5182,6823,2774,3596,2408,3227
   Lesotho,  Least developed countries,489,642,277,359,212,283
   Lesotho,  Land-locked Developing Countries (LLDC),638,837,340,439,298,398
   Lesotho,  Small island developing States (SIDS),0,0,0,0,0,0
   Lesotho,  High-income countries,124,163,67,87,57,76
   Lesotho,  Middle-income countries,5076,6684,2708,3510,2368,3174
   Lesotho, Upper-middle-income countries,3953,5207,2072,2684,1881,2523
   Lesotho, Lower-middle-income countries,1123,1477,636,826,487,651
   Lesotho,  Low-income countries,274,360,163,212,111,148
   Lesotho, AFRICA,4546,5985,2414,3128,2132,2857
   Lesotho,  Eastern Africa,586,769,330,427,256,342
   Lesotho,  Middle Africa,0,0,0,0,0,0
   Lesotho,  Northern Africa,0,0,0,0,0,0
   Lesotho,  Southern Africa,3836,5053,2000,2591,1836,2462
   Lesotho,  Western Africa,124,163,84,110,40,53
   Lesotho, ASIA,804,1059,457,594,347,465
   Lesotho,  Central Asia,0,0,0,0,0,0
   Lesotho,  Eastern Asia,168,221,97,126,71,95
   Lesotho,  South-Eastern Asia,0,0,0,0,0,0
   Lesotho,  Southern Asia,636,838,360,468,276,370
   Lesotho,  Western Asia,0,0,0,0,0,0
   Lesotho, EUROPE,0,0,0,0,0,0
   Lesotho,  Eastern Europe,0,0,0,0,0,0
   Lesotho,  Northern Europe,0,0,0,0,0,0
   Lesotho,  Southern Europe,0,0,0,0,0,0
   Lesotho,  Western Europe,0,0,0,0,0,0
   Lesotho, LATIN AMERICA AND THE CARIBBEAN,0,0,0,0,0,0
   Lesotho,  Caribbean,0,0,0,0,0,0
   Lesotho,  Central America,0,0,0,0,0,0
   Lesotho,  South America,0,0,0,0,0,0
   Lesotho, NORTHERN AMERICA,124,163,67,87,57,76
   Lesotho, OCEANIA ,0,0,0,0,0,0
   Lesotho,  Australia and New Zealand,0,0,0,0,0,0
   Lesotho,  Melanesia,0,0,0,0,0,0
   Lesotho,  Micronesia,0,0,0,0,0,0
   Lesotho,  Polynesia*,0,0,0,0,0,0
   Lesotho,   Botswana,151,198,69,88,82,110
   Lesotho,   China*,168,221,97,126,71,95
   Lesotho,   Ghana,124,163,84,110,40,53
   Lesotho,   India,318,419,180,234,138,185
   Lesotho,   Malawi,51,67,32,42,19,25
   Lesotho,   Mozambique,32,42,23,30,9,12
   Lesotho,   Namibia,5,6,4,5,1,1
   Lesotho,   Pakistan,318,419,180,234,138,185
   Lesotho,   South Africa,3629,4782,1902,2465,1727,2317
   Lesotho,   Zimbabwe,97,127,53,68,44,59
   Lesotho,   Eswatini,51,67,25,33,26,34
   Lesotho,   Uganda,191,251,108,140,83,111
   Lesotho,   United Republic of Tanzania*,118,155,61,79,57,76
   Lesotho,   United States of America*,124,163,67,87,57,76
   Lesotho,   Zambia,97,127,53,68,44,59
   Lesotho,Other,3678,4853,2099,2728,1579,2125
   Namibia,WORLD,101618,109391,54739,59024,46879,50367
   Namibia,  Sub-Saharan Africa,74370,80323,41349,44676,33021,35647
   Namibia,  Northern Africa and Western Asia,1163,1234,615,657,548,577
   Namibia,  Central and Southern Asia,923,983,633,678,290,305
   Namibia,  Eastern and South-Eastern Asia,3681,3934,2490,2668,1191,1266
   Namibia,  Latin America and the Caribbean,1773,1890,730,781,1043,1109
   Namibia,  Oceania (excluding Australia and New Zealand),0,0,0,0,0,0
   Namibia,  Australia and New Zealand,572,610,232,249,340,361
   Namibia,  Europe and Northern America,16977,18145,7680,8236,9297,9909
   Namibia,  Developed regions,17659,18872,7953,8529,9706,10343
   Namibia,  Less developed regions,81800,88247,45776,49416,36024,38831
   Namibia," Less developed regions, excluding least developed countries",34019,36377,18081,19390,15938,16987
   Namibia," Less developed regions, excluding China",78761,84995,43593,47077,35168,37918
   Namibia,  Least developed countries,47781,51870,27695,30026,20086,21844
   Namibia,  Land-locked Developing Countries (LLDC),19997,21395,10612,11385,9385,10010
   Namibia,  Small island developing States (SIDS),1376,1466,545,584,831,882
   Namibia,  High-income countries,17816,19036,7838,8406,9978,10630
   Namibia,  Middle-income countries,75482,80883,42747,45861,32735,35022
   Namibia, Upper-middle-income countries,14054,15027,7638,8190,6416,6837
   Namibia, Lower-middle-income countries,61428,65856,35109,37671,26319,28185
   Namibia,  Low-income countries,6161,7200,3144,3678,3017,3522
   Namibia, AFRICA,75241,81250,41782,45139,33459,36111
   Namibia,  Eastern Africa,21409,22905,11320,12145,10089,10760
   Namibia,  Middle Africa,42030,45729,24459,26554,17571,19175
   Namibia,  Northern Africa,871,927,433,463,438,464
   Namibia,  Southern Africa,9258,9907,4616,4954,4642,4953
   Namibia,  Western Africa,1673,1782,954,1023,719,759
   Namibia, ASIA,4896,5224,3305,3540,1591,1684
   Namibia,  Central Asia,0,0,0,0,0,0
   Namibia,  Eastern Asia,3281,3508,2336,2501,945,1007
   Namibia,  South-Eastern Asia,400,426,154,167,246,259
   Namibia,  Southern Asia,923,983,633,678,290,305
   Namibia,  Western Asia,292,307,182,194,110,113
   Namibia, EUROPE,15766,16851,7163,7681,8603,9170
   Namibia,  Eastern Europe,991,1054,582,623,409,431
   Namibia,  Northern Europe,2075,2214,901,965,1174,1249
   Namibia,  Southern Europe,1565,1672,813,871,752,801
   Namibia,  Western Europe,11135,11911,4867,5222,6268,6689
   Namibia, LATIN AMERICA AND THE CARIBBEAN,1773,1890,730,781,1043,1109
   Namibia,  Caribbean,1172,1250,470,502,702,748
   Namibia,  Central America,0,0,0,0,0,0
   Namibia,  South America,601,640,260,279,341,361
   Namibia, NORTHERN AMERICA,1211,1294,517,555,694,739
   Namibia, OCEANIA ,572,610,232,249,340,361
   Namibia,  Australia and New Zealand,572,610,232,249,340,361
   Namibia,  Melanesia,0,0,0,0,0,0
   Namibia,  Micronesia,0,0,0,0,0,0
   Namibia,  Polynesia*,0,0,0,0,0,0
   Namibia,   Afghanistan,42,44,18,19,24,25
   Namibia,   Algeria,473,505,225,241,248,264
   Namibia,   Angola,37350,40105,22031,23646,15319,16459
   Namibia,   Antigua and Barbuda,459,490,186,199,273,291
   Namibia,   Argentina,48,50,18,19,30,31
   Namibia,   Australia*,524,560,204,220,320,340
   Namibia,   Austria,596,636,323,345,273,291
   Namibia,   Bahamas,48,50,12,12,36,38
   Namibia,   Bahrain,47,49,13,14,34,35
   Namibia,   Bangladesh,31,32,20,21,11,11
   Namibia,   Armenia,61,64,61,64,0,0
   Namibia,   Belgium,180,192,92,98,88,94
   Namibia,   Botswana,644,689,317,341,327,348
   Namibia,   Brazil,522,558,219,236,303,322
   Namibia,   Bulgaria,29,30,6,6,23,24
   Namibia,   Burundi,380,406,232,249,148,157
   Namibia,   Cameroon,115,122,95,101,20,21
   Namibia,   Canada,184,196,83,89,101,107
   Namibia,   Chile,31,32,23,24,8,8
   Namibia,   China*,3039,3252,2183,2339,856,913
   Namibia,   Congo,1093,1168,637,683,456,485
   Namibia,   Democratic Republic of the Congo,3472,4334,1696,2124,1776,2210
   Namibia,   Cuba,665,710,272,291,393,419
   Namibia,   Czechia,74,78,25,27,49,51
   Namibia,   Benin,152,161,67,72,85,89
   Namibia,   Denmark*,110,117,74,79,36,38
   Namibia,   Ethiopia,206,220,66,71,140,149
   Namibia,   Finland*,77,81,23,24,54,57
   Namibia,   France*,524,560,237,254,287,306
   Namibia,   Gambia,84,88,38,40,46,48
   Namibia,   Germany,8870,9494,3771,4051,5099,5443
   Namibia,   Ghana,139,148,82,88,57,60
   Namibia,   Guinea,51,53,31,32,20,21
   Namibia,   India,659,704,432,463,227,241
   Namibia,   Indonesia,88,94,34,37,54,57
   Namibia,   Iran (Islamic Republic of),29,30,18,19,11,11
   Namibia,   Ireland,58,61,28,30,30,31
   Namibia,   Israel,105,112,59,64,46,48
   Namibia,   Italy,806,863,363,391,443,472
   Namibia,   Côte d'Ivoire,29,30,21,22,8,8
   Namibia,   Japan,110,117,41,44,69,73
   Namibia,   Kenya,1086,1161,550,589,536,572
   Namibia,   Dem. People's Republic of Korea,98,104,98,104,0,0
   Namibia,   Republic of Korea,34,35,14,14,20,21
   Namibia,   Lebanon,45,47,28,30,17,17
   Namibia,   Lesotho,123,131,60,65,63,66
   Namibia,   Libya,34,35,17,18,17,17
   Namibia,   Luxembourg,42,44,19,20,23,24
   Namibia,   Malawi,361,386,194,210,167,176
   Namibia,   Mauritius*,103,110,42,46,61,64
   Namibia,   Mozambique,134,142,77,82,57,60
   Namibia,   Netherlands*,505,539,248,265,257,274
   Namibia,   New Zealand*,48,50,28,29,20,21
   Namibia,   Nigeria,961,1029,590,634,371,395
   Namibia,   Norway*,51,53,17,18,34,35
   Namibia,   Pakistan,162,173,145,156,17,17
   Namibia,   Philippines,240,256,89,97,151,159
   Namibia,   Poland,164,175,57,61,107,114
   Namibia,   Portugal,423,451,251,268,172,183
   Namibia,   Romania,29,30,16,17,13,13
   Namibia,   Russian Federation,444,474,261,280,183,194
   Namibia,   Rwanda,350,374,196,211,154,163
   Namibia,   Senegal,29,30,18,19,11,11
   Namibia,   Seychelles,54,57,20,22,34,35
   Namibia,   Sierra Leone,159,170,74,81,85,89
   Namibia,   Somalia,91,97,64,69,27,28
   Namibia,   South Africa,8300,8883,4152,4455,4148,4428
   Namibia,   Zimbabwe,14141,15135,7186,7709,6955,7426
   Namibia,   Spain*,336,358,199,212,137,146
   Namibia,   Sudan,194,207,87,93,107,114
   Namibia,   Eswatini,191,204,87,93,104,111
   Namibia,   Sweden,98,104,46,49,52,55
   Namibia,   Switzerland,418,446,177,189,241,257
   Namibia,   Thailand,72,76,31,33,41,43
   Namibia,   Turkey,34,35,21,22,13,13
   Namibia,   Uganda,470,502,240,258,230,244
   Namibia,   Ukraine*,251,267,217,232,34,35
   Namibia,   Egypt,170,180,104,111,66,69
   Namibia,   United Kingdom*,1681,1798,713,765,968,1033
   Namibia,   United Republic of Tanzania*,1074,1148,531,569,543,579
   Namibia,   United States of America*,1027,1098,434,466,593,632
   Namibia,   Burkina Faso,69,73,33,35,36,38
   Namibia,   Zambia,2959,3167,1922,2060,1037,1107
   Namibia,Other,2159,2272,1010,1079,1149,1193
   South Africa,WORLD,3231728,2860495,1770914,1627294,1460814,1233201
   South Africa,  Sub-Saharan Africa,1820151,1839023,1019579,1067167,800572,771856
   South Africa,  Northern Africa and Western Asia,23325,27075,12235,15761,11090,11314
   South Africa,  Central and Southern Asia,79004,61228,50448,43812,28556,17416
   South Africa,  Eastern and South-Eastern Asia,19253,20154,9309,10687,9944,9467
   South Africa,  Latin America and the Caribbean,10243,11884,4720,6253,5523,5631
   South Africa,  Oceania (excluding Australia and New Zealand),171,197,99,125,72,72
   South Africa,  Australia and New Zealand,8077,9548,3967,4922,4110,4626
   South Africa,  Europe and Northern America,215344,247387,104963,128693,110381,118694
   South Africa,  Developed regions,225235,259041,109715,134671,115520,124370
   South Africa,  Less developed regions,1950333,1957455,1095605,1142749,854728,814706
   South Africa," Less developed regions, excluding least developed countries",1010800,1025705,555864,580035,454936,445670
   South Africa," Less developed regions, excluding China",1940814,1948598,1090092,1137301,850722,811297
   South Africa,  Least developed countries,939533,931750,539741,562714,399792,369036
   South Africa,  Land-locked Developing Countries (LLDC),1140660,1159902,620461,642976,520199,516926
   South Africa,  Small island developing States (SIDS),13098,15200,6500,8451,6598,6749
   South Africa,  High-income countries,234656,269973,114665,141023,119991,128950
   South Africa,  Middle-income countries,1279732,1307974,688926,722057,590806,585917
   South Africa, Upper-middle-income countries,120182,126750,64570,73057,55612,53693
   South Africa, Lower-middle-income countries,1159550,1181224,624356,649000,535194,532224
   South Africa,  Low-income countries,660582,637856,401626,414152,258956,223704
   South Africa, AFRICA,1829963,1850417,1024914,1073992,805049,776425
   South Africa,  Eastern Africa,1303026,1324164,751299,790804,551727,533360
   South Africa,  Middle Africa,150106,139037,79181,78647,70925,60390
   South Africa,  Northern Africa,9812,11394,5335,6825,4477,4569
   South Africa,  Southern Africa,308039,324589,149147,158524,158892,166065
   South Africa,  Western Africa,58980,51233,39952,39192,19028,12041
   South Africa, ASIA,111770,97063,66657,63435,45113,33628
   South Africa,  Central Asia,37,42,14,19,23,23
   South Africa,  Eastern Asia,13201,13131,7140,7625,6061,5506
   South Africa,  South-Eastern Asia,6052,7023,2169,3062,3883,3961
   South Africa,  Southern Asia,78967,61186,50434,43793,28533,17393
   South Africa,  Western Asia,13513,15681,6900,8936,6613,6745
   South Africa, EUROPE,203155,233029,98717,120910,104438,112119
   South Africa,  Eastern Europe,26219,30458,12493,16445,13726,14013
   South Africa,  Northern Europe,79707,88616,37373,42806,42334,45810
   South Africa,  Southern Europe,51015,59555,25964,33073,25051,26482
   South Africa,  Western Europe,46214,54400,22887,28586,23327,25814
   South Africa, LATIN AMERICA AND THE CARIBBEAN,10243,11884,4720,6253,5523,5631
   South Africa,  Caribbean,1889,2192,1021,1308,868,884
   South Africa,  Central America,559,647,265,349,294,298
   South Africa,  South America,7795,9045,3434,4596,4361,4449
   South Africa, NORTHERN AMERICA,12189,14358,6246,7783,5943,6575
   South Africa, OCEANIA ,8248,9745,4066,5047,4182,4698
   South Africa,  Australia and New Zealand,8077,9548,3967,4922,4110,4626
   South Africa,  Melanesia,105,121,53,69,52,52
   South Africa,  Micronesia,46,53,31,38,15,15
   South Africa,  Polynesia*,20,23,15,18,5,5
   South Africa,   Afghanistan,96,111,54,69,42,42
   South Africa,   Albania,168,195,67,92,101,103
   South Africa,   Algeria,463,537,340,412,123,125
   South Africa,   Angola,41296,47945,20572,26782,20724,21163
   South Africa,   Argentina,2459,2854,1102,1469,1357,1385
   South Africa,   Australia*,4832,5771,2375,2833,2457,2938
   South Africa,   Austria,5595,6495,3038,3884,2557,2611
   South Africa,   Bahrain,170,197,94,120,76,77
   South Africa,   Bangladesh,22965,15565,16911,14266,6054,1299
   South Africa,   Barbados,29,33,17,21,12,12
   South Africa,   Belarus,247,286,113,150,134,136
   South Africa,   Belgium,8249,9577,4158,5400,4091,4177
   South Africa,   Benin,199,231,122,153,77,78
   South Africa,   Bermuda*,61,70,38,47,23,23
   South Africa,   Bolivia (Plurinational State of),168,195,21,45,147,150
   South Africa,   Bosnia and Herzegovina,210,243,80,111,130,132
   South Africa,   Botswana,43461,50475,26473,33127,16988,17348
   South Africa,   Brazil,3045,3535,1339,1793,1706,1742
   South Africa,   British Virgin Islands*,21,24,16,19,5,5
   South Africa,   Brunei Darussalam,21,24,9,12,12,12
   South Africa,   Bulgaria,4081,4738,2030,2644,2051,2094
   South Africa,   Burundi,6800,7894,2926,3938,3874,3956
   South Africa,   Cameroon,2562,2974,1749,2144,813,830
   South Africa,   Canada,5908,6859,2889,3776,3019,3083
   South Africa,   Central African Republic,121,140,94,113,27,27
   South Africa,   Chile,692,803,340,444,352,359
   South Africa,   China*,7845,6914,4713,4397,3132,2517
   South Africa,   Colombia,615,714,201,292,414,422
   South Africa,   Comoros,202,234,174,206,28,28
   South Africa,   Congo,20425,23713,11554,14654,8871,9059
   South Africa,   Côte d'Ivoire,1199,1392,827,1013,372,379
   South Africa,   Croatia,1038,1205,521,678,517,527
   South Africa,   Cuba,1590,1846,886,1128,704,718
   South Africa,   Cyprus*,5098,5918,2465,3230,2633,2688
   South Africa,   Czechia,2068,2401,1065,1377,1003,1024
   South Africa,   Dem. People's Republic of Korea,141,163,25,45,116,118
   South Africa,   Democratic Republic of the Congo,85380,63892,45036,34730,40344,29162
   South Africa,   Denmark*,2622,3044,1312,1707,1310,1337
   South Africa,   Egypt,4793,5564,2461,3183,2332,2381
   South Africa,   Eritrea,593,688,329,419,264,269
   South Africa,   Estonia,149,172,121,144,28,28
   South Africa,   Ethiopia,66761,44181,40727,31459,26034,12722
   South Africa,   Fiji,46,53,26,33,20,20
   South Africa,   Finland*,672,780,165,263,507,517
   South Africa,   France*,7859,9124,3779,4958,4080,4166
   South Africa,   Gabon,322,373,176,224,146,149
   South Africa,   Germany,13896,16595,6803,8113,7093,8482
   South Africa,   Ghana,6920,8034,4528,5592,2392,2442
   South Africa,   Gibraltar*,55,63,43,51,12,12
   South Africa,   Greece,9370,10878,4903,6317,4467,4561
   South Africa,   Guatemala,92,106,64,78,28,28
   South Africa,   Guinea,79,91,51,63,28,28
   South Africa,   Guinea-Bissau,29,33,10,14,19,19
   South Africa,   Guyana,58,67,26,35,32,32
   South Africa,"   China, Hong Kong SAR*",1674,1943,800,1051,874,892
   South Africa,   Iceland,30,34,25,29,5,5
   South Africa,   India,34606,29935,19404,17461,15202,12474
   South Africa,   Indonesia,1262,1465,615,805,647,660
   South Africa,   Iran (Islamic Republic of),730,847,358,468,372,379
   South Africa,   Iraq,170,197,126,153,44,44
   South Africa,   Ireland,12560,14582,5212,7079,7348,7503
   South Africa,   Israel,4636,5382,2328,3026,2308,2356
   South Africa,   Italy,24222,28122,12441,16046,11781,12076
   South Africa,   Jamaica,199,231,73,103,126,128
   South Africa,   Japan,1814,2106,785,1056,1029,1050
   South Africa,   Jordan,58,67,35,44,23,23
   South Africa,   Kenya,17141,19901,7251,9802,9890,10099
   South Africa,   Kuwait,92,106,65,79,27,27
   South Africa,   Kyrgyzstan,37,42,14,19,23,23
   South Africa,   Lao People's Democratic Republic,30,34,18,22,12,12
   South Africa,   Latvia,434,503,287,353,147,150
   South Africa,   Lebanon,960,1114,493,638,467,476
   South Africa,   Lesotho,181832,192008,81977,85201,99855,106807
   South Africa,   Liberia,779,904,269,384,510,520
   South Africa,   Libya,168,195,136,163,32,32
   South Africa,   Lithuania,416,482,169,230,247,252
   South Africa,   Luxembourg,25,29,6,10,19,19
   South Africa,   Madagascar,444,515,176,242,268,273
   South Africa,   Malawi,92969,94119,63564,69342,29405,24777
   South Africa,   Malaysia*,944,1096,197,334,747,762
   South Africa,   Maldives,58,67,39,48,19,19
   South Africa,   Mali,109,126,55,71,54,55
   South Africa,   Malta,352,408,103,154,249,254
   South Africa,   Mauritius*,8823,10243,4307,5612,4516,4631
   South Africa,   Mexico,296,343,131,175,165,168
   South Africa,   Monaco,25,29,22,26,3,3
   South Africa,   Morocco,1126,1307,707,880,419,427
   South Africa,   Mozambique,315533,350463,202417,234401,113116,116062
   South Africa,   Myanmar,223,258,73,105,150,153
   South Africa,   Namibia,40708,36671,20194,18122,20514,18549
   South Africa,   Nauru,21,24,9,12,12,12
   South Africa,   Nepal,130,150,79,98,51,52
   South Africa,   Netherlands*,8528,10186,4196,5006,4332,5180
   South Africa,   New Zealand*,3245,3777,1592,2089,1653,1688
   South Africa,   Nicaragua,112,130,39,56,73,74
   South Africa,   Niger,20,23,13,16,7,7
   South Africa,   Nigeria,46037,36210,31071,28311,14966,7899
   South Africa,   Niue*,20,23,15,18,5,5
   South Africa,   Northern Mariana Islands*,25,29,22,26,3,3
   South Africa,   Norway*,1163,1350,440,612,723,738
   South Africa,   State of Palestine*,99,114,18,32,81,82
   South Africa,   Oman,31,35,19,23,12,12
   South Africa,   Pakistan,19360,13325,13079,10719,6281,2606
   South Africa,   Panama,59,68,31,40,28,28
   South Africa,   Papua New Guinea,59,68,27,36,32,32
   South Africa,   Paraguay,121,140,58,76,63,64
   South Africa,   Peru,210,243,111,142,99,101
   South Africa,   Philippines,1554,1804,582,812,972,992
   South Africa,   Poland,10233,11900,4932,6487,5301,5413
   South Africa,   Portugal,9931,11861,5014,5981,4917,5880
   South Africa,   Republic of Korea,1727,2005,817,1076,910,929
   South Africa,   Réunion*,346,401,12,60,334,341
   South Africa,   Romania,1678,1948,749,1000,929,948
   South Africa,   Russian Federation,3523,4090,1606,2133,1917,1957
   South Africa,   Rwanda,4901,5690,1865,2590,3036,3100
   South Africa,   Saint Helena*,232,269,76,110,156,159
   South Africa,   Saint Kitts and Nevis,25,29,16,20,9,9
   South Africa,   Saudi Arabia,641,744,333,430,308,314
   South Africa,   Senegal,2864,3325,2600,3056,264,269
   South Africa,   Serbia*,4023,4670,1940,2543,2083,2127
   South Africa,   Seychelles,693,804,258,360,435,444
   South Africa,   Sierra Leone,513,595,330,409,183,186
   South Africa,   Singapore,944,1096,434,576,510,520
   South Africa,   Slovakia,437,507,314,382,123,125
   South Africa,   Somalia,76935,58491,39075,29954,37860,28537
   South Africa,   Spain*,1522,1767,756,985,766,782
   South Africa,   Sri Lanka,1022,1186,510,664,512,522
   South Africa,   Sudan,3145,3651,1629,2103,1516,1548
   South Africa,   Eswatini,42038,45435,20503,22074,21535,23361
   South Africa,   Sweden,248,287,133,170,115,117
   South Africa,   Switzerland,2037,2365,885,1189,1152,1176
   South Africa,   Syrian Arab Republic,119,138,56,74,63,64
   South Africa,   Thailand,908,1054,176,307,732,747
   South Africa,   North Macedonia,124,143,96,115,28,28
   South Africa,   Trinidad and Tobago,25,29,13,17,12,12
   South Africa,   Tunisia,117,140,62,84,55,56
   South Africa,   Turkey,1171,1359,739,918,432,441
   South Africa,   Uganda,5032,5852,2884,3662,2148,2190
   South Africa,   Ukraine*,3952,4588,1684,2272,2268,2316
   South Africa,   United Arab Emirates,185,214,88,115,97,99
   South Africa,   United Kingdom*,61413,67382,29509,32219,31904,35163
   South Africa,   United Republic of Tanzania*,9943,11544,6294,7818,3649,3726
   South Africa,   United States of America*,6220,7429,3319,3960,2901,3469
   South Africa,   Uruguay,117,135,85,103,32,32
   South Africa,   Venezuela (Bolivarian Republic of),310,359,151,197,159,162
   South Africa,   Viet Nam,166,192,65,89,101,103
   South Africa,   Yemen,83,96,41,54,42,42
   South Africa,   Zambia,19527,22901,9376,10974,10151,11927
   South Africa,   Zimbabwe,676383,690243,369664,379965,306719,310278
   South Africa,Other,1056160,643999,565594,349874,490566,294125
  Western Africa,WORLD,7067138,7552097,3754026,4000618,3313112,3551479
  Western Africa,  Sub-Saharan Africa,6442289,6893326,3430314,3661597,3011975,3231729
  Western Africa,  Northern Africa and Western Asia,70678,77184,38230,41581,32448,35603
  Western Africa,  Central and Southern Asia,5131,5557,3361,3472,1770,2085
  Western Africa,  Eastern and South-Eastern Asia,10343,11525,5735,6294,4608,5231
  Western Africa,  Latin America and the Caribbean,15819,16317,8576,8823,7243,7494
  Western Africa,  Oceania (excluding Australia and New Zealand),1807,1871,985,1023,822,848
  Western Africa,  Australia and New Zealand,45,45,23,24,22,21
  Western Africa,  Europe and Northern America,41249,43425,21380,22645,19869,20780
  Western Africa,  Developed regions,42037,44321,21790,23113,20247,21208
  Western Africa,  Less developed regions,6545324,7004929,3486814,3722346,3058510,3282583
  Western Africa," Less developed regions, excluding least developed countries",1816420,2002570,909381,1000869,907039,1001701
  Western Africa," Less developed regions, excluding China",6540591,6999564,3483970,3719208,3056621,3280356
  Western Africa,  Least developed countries,4728904,5002359,2577433,2721477,2151471,2280882
  Western Africa,  Land-locked Developing Countries (LLDC),2890773,3035912,1610418,1689457,1280355,1346455
  Western Africa,  Small island developing States (SIDS),70109,73429,34258,35849,35851,37580
  Western Africa,  High-income countries,57049,60711,29813,31854,27236,28857
  Western Africa,  Middle-income countries,2596515,2846395,1329380,1453535,1267135,1392860
  Western Africa, Upper-middle-income countries,55896,59483,31580,33429,24316,26054
  Western Africa, Lower-middle-income countries,2540619,2786912,1297800,1420106,1242819,1366806
  Western Africa,  Low-income countries,3904855,4110396,2134266,2243414,1770589,1866982
  Western Africa, AFRICA,6500526,6956671,3461582,3695490,3038944,3261181
  Western Africa,  Eastern Africa,6359,6606,3310,3422,3049,3184
  Western Africa,  Middle Africa,112726,146642,60858,79009,51868,67633
  Western Africa,  Northern Africa,58237,63345,31268,33893,26969,29452
  Western Africa,  Southern Africa,2045,2079,1282,1318,763,761
  Western Africa,  Western Africa,6321159,6737999,3364864,3577848,2956295,3160151
  Western Africa, ASIA,27915,30921,16058,17454,11857,13467
  Western Africa,  Central Asia,1832,2146,1054,1235,778,911
  Western Africa,  Eastern Asia,8974,9952,5052,5508,3922,4444
  Western Africa,  South-Eastern Asia,1369,1573,683,786,686,787
  Western Africa,  Southern Asia,3299,3411,2307,2237,992,1174
  Western Africa,  Western Asia,12441,13839,6962,7688,5479,6151
  Western Africa, EUROPE,35893,37920,18483,19623,17410,18297
  Western Africa,  Eastern Europe,1402,1512,701,766,701,746
  Western Africa,  Northern Europe,2485,2571,1272,1344,1213,1227
  Western Africa,  Southern Europe,7645,8028,4060,4298,3585,3730
  Western Africa,  Western Europe,24361,25809,12450,13215,11911,12594
  Western Africa, LATIN AMERICA AND THE CARIBBEAN,15819,16317,8576,8823,7243,7494
  Western Africa,  Caribbean,9412,9655,5044,5141,4368,4514
  Western Africa,  Central America,430,404,249,239,181,165
  Western Africa,  South America,5977,6258,3283,3443,2694,2815
  Western Africa, NORTHERN AMERICA,5356,5505,2897,3022,2459,2483
  Western Africa, OCEANIA ,1852,1916,1008,1047,844,869
  Western Africa,  Australia and New Zealand,45,45,23,24,22,21
  Western Africa,  Melanesia,31,25,22,21,9,4
  Western Africa,  Micronesia,39,29,24,22,15,7
  Western Africa,  Polynesia*,1737,1817,939,980,798,837
  Western Africa,   Burundi,39,36,26,25,13,11
  Western Africa,   Comoros,761,730,475,459,286,271
  Western Africa,   Djibouti,18,16,14,14,4,2
  Western Africa,   Eritrea,24,20,16,14,8,6
  Western Africa,   Ethiopia,42,43,23,26,19,17
  Western Africa,   Kenya,2041,1961,1195,1154,846,807
  Western Africa,   Madagascar,10,8,5,5,5,3
  Western Africa,   Malawi,17,15,12,12,5,3
  Western Africa,   Mauritius*,15,13,11,11,4,2
  Western Africa,   Mayotte*,0,0,0,0,0,0
  Western Africa,   Mozambique,45,43,24,25,21,18
  Western Africa,   Réunion*,0,0,0,0,0,0
  Western Africa,   Rwanda,1842,1977,900,971,942,1006
  Western Africa,   Seychelles,3,1,2,1,1,0
  Western Africa,   Somalia,6,4,4,4,2,0
  Western Africa,   South Sudan,3,1,2,1,1,0
  Western Africa,   Uganda,1,0,1,0,0,0
  Western Africa,   United Republic of Tanzania*,891,1041,347,406,544,635
  Western Africa,   Zambia,597,695,250,292,347,403
  Western Africa,   Zimbabwe,4,2,3,2,1,0
  Western Africa,   Angola,2027,2306,975,1108,1052,1198
  Western Africa,   Cameroon,31503,57603,17169,31298,14334,26305
  Western Africa,   Central African Republic,2261,2415,1199,1283,1062,1132
  Western Africa,   Chad,32661,35615,18124,19644,14537,15971
  Western Africa,   Congo,14635,16733,7653,8759,6982,7974
  Western Africa,   Democratic Republic of the Congo,3369,3832,1684,1922,1685,1910
  Western Africa,   Equatorial Guinea,11605,11322,6701,6546,4904,4776
  Western Africa,   Gabon,12879,14937,6562,7615,6317,7322
  Western Africa,   Sao Tome and Principe,1786,1879,791,834,995,1045
  Western Africa,   Algeria,13828,14045,7554,7675,6274,6370
  Western Africa,   Egypt,1015,1160,515,591,500,569
  Western Africa,   Libya,7838,8320,4661,4955,3177,3365
  Western Africa,   Morocco,5586,5869,2768,2897,2818,2972
  Western Africa,   Sudan,1182,2519,609,1174,573,1345
  Western Africa,   Tunisia,781,780,437,440,344,340
  Western Africa,   Western Sahara,28007,30652,14724,16161,13283,14491
  Western Africa,   Botswana,50,46,30,28,20,18
  Western Africa,   Eswatini,5,3,4,3,1,0
  Western Africa,   Lesotho,32,29,22,21,10,8
  Western Africa,   Namibia,3,1,2,1,1,0
  Western Africa,   South Africa,1955,2000,1224,1265,731,735
  Western Africa,   Benin,537142,573751,285966,303941,251176,269810
  Western Africa,   Burkina Faso,1483381,1558207,827174,868540,656207,689667
  Western Africa,   Cabo Verde,1030,935,486,481,544,454
  Western Africa,   Côte d'Ivoire,858834,904508,423639,445662,435195,458846
  Western Africa,   Gambia,19797,19987,10081,10168,9716,9819
  Western Africa,   Ghana,442475,466077,211727,222661,230748,243416
  Western Africa,   Guinea,372987,382127,207887,213193,165100,168934
  Western Africa,   Guinea-Bissau,54467,57382,26009,27369,28458,30013
  Western Africa,   Liberia,95334,100479,48598,51422,46736,49057
  Western Africa,   Mali,1018235,1064766,554750,578816,463485,485950
  Western Africa,   Mauritania,76392,88719,45190,52126,31202,36593
  Western Africa,   Niger,349245,369325,206434,218093,142811,151232
  Western Africa,   Nigeria,338095,417968,177512,216290,160583,201678
  Western Africa,   Saint Helena*,0,0,0,0,0,0
  Western Africa,   Senegal,207721,226673,110825,120842,96896,105831
  Western Africa,   Sierra Leone,50832,54387,26602,28553,24230,25834
  Western Africa,   Togo,415192,452708,201984,219691,213208,233017
  Western Africa,   Kazakhstan,1830,2146,1052,1235,778,911
  Western Africa,   Kyrgyzstan,0,0,0,0,0,0
  Western Africa,   Tajikistan,1,0,1,0,0,0
  Western Africa,   Turkmenistan,0,0,0,0,0,0
  Western Africa,   Uzbekistan,1,0,1,0,0,0
  Western Africa,   China*,4733,5365,2844,3138,1889,2227
  Western Africa,"   China, Hong Kong SAR*",0,0,0,0,0,0
  Western Africa,"   China, Macao SAR*",0,0,0,0,0,0
  Western Africa,"   China, Taiwan Province of China*",0,0,0,0,0,0
  Western Africa,   Dem. People's Republic of Korea,2999,3254,1509,1623,1490,1631
  Western Africa,   Japan,743,851,387,444,356,407
  Western Africa,   Mongolia,0,0,0,0,0,0
  Western Africa,   Republic of Korea,499,482,312,303,187,179
  Western Africa,   Brunei Darussalam,0,0,0,0,0,0
  Western Africa,   Cambodia,9,7,5,5,4,2
  Western Africa,   Indonesia,0,0,0,0,0,0
  Western Africa,   Lao People's Democratic Republic,0,0,0,0,0,0
  Western Africa,   Malaysia*,1,0,1,0,0,0
  Western Africa,   Myanmar,2,0,2,0,0,0
  Western Africa,   Philippines,31,31,18,18,13,13
  Western Africa,   Singapore,815,955,446,524,369,431
  Western Africa,   Thailand,498,570,202,231,296,339
  Western Africa,   Timor-Leste,8,7,5,5,3,2
  Western Africa,   Viet Nam,5,3,4,3,1,0
  Western Africa,   Afghanistan,476,554,371,433,105,121
  Western Africa,   Bangladesh,1,0,1,0,0,0
  Western Africa,   Bhutan,3,1,2,1,1,0
  Western Africa,   India,2592,2634,1793,1664,799,970
  Western Africa,   Iran (Islamic Republic of),0,0,0,0,0,0
  Western Africa,   Maldives,0,0,0,0,0,0
  Western Africa,   Nepal,25,22,19,18,6,4
  Western Africa,   Pakistan,180,179,108,109,72,70
  Western Africa,   Sri Lanka,22,21,13,12,9,9
  Western Africa,   Armenia,9,7,9,7,0,0
  Western Africa,   Azerbaijan*,5,3,5,3,0,0
  Western Africa,   Bahrain,3,1,2,1,1,0
  Western Africa,   Cyprus*,0,0,0,0,0,0
  Western Africa,   Georgia*,0,0,0,0,0,0
  Western Africa,   Iraq,112,122,67,75,45,47
  Western Africa,   Israel,1387,1619,745,873,642,746
  Western Africa,   Jordan,2,0,2,0,0,0
  Western Africa,   Kuwait,31,33,17,19,14,14
  Western Africa,   Lebanon,4002,3928,2618,2558,1384,1370
  Western Africa,   Oman,0,0,0,0,0,0
  Western Africa,   Qatar,0,0,0,0,0,0
  Western Africa,   Saudi Arabia,3214,3534,1536,1685,1678,1849
  Western Africa,   State of Palestine*,161,175,95,105,66,70
  Western Africa,   Syrian Arab Republic,382,670,224,395,158,275
  Western Africa,   Turkey,35,119,24,69,11,50
  Western Africa,   United Arab Emirates,3098,3628,1618,1898,1480,1730
  Western Africa,   Yemen,0,0,0,0,0,0
  Western Africa,   Belarus,0,0,0,0,0,0
  Western Africa,   Bulgaria,3,1,2,1,1,0
  Western Africa,   Czechia,0,0,0,0,0,0
  Western Africa,   Hungary,0,0,0,0,0,0
  Western Africa,   Poland,48,52,22,25,26,27
  Western Africa,   Republic of Moldova*,3,1,2,1,1,0
  Western Africa,   Romania,5,3,4,3,1,0
  Western Africa,   Russian Federation,1312,1426,653,717,659,709
  Western Africa,   Slovakia,0,0,0,0,0,0
  Western Africa,   Ukraine*,31,29,18,19,13,10
  Western Africa,   Channel Islands*,0,0,0,0,0,0
  Western Africa,   Denmark*,66,63,38,38,28,25
  Western Africa,   Estonia,0,0,0,0,0,0
  Western Africa,   Faroe Islands*,0,0,0,0,0,0
  Western Africa,   Finland*,6,4,4,4,2,0
  Western Africa,   Iceland,0,0,0,0,0,0
  Western Africa,   Ireland,0,0,0,0,0,0
  Western Africa,   Isle of Man*,0,0,0,0,0,0
  Western Africa,   Latvia,23,20,12,11,11,9
  Western Africa,   Lithuania,0,0,0,0,0,0
  Western Africa,   Norway*,2,0,2,0,0,0
  Western Africa,   Sweden,261,200,118,93,143,107
  Western Africa,   United Kingdom*,2127,2284,1098,1198,1029,1086
  Western Africa,   Albania,1275,1491,573,673,702,818
  Western Africa,   Andorra,1033,1208,544,639,489,569
  Western Africa,   Bosnia and Herzegovina,2,0,2,0,0,0
  Western Africa,   Croatia,994,1159,632,739,362,420
  Western Africa,   Gibraltar*,0,0,0,0,0,0
  Western Africa,   Greece,0,0,0,0,0,0
  Western Africa,   Holy See*,0,0,0,0,0,0
  Western Africa,   Italy,836,879,474,506,362,373
  Western Africa,   Malta,0,0,0,0,0,0
  Western Africa,   Montenegro,0,0,0,0,0,0
  Western Africa,   North Macedonia,0,0,0,0,0,0
  Western Africa,   Portugal,1996,1838,965,896,1031,942
  Western Africa,   San Marino,0,0,0,0,0,0
  Western Africa,   Serbia*,2,0,1,0,1,0
  Western Africa,   Slovenia,28,25,17,16,11,9
  Western Africa,   Spain*,1479,1428,852,829,627,599
  Western Africa,   Austria,1,0,1,0,0,0
  Western Africa,   Belgium,175,174,112,114,63,60
  Western Africa,   France*,22216,23680,11323,12075,10893,11605
  Western Africa,   Germany,1419,1392,714,708,705,684
  Western Africa,   Liechtenstein,4,2,1,1,3,1
  Western Africa,   Luxembourg,4,3,1,1,3,2
  Western Africa,   Monaco,0,0,0,0,0,0
  Western Africa,   Netherlands*,330,337,181,190,149,147
  Western Africa,   Switzerland,212,221,117,126,95,95
  Western Africa,   Anguilla*,0,0,0,0,0,0
  Western Africa,   Antigua and Barbuda,4452,4276,2545,2453,1907,1823
  Western Africa,   Aruba*,0,0,0,0,0,0
  Western Africa,   Bahamas,13,11,6,6,7,5
  Western Africa,   Barbados,11,9,10,9,1,0
  Western Africa,"   Bonaire, Sint Eustatius and Saba*",0,0,0,0,0,0
  Western Africa,   British Virgin Islands*,500,585,211,247,289,338
  Western Africa,   Cayman Islands*,0,0,0,0,0,0
  Western Africa,   Cuba,1871,1803,1104,1067,767,736
  Western Africa,   Curaçao*,0,0,0,0,0,0
  Western Africa,   Dominica,13,11,4,4,9,7
  Western Africa,   Dominican Republic,2,0,1,0,1,0
  Western Africa,   Grenada,369,431,159,187,210,244
  Western Africa,   Guadeloupe*,935,1096,421,495,514,601
  Western Africa,   Haiti,25,22,13,12,12,10
  Western Africa,   Jamaica,0,0,0,0,0,0
  Western Africa,   Martinique*,0,0,0,0,0,0
  Western Africa,   Montserrat*,0,0,0,0,0,0
  Western Africa,   Puerto Rico*,0,0,0,0,0,0
  Western Africa,   Saint Barthélemy*,0,0,0,0,0,0
  Western Africa,   Saint Kitts and Nevis,0,0,0,0,0,0
  Western Africa,   Saint Lucia,0,0,0,0,0,0
  Western Africa,   Saint Martin (French part)*,0,0,0,0,0,0
  Western Africa,   Saint Vincent and the Grenadines,30,27,19,18,11,9
  Western Africa,   Sint Maarten (Dutch part)*,0,0,0,0,0,0
  Western Africa,   Trinidad and Tobago,0,0,0,0,0,0
  Western Africa,   Turks and Caicos Islands*,659,771,290,340,369,431
  Western Africa,   United States Virgin Islands*,532,613,261,303,271,310
  Western Africa,   Belize,2,0,2,0,0,0
  Western Africa,   Costa Rica,118,112,73,71,45,41
  Western Africa,   El Salvador,4,2,2,2,2,0
  Western Africa,   Guatemala,0,0,0,0,0,0
  Western Africa,   Honduras,298,285,166,161,132,124
  Western Africa,   Mexico,3,2,3,2,0,0
  Western Africa,   Nicaragua,5,3,3,3,2,0
  Western Africa,   Panama,0,0,0,0,0,0
  Western Africa,   Argentina,182,179,108,109,74,70
  Western Africa,   Bolivia (Plurinational State of),5,3,2,2,3,1
  Western Africa,   Brazil,1122,1169,576,605,546,564
  Western Africa,   Chile,1539,1801,838,984,701,817
  Western Africa,   Colombia,2623,2519,1517,1463,1106,1056
  Western Africa,   Ecuador,2,0,2,0,0,0
  Western Africa,   Falkland Islands (Malvinas)*,0,0,0,0,0,0
  Western Africa,   French Guiana*,0,0,0,0,0,0
  Western Africa,   Guyana,0,0,0,0,0,0
  Western Africa,   Paraguay,0,0,0,0,0,0
  Western Africa,   Peru,3,2,3,2,0,0
  Western Africa,   Suriname,0,0,0,0,0,0
  Western Africa,   Uruguay,501,585,237,278,264,307
  Western Africa,   Venezuela (Bolivarian Republic of),0,0,0,0,0,0
  Western Africa,   Bermuda*,0,0,0,0,0,0
  Western Africa,   Canada,559,564,293,302,266,262
  Western Africa,   Greenland*,0,0,0,0,0,0
  Western Africa,   Saint Pierre and Miquelon*,0,0,0,0,0,0
  Western Africa,   United States of America*,4797,4941,2604,2720,2193,2221
  Western Africa,   Australia*,43,45,21,24,22,21
  Western Africa,   New Zealand*,2,0,2,0,0,0
  Western Africa,   Fiji,3,1,2,1,1,0
  Western Africa,   New Caledonia*,0,0,0,0,0,0
  Western Africa,   Papua New Guinea,16,14,12,12,4,2
  Western Africa,   Solomon Islands,12,10,8,8,4,2
  Western Africa,   Vanuatu,0,0,0,0,0,0
  Western Africa,   Guam*,0,0,0,0,0,0
  Western Africa,   Kiribati,3,1,3,1,0,0
  Western Africa,   Marshall Islands,6,4,3,3,3,1
  Western Africa,   Micronesia (Fed. States of),3,1,1,1,2,0
  Western Africa,   Nauru,18,16,12,12,6,4
  Western Africa,   Northern Mariana Islands*,0,0,0,0,0,0
  Western Africa,   Palau,9,7,5,5,4,2
  Western Africa,   American Samoa*,395,462,185,218,210,244
  Western Africa,   Cook Islands*,0,0,0,0,0,0
  Western Africa,   French Polynesia*,341,398,170,200,171,198
  Western Africa,   Niue*,0,0,0,0,0,0
  Western Africa,   Samoa,28,25,17,16,11,9
  Western Africa,   Tokelau*,0,0,0,0,0,0
  Western Africa,   Tonga,972,932,566,546,406,386
  Western Africa,   Tuvalu,1,0,1,0,0,0
  Western Africa,   Wallis and Futuna Islands*,0,0,0,0,0,0
   Benin,WORLD,366284,394276,172056,185619,194228,208657
   Benin,  Sub-Saharan Africa,325992,350896,151300,163235,174692,187661
   Benin,  Northern Africa and Western Asia,0,0,0,0,0,0
   Benin,  Central and Southern Asia,0,0,0,0,0,0
   Benin,  Eastern and South-Eastern Asia,0,0,0,0,0,0
   Benin,  Latin America and the Caribbean,0,0,0,0,0,0
   Benin,  Oceania (excluding Australia and New Zealand),0,0,0,0,0,0
   Benin,  Australia and New Zealand,0,0,0,0,0,0
   Benin,  Europe and Northern America,1304,1402,659,711,645,691
   Benin,  Developed regions,1304,1402,659,711,645,691
   Benin,  Less developed regions,325992,350896,151300,163235,174692,187661
   Benin," Less developed regions, excluding least developed countries",131739,141800,63676,68686,68063,73114
   Benin," Less developed regions, excluding China",325992,350896,151300,163235,174692,187661
   Benin,  Least developed countries,194253,209096,87624,94549,106629,114547
   Benin,  Land-locked Developing Countries (LLDC),88812,95594,49521,53391,39291,42203
   Benin,  Small island developing States (SIDS),0,0,0,0,0,0
   Benin,  High-income countries,1304,1402,659,711,645,691
   Benin,  Middle-income countries,131739,141800,63676,68686,68063,73114
   Benin, Upper-middle-income countries,0,0,0,0,0,0
   Benin, Lower-middle-income countries,131739,141800,63676,68686,68063,73114
   Benin,  Low-income countries,194253,209096,87624,94549,106629,114547
   Benin, AFRICA,325992,350896,151300,163235,174692,187661
   Benin,  Eastern Africa,0,0,0,0,0,0
   Benin,  Middle Africa,4752,5113,2562,2764,2190,2349
   Benin,  Northern Africa,0,0,0,0,0,0
   Benin,  Southern Africa,0,0,0,0,0,0
   Benin,  Western Africa,321240,345783,148738,160471,172502,185312
   Benin, ASIA,0,0,0,0,0,0
   Benin,  Central Asia,0,0,0,0,0,0
   Benin,  Eastern Asia,0,0,0,0,0,0
   Benin,  South-Eastern Asia,0,0,0,0,0,0
   Benin,  Southern Asia,0,0,0,0,0,0
   Benin,  Western Asia,0,0,0,0,0,0
   Benin, EUROPE,1304,1402,659,711,645,691
   Benin,  Eastern Europe,0,0,0,0,0,0
   Benin,  Northern Europe,0,0,0,0,0,0
   Benin,  Southern Europe,0,0,0,0,0,0
   Benin,  Western Europe,1304,1402,659,711,645,691
   Benin, LATIN AMERICA AND THE CARIBBEAN,0,0,0,0,0,0
   Benin,  Caribbean,0,0,0,0,0,0
   Benin,  Central America,0,0,0,0,0,0
   Benin,  South America,0,0,0,0,0,0
   Benin, NORTHERN AMERICA,0,0,0,0,0,0
   Benin, OCEANIA ,0,0,0,0,0,0
   Benin,  Australia and New Zealand,0,0,0,0,0,0
   Benin,  Melanesia,0,0,0,0,0,0
   Benin,  Micronesia,0,0,0,0,0,0
   Benin,  Polynesia*,0,0,0,0,0,0
   Benin,   Chad,969,1042,607,655,362,387
   Benin,   Congo,3783,4071,1955,2109,1828,1962
   Benin,   France*,1304,1402,659,711,645,691
   Benin,   Ghana,15076,16226,6410,6917,8666,9309
   Benin,   Côte d'Ivoire,31920,34358,14707,15867,17213,18491
   Benin,   Mali,3260,3508,1974,2128,1286,1380
   Benin,   Niger,72579,78124,40165,43303,32414,34821
   Benin,   Nigeria,80960,87145,40604,43793,40356,43352
   Benin,   Togo,105441,113502,38103,41158,67338,72344
   Benin,   Burkina Faso,12004,12920,6775,7305,5229,5615
   Benin,Other,38988,41978,20097,21673,18891,20305
   Burkina Faso,WORLD,704676,723989,335328,344331,369348,379658
   Burkina Faso,  Sub-Saharan Africa,658342,675820,312335,320443,346007,355377
   Burkina Faso,  Northern Africa and Western Asia,0,0,0,0,0,0
   Burkina Faso,  Central and Southern Asia,0,0,0,0,0,0
   Burkina Faso,  Eastern and South-Eastern Asia,0,0,0,0,0,0
   Burkina Faso,  Latin America and the Caribbean,0,0,0,0,0,0
   Burkina Faso,  Oceania (excluding Australia and New Zealand),0,0,0,0,0,0
   Burkina Faso,  Australia and New Zealand,0,0,0,0,0,0
   Burkina Faso,  Europe and Northern America,0,0,0,0,0,0
   Burkina Faso,  Developed regions,0,0,0,0,0,0
   Burkina Faso,  Less developed regions,658342,675820,312335,320443,346007,355377
   Burkina Faso," Less developed regions, excluding least developed countries",578166,600977,277751,288560,300415,312417
   Burkina Faso," Less developed regions, excluding China",658342,675820,312335,320443,346007,355377
   Burkina Faso,  Least developed countries,80176,74843,34584,31883,45592,42960
   Burkina Faso,  Land-locked Developing Countries (LLDC),56572,50311,24739,21657,31833,28654
   Burkina Faso,  Small island developing States (SIDS),0,0,0,0,0,0
   Burkina Faso,  High-income countries,0,0,0,0,0,0
   Burkina Faso,  Middle-income countries,586377,609510,282070,293047,304307,316463
   Burkina Faso, Upper-middle-income countries,0,0,0,0,0,0
   Burkina Faso, Lower-middle-income countries,586377,609510,282070,293047,304307,316463
   Burkina Faso,  Low-income countries,71965,66310,30265,27396,41700,38914
   Burkina Faso, AFRICA,658342,675820,312335,320443,346007,355377
   Burkina Faso,  Eastern Africa,0,0,0,0,0,0
   Burkina Faso,  Middle Africa,0,0,0,0,0,0
   Burkina Faso,  Northern Africa,0,0,0,0,0,0
   Burkina Faso,  Southern Africa,0,0,0,0,0,0
   Burkina Faso,  Western Africa,658342,675820,312335,320443,346007,355377
   Burkina Faso, ASIA,0,0,0,0,0,0
   Burkina Faso,  Central Asia,0,0,0,0,0,0
   Burkina Faso,  Eastern Asia,0,0,0,0,0,0
   Burkina Faso,  South-Eastern Asia,0,0,0,0,0,0
   Burkina Faso,  Southern Asia,0,0,0,0,0,0
   Burkina Faso,  Western Asia,0,0,0,0,0,0
   Burkina Faso, EUROPE,0,0,0,0,0,0
   Burkina Faso,  Eastern Europe,0,0,0,0,0,0
   Burkina Faso,  Northern Europe,0,0,0,0,0,0
   Burkina Faso,  Southern Europe,0,0,0,0,0,0
   Burkina Faso,  Western Europe,0,0,0,0,0,0
   Burkina Faso, LATIN AMERICA AND THE CARIBBEAN,0,0,0,0,0,0
   Burkina Faso,  Caribbean,0,0,0,0,0,0
   Burkina Faso,  Central America,0,0,0,0,0,0
   Burkina Faso,  South America,0,0,0,0,0,0
   Burkina Faso, NORTHERN AMERICA,0,0,0,0,0,0
   Burkina Faso, OCEANIA ,0,0,0,0,0,0
   Burkina Faso,  Australia and New Zealand,0,0,0,0,0,0
   Burkina Faso,  Melanesia,0,0,0,0,0,0
   Burkina Faso,  Micronesia,0,0,0,0,0,0
   Burkina Faso,  Polynesia*,0,0,0,0,0,0
   Burkina Faso,   Benin,4178,4342,2124,2207,2054,2135
   Burkina Faso,   Ghana,32217,33487,11414,11854,20803,21633
   Burkina Faso,   Côte d'Ivoire,540779,562117,263936,274211,276843,287906
   Burkina Faso,   Mali,43815,37052,18118,14777,25697,22275
   Burkina Faso,   Niger,12757,13259,6621,6880,6136,6379
   Burkina Faso,   Nigeria,5170,5373,2401,2495,2769,2878
   Burkina Faso,   Senegal,4033,4191,2195,2280,1838,1911
   Burkina Faso,   Togo,15393,15999,5526,5739,9867,10260
   Burkina Faso,Other,46334,48169,22993,23888,23341,24281
   Cabo Verde,WORLD,14924,15788,7547,7985,7377,7803
   Cabo Verde,  Sub-Saharan Africa,9768,10341,5045,5341,4723,5000
   Cabo Verde,  Northern Africa and Western Asia,0,0,0,0,0,0
   Cabo Verde,  Central and Southern Asia,0,0,0,0,0,0
   Cabo Verde,  Eastern and South-Eastern Asia,32,30,16,16,16,14
   Cabo Verde,  Latin America and the Caribbean,452,470,219,230,233,240
   Cabo Verde,  Oceania (excluding Australia and New Zealand),0,0,0,0,0,0
   Cabo Verde,  Australia and New Zealand,0,0,0,0,0,0
   Cabo Verde,  Europe and Northern America,3164,3328,1533,1623,1631,1705
   Cabo Verde,  Developed regions,3165,3328,1534,1623,1631,1705
   Cabo Verde,  Less developed regions,10251,10841,5279,5587,4972,5254
   Cabo Verde," Less developed regions, excluding least developed countries",1202,1257,572,604,630,653
   Cabo Verde," Less developed regions, excluding China",10228,10818,5269,5576,4959,5242
   Cabo Verde,  Least developed countries,9049,9584,4707,4983,4342,4601
   Cabo Verde,  Land-locked Developing Countries (LLDC),7,6,4,4,3,2
   Cabo Verde,  Small island developing States (SIDS),6891,7308,3612,3825,3279,3483
   Cabo Verde,  High-income countries,2516,2642,1239,1310,1277,1332
   Cabo Verde,  Middle-income countries,5419,5711,2574,2723,2845,2988
   Cabo Verde, Upper-middle-income countries,1110,1164,517,546,593,618
   Cabo Verde, Lower-middle-income countries,4309,4547,2057,2177,2252,2370
   Cabo Verde,  Low-income countries,5481,5816,3000,3177,2481,2639
   Cabo Verde, AFRICA,9768,10341,5045,5341,4723,5000
   Cabo Verde,  Eastern Africa,26,26,11,12,15,14
   Cabo Verde,  Middle Africa,2090,2206,930,984,1160,1222
   Cabo Verde,  Northern Africa,0,0,0,0,0,0
   Cabo Verde,  Southern Africa,0,0,0,0,0,0
   Cabo Verde,  Western Africa,7652,8109,4104,4345,3548,3764
   Cabo Verde, ASIA,32,30,16,16,16,14
   Cabo Verde,  Central Asia,0,0,0,0,0,0
   Cabo Verde,  Eastern Asia,24,23,11,11,13,12
   Cabo Verde,  South-Eastern Asia,8,7,5,5,3,2
   Cabo Verde,  Southern Asia,0,0,0,0,0,0
   Cabo Verde,  Western Asia,0,0,0,0,0,0
   Cabo Verde, EUROPE,2813,2958,1359,1439,1454,1519
   Cabo Verde,  Eastern Europe,720,759,332,352,388,407
   Cabo Verde,  Northern Europe,52,53,26,27,26,26
   Cabo Verde,  Southern Europe,1709,1805,839,890,870,915
   Cabo Verde,  Western Europe,332,341,162,170,170,171
   Cabo Verde, LATIN AMERICA AND THE CARIBBEAN,452,470,219,230,233,240
   Cabo Verde,  Caribbean,156,162,77,82,79,80
   Cabo Verde,  Central America,3,2,3,2,0,0
   Cabo Verde,  South America,293,306,139,146,154,160
   Cabo Verde, NORTHERN AMERICA,351,370,174,184,177,186
   Cabo Verde, OCEANIA ,0,0,0,0,0,0
   Cabo Verde,  Australia and New Zealand,0,0,0,0,0,0
   Cabo Verde,  Melanesia,0,0,0,0,0,0
   Cabo Verde,  Micronesia,0,0,0,0,0,0
   Cabo Verde,  Polynesia*,0,0,0,0,0,0
   Cabo Verde,   Angola,370,390,175,185,195,205
   Cabo Verde,   Argentina,4,3,1,1,3,2
   Cabo Verde,   Belgium,10,9,6,6,4,3
   Cabo Verde,   Brazil,286,301,135,143,151,158
   Cabo Verde,   China*,23,23,10,11,13,12
   Cabo Verde,   Cuba,85,89,40,43,45,46
   Cabo Verde,   France*,201,211,94,99,107,112
   Cabo Verde,   Gabon,8,7,5,5,3,2
   Cabo Verde,   Gambia,5,4,2,2,3,2
   Cabo Verde,   Germany,67,69,36,38,31,31
   Cabo Verde,   Ghana,42,43,20,21,22,22
   Cabo Verde,   Guinea,413,436,196,208,217,228
   Cabo Verde,   Italy,407,430,219,232,188,198
   Cabo Verde,   Côte d'Ivoire,7,6,4,4,3,2
   Cabo Verde,   Japan,1,0,1,0,0,0
   Cabo Verde,   Luxembourg,4,3,1,1,3,2
   Cabo Verde,   Mali,7,6,4,4,3,2
   Cabo Verde,   Mexico,3,2,3,2,0,0
   Cabo Verde,   Mozambique,26,26,11,12,15,14
   Cabo Verde,   Netherlands*,37,37,19,20,18,17
   Cabo Verde,   Nigeria,670,708,314,333,356,375
   Cabo Verde,   Peru,3,2,3,2,0,0
   Cabo Verde,   Portugal,1159,1225,553,586,606,639
   Cabo Verde,   Guinea-Bissau,5015,5330,2780,2944,2235,2386
   Cabo Verde,   Timor-Leste,8,7,5,5,3,2
   Cabo Verde,   Russian Federation,698,737,320,339,378,398
   Cabo Verde,   Sao Tome and Principe,1712,1809,750,794,962,1015
   Cabo Verde,   Senegal,1478,1562,777,822,701,740
   Cabo Verde,   Sierra Leone,15,14,7,7,8,7
   Cabo Verde,   Spain*,143,150,67,72,76,78
   Cabo Verde,   Switzerland,13,12,6,6,7,6
   Cabo Verde,   Ukraine*,22,22,12,13,10,9
   Cabo Verde,   United Kingdom*,52,53,26,27,26,26
   Cabo Verde,   United States of America*,351,370,174,184,177,186
   Cabo Verde,   United States Virgin Islands*,71,73,37,39,34,34
   Cabo Verde,Other,1508,1619,734,775,774,844
   Côte d'Ivoire,WORLD,2470613,2564857,1368110,1420248,1102503,1144609
   Côte d'Ivoire,  Sub-Saharan Africa,2394709,2483381,1326758,1375857,1067951,1107524
   Côte d'Ivoire,  Northern Africa and Western Asia,6419,6663,3788,3932,2631,2731
   Côte d'Ivoire,  Central and Southern Asia,0,0,0,0,0,0
   Côte d'Ivoire,  Eastern and South-Eastern Asia,0,0,0,0,0,0
   Côte d'Ivoire,  Latin America and the Caribbean,0,0,0,0,0,0
   Côte d'Ivoire,  Oceania (excluding Australia and New Zealand),0,0,0,0,0,0
   Côte d'Ivoire,  Australia and New Zealand,0,0,0,0,0,0
   Côte d'Ivoire,  Europe and Northern America,0,0,0,0,0,0
   Côte d'Ivoire,  Developed regions,0,0,0,0,0,0
   Côte d'Ivoire,  Less developed regions,2401128,2490044,1330546,1379789,1070582,1110255
   Côte d'Ivoire," Less developed regions, excluding least developed countries",157795,163811,67605,70178,90190,93633
   Côte d'Ivoire," Less developed regions, excluding China",2401128,2490044,1330546,1379789,1070582,1110255
   Côte d'Ivoire,  Least developed countries,2243333,2326233,1262941,1309611,980392,1016622
   Côte d'Ivoire,  Land-locked Developing Countries (LLDC),1896988,1966680,1070630,1109971,826358,856709
   Côte d'Ivoire,  Small island developing States (SIDS),768,796,427,443,341,353
   Côte d'Ivoire,  High-income countries,0,0,0,0,0,0
   Côte d'Ivoire,  Middle-income countries,267302,277494,134399,139518,132903,137976
   Côte d'Ivoire, Upper-middle-income countries,6419,6663,3788,3932,2631,2731
   Côte d'Ivoire, Lower-middle-income countries,260883,270831,130611,135586,130272,135245
   Côte d'Ivoire,  Low-income countries,2133826,2212550,1196147,1240271,937679,972279
   Côte d'Ivoire, AFRICA,2401128,2490044,1330546,1379789,1070582,1110255
   Côte d'Ivoire,  Eastern Africa,0,0,0,0,0,0
   Côte d'Ivoire,  Middle Africa,0,0,0,0,0,0
   Côte d'Ivoire,  Northern Africa,6419,6663,3788,3932,2631,2731
   Côte d'Ivoire,  Southern Africa,0,0,0,0,0,0
   Côte d'Ivoire,  Western Africa,2394709,2483381,1326758,1375857,1067951,1107524
   Côte d'Ivoire, ASIA,0,0,0,0,0,0
   Côte d'Ivoire,  Central Asia,0,0,0,0,0,0
   Côte d'Ivoire,  Eastern Asia,0,0,0,0,0,0
   Côte d'Ivoire,  South-Eastern Asia,0,0,0,0,0,0
   Côte d'Ivoire,  Southern Asia,0,0,0,0,0,0
   Côte d'Ivoire,  Western Asia,0,0,0,0,0,0
   Côte d'Ivoire, EUROPE,0,0,0,0,0,0
   Côte d'Ivoire,  Eastern Europe,0,0,0,0,0,0
   Côte d'Ivoire,  Northern Europe,0,0,0,0,0,0
   Côte d'Ivoire,  Southern Europe,0,0,0,0,0,0
   Côte d'Ivoire,  Western Europe,0,0,0,0,0,0
   Côte d'Ivoire, LATIN AMERICA AND THE CARIBBEAN,0,0,0,0,0,0
   Côte d'Ivoire,  Caribbean,0,0,0,0,0,0
   Côte d'Ivoire,  Central America,0,0,0,0,0,0
   Côte d'Ivoire,  South America,0,0,0,0,0,0
   Côte d'Ivoire, NORTHERN AMERICA,0,0,0,0,0,0
   Côte d'Ivoire, OCEANIA ,0,0,0,0,0,0
   Côte d'Ivoire,  Australia and New Zealand,0,0,0,0,0,0
   Côte d'Ivoire,  Melanesia,0,0,0,0,0,0
   Côte d'Ivoire,  Micronesia,0,0,0,0,0,0
   Côte d'Ivoire,  Polynesia*,0,0,0,0,0,0
   Côte d'Ivoire,   Cabo Verde,361,374,201,208,160,166
   Côte d'Ivoire,   Benin,67983,70576,36915,38322,31068,32254
   Côte d'Ivoire,   Gambia,7164,7437,3752,3895,3412,3542
   Côte d'Ivoire,   Ghana,107604,111708,41922,43518,65682,68190
   Côte d'Ivoire,   Guinea,161361,167516,87024,90340,74337,77176
   Côte d'Ivoire,   Liberia,27101,28134,11941,12396,15160,15738
   Côte d'Ivoire,   Libya,6419,6663,3788,3932,2631,2731
   Côte d'Ivoire,   Mali,505532,522146,280040,289249,225492,232897
   Côte d'Ivoire,   Mauritania,12271,12739,9503,9866,2768,2873
   Côte d'Ivoire,   Niger,65679,68184,48976,50844,16703,17340
   Côte d'Ivoire,   Nigeria,43411,45066,21694,22520,21717,22546
   Côte d'Ivoire,   Guinea-Bissau,407,422,226,235,181,187
   Côte d'Ivoire,   Senegal,29253,30368,20376,21152,8877,9216
   Côte d'Ivoire,   Sierra Leone,822,853,455,472,367,381
   Côte d'Ivoire,   Togo,39983,41508,22119,22962,17864,18546
   Côte d'Ivoire,   Burkina Faso,1325777,1376350,741614,769878,584163,606472
   Côte d'Ivoire,Other,69485,74813,37564,40459,31921,34354
   Gambia,WORLD,192540,215659,101501,113766,91039,101893
   Gambia,  Sub-Saharan Africa,186955,209397,98145,110004,88810,99393
   Gambia,  Northern Africa and Western Asia,0,0,0,0,0,0
   Gambia,  Central and Southern Asia,0,0,0,0,0,0
   Gambia,  Eastern and South-Eastern Asia,0,0,0,0,0,0
   Gambia,  Latin America and the Caribbean,0,0,0,0,0,0
   Gambia,  Oceania (excluding Australia and New Zealand),0,0,0,0,0,0
   Gambia,  Australia and New Zealand,0,0,0,0,0,0
   Gambia,  Europe and Northern America,0,0,0,0,0,0
   Gambia,  Developed regions,0,0,0,0,0,0
   Gambia,  Less developed regions,186955,209397,98145,110004,88810,99393
   Gambia," Less developed regions, excluding least developed countries",0,0,0,0,0,0
   Gambia," Less developed regions, excluding China",186955,209397,98145,110004,88810,99393
   Gambia,  Least developed countries,186955,209397,98145,110004,88810,99393
   Gambia,  Land-locked Developing Countries (LLDC),9251,10360,5849,6553,3402,3807
   Gambia,  Small island developing States (SIDS),12328,13808,5958,6680,6370,7128
   Gambia,  High-income countries,0,0,0,0,0,0
   Gambia,  Middle-income countries,121709,136324,61242,68648,60467,67676
   Gambia, Upper-middle-income countries,0,0,0,0,0,0
   Gambia, Lower-middle-income countries,121709,136324,61242,68648,60467,67676
   Gambia,  Low-income countries,65246,73073,36903,41356,28343,31717
   Gambia, AFRICA,186955,209397,98145,110004,88810,99393
   Gambia,  Eastern Africa,0,0,0,0,0,0
   Gambia,  Middle Africa,0,0,0,0,0,0
   Gambia,  Northern Africa,0,0,0,0,0,0
   Gambia,  Southern Africa,0,0,0,0,0,0
   Gambia,  Western Africa,186955,209397,98145,110004,88810,99393
   Gambia, ASIA,0,0,0,0,0,0
   Gambia,  Central Asia,0,0,0,0,0,0
   Gambia,  Eastern Asia,0,0,0,0,0,0
   Gambia,  South-Eastern Asia,0,0,0,0,0,0
   Gambia,  Southern Asia,0,0,0,0,0,0
   Gambia,  Western Asia,0,0,0,0,0,0
   Gambia, EUROPE,0,0,0,0,0,0
   Gambia,  Eastern Europe,0,0,0,0,0,0
   Gambia,  Northern Europe,0,0,0,0,0,0
   Gambia,  Southern Europe,0,0,0,0,0,0
   Gambia,  Western Europe,0,0,0,0,0,0
   Gambia, LATIN AMERICA AND THE CARIBBEAN,0,0,0,0,0,0
   Gambia,  Caribbean,0,0,0,0,0,0
   Gambia,  Central America,0,0,0,0,0,0
   Gambia,  South America,0,0,0,0,0,0
   Gambia, NORTHERN AMERICA,0,0,0,0,0,0
   Gambia, OCEANIA ,0,0,0,0,0,0
   Gambia,  Australia and New Zealand,0,0,0,0,0,0
   Gambia,  Melanesia,0,0,0,0,0,0
   Gambia,  Micronesia,0,0,0,0,0,0
   Gambia,  Polynesia*,0,0,0,0,0,0
   Gambia,   Guinea,40369,45215,23347,26164,17022,19051
   Gambia,   Liberia,968,1082,511,572,457,510
   Gambia,   Mali,9251,10360,5849,6553,3402,3807
   Gambia,   Mauritania,3257,3646,2774,3107,483,539
   Gambia,   Guinea-Bissau,12328,13808,5958,6680,6370,7128
   Gambia,   Senegal,118452,132678,58468,65541,59984,67137
   Gambia,   Sierra Leone,2330,2608,1238,1387,1092,1221
   Gambia,Other,5585,6262,3356,3762,2229,2500
   Ghana,WORLD,414744,476412,221026,254403,193718,222009
   Ghana,  Sub-Saharan Africa,347523,399189,190396,219119,157127,180070
   Ghana,  Northern Africa and Western Asia,1181,1347,720,829,461,518
   Ghana,  Central and Southern Asia,958,1096,579,666,379,430
   Ghana,  Eastern and South-Eastern Asia,316,359,246,284,70,75
   Ghana,  Latin America and the Caribbean,13,13,7,8,6,5
   Ghana,  Oceania (excluding Australia and New Zealand),0,0,0,0,0,0
   Ghana,  Australia and New Zealand,33,37,14,17,19,20
   Ghana,  Europe and Northern America,3206,3668,1614,1856,1592,1812
   Ghana,  Developed regions,3295,3768,1665,1916,1630,1852
   Ghana,  Less developed regions,349935,401941,191911,220863,158024,181078
   Ghana," Less developed regions, excluding least developed countries",137353,157752,76395,87915,60958,69837
   Ghana," Less developed regions, excluding China",349703,401675,191717,220639,157986,181036
   Ghana,  Least developed countries,212582,244189,115516,132948,97066,111241
   Ghana,  Land-locked Developing Countries (LLDC),70316,80761,39417,45360,30899,35401
   Ghana,  Small island developing States (SIDS),0,0,0,0,0,0
   Ghana,  High-income countries,3274,3743,1663,1913,1611,1830
   Ghana,  Middle-income countries,154601,177561,85921,98878,68680,78683
   Ghana, Upper-middle-income countries,1318,1510,844,973,474,537
   Ghana, Lower-middle-income countries,153283,176051,85077,97905,68206,78146
   Ghana,  Low-income countries,195355,224405,105992,121988,89363,102417
   Ghana, AFRICA,347600,399272,190447,219177,157153,180095
   Ghana,  Eastern Africa,435,493,167,192,268,301
   Ghana,  Middle Africa,161,180,105,121,56,59
   Ghana,  Northern Africa,77,83,51,58,26,25
   Ghana,  Southern Africa,0,0,0,0,0,0
   Ghana,  Western Africa,346927,398516,190124,218806,156803,179710
   Ghana, ASIA,2378,2719,1494,1721,884,998
   Ghana,  Central Asia,0,0,0,0,0,0
   Ghana,  Eastern Asia,288,329,231,267,57,62
   Ghana,  South-Eastern Asia,28,30,15,17,13,13
   Ghana,  Southern Asia,958,1096,579,666,379,430
   Ghana,  Western Asia,1104,1264,669,771,435,493
   Ghana, EUROPE,2298,2629,1188,1368,1110,1261
   Ghana,  Eastern Europe,114,128,51,59,63,69
   Ghana,  Northern Europe,1390,1595,677,780,713,815
   Ghana,  Southern Europe,236,270,145,167,91,103
   Ghana,  Western Europe,558,636,315,362,243,274
   Ghana, LATIN AMERICA AND THE CARIBBEAN,13,13,7,8,6,5
   Ghana,  Caribbean,0,0,0,0,0,0
   Ghana,  Central America,0,0,0,0,0,0
   Ghana,  South America,13,13,7,8,6,5
   Ghana, NORTHERN AMERICA,908,1039,426,488,482,551
   Ghana, OCEANIA ,33,37,14,17,19,20
   Ghana,  Australia and New Zealand,33,37,14,17,19,20
   Ghana,  Melanesia,0,0,0,0,0,0
   Ghana,  Micronesia,0,0,0,0,0,0
   Ghana,  Polynesia*,0,0,0,0,0,0
   Ghana,   Algeria,13,13,10,11,3,2
   Ghana,   Australia*,33,37,14,17,19,20
   Ghana,   Brazil,13,13,7,8,6,5
   Ghana,   Cameroon,116,132,77,89,39,43
   Ghana,   Canada,283,323,135,154,148,169
   Ghana,   Sri Lanka,20,21,11,12,9,9
   Ghana,   Chad,15,15,12,13,3,2
   Ghana,   China*,232,266,194,224,38,42
   Ghana,   Democratic Republic of the Congo,30,33,16,19,14,14
   Ghana,   Benin,17183,19736,9492,10923,7691,8813
   Ghana,   Ethiopia,30,33,16,19,14,14
   Ghana,   France*,223,254,127,146,96,108
   Ghana,   Gambia,1645,1888,877,1010,768,878
   Ghana,   Guinea,140,159,89,102,51,57
   Ghana,   India,871,999,533,613,338,386
   Ghana,   Israel,46,51,27,31,19,20
   Ghana,   Italy,236,270,145,167,91,103
   Ghana,   Côte d'Ivoire,64621,74228,34439,39639,30182,34589
   Ghana,   Japan,56,63,37,43,19,20
   Ghana,   Kenya,15,15,12,13,3,2
   Ghana,   Lebanon,1006,1155,614,707,392,448
   Ghana,   Liberia,30418,34940,16211,18659,14207,16281
   Ghana,   Mali,5137,5900,3626,4170,1511,1730
   Ghana,   Mauritania,13,13,9,10,4,3
   Ghana,   Netherlands*,187,213,105,120,82,93
   Ghana,   Niger,6048,6945,4342,4992,1706,1953
   Ghana,   Nigeria,70214,80652,40371,46452,29843,34200
   Ghana,   Pakistan,67,76,35,41,32,35
   Ghana,   Philippines,28,30,15,17,13,13
   Ghana,   Poland,47,52,22,25,25,27
   Ghana,   Russian Federation,67,76,29,34,38,42
   Ghana,   Rwanda,382,437,135,155,247,282
   Ghana,   Senegal,75,85,47,55,28,30
   Ghana,   Sierra Leone,2386,2740,1188,1369,1198,1371
   Ghana,   Sudan,25,27,19,22,6,5
   Ghana,   Switzerland,148,169,83,96,65,73
   Ghana,   Syrian Arab Republic,52,58,28,33,24,25
   Ghana,   Togo,90343,103799,48147,55414,42196,48385
   Ghana,   Egypt,39,43,22,25,17,18
   Ghana,   United Kingdom*,1390,1595,677,780,713,815
   Ghana,   United Republic of Tanzania*,8,8,4,5,4,3
   Ghana,   United States of America*,625,716,291,334,334,382
   Ghana,   Burkina Faso,58704,67431,31286,36011,27418,31420
   Ghana,Other,61514,70703,27450,31624,34064,39079
   Guinea,WORLD,126657,121437,74193,71385,52464,50052
   Guinea,  Sub-Saharan Africa,93277,89596,54112,52167,39165,37429
   Guinea,  Northern Africa and Western Asia,8248,7898,5064,4870,3184,3028
   Guinea,  Central and Southern Asia,104,86,90,79,14,7
   Guinea,  Eastern and South-Eastern Asia,1952,1859,1207,1157,745,702
   Guinea,  Latin America and the Caribbean,9527,9120,5513,5308,4014,3812
   Guinea,  Oceania (excluding Australia and New Zealand),1071,1011,630,605,441,406
   Guinea,  Australia and New Zealand,12,8,9,7,3,1
   Guinea,  Europe and Northern America,2241,2106,1381,1322,860,784
   Guinea,  Developed regions,2307,2164,1423,1360,884,804
   Guinea,  Less developed regions,114125,109520,66583,64155,47542,45365
   Guinea," Less developed regions, excluding least developed countries",44145,42302,26411,25425,17734,16877
   Guinea," Less developed regions, excluding China",113956,109359,66449,64026,47507,45333
   Guinea,  Least developed countries,69980,67218,40172,38730,29808,28488
   Guinea,  Land-locked Developing Countries (LLDC),48436,46544,27414,26432,21022,20112
   Guinea,  Small island developing States (SIDS),12794,12248,7417,7141,5377,5107
   Guinea,  High-income countries,7242,6897,4277,4113,2965,2784
   Guinea,  Middle-income countries,42687,40886,25831,24855,16856,16031
   Guinea, Upper-middle-income countries,18314,17539,10829,10418,7485,7121
   Guinea, Lower-middle-income countries,24373,23347,15002,14437,9371,8910
   Guinea,  Low-income countries,66503,63901,37898,36547,28605,27354
   Guinea, AFRICA,101265,97260,58974,56850,42291,40410
   Guinea,  Eastern Africa,2971,2829,1781,1714,1190,1115
   Guinea,  Middle Africa,11719,11247,6938,6687,4781,4560
   Guinea,  Northern Africa,7988,7664,4862,4683,3126,2981
   Guinea,  Southern Africa,1341,1280,820,788,521,492
   Guinea,  Western Africa,77246,74240,44573,42978,32673,31262
   Guinea, ASIA,2316,2179,1499,1423,817,756
   Guinea,  Central Asia,2,0,2,0,0,0
   Guinea,  Eastern Asia,1881,1801,1161,1119,720,682
   Guinea,  South-Eastern Asia,71,58,46,38,25,20
   Guinea,  Southern Asia,102,86,88,79,14,7
   Guinea,  Western Asia,260,234,202,187,58,47
   Guinea, EUROPE,1894,1776,1169,1118,725,658
   Guinea,  Eastern Europe,60,48,45,41,15,7
   Guinea,  Northern Europe,108,94,64,59,44,35
   Guinea,  Southern Europe,1351,1284,804,772,547,512
   Guinea,  Western Europe,375,350,256,246,119,104
   Guinea, LATIN AMERICA AND THE CARIBBEAN,9527,9120,5513,5308,4014,3812
   Guinea,  Caribbean,6332,6070,3662,3526,2670,2544
   Guinea,  Central America,427,402,246,237,181,165
   Guinea,  South America,2768,2648,1605,1545,1163,1103
   Guinea, NORTHERN AMERICA,347,330,212,204,135,126
   Guinea, OCEANIA ,1083,1019,639,612,444,407
   Guinea,  Australia and New Zealand,12,8,9,7,3,1
   Guinea,  Melanesia,31,25,22,21,9,4
   Guinea,  Micronesia,39,29,24,22,15,7
   Guinea,  Polynesia*,1001,957,584,562,417,395
   Guinea,   Afghanistan,3,1,3,1,0,0
   Guinea,   Albania,11,9,7,7,4,2
   Guinea,   Algeria,7044,6766,4305,4147,2739,2619
   Guinea,   Andorra,6,4,4,4,2,0
   Guinea,   Angola,115,109,74,71,41,38
   Guinea,   Antigua and Barbuda,4452,4276,2545,2453,1907,1823
   Guinea,   Azerbaijan*,5,3,5,3,0,0
   Guinea,   Argentina,112,105,65,62,47,43
   Guinea,   Australia*,10,8,7,7,3,1
   Guinea,   Austria,1,0,1,0,0,0
   Guinea,   Bahamas,13,11,6,6,7,5
   Guinea,   Bahrain,3,1,2,1,1,0
   Guinea,   Bangladesh,1,0,1,0,0,0
   Guinea,   Armenia,9,7,9,7,0,0
   Guinea,   Barbados,11,9,10,9,1,0
   Guinea,   Belgium,40,37,26,25,14,12
   Guinea,   Bhutan,3,1,2,1,1,0
   Guinea,   Bolivia (Plurinational State of),5,3,2,2,3,1
   Guinea,   Bosnia and Herzegovina,2,0,2,0,0,0
   Guinea,   Botswana,50,46,30,28,20,18
   Guinea,   Brazil,14,12,10,10,4,2
   Guinea,   Belize,2,0,2,0,0,0
   Guinea,   Solomon Islands,12,10,8,8,4,2
   Guinea,   Bulgaria,3,1,2,1,1,0
   Guinea,   Myanmar,2,0,2,0,0,0
   Guinea,   Burundi,39,36,26,25,13,11
   Guinea,   Cambodia,9,7,5,5,4,2
   Guinea,   Cameroon,196,187,142,136,54,51
   Guinea,   Canada,46,42,30,28,16,14
   Guinea,   Cabo Verde,34,31,21,20,13,11
   Guinea,   Central African Republic,18,16,14,14,4,2
   Guinea,   Sri Lanka,2,0,2,0,0,0
   Guinea,   Chad,389,372,275,265,114,107
   Guinea,   Chile,11,9,8,8,3,1
   Guinea,   China*,169,161,134,129,35,32
   Guinea,   Colombia,2623,2519,1517,1463,1106,1056
   Guinea,   Comoros,761,730,475,459,286,271
   Guinea,   Congo,122,116,79,76,43,40
   Guinea,   Democratic Republic of the Congo,77,73,49,48,28,25
   Guinea,   Costa Rica,118,112,73,71,45,41
   Guinea,   Croatia,19,17,12,12,7,5
   Guinea,   Cuba,1786,1714,1064,1024,722,690
   Guinea,   Benin,408,391,280,270,128,121
   Guinea,   Denmark*,66,63,38,38,28,25
   Guinea,   Dominica,13,11,4,4,9,7
   Guinea,   Dominican Republic,2,0,1,0,1,0
   Guinea,   Ecuador,2,0,2,0,0,0
   Guinea,   El Salvador,4,2,2,2,2,0
   Guinea,   Equatorial Guinea,10695,10274,6238,6012,4457,4262
   Guinea,   Ethiopia,12,10,7,7,5,3
   Guinea,   Eritrea,23,20,15,14,8,6
   Guinea,   Fiji,3,1,2,1,1,0
   Guinea,   Finland*,6,4,4,4,2,0
   Guinea,   France*,248,237,173,167,75,70
   Guinea,   Djibouti,18,16,14,14,4,2
   Guinea,   Gabon,74,70,47,46,27,24
   Guinea,   Gambia,281,268,170,163,111,105
   Guinea,   Germany,27,24,18,17,9,7
   Guinea,   Ghana,588,564,479,460,109,104
   Guinea,   Kiribati,3,1,3,1,0,0
   Guinea,   Haiti,25,22,13,12,12,10
   Guinea,   Honduras,298,285,166,161,132,124
   Guinea,   India,49,45,46,44,3,1
   Guinea,   Israel,11,9,7,7,4,2
   Guinea,   Italy,82,78,47,46,35,32
   Guinea,   Côte d'Ivoire,7968,7654,4702,4531,3266,3123
   Guinea,   Japan,54,50,33,31,21,19
   Guinea,   Jordan,2,0,2,0,0,0
   Guinea,   Kenya,1999,1920,1166,1124,833,796
   Guinea,   Dem. People's Republic of Korea,1232,1183,718,693,514,490
   Guinea,   Republic of Korea,426,407,276,266,150,141
   Guinea,   Lebanon,156,148,126,121,30,27
   Guinea,   Lesotho,32,29,22,21,10,8
   Guinea,   Latvia,23,20,12,11,11,9
   Guinea,   Liberia,2765,2655,1537,1481,1228,1174
   Guinea,   Libya,44,41,29,28,15,13
   Guinea,   Liechtenstein,4,2,1,1,3,1
   Guinea,   Madagascar,10,8,5,5,5,3
   Guinea,   Malawi,17,15,12,12,5,3
   Guinea,   Malaysia*,1,0,1,0,0,0
   Guinea,   Mali,46991,45192,26278,25351,20713,19841
   Guinea,   Mauritania,1154,1107,776,747,378,360
   Guinea,   Mauritius*,15,13,11,11,4,2
   Guinea,   Republic of Moldova*,3,1,2,1,1,0
   Guinea,   Morocco,333,318,205,197,128,121
   Guinea,   Mozambique,19,17,13,13,6,4
   Guinea,   Namibia,3,1,2,1,1,0
   Guinea,   Nauru,18,16,12,12,6,4
   Guinea,   Nepal,25,22,19,18,6,4
   Guinea,   Netherlands*,38,35,26,25,12,10
   Guinea,   New Zealand*,2,0,2,0,0,0
   Guinea,   Nicaragua,5,3,3,3,2,0
   Guinea,   Niger,193,184,155,149,38,35
   Guinea,   Nigeria,381,364,314,302,67,62
   Guinea,   Norway*,2,0,2,0,0,0
   Guinea,   Micronesia (Fed. States of),3,1,1,1,2,0
   Guinea,   Marshall Islands,6,4,3,3,3,1
   Guinea,   Palau,9,7,5,5,4,2
   Guinea,   Pakistan,19,17,15,15,4,2
   Guinea,   Papua New Guinea,16,14,12,12,4,2
   Guinea,   Philippines,3,1,3,1,0,0
   Guinea,   Poland,1,0,0,0,1,0
   Guinea,   Portugal,14,12,14,12,0,0
   Guinea,   Guinea-Bissau,4540,4361,2592,2499,1948,1862
   Guinea,   Romania,5,3,4,3,1,0
   Guinea,   Russian Federation,39,36,31,30,8,6
   Guinea,   Rwanda,39,36,23,22,16,14
   Guinea,   Saint Vincent and the Grenadines,30,27,19,18,11,9
   Guinea,   Sao Tome and Principe,33,30,20,19,13,11
   Guinea,   Saudi Arabia,31,28,20,19,11,9
   Guinea,   Senegal,2139,2053,1296,1248,843,805
   Guinea,   Serbia*,2,0,1,0,1,0
   Guinea,   Seychelles,3,1,2,1,1,0
   Guinea,   Sierra Leone,8683,8342,5068,4886,3615,3456
   Guinea,   Viet Nam,5,3,4,3,1,0
   Guinea,   Slovenia,28,25,17,16,11,9
   Guinea,   Somalia,6,4,4,4,2,0
   Guinea,   South Africa,1251,1201,762,735,489,466
   Guinea,   Zimbabwe,4,2,3,2,1,0
   Guinea,   Spain*,1187,1139,700,675,487,464
   Guinea,   South Sudan,3,1,2,1,1,0
   Guinea,   Sudan,7,5,5,5,2,0
   Guinea,   Eswatini,5,3,4,3,1,0
   Guinea,   Sweden,3,1,3,1,0,0
   Guinea,   Switzerland,17,15,11,11,6,4
   Guinea,   Syrian Arab Republic,8,6,7,6,1,0
   Guinea,   Tajikistan,1,0,1,0,0,0
   Guinea,   Thailand,51,47,31,29,20,18
   Guinea,   Togo,533,510,387,372,146,138
   Guinea,   Tonga,972,932,566,546,406,386
   Guinea,   Tunisia,533,510,297,286,236,224
   Guinea,   Turkey,35,32,24,23,11,9
   Guinea,   Tuvalu,1,0,1,0,0,0
   Guinea,   Uganda,1,0,1,0,0,0
   Guinea,   Ukraine*,9,7,6,6,3,1
   Guinea,   Egypt,27,24,21,20,6,4
   Guinea,   United Kingdom*,8,6,5,5,3,1
   Guinea,   United Republic of Tanzania*,2,0,2,0,0,0
   Guinea,   United States of America*,301,288,182,176,119,112
   Guinea,   Burkina Faso,588,564,518,499,70,65
   Guinea,   Uruguay,1,0,1,0,0,0
   Guinea,   Uzbekistan,1,0,1,0,0,0
   Guinea,   Samoa,28,25,17,16,11,9
   Guinea,Other,10225,9753,6187,5870,4038,3883
   Guinea-Bissau,WORLD,22333,17945,10826,8867,11507,9078
   Guinea-Bissau,  Sub-Saharan Africa,20341,15827,9872,7838,10469,7989
   Guinea-Bissau,  Northern Africa and Western Asia,0,0,0,0,0,0
   Guinea-Bissau,  Central and Southern Asia,0,0,0,0,0,0
   Guinea-Bissau,  Eastern and South-Eastern Asia,0,0,0,0,0,0
   Guinea-Bissau,  Latin America and the Caribbean,0,0,0,0,0,0
   Guinea-Bissau,  Oceania (excluding Australia and New Zealand),0,0,0,0,0,0
   Guinea-Bissau,  Australia and New Zealand,0,0,0,0,0,0
   Guinea-Bissau,  Europe and Northern America,1301,947,629,470,672,477
   Guinea-Bissau,  Developed regions,1301,947,629,470,672,477
   Guinea-Bissau,  Less developed regions,20341,15827,9872,7838,10469,7989
   Guinea-Bissau," Less developed regions, excluding least developed countries",552,403,215,163,337,240
   Guinea-Bissau," Less developed regions, excluding China",20341,15827,9872,7838,10469,7989
   Guinea-Bissau,  Least developed countries,19789,15424,9657,7675,10132,7749
   Guinea-Bissau,  Land-locked Developing Countries (LLDC),0,0,0,0,0,0
   Guinea-Bissau,  Small island developing States (SIDS),552,403,215,163,337,240
   Guinea-Bissau,  High-income countries,1301,947,629,470,672,477
   Guinea-Bissau,  Middle-income countries,12198,9904,5654,4701,6544,5203
   Guinea-Bissau, Upper-middle-income countries,0,0,0,0,0,0
   Guinea-Bissau, Lower-middle-income countries,12198,9904,5654,4701,6544,5203
   Guinea-Bissau,  Low-income countries,8143,5923,4218,3137,3925,2786
   Guinea-Bissau, AFRICA,20341,15827,9872,7838,10469,7989
   Guinea-Bissau,  Eastern Africa,0,0,0,0,0,0
   Guinea-Bissau,  Middle Africa,0,0,0,0,0,0
   Guinea-Bissau,  Northern Africa,0,0,0,0,0,0
   Guinea-Bissau,  Southern Africa,0,0,0,0,0,0
   Guinea-Bissau,  Western Africa,20341,15827,9872,7838,10469,7989
   Guinea-Bissau, ASIA,0,0,0,0,0,0
   Guinea-Bissau,  Central Asia,0,0,0,0,0,0
   Guinea-Bissau,  Eastern Asia,0,0,0,0,0,0
   Guinea-Bissau,  South-Eastern Asia,0,0,0,0,0,0
   Guinea-Bissau,  Southern Asia,0,0,0,0,0,0
   Guinea-Bissau,  Western Asia,0,0,0,0,0,0
   Guinea-Bissau, EUROPE,933,680,475,354,458,326
   Guinea-Bissau,  Eastern Europe,0,0,0,0,0,0
   Guinea-Bissau,  Northern Europe,0,0,0,0,0,0
   Guinea-Bissau,  Southern Europe,823,601,398,298,425,303
   Guinea-Bissau,  Western Europe,110,79,77,56,33,23
   Guinea-Bissau, LATIN AMERICA AND THE CARIBBEAN,0,0,0,0,0,0
   Guinea-Bissau,  Caribbean,0,0,0,0,0,0
   Guinea-Bissau,  Central America,0,0,0,0,0,0
   Guinea-Bissau,  South America,0,0,0,0,0,0
   Guinea-Bissau, NORTHERN AMERICA,368,267,154,116,214,151
   Guinea-Bissau, OCEANIA ,0,0,0,0,0,0
   Guinea-Bissau,  Australia and New Zealand,0,0,0,0,0,0
   Guinea-Bissau,  Melanesia,0,0,0,0,0,0
   Guinea-Bissau,  Micronesia,0,0,0,0,0,0
   Guinea-Bissau,  Polynesia*,0,0,0,0,0,0
   Guinea-Bissau,   Canada,57,41,24,18,33,23
   Guinea-Bissau,   Cabo Verde,552,403,215,163,337,240
   Guinea-Bissau,   France*,110,79,77,56,33,23
   Guinea-Bissau,   Gambia,1495,1092,746,558,749,534
   Guinea-Bissau,   Guinea,4938,3612,2496,1867,2442,1745
   Guinea-Bissau,   Liberia,898,634,565,409,333,225
   Guinea-Bissau,   Mauritania,559,408,281,210,278,198
   Guinea-Bissau,   Portugal,823,601,398,298,425,303
   Guinea-Bissau,   Senegal,11087,9093,5158,4328,5929,4765
   Guinea-Bissau,   Sierra Leone,812,585,411,303,401,282
   Guinea-Bissau,   United States of America*,311,226,130,98,181,128
   Guinea-Bissau,Other,691,1171,325,559,366,612
   Liberia,WORLD,112111,87947,64079,50694,48032,37253
   Liberia,  Sub-Saharan Africa,101462,78626,56941,44198,44521,34428
   Liberia,  Northern Africa and Western Asia,999,771,712,554,287,217
   Liberia,  Central and Southern Asia,817,631,691,537,126,94
   Liberia,  Eastern and South-Eastern Asia,0,0,0,0,0,0
   Liberia,  Latin America and the Caribbean,0,0,0,0,0,0
   Liberia,  Oceania (excluding Australia and New Zealand),0,0,0,0,0,0
   Liberia,  Australia and New Zealand,0,0,0,0,0,0
   Liberia,  Europe and Northern America,1598,1224,762,602,836,622
   Liberia,  Developed regions,1598,1224,762,602,836,622
   Liberia,  Less developed regions,103278,80028,58344,45289,44934,34739
   Liberia," Less developed regions, excluding least developed countries",52119,33007,30012,19300,22107,13707
   Liberia," Less developed regions, excluding China",103278,80028,58344,45289,44934,34739
   Liberia,  Least developed countries,51159,47021,28332,25989,22827,21032
   Liberia,  Land-locked Developing Countries (LLDC),1966,1516,1333,882,633,634
   Liberia,  Small island developing States (SIDS),521,401,218,149,303,252
   Liberia,  High-income countries,1598,1224,762,602,836,622
   Liberia,  Middle-income countries,52539,33329,30304,19529,22235,13800
   Liberia, Upper-middle-income countries,999,771,712,554,287,217
   Liberia, Lower-middle-income countries,51540,32558,29592,18975,21948,13583
   Liberia,  Low-income countries,50739,46699,28040,25760,22699,20939
   Liberia, AFRICA,101462,78626,56941,44198,44521,34428
   Liberia,  Eastern Africa,0,0,0,0,0,0
   Liberia,  Middle Africa,0,0,0,0,0,0
   Liberia,  Northern Africa,0,0,0,0,0,0
   Liberia,  Southern Africa,0,0,0,0,0,0
   Liberia,  Western Africa,101462,78626,56941,44198,44521,34428
   Liberia, ASIA,1816,1402,1403,1091,413,311
   Liberia,  Central Asia,0,0,0,0,0,0
   Liberia,  Eastern Asia,0,0,0,0,0,0
   Liberia,  South-Eastern Asia,0,0,0,0,0,0
   Liberia,  Southern Asia,817,631,691,537,126,94
   Liberia,  Western Asia,999,771,712,554,287,217
   Liberia, EUROPE,1025,783,466,369,559,414
   Liberia,  Eastern Europe,0,0,0,0,0,0
   Liberia,  Northern Europe,521,401,234,186,287,215
   Liberia,  Southern Europe,122,92,62,49,60,43
   Liberia,  Western Europe,382,290,170,134,212,156
   Liberia, LATIN AMERICA AND THE CARIBBEAN,0,0,0,0,0,0
   Liberia,  Caribbean,0,0,0,0,0,0
   Liberia,  Central America,0,0,0,0,0,0
   Liberia,  South America,0,0,0,0,0,0
   Liberia, NORTHERN AMERICA,573,441,296,233,277,208
   Liberia, OCEANIA ,0,0,0,0,0,0
   Liberia,  Australia and New Zealand,0,0,0,0,0,0
   Liberia,  Melanesia,0,0,0,0,0,0
   Liberia,  Micronesia,0,0,0,0,0,0
   Liberia,  Polynesia*,0,0,0,0,0,0
   Liberia,   Canada,56,42,25,20,31,22
   Liberia,   Benin,28,20,22,18,6,2
   Liberia,   France*,67,51,30,24,37,27
   Liberia,   Gambia,816,630,452,354,364,276
   Liberia,   Germany,213,162,92,72,121,90
   Liberia,   Ghana,8113,7524,4687,4132,3426,3392
   Liberia,   Guinea,32482,26978,17918,14953,14564,12025
   Liberia,   India,817,631,691,537,126,94
   Liberia,   Italy,57,43,31,25,26,18
   Liberia,   Côte d'Ivoire,36541,19715,19538,10674,17003,9041
   Liberia,   Lebanon,999,771,712,554,287,217
   Liberia,   Mali,1454,1122,1045,656,409,466
   Liberia,   Netherlands*,68,52,31,25,37,27
   Liberia,   Niger,259,199,102,81,157,118
   Liberia,   Nigeria,5649,4366,4384,3403,1265,963
   Liberia,   Guinea-Bissau,521,401,218,149,303,252
   Liberia,   Senegal,392,302,270,211,122,91
   Liberia,   Sierra Leone,14536,16853,7848,9212,6688,7641
   Liberia,   Spain*,65,49,31,24,34,25
   Liberia,   Sweden,258,199,115,92,143,107
   Liberia,   Switzerland,34,25,17,13,17,12
   Liberia,   Togo,418,321,271,210,147,111
   Liberia,   United Kingdom*,263,202,119,94,144,108
   Liberia,   United States of America*,517,399,271,213,246,186
   Liberia,   Burkina Faso,253,195,186,145,67,50
   Liberia,Other,7235,6695,4973,4803,2262,1892
   Mali,WORLD,420504,485829,213218,246308,207286,239521
   Mali,  Sub-Saharan Africa,352572,421954,178972,214754,173600,207200
   Mali,  Northern Africa and Western Asia,9468,11098,4911,5772,4557,5326
   Mali,  Central and Southern Asia,2303,2699,1420,1667,883,1032
   Mali,  Eastern and South-Eastern Asia,7096,8320,3630,4267,3466,4053
   Mali,  Latin America and the Caribbean,4952,5800,2371,2787,2581,3013
   Mali,  Oceania (excluding Australia and New Zealand),736,860,355,418,381,442
   Mali,  Australia and New Zealand,0,0,0,0,0,0
   Mali,  Europe and Northern America,10430,12230,5646,6635,4784,5595
   Mali,  Developed regions,11061,12968,5961,7005,5100,5963
   Mali,  Less developed regions,376496,449993,191344,229295,185152,220698
   Mali," Less developed regions, excluding least developed countries",223265,261996,110305,129606,112960,132390
   Mali," Less developed regions, excluding China",373057,445958,189435,227052,183622,218906
   Mali,  Least developed countries,153231,187997,81039,99689,72192,88308
   Mali,  Land-locked Developing Countries (LLDC),69596,81554,38173,44787,31423,36767
   Mali,  Small island developing States (SIDS),4830,5652,2224,2613,2606,3039
   Mali,  High-income countries,20028,23479,10542,12387,9486,11092
   Mali,  Middle-income countries,250405,302161,124457,150767,125948,151394
   Mali, Upper-middle-income countries,22378,26244,11622,13658,10756,12586
   Mali, Lower-middle-income countries,228027,275917,112835,137109,115192,138808
   Mali,  Low-income countries,116189,136225,61885,72651,54304,63574
   Mali, AFRICA,356232,426240,180960,217091,175272,209149
   Mali,  Eastern Africa,1933,2264,854,1005,1079,1259
   Mali,  Middle Africa,30432,35591,15460,18106,14972,17485
   Mali,  Northern Africa,3660,4286,1988,2337,1672,1949
   Mali,  Southern Africa,553,646,368,431,185,215
   Mali,  Western Africa,319654,383453,162290,195212,157364,188241
   Mali, ASIA,15207,17831,7973,9369,7234,8462
   Mali,  Central Asia,1830,2146,1052,1235,778,911
   Mali,  Eastern Asia,5834,6842,3013,3541,2821,3301
   Mali,  South-Eastern Asia,1262,1478,617,726,645,752
   Mali,  Southern Asia,473,553,368,432,105,121
   Mali,  Western Asia,5808,6812,2923,3435,2885,3377
   Mali, EUROPE,9009,10564,4753,5586,4256,4978
   Mali,  Eastern Europe,381,445,183,216,198,229
   Mali,  Northern Europe,0,0,0,0,0,0
   Mali,  Southern Europe,3266,3828,1726,2028,1540,1800
   Mali,  Western Europe,5362,6291,2844,3342,2518,2949
   Mali, LATIN AMERICA AND THE CARIBBEAN,4952,5800,2371,2787,2581,3013
   Mali,  Caribbean,2924,3423,1305,1533,1619,1890
   Mali,  Central America,0,0,0,0,0,0
   Mali,  South America,2028,2377,1066,1254,962,1123
   Mali, NORTHERN AMERICA,1421,1666,893,1049,528,617
   Mali, OCEANIA ,736,860,355,418,381,442
   Mali,  Australia and New Zealand,0,0,0,0,0,0
   Mali,  Melanesia,0,0,0,0,0,0
   Mali,  Micronesia,0,0,0,0,0,0
   Mali,  Polynesia*,736,860,355,418,381,442
   Mali,   Afghanistan,473,553,368,432,105,121
   Mali,   Albania,1264,1482,566,666,698,816
   Mali,   Algeria,473,553,302,355,171,198
   Mali,   American Samoa*,395,462,185,218,210,244
   Mali,   Andorra,1027,1204,540,635,487,569
   Mali,   Angola,1542,1807,726,852,816,955
   Mali,   British Virgin Islands*,500,585,211,247,289,338
   Mali,   Cameroon,1778,2084,907,1065,871,1019
   Mali,   Central African Republic,1200,1299,627,680,573,619
   Mali,   Chad,593,694,290,341,303,353
   Mali,   Chile,1528,1792,830,976,698,816
   Mali,   China*,3439,4035,1909,2243,1530,1792
   Mali,   Congo,10473,12288,5462,6416,5011,5872
   Mali,   Democratic Republic of the Congo,2226,2611,1092,1283,1134,1328
   Mali,   Croatia,975,1142,620,727,355,415
   Mali,   Benin,1594,1869,921,1082,673,787
   Mali,   Equatorial Guinea,803,941,396,466,407,475
   Mali,   France*,5362,6291,2844,3342,2518,2949
   Mali,   French Polynesia*,341,398,170,200,171,198
   Mali,   Gabon,11817,13867,5960,7003,5857,6864
   Mali,   Gambia,1237,1451,605,713,632,738
   Mali,   Ghana,4993,5857,2790,3277,2203,2580
   Mali,   Grenada,369,431,159,187,210,244
   Mali,   Guadeloupe*,935,1096,421,495,514,601
   Mali,   Guinea,35755,41960,18437,21662,17318,20298
   Mali,   Israel,1330,1559,711,835,619,724
   Mali,   Côte d'Ivoire,166367,195271,80904,95062,85463,100209
   Mali,   Japan,631,738,315,370,316,368
   Mali,   Kazakhstan,1830,2146,1052,1235,778,911
   Mali,   Dem. People's Republic of Korea,1764,2069,789,928,975,1141
   Mali,   Liberia,1119,1312,487,574,632,738
   Mali,   Libya,1080,1266,673,791,407,475
   Mali,   Mauritania,13539,24197,7413,13246,6126,10951
   Mali,   Morocco,777,910,315,370,462,540
   Mali,   Niger,11368,13340,6659,7822,4709,5518
   Mali,   Nigeria,3636,4265,1870,2195,1766,2070
   Mali,   Guinea-Bissau,355,414,118,138,237,276
   Mali,   Russian Federation,381,445,183,216,198,229
   Mali,   Rwanda,473,553,275,324,198,229
   Mali,   Saudi Arabia,1448,1698,632,743,816,955
   Mali,   Senegal,20671,24257,10304,12105,10367,12152
   Mali,   Sierra Leone,2107,2471,973,1143,1134,1328
   Mali,   Singapore,815,955,446,524,369,431
   Mali,   South Africa,553,646,368,431,185,215
   Mali,   Sudan,606,709,356,418,250,291
   Mali,   Thailand,447,523,171,202,276,321
   Mali,   Togo,3833,4498,2145,2520,1688,1978
   Mali,   United Arab Emirates,3030,3555,1580,1857,1450,1698
   Mali,   Turks and Caicos Islands*,659,771,290,340,369,431
   Mali,   Egypt,724,848,342,403,382,445
   Mali,   United Republic of Tanzania*,881,1033,341,401,540,632
   Mali,   United States of America*,1421,1666,893,1049,528,617
   Mali,   United States Virgin Islands*,461,540,224,264,237,276
   Mali,   Burkina Faso,53080,62291,28664,33673,24416,28618
   Mali,   Uruguay,500,585,236,278,264,307
   Mali,   Zambia,579,678,238,280,341,398
   Mali,Other,32947,22868,15913,10008,17034,12860
   Mauritania,WORLD,166552,182286,94070,103203,72482,79083
   Mauritania,  Sub-Saharan Africa,128559,140701,73452,80577,55107,60124
   Mauritania,  Northern Africa and Western Asia,31711,34947,17022,18832,14689,16115
   Mauritania,  Central and Southern Asia,0,0,0,0,0,0
   Mauritania,  Eastern and South-Eastern Asia,227,246,88,98,139,148
   Mauritania,  Latin America and the Caribbean,225,244,144,158,81,86
   Mauritania,  Oceania (excluding Australia and New Zealand),0,0,0,0,0,0
   Mauritania,  Australia and New Zealand,0,0,0,0,0,0
   Mauritania,  Europe and Northern America,416,445,273,297,143,148
   Mauritania,  Developed regions,416,445,273,297,143,148
   Mauritania,  Less developed regions,160722,176138,90706,99665,70016,76473
   Mauritania," Less developed regions, excluding least developed countries",33307,36682,17919,19815,15388,16867
   Mauritania," Less developed regions, excluding China",160564,175966,90651,99603,69913,76363
   Mauritania,  Least developed countries,127415,139456,72787,79850,54628,59606
   Mauritania,  Land-locked Developing Countries (LLDC),104692,114595,59872,65679,44820,48916
   Mauritania,  Small island developing States (SIDS),1203,1316,548,604,655,712
   Mauritania,  High-income countries,829,893,499,544,330,349
   Mauritania,  Middle-income countries,22746,24872,13546,14860,9200,10012
   Mauritania, Upper-middle-income countries,895,970,512,563,383,407
   Mauritania, Lower-middle-income countries,21851,23902,13034,14297,8817,9605
   Mauritania,  Low-income countries,109556,120166,62210,68397,47346,51769
   Mauritania, AFRICA,159153,174179,89816,98538,69337,75641
   Mauritania,  Eastern Africa,0,0,0,0,0,0
   Mauritania,  Middle Africa,617,669,396,432,221,237
   Mauritania,  Northern Africa,30594,33478,16364,17961,14230,15517
   Mauritania,  Southern Africa,0,0,0,0,0,0
   Mauritania,  Western Africa,127942,140032,73056,80145,54886,59887
   Mauritania, ASIA,1344,1715,746,969,598,746
   Mauritania,  Central Asia,0,0,0,0,0,0
   Mauritania,  Eastern Asia,227,246,88,98,139,148
   Mauritania,  South-Eastern Asia,0,0,0,0,0,0
   Mauritania,  Southern Asia,0,0,0,0,0,0
   Mauritania,  Western Asia,1117,1469,658,871,459,598
   Mauritania, EUROPE,258,276,171,186,87,90
   Mauritania,  Eastern Europe,60,64,49,53,11,11
   Mauritania,  Northern Europe,0,0,0,0,0,0
   Mauritania,  Southern Europe,138,148,86,94,52,54
   Mauritania,  Western Europe,60,64,36,39,24,25
   Mauritania, LATIN AMERICA AND THE CARIBBEAN,225,244,144,158,81,86
   Mauritania,  Caribbean,0,0,0,0,0,0
   Mauritania,  Central America,0,0,0,0,0,0
   Mauritania,  South America,225,244,144,158,81,86
   Mauritania, NORTHERN AMERICA,158,169,102,111,56,58
   Mauritania, OCEANIA ,0,0,0,0,0,0
   Mauritania,  Australia and New Zealand,0,0,0,0,0,0
   Mauritania,  Melanesia,0,0,0,0,0,0
   Mauritania,  Micronesia,0,0,0,0,0,0
   Mauritania,  Polynesia*,0,0,0,0,0,0
   Mauritania,   Algeria,1634,1788,1085,1191,549,597
   Mauritania,   Argentina,66,71,42,46,24,25
   Mauritania,   Belgium,60,64,36,39,24,25
   Mauritania,   Brazil,159,173,102,112,57,61
   Mauritania,   Cameroon,392,428,256,280,136,148
   Mauritania,   Canada,50,53,36,39,14,14
   Mauritania,   Chad,51,54,34,37,17,17
   Mauritania,   China*,158,172,55,62,103,110
   Mauritania,   Democratic Republic of the Congo,90,97,55,60,35,37
   Mauritania,   Benin,551,602,331,364,220,238
   Mauritania,   Gabon,84,90,51,55,33,35
   Mauritania,   State of Palestine*,161,175,95,105,66,70
   Mauritania,   Ghana,206,223,94,102,112,121
   Mauritania,   Guinea,3105,3396,1477,1622,1628,1774
   Mauritania,   Iraq,112,122,67,75,45,47
   Mauritania,   Italy,54,58,32,36,22,22
   Mauritania,   Côte d'Ivoire,462,504,264,290,198,214
   Mauritania,   Republic of Korea,69,74,33,36,36,38
   Mauritania,   Kuwait,31,33,17,19,14,14
   Mauritania,   Lebanon,118,128,65,71,53,57
   Mauritania,   Libya,138,150,81,89,57,61
   Mauritania,   Mali,104491,114379,59758,65555,44733,48824
   Mauritania,   Morocco,342,373,204,223,138,150
   Mauritania,   Niger,150,162,80,87,70,75
   Mauritania,   Guinea-Bissau,1203,1316,548,604,655,712
   Mauritania,   Russian Federation,60,64,49,53,11,11
   Mauritania,   Saudi Arabia,305,332,187,204,118,128
   Mauritania,   Senegal,17630,19294,10435,11445,7195,7849
   Mauritania,   Spain*,84,90,54,58,30,32
   Mauritania,   Western Sahara,28007,30652,14724,16161,13283,14491
   Mauritania,   Syrian Arab Republic,322,606,189,356,133,250
   Mauritania,   Togo,144,156,69,76,75,80
   Mauritania,   United Arab Emirates,68,73,38,41,30,32
   Mauritania,   Tunisia,248,270,140,154,108,116
   Mauritania,   Egypt,225,245,130,143,95,102
   Mauritania,   United States of America*,108,116,66,72,42,44
   Mauritania,Other,5414,5703,3091,3241,2323,2462
   Niger,WORLD,252998,348056,119915,162019,133083,186037
   Niger,  Sub-Saharan Africa,240174,330905,114394,155280,125780,175625
   Niger,  Northern Africa and Western Asia,1146,2558,589,1192,557,1366
   Niger,  Central and Southern Asia,0,0,0,0,0,0
   Niger,  Eastern and South-Eastern Asia,0,0,0,0,0,0
   Niger,  Latin America and the Caribbean,0,0,0,0,0,0
   Niger,  Oceania (excluding Australia and New Zealand),0,0,0,0,0,0
   Niger,  Australia and New Zealand,0,0,0,0,0,0
   Niger,  Europe and Northern America,0,0,0,0,0,0
   Niger,  Developed regions,0,0,0,0,0,0
   Niger,  Less developed regions,241320,333463,114983,156472,126337,176991
   Niger," Less developed regions, excluding least developed countries",97312,160013,47529,76902,49783,83111
   Niger," Less developed regions, excluding China",241320,333463,114983,156472,126337,176991
   Niger,  Least developed countries,144008,173450,67454,79570,76554,93880
   Niger,  Land-locked Developing Countries (LLDC),114719,134944,56890,66010,57829,68934
   Niger,  Small island developing States (SIDS),0,0,0,0,0,0
   Niger,  High-income countries,0,0,0,0,0,0
   Niger,  Middle-income countries,116370,184356,54833,85992,61537,98364
   Niger, Upper-middle-income countries,157,200,90,115,67,85
   Niger, Lower-middle-income countries,116213,184156,54743,85877,61470,98279
   Niger,  Low-income countries,124950,149107,60150,70480,64800,78627
   Niger, AFRICA,241320,333463,114983,156472,126337,176991
   Niger,  Eastern Africa,0,0,0,0,0,0
   Niger,  Middle Africa,1173,1990,599,1023,574,967
   Niger,  Northern Africa,1146,2558,589,1192,557,1366
   Niger,  Southern Africa,0,0,0,0,0,0
   Niger,  Western Africa,239001,328915,113795,154257,125206,174658
   Niger, ASIA,0,0,0,0,0,0
   Niger,  Central Asia,0,0,0,0,0,0
   Niger,  Eastern Asia,0,0,0,0,0,0
   Niger,  South-Eastern Asia,0,0,0,0,0,0
   Niger,  Southern Asia,0,0,0,0,0,0
   Niger,  Western Asia,0,0,0,0,0,0
   Niger, EUROPE,0,0,0,0,0,0
   Niger,  Eastern Europe,0,0,0,0,0,0
   Niger,  Northern Europe,0,0,0,0,0,0
   Niger,  Southern Europe,0,0,0,0,0,0
   Niger,  Western Europe,0,0,0,0,0,0
   Niger, LATIN AMERICA AND THE CARIBBEAN,0,0,0,0,0,0
   Niger,  Caribbean,0,0,0,0,0,0
   Niger,  Central America,0,0,0,0,0,0
   Niger,  South America,0,0,0,0,0,0
   Niger, NORTHERN AMERICA,0,0,0,0,0,0
   Niger, OCEANIA ,0,0,0,0,0,0
   Niger,  Australia and New Zealand,0,0,0,0,0,0
   Niger,  Melanesia,0,0,0,0,0,0
   Niger,  Micronesia,0,0,0,0,0,0
   Niger,  Polynesia*,0,0,0,0,0,0
   Niger,   Algeria,460,587,278,353,182,234
   Niger,   Cameroon,417,531,183,228,234,303
   Niger,   Chad,756,1459,416,795,340,664
   Niger,   Benin,17908,22875,6589,8186,11319,14689
   Niger,   Ghana,1680,2145,654,815,1026,1330
   Niger,   Côte d'Ivoire,1419,1811,666,835,753,976
   Niger,   Libya,157,200,90,115,67,85
   Niger,   Mali,94640,108802,45793,51747,48847,57055
   Niger,   Nigeria,93179,154739,45658,74556,47521,80183
   Niger,   Senegal,1150,1468,715,904,435,564
   Niger,   Sudan,529,1771,221,724,308,1047
   Niger,   Togo,9702,12392,3039,3746,6663,8646
   Niger,   Burkina Faso,19323,24683,10681,13468,8642,11215
   Niger,Other,11678,14593,4932,5547,6746,9046
   Nigeria,WORLD,1199115,1308568,657887,713678,541228,594890
   Nigeria,  Sub-Saharan Africa,1076442,1177115,590587,641991,485855,535124
   Nigeria,  Northern Africa and Western Asia,0,0,0,0,0,0
   Nigeria,  Central and Southern Asia,0,0,0,0,0,0
   Nigeria,  Eastern and South-Eastern Asia,0,0,0,0,0,0
   Nigeria,  Latin America and the Caribbean,0,0,0,0,0,0
   Nigeria,  Oceania (excluding Australia and New Zealand),0,0,0,0,0,0
   Nigeria,  Australia and New Zealand,0,0,0,0,0,0
   Nigeria,  Europe and Northern America,0,0,0,0,0,0
   Nigeria,  Developed regions,0,0,0,0,0,0
   Nigeria,  Less developed regions,1076442,1177115,590587,641991,485855,535124
   Nigeria," Less developed regions, excluding least developed countries",249270,290773,136761,158589,112509,132184
   Nigeria," Less developed regions, excluding China",1076442,1177115,590587,641991,485855,535124
   Nigeria,  Least developed countries,827172,886342,453826,483402,373346,402940
   Nigeria,  Land-locked Developing Countries (LLDC),302875,324539,166172,177002,136703,147537
   Nigeria,  Small island developing States (SIDS),0,0,0,0,0,0
   Nigeria,  High-income countries,0,0,0,0,0,0
   Nigeria,  Middle-income countries,601255,667942,329876,364290,271379,303652
   Nigeria, Upper-middle-income countries,0,0,0,0,0,0
   Nigeria, Lower-middle-income countries,601255,667942,329876,364290,271379,303652
   Nigeria,  Low-income countries,475187,509173,260711,277701,214476,231472
   Nigeria, AFRICA,1076442,1177115,590587,641991,485855,535124
   Nigeria,  Eastern Africa,0,0,0,0,0,0
   Nigeria,  Middle Africa,56068,83750,30762,45681,25306,38069
   Nigeria,  Northern Africa,0,0,0,0,0,0
   Nigeria,  Southern Africa,0,0,0,0,0,0
   Nigeria,  Western Africa,1020374,1093365,559825,596310,460549,497055
   Nigeria, ASIA,0,0,0,0,0,0
   Nigeria,  Central Asia,0,0,0,0,0,0
   Nigeria,  Eastern Asia,0,0,0,0,0,0
   Nigeria,  South-Eastern Asia,0,0,0,0,0,0
   Nigeria,  Southern Asia,0,0,0,0,0,0
   Nigeria,  Western Asia,0,0,0,0,0,0
   Nigeria, EUROPE,0,0,0,0,0,0
   Nigeria,  Eastern Europe,0,0,0,0,0,0
   Nigeria,  Northern Europe,0,0,0,0,0,0
   Nigeria,  Southern Europe,0,0,0,0,0,0
   Nigeria,  Western Europe,0,0,0,0,0,0
   Nigeria, LATIN AMERICA AND THE CARIBBEAN,0,0,0,0,0,0
   Nigeria,  Caribbean,0,0,0,0,0,0
   Nigeria,  Central America,0,0,0,0,0,0
   Nigeria,  South America,0,0,0,0,0,0
   Nigeria, NORTHERN AMERICA,0,0,0,0,0,0
   Nigeria, OCEANIA ,0,0,0,0,0,0
   Nigeria,  Australia and New Zealand,0,0,0,0,0,0
   Nigeria,  Melanesia,0,0,0,0,0,0
   Nigeria,  Micronesia,0,0,0,0,0,0
   Nigeria,  Polynesia*,0,0,0,0,0,0
   Nigeria,   Cameroon,26893,52489,14755,28631,12138,23858
   Nigeria,   Chad,29175,31261,16007,17050,13168,14211
   Nigeria,   Benin,351985,377169,193115,205701,158870,171468
   Nigeria,   Ghana,222377,238284,122006,129958,100371,108326
   Nigeria,   Liberia,20541,22009,11270,12005,9271,10004
   Nigeria,   Mali,160967,172481,88314,94070,72653,78411
   Nigeria,   Niger,112733,120797,61851,65882,50882,54915
   Nigeria,   Sierra Leone,4073,4363,2235,2380,1838,1983
   Nigeria,   Togo,147698,158262,81034,86314,66664,71948
   Nigeria,Other,122673,131453,67300,71687,55373,59766
   Saint Helena*,WORLD,377,437,251,306,126,131
   Saint Helena*,  Sub-Saharan Africa,66,76,42,52,24,24
   Saint Helena*,  Northern Africa and Western Asia,0,0,0,0,0,0
   Saint Helena*,  Central and Southern Asia,0,0,0,0,0,0
   Saint Helena*,  Eastern and South-Eastern Asia,0,0,0,0,0,0
   Saint Helena*,  Latin America and the Caribbean,0,0,0,0,0,0
   Saint Helena*,  Oceania (excluding Australia and New Zealand),0,0,0,0,0,0
   Saint Helena*,  Australia and New Zealand,0,0,0,0,0,0
   Saint Helena*,  Europe and Northern America,247,287,168,203,79,84
   Saint Helena*,  Developed regions,247,287,168,203,79,84
   Saint Helena*,  Less developed regions,66,76,42,52,24,24
   Saint Helena*," Less developed regions, excluding least developed countries",66,76,42,52,24,24
   Saint Helena*," Less developed regions, excluding China",66,76,42,52,24,24
   Saint Helena*,  Least developed countries,0,0,0,0,0,0
   Saint Helena*,  Land-locked Developing Countries (LLDC),0,0,0,0,0,0
   Saint Helena*,  Small island developing States (SIDS),0,0,0,0,0,0
   Saint Helena*,  High-income countries,247,287,168,203,79,84
   Saint Helena*,  Middle-income countries,66,76,42,52,24,24
   Saint Helena*, Upper-middle-income countries,66,76,42,52,24,24
   Saint Helena*, Lower-middle-income countries,0,0,0,0,0,0
   Saint Helena*,  Low-income countries,0,0,0,0,0,0
   Saint Helena*, AFRICA,66,76,42,52,24,24
   Saint Helena*,  Eastern Africa,0,0,0,0,0,0
   Saint Helena*,  Middle Africa,0,0,0,0,0,0
   Saint Helena*,  Northern Africa,0,0,0,0,0,0
   Saint Helena*,  Southern Africa,66,76,42,52,24,24
   Saint Helena*,  Western Africa,0,0,0,0,0,0
   Saint Helena*, ASIA,0,0,0,0,0,0
   Saint Helena*,  Central Asia,0,0,0,0,0,0
   Saint Helena*,  Eastern Asia,0,0,0,0,0,0
   Saint Helena*,  South-Eastern Asia,0,0,0,0,0,0
   Saint Helena*,  Southern Asia,0,0,0,0,0,0
   Saint Helena*,  Western Asia,0,0,0,0,0,0
   Saint Helena*, EUROPE,247,287,168,203,79,84
   Saint Helena*,  Eastern Europe,0,0,0,0,0,0
   Saint Helena*,  Northern Europe,247,287,168,203,79,84
   Saint Helena*,  Southern Europe,0,0,0,0,0,0
   Saint Helena*,  Western Europe,0,0,0,0,0,0
   Saint Helena*, LATIN AMERICA AND THE CARIBBEAN,0,0,0,0,0,0
   Saint Helena*,  Caribbean,0,0,0,0,0,0
   Saint Helena*,  Central America,0,0,0,0,0,0
   Saint Helena*,  South America,0,0,0,0,0,0
   Saint Helena*, NORTHERN AMERICA,0,0,0,0,0,0
   Saint Helena*, OCEANIA ,0,0,0,0,0,0
   Saint Helena*,  Australia and New Zealand,0,0,0,0,0,0
   Saint Helena*,  Melanesia,0,0,0,0,0,0
   Saint Helena*,  Micronesia,0,0,0,0,0,0
   Saint Helena*,  Polynesia*,0,0,0,0,0,0
   Saint Helena*,   South Africa,66,76,42,52,24,24
   Saint Helena*,   United Kingdom*,247,287,168,203,79,84
   Saint Helena*,Other,64,74,41,51,23,23
   Senegal,WORLD,266496,274929,141402,145591,125094,129338
   Senegal,  Sub-Saharan Africa,196416,202508,108092,111258,88324,91250
   Senegal,  Northern Africa and Western Asia,10874,11309,5038,5235,5836,6074
   Senegal,  Central and Southern Asia,0,0,0,0,0,0
   Senegal,  Eastern and South-Eastern Asia,0,0,0,0,0,0
   Senegal,  Latin America and the Caribbean,650,670,322,332,328,338
   Senegal,  Oceania (excluding Australia and New Zealand),0,0,0,0,0,0
   Senegal,  Australia and New Zealand,0,0,0,0,0,0
   Senegal,  Europe and Northern America,15587,16087,7732,7962,7855,8125
   Senegal,  Developed regions,15587,16087,7732,7962,7855,8125
   Senegal,  Less developed regions,207940,214487,113452,116825,94488,97662
   Senegal," Less developed regions, excluding least developed countries",18007,18650,9314,9635,8693,9015
   Senegal," Less developed regions, excluding China",207940,214487,113452,116825,94488,97662
   Senegal,  Least developed countries,189933,195837,104138,107190,85795,88647
   Senegal,  Land-locked Developing Countries (LLDC),36893,38117,20584,21228,16309,16889
   Senegal,  Small island developing States (SIDS),29591,30550,13281,13673,16310,16877
   Senegal,  High-income countries,17017,17563,8429,8681,8588,8882
   Senegal,  Middle-income countries,65555,67290,34816,35684,30739,31606
   Senegal, Upper-middle-income countries,1756,1897,1045,1123,711,774
   Senegal, Lower-middle-income countries,63799,65393,33771,34561,30028,30832
   Senegal,  Low-income countries,140955,145721,77939,80422,63016,65299
   Senegal, AFRICA,204754,211114,111710,114983,93044,96131
   Senegal,  Eastern Africa,283,282,146,145,137,137
   Senegal,  Middle Africa,1977,2135,899,976,1078,1159
   Senegal,  Northern Africa,8338,8606,3618,3725,4720,4881
   Senegal,  Southern Africa,0,0,0,0,0,0
   Senegal,  Western Africa,194156,200091,107047,110137,87109,89954
   Senegal, ASIA,2536,2703,1420,1510,1116,1193
   Senegal,  Central Asia,0,0,0,0,0,0
   Senegal,  Eastern Asia,0,0,0,0,0,0
   Senegal,  South-Eastern Asia,0,0,0,0,0,0
   Senegal,  Southern Asia,0,0,0,0,0,0
   Senegal,  Western Asia,2536,2703,1420,1510,1116,1193
   Senegal, EUROPE,14785,15261,7332,7551,7453,7710
   Senegal,  Eastern Europe,0,0,0,0,0,0
   Senegal,  Northern Europe,0,0,0,0,0,0
   Senegal,  Southern Europe,0,0,0,0,0,0
   Senegal,  Western Europe,14785,15261,7332,7551,7453,7710
   Senegal, LATIN AMERICA AND THE CARIBBEAN,650,670,322,332,328,338
   Senegal,  Caribbean,0,0,0,0,0,0
   Senegal,  Central America,0,0,0,0,0,0
   Senegal,  South America,650,670,322,332,328,338
   Senegal, NORTHERN AMERICA,802,826,400,411,402,415
   Senegal, OCEANIA ,0,0,0,0,0,0
   Senegal,  Australia and New Zealand,0,0,0,0,0,0
   Senegal,  Melanesia,0,0,0,0,0,0
   Senegal,  Micronesia,0,0,0,0,0,0
   Senegal,  Polynesia*,0,0,0,0,0,0
   Senegal,   Algeria,4204,4338,1574,1618,2630,2720
   Senegal,   Brazil,650,670,322,332,328,338
   Senegal,   Cameroon,1014,1050,403,417,611,633
   Senegal,   Central African Republic,668,723,344,372,324,351
   Senegal,   Democratic Republic of the Congo,295,362,152,187,143,175
   Senegal,   Benin,3621,3740,1890,1949,1731,1791
   Senegal,   France*,13909,14357,6881,7085,7028,7272
   Senegal,   Gambia,5386,5622,2442,2546,2944,3076
   Senegal,   Germany,876,904,451,466,425,438
   Senegal,   Ghana,1790,1845,1397,1440,393,405
   Senegal,   Guinea,51711,53430,32997,34046,18714,19384
   Senegal,   Côte d'Ivoire,2850,2928,1535,1576,1315,1352
   Senegal,   Lebanon,1106,1140,723,745,383,395
   Senegal,   Liberia,439,448,226,231,213,217
   Senegal,   Mali,34245,35360,19185,19774,15060,15586
   Senegal,   Mauritania,45357,46376,24309,24819,21048,21557
   Senegal,   Morocco,4134,4268,2044,2107,2090,2161
   Senegal,   Niger,1697,1752,909,937,788,815
   Senegal,   Nigeria,829,848,619,635,210,213
   Senegal,   Guinea-Bissau,29591,30550,13281,13673,16310,16877
   Senegal,   Rwanda,283,282,146,145,137,137
   Senegal,   Saudi Arabia,1430,1476,697,719,733,757
   Senegal,   Sierra Leone,14963,15453,7130,7344,7833,8109
   Senegal,   Togo,1677,1739,1127,1167,550,572
   Senegal,   Turkey,0,87,0,46,0,41
   Senegal,   United States of America*,802,826,400,411,402,415
   Senegal,Other,42969,44355,20218,20804,22751,23551
   Sierra Leone,WORLD,58830,53746,33077,30408,25753,23338
   Sierra Leone,  Sub-Saharan Africa,55648,50605,31127,28660,24521,21945
   Sierra Leone,  Northern Africa and Western Asia,632,593,386,365,246,228
   Sierra Leone,  Central and Southern Asia,949,1045,581,523,368,522
   Sierra Leone,  Eastern and South-Eastern Asia,203,190,126,45,77,145
   Sierra Leone,  Latin America and the Caribbean,0,0,0,0,0,0
   Sierra Leone,  Oceania (excluding Australia and New Zealand),0,0,0,0,0,0
   Sierra Leone,  Australia and New Zealand,0,0,0,0,0,0
   Sierra Leone,  Europe and Northern America,468,409,289,261,179,148
   Sierra Leone,  Developed regions,469,409,290,261,179,148
   Sierra Leone,  Less developed regions,57431,52433,32219,29593,25212,22840
   Sierra Leone," Less developed regions, excluding least developed countries",5094,5245,3120,2990,1974,2255
   Sierra Leone," Less developed regions, excluding China",57236,52246,32099,29551,25137,22695
   Sierra Leone,  Least developed countries,52337,47188,29099,26603,23238,20585
   Sierra Leone,  Land-locked Developing Countries (LLDC),405,334,251,196,154,138
   Sierra Leone,  Small island developing States (SIDS),420,738,258,457,162,281
   Sierra Leone,  High-income countries,406,342,252,217,154,125
   Sierra Leone,  Middle-income countries,5687,5823,3484,3345,2203,2478
   Sierra Leone, Upper-middle-income countries,964,918,591,494,373,424
   Sierra Leone, Lower-middle-income countries,4723,4905,2893,2851,1830,2054
   Sierra Leone,  Low-income countries,51807,46677,28773,26292,23034,20385
   Sierra Leone, AFRICA,55663,50612,31135,28665,24528,21947
   Sierra Leone,  Eastern Africa,46,43,30,29,16,14
   Sierra Leone,  Middle Africa,0,0,0,0,0,0
   Sierra Leone,  Northern Africa,15,7,8,5,7,2
   Sierra Leone,  Southern Africa,85,77,52,47,33,30
   Sierra Leone,  Western Africa,55517,50485,31045,28584,24472,21901
   Sierra Leone, ASIA,1769,1821,1085,928,684,893
   Sierra Leone,  Central Asia,0,0,0,0,0,0
   Sierra Leone,  Eastern Asia,203,190,126,45,77,145
   Sierra Leone,  South-Eastern Asia,0,0,0,0,0,0
   Sierra Leone,  Southern Asia,949,1045,581,523,368,522
   Sierra Leone,  Western Asia,617,586,378,360,239,226
   Sierra Leone, EUROPE,270,241,167,154,103,87
   Sierra Leone,  Eastern Europe,67,68,41,45,26,23
   Sierra Leone,  Northern Europe,167,141,103,89,64,52
   Sierra Leone,  Southern Europe,0,0,0,0,0,0
   Sierra Leone,  Western Europe,36,32,23,20,13,12
   Sierra Leone, LATIN AMERICA AND THE CARIBBEAN,0,0,0,0,0,0
   Sierra Leone,  Caribbean,0,0,0,0,0,0
   Sierra Leone,  Central America,0,0,0,0,0,0
   Sierra Leone,  South America,0,0,0,0,0,0
   Sierra Leone, NORTHERN AMERICA,198,168,122,107,76,61
   Sierra Leone, OCEANIA ,0,0,0,0,0,0
   Sierra Leone,  Australia and New Zealand,0,0,0,0,0,0
   Sierra Leone,  Melanesia,0,0,0,0,0,0
   Sierra Leone,  Micronesia,0,0,0,0,0,0
   Sierra Leone,  Polynesia*,0,0,0,0,0,0
   Sierra Leone,   Canada,19,16,12,12,7,4
   Sierra Leone,   Cabo Verde,43,88,27,68,16,20
   Sierra Leone,   Chad,0,0,0,0,0,0
   Sierra Leone,   China*,195,187,120,42,75,145
   Sierra Leone,   Democratic Republic of the Congo,0,0,0,0,0,0
   Sierra Leone,   Benin,65,101,40,70,25,31
   Sierra Leone,   Equatorial Guinea,0,0,0,0,0,0
   Sierra Leone,   Eritrea,1,0,1,0,0,0
   Sierra Leone,   Gambia,705,524,432,316,273,208
   Sierra Leone,   Germany,36,32,23,20,13,12
   Sierra Leone,   Ghana,995,939,609,559,386,380
   Sierra Leone,   Guinea,39375,36058,22078,20374,17297,15684
   Sierra Leone,   India,855,959,523,470,332,489
   Sierra Leone,   Iraq,0,0,0,0,0,0
   Sierra Leone,   Côte d'Ivoire,154,118,94,76,60,42
   Sierra Leone,   Japan,1,0,1,0,0,0
   Sierra Leone,   Kenya,27,26,17,17,10,9
   Sierra Leone,   Dem. People's Republic of Korea,3,2,2,2,1,0
   Sierra Leone,   Republic of Korea,4,1,3,1,1,0
   Sierra Leone,   Lebanon,617,586,378,360,239,226
   Sierra Leone,   Liberia,10917,9097,5765,5009,5152,4088
   Sierra Leone,   Mali,323,262,199,148,124,114
   Sierra Leone,   Mauritania,97,89,60,56,37,33
   Sierra Leone,   Niger,53,47,33,31,20,16
   Sierra Leone,   Nigeria,2022,2176,1237,1295,785,881
   Sierra Leone,   Pakistan,94,86,58,53,36,33
   Sierra Leone,   Guinea-Bissau,377,650,231,389,146,261
   Sierra Leone,   Russian Federation,67,68,41,45,26,23
   Sierra Leone,   Rwanda,0,0,0,0,0,0
   Sierra Leone,   Senegal,353,306,216,175,137,131
   Sierra Leone,   Viet Nam,0,0,0,0,0,0
   Sierra Leone,   South Africa,85,77,52,47,33,30
   Sierra Leone,   Sudan,15,7,8,5,7,2
   Sierra Leone,   Togo,27,22,17,13,10,9
   Sierra Leone,   United Kingdom*,167,141,103,89,64,52
   Sierra Leone,   United States of America*,179,152,110,95,69,57
   Sierra Leone,   Burkina Faso,11,8,7,5,4,3
   Sierra Leone,   Zambia,18,17,12,12,6,5
   Sierra Leone,Other,930,904,568,554,362,350
   Togo,WORLD,277384,279936,139540,141807,137844,138129
   Togo,  Sub-Saharan Africa,254043,256389,128744,130823,125299,125566
   Togo,  Northern Africa and Western Asia,0,0,0,0,0,0
   Togo,  Central and Southern Asia,0,0,0,0,0,0
   Togo,  Eastern and South-Eastern Asia,517,521,422,427,95,94
   Togo,  Latin America and the Caribbean,0,0,0,0,0,0
   Togo,  Oceania (excluding Australia and New Zealand),0,0,0,0,0,0
   Togo,  Australia and New Zealand,0,0,0,0,0,0
   Togo,  Europe and Northern America,1287,1292,694,703,593,589
   Togo,  Developed regions,1287,1292,694,703,593,589
   Togo,  Less developed regions,254560,256910,129166,131250,125394,125660
   Togo," Less developed regions, excluding least developed countries",87028,87826,41754,42449,45274,45377
   Togo," Less developed regions, excluding China",254043,256389,128744,130823,125299,125566
   Togo,  Least developed countries,167532,169084,87412,88801,80120,80283
   Togo,  Land-locked Developing Countries (LLDC),89245,90057,49569,50305,39676,39752
   Togo,  Small island developing States (SIDS),211,209,100,101,111,108
   Togo,  High-income countries,1287,1292,694,703,593,589
   Togo,  Middle-income countries,159860,161356,76655,77960,83205,83396
   Togo, Upper-middle-income countries,1520,1531,988,1001,532,530
   Togo, Lower-middle-income countries,158340,159825,75667,76959,82673,82866
   Togo,  Low-income countries,94700,95554,52511,53290,42189,42264
   Togo, AFRICA,254043,256389,128744,130823,125299,125566
   Togo,  Eastern Africa,665,669,321,325,344,344
   Togo,  Middle Africa,3737,3761,2207,2235,1530,1526
   Togo,  Northern Africa,0,0,0,0,0,0
   Togo,  Southern Africa,0,0,0,0,0,0
   Togo,  Western Africa,249641,251959,126216,128263,123425,123696
   Togo, ASIA,517,521,422,427,95,94
   Togo,  Central Asia,0,0,0,0,0,0
   Togo,  Eastern Asia,517,521,422,427,95,94
   Togo,  South-Eastern Asia,0,0,0,0,0,0
   Togo,  Southern Asia,0,0,0,0,0,0
   Togo,  Western Asia,0,0,0,0,0,0
   Togo, EUROPE,1057,1063,576,584,481,479
   Togo,  Eastern Europe,0,0,0,0,0,0
   Togo,  Northern Europe,0,0,0,0,0,0
   Togo,  Southern Europe,0,0,0,0,0,0
   Togo,  Western Europe,1057,1063,576,584,481,479
   Togo, LATIN AMERICA AND THE CARIBBEAN,0,0,0,0,0,0
   Togo,  Caribbean,0,0,0,0,0,0
   Togo,  Central America,0,0,0,0,0,0
   Togo,  South America,0,0,0,0,0,0
   Togo, NORTHERN AMERICA,230,229,118,119,112,110
   Togo, OCEANIA ,0,0,0,0,0,0
   Togo,  Australia and New Zealand,0,0,0,0,0,0
   Togo,  Melanesia,0,0,0,0,0,0
   Togo,  Micronesia,0,0,0,0,0,0
   Togo,  Polynesia*,0,0,0,0,0,0
   Togo,   Belgium,65,64,44,44,21,20
   Togo,   Cameroon,697,702,446,452,251,250
   Togo,   Canada,48,47,31,31,17,16
   Togo,   Cabo Verde,40,39,22,22,18,17
   Togo,   Central African Republic,375,377,214,217,161,160
   Togo,   Chad,713,718,483,488,230,230
   Togo,   China*,517,521,422,427,95,94
   Togo,   Congo,257,258,157,158,100,100
   Togo,   Democratic Republic of the Congo,651,656,320,325,331,331
   Togo,   Benin,71638,72330,34247,34849,37391,37481
   Togo,   Equatorial Guinea,107,107,67,68,40,39
   Togo,   France*,792,798,438,445,354,353
   Togo,   Gabon,896,903,499,506,397,397
   Togo,   Gambia,1063,1071,603,611,460,460
   Togo,   Germany,200,201,94,95,106,106
   Togo,   Ghana,46794,47232,19245,19608,27549,27624
   Togo,   Guinea,3338,3367,1828,1855,1510,1512
   Togo,   Côte d'Ivoire,5746,5798,2850,2897,2896,2901
   Togo,   Liberia,168,168,85,86,83,82
   Togo,   Mali,8122,8196,4567,4634,3555,3562
   Togo,   Mauritania,145,144,65,65,80,79
   Togo,   Niger,65729,66332,36541,37085,29188,29247
   Togo,   Nigeria,31974,32266,18046,18311,13928,13955
   Togo,   Guinea-Bissau,130,130,57,58,73,72
   Togo,   Rwanda,665,669,321,325,344,344
   Togo,   Sao Tome and Principe,41,40,21,21,20,19
   Togo,   Senegal,1008,1016,568,576,440,440
   Togo,   Sierra Leone,105,105,49,50,56,55
   Togo,   United States of America*,182,182,87,88,95,94
   Togo,   Burkina Faso,13641,13765,7443,7556,6198,6209
   Togo,Other,21537,21734,9680,9854,11857,11880
 ASIA,WORLD,77191249,85618502,44550946,49796904,32640303,35821598
 ASIA,  Sub-Saharan Africa,712178,764696,401963,451875,310215,312821
 ASIA,  Northern Africa and Western Asia,15980733,18246980,9200451,10505454,6780282,7741526
 ASIA,  Central and Southern Asia,29934014,32579976,19398453,21556834,10535561,11023142
 ASIA,  Eastern and South-Eastern Asia,19193898,21626213,9959651,11328467,9234247,10297746
 ASIA,  Latin America and the Caribbean,376798,414658,192580,208809,184218,205849
 ASIA,  Oceania (excluding Australia and New Zealand),1937,1948,820,824,1117,1124
 ASIA,  Australia and New Zealand,90494,99777,48841,54550,41653,45227
 ASIA,  Europe and Northern America,7070539,7707829,3308499,3502963,3762040,4204866
 ASIA,  Developed regions,7278180,7934514,3421786,3620909,3856394,4313605
 ASIA,  Less developed regions,66082411,73507563,39089472,43988867,26992939,29518696
 ASIA," Less developed regions, excluding least developed countries",46380815,51786486,27525955,30787386,18854860,20999100
 ASIA," Less developed regions, excluding China",60600335,67756230,36552423,41418732,24047912,26337498
 ASIA,  Least developed countries,19701596,21721077,11563517,13201481,8138079,8519596
 ASIA,  Land-locked Developing Countries (LLDC),9469470,9928139,4979550,5310856,4489920,4617283
 ASIA,  Small island developing States (SIDS),217578,225830,114962,111381,102616,114449
 ASIA,  High-income countries,3606259,3944722,1857955,1958221,1748304,1986501
 ASIA,  Middle-income countries,56889637,63034099,33381189,37316594,23508448,25717505
 ASIA, Upper-middle-income countries,17986807,19574342,8928881,9468105,9057926,10106237
 ASIA, Lower-middle-income countries,38902830,43459757,24452308,27848489,14450522,15611268
 ASIA,  Low-income countries,12864649,14463195,7272093,8334936,5592556,6128259
 ASIA, AFRICA,4166307,4720103,2644895,3031554,1521412,1688549
 ASIA,  Eastern Africa,651331,696185,365646,411008,285685,285177
 ASIA,  Middle Africa,8630,11235,5874,7420,2756,3815
 ASIA,  Northern Africa,3454129,3955407,2242932,2579679,1211197,1375728
 ASIA,  Southern Africa,19209,20174,8737,9149,10472,11025
 ASIA,  Western Africa,33008,37102,21706,24298,11302,12804
 ASIA, ASIA,61654516,68497762,36315623,40811076,25338893,27686686
 ASIA,  Central Asia,625192,646620,322504,337303,302688,309317
 ASIA,  Eastern Asia,6377319,6681690,3015483,3062411,3361836,3619279
 ASIA,  South-Eastern Asia,12816579,14944523,6944168,8266056,5872411,6678467
 ASIA,  Southern Asia,29308822,31933356,19075949,21219531,10232873,10713825
 ASIA,  Western Asia,12526604,14291573,6957519,7925775,5569085,6365798
 ASIA, EUROPE,6573735,7169630,3030864,3210795,3542871,3958835
 ASIA,  Eastern Europe,5435470,5769376,2480100,2583565,2955370,3185811
 ASIA,  Northern Europe,335402,366682,178110,182753,157292,183929
 ASIA,  Southern Europe,269026,355698,139622,174493,129404,181205
 ASIA,  Western Europe,533837,677874,233032,269984,300805,407890
 ASIA, LATIN AMERICA AND THE CARIBBEAN,376798,414658,192580,208809,184218,205849
 ASIA,  Caribbean,449,501,212,235,237,266
 ASIA,  Central America,5262,5863,2492,2758,2770,3105
 ASIA,  South America,371087,408294,189876,205816,181211,202478
 ASIA, NORTHERN AMERICA,496804,538199,277635,292168,219169,246031
 ASIA, OCEANIA ,92431,101725,49661,55374,42770,46351
 ASIA,  Australia and New Zealand,90494,99777,48841,54550,41653,45227
 ASIA,  Melanesia,895,842,354,326,541,516
 ASIA,  Micronesia,1042,1106,466,498,576,608
 ASIA,  Polynesia*,0,0,0,0,0,0
 ASIA,   Burundi,2,1,2,1,0,0
 ASIA,   Comoros,0,0,0,0,0,0
 ASIA,   Djibouti,2,1,0,0,2,1
 ASIA,   Eritrea,28651,35197,19438,24424,9213,10773
 ASIA,   Ethiopia,244287,276598,151666,174231,92621,102367
 ASIA,   Kenya,8571,8105,4026,3743,4545,4362
 ASIA,   Madagascar,7,6,5,5,2,1
 ASIA,   Malawi,7,6,5,5,2,1
 ASIA,   Mauritius*,380,354,144,131,236,223
 ASIA,   Mayotte*,0,0,0,0,0,0
 ASIA,   Mozambique,9,8,2,2,7,6
 ASIA,   Réunion*,0,0,0,0,0,0
 ASIA,   Rwanda,4,4,2,2,2,2
 ASIA,   Seychelles,32,30,18,18,14,12
 ASIA,   Somalia,297468,305072,159271,177585,138197,127487
 ASIA,   South Sudan,21094,23124,13850,15180,7244,7944
 ASIA,   Uganda,48462,45327,16217,14652,32245,30675
 ASIA,   United Republic of Tanzania*,356,445,261,337,95,108
 ASIA,   Zambia,1706,1607,619,568,1087,1039
 ASIA,   Zimbabwe,293,300,120,124,173,176
 ASIA,   Angola,76,79,35,37,41,42
 ASIA,   Cameroon,54,1885,30,1044,24,841
 ASIA,   Central African Republic,13,13,6,7,7,6
 ASIA,   Chad,7181,7871,4909,5377,2272,2494
 ASIA,   Congo,529,561,529,561,0,0
 ASIA,   Democratic Republic of the Congo,777,826,365,394,412,432
 ASIA,   Equatorial Guinea,0,0,0,0,0,0
 ASIA,   Gabon,0,0,0,0,0,0
 ASIA,   Sao Tome and Principe,0,0,0,0,0,0
 ASIA,   Algeria,47225,46258,21772,21376,25453,24882
 ASIA,   Egypt,2520503,2894342,1670342,1920927,850161,973415
 ASIA,   Libya,38208,43462,20921,24166,17287,19296
 ASIA,   Morocco,178009,174814,86657,85345,91352,89469
 ASIA,   Sudan,635588,761531,425065,509334,210523,252197
 ASIA,   Tunisia,34596,35000,18175,18531,16421,16469
 ASIA,   Western Sahara,0,0,0,0,0,0
 ASIA,   Botswana,7,6,5,5,2,1
 ASIA,   Eswatini,75,103,24,29,51,74
 ASIA,   Lesotho,0,0,0,0,0,0
 ASIA,   Namibia,2,1,2,1,0,0
 ASIA,   South Africa,19125,20064,8706,9114,10419,10950
 ASIA,   Benin,7,6,7,6,0,0
 ASIA,   Burkina Faso,0,0,0,0,0,0
 ASIA,   Cabo Verde,131,139,131,139,0,0
 ASIA,   Côte d'Ivoire,16,16,9,9,7,7
 ASIA,   Gambia,0,0,0,0,0,0
 ASIA,   Ghana,2282,2713,1111,1329,1171,1384
 ASIA,   Guinea,0,0,0,0,0,0
 ASIA,   Guinea-Bissau,0,0,0,0,0,0
 ASIA,   Liberia,1,1,1,1,0,0
 ASIA,   Mali,0,0,0,0,0,0
 ASIA,   Mauritania,254,270,194,203,60,67
 ASIA,   Niger,29,26,16,16,13,10
 ASIA,   Nigeria,30213,33834,20191,22537,10022,11297
 ASIA,   Saint Helena*,0,0,0,0,0,0
 ASIA,   Senegal,71,94,43,56,28,38
 ASIA,   Sierra Leone,2,1,2,1,0,0
 ASIA,   Togo,2,2,1,1,1,1
 ASIA,   Kazakhstan,73582,75212,32794,33462,40788,41750
 ASIA,   Kyrgyzstan,31050,33268,15172,16313,15878,16955
 ASIA,   Tajikistan,48583,38683,24139,19946,24444,18737
 ASIA,   Turkmenistan,12652,12925,6744,6974,5908,5951
 ASIA,   Uzbekistan,459325,486532,243655,260608,215670,225924
 ASIA,   China*,5092275,5337025,2326213,2346518,2766062,2990507
 ASIA,"   China, Hong Kong SAR*",279580,299167,161268,173170,118312,125997
 ASIA,"   China, Macao SAR*",110221,115141,49568,50447,60653,64694
 ASIA,"   China, Taiwan Province of China*",0,0,0,0,0,0
 ASIA,   Dem. People's Republic of Korea,71587,75291,36828,38762,34759,36529
 ASIA,   Japan,117147,126908,64446,63396,52701,63512
 ASIA,   Mongolia,24667,31393,14130,17623,10537,13770
 ASIA,   Republic of Korea,681842,696765,363030,372495,318812,324270
 ASIA,   Brunei Darussalam,31942,30715,19619,18793,12323,11922
 ASIA,   Cambodia,750088,790941,355078,368676,395010,422265
 ASIA,   Indonesia,3653892,4166584,2081541,2360932,1572351,1805652
 ASIA,   Lao People's Democratic Republic,995366,1035673,447360,444277,548006,591396
 ASIA,   Malaysia*,1417183,1438546,642994,605331,774189,833215
 ASIA,   Myanmar,2639453,3475925,1492687,2207337,1146766,1268588
 ASIA,   Philippines,2086656,2402967,1214209,1383280,872447,1019687
 ASIA,   Singapore,145633,152685,76700,79306,68933,73379
 ASIA,   Thailand,301375,401074,165096,229155,136279,171919
 ASIA,   Timor-Leste,22666,23830,12960,13608,9706,10222
 ASIA,   Viet Nam,772325,1025583,435924,555361,336401,470222
 ASIA,   Afghanistan,4859268,4958017,2584209,2694804,2275059,2263213
 ASIA,   Bangladesh,6090139,6531704,4086814,4480586,2003325,2051118
 ASIA,   Bhutan,39063,37173,19844,18701,19219,18472
 ASIA,   India,10940993,12156218,7742558,8714432,3198435,3441786
 ASIA,   Iran (Islamic Republic of),129128,174168,68617,89354,60511,84814
 ASIA,   Maldives,2314,2272,1012,990,1302,1282
 ASIA,   Nepal,2039872,2242511,1117326,1275005,922546,967506
 ASIA,   Pakistan,4256680,4635071,2882819,3211549,1373861,1423522
 ASIA,   Sri Lanka,951365,1196222,572750,734110,378615,462112
 ASIA,   Armenia,188814,182970,96884,94042,91930,88928
 ASIA,   Azerbaijan*,201800,209062,95840,99174,105960,109888
 ASIA,   Bahrain,43909,43939,22903,16063,21006,27876
 ASIA,   Cyprus*,10583,14673,4538,5671,6045,9002
 ASIA,   Georgia*,126898,127227,57906,57756,68992,69471
 ASIA,   Iraq,776483,898118,410078,379621,366405,518497
 ASIA,   Israel,68259,69706,29201,29798,39058,39908
 ASIA,   Jordan,545732,621837,347530,396731,198202,225106
 ASIA,   Kuwait,109300,117351,69444,75392,39856,41959
 ASIA,   Lebanon,201835,238938,136003,160306,65832,78632
 ASIA,   Oman,13179,13653,6227,6742,6952,6911
 ASIA,   Qatar,13631,14126,6317,6578,7314,7548
 ASIA,   Saudi Arabia,65568,69680,35779,38476,29789,31204
 ASIA,   State of Palestine*,3289162,3449806,1652366,1740817,1636796,1708989
 ASIA,   Syrian Arab Republic,5622002,6768403,3180837,3884144,2441165,2884259
 ASIA,   Turkey,156620,166275,90920,96239,65700,70036
 ASIA,   United Arab Emirates,113243,118659,59505,62179,53738,56480
 ASIA,   Yemen,979586,1167150,655241,776046,324345,391104
 ASIA,   Belarus,133925,136534,63457,64840,70468,71694
 ASIA,   Bulgaria,496325,684005,178399,213626,317926,470379
 ASIA,   Czechia,1834,2300,771,931,1063,1369
 ASIA,   Hungary,14247,14222,6325,6277,7922,7945
 ASIA,   Poland,68592,68164,29559,29186,39033,38978
 ASIA,   Republic of Moldova*,30387,31573,13224,13269,17163,18304
 ASIA,   Romania,130246,135572,54748,55119,75498,80453
 ASIA,   Russian Federation,3900974,4023747,1824336,1884121,2076638,2139626
 ASIA,   Slovakia,460,587,193,230,267,357
 ASIA,   Ukraine*,658480,672672,309088,315966,349392,356706
 ASIA,   Channel Islands*,0,0,0,0,0,0
 ASIA,   Denmark*,7249,8711,3193,3677,4056,5034
 ASIA,   Estonia,2427,2489,1075,1094,1352,1395
 ASIA,   Faroe Islands*,0,0,0,0,0,0
 ASIA,   Finland*,3408,4223,1357,1615,2051,2608
 ASIA,   Iceland,126,142,68,74,58,68
 ASIA,   Ireland,3591,4161,1655,1880,1936,2281
 ASIA,   Isle of Man*,0,0,0,0,0,0
 ASIA,   Latvia,6364,6314,2803,2783,3561,3531
 ASIA,   Lithuania,11452,11605,5261,5335,6191,6270
 ASIA,   Norway*,19972,21278,10384,7522,9588,13756
 ASIA,   Sweden,10178,12334,4636,5273,5542,7061
 ASIA,   United Kingdom*,270635,295425,147678,153500,122957,141925
 ASIA,   Albania,3653,4959,1753,2195,1900,2764
 ASIA,   Andorra,0,0,0,0,0,0
 ASIA,   Bosnia and Herzegovina,2441,3377,1124,1425,1317,1952
 ASIA,   Croatia,319,409,127,148,192,261
 ASIA,   Gibraltar*,2,1,2,1,0,0
 ASIA,   Greece,85712,109520,39273,45890,46439,63630
 ASIA,   Holy See*,0,0,0,0,0,0
 ASIA,   Italy,20569,22815,9952,10961,10617,11854
 ASIA,   Malta,73,87,33,35,40,52
 ASIA,   Montenegro,0,0,0,0,0,0
 ASIA,   North Macedonia,141830,198111,80763,106434,61067,91677
 ASIA,   Portugal,4066,4405,2071,2221,1995,2184
 ASIA,   San Marino,0,0,0,0,0,0
 ASIA,   Serbia*,2484,2575,1118,1165,1366,1410
 ASIA,   Slovenia,157,212,69,86,88,126
 ASIA,   Spain*,7720,9227,3337,3932,4383,5295
 ASIA,   Austria,20788,26434,9575,11409,11213,15025
 ASIA,   Belgium,16157,19617,7142,8158,9015,11459
 ASIA,   France*,105631,117645,53802,59027,51829,58618
 ASIA,   Germany,328707,437270,131061,154935,197646,282335
 ASIA,   Liechtenstein,0,0,0,0,0,0
 ASIA,   Luxembourg,53,67,21,25,32,42
 ASIA,   Monaco,0,0,0,0,0,0
 ASIA,   Netherlands*,43653,53597,22463,26071,21190,27526
 ASIA,   Switzerland,18848,23244,8968,10359,9880,12885
 ASIA,   Anguilla*,0,0,0,0,0,0
 ASIA,   Antigua and Barbuda,0,0,0,0,0,0
 ASIA,   Aruba*,63,65,35,37,28,28
 ASIA,   Bahamas,0,0,0,0,0,0
 ASIA,   Barbados,0,0,0,0,0,0
 ASIA,"   Bonaire, Sint Eustatius and Saba*",0,0,0,0,0,0
 ASIA,   British Virgin Islands*,74,102,31,41,43,61
 ASIA,   Cayman Islands*,0,0,0,0,0,0
 ASIA,   Cuba,117,128,63,68,54,60
 ASIA,   Curaçao*,0,0,0,0,0,0
 ASIA,   Dominica,0,0,0,0,0,0
 ASIA,   Dominican Republic,9,8,2,2,7,6
 ASIA,   Grenada,0,0,0,0,0,0
 ASIA,   Guadeloupe*,46,61,21,25,25,36
 ASIA,   Haiti,39,37,16,16,23,21
 ASIA,   Jamaica,13,13,6,7,7,6
 ASIA,   Martinique*,0,0,0,0,0,0
 ASIA,   Montserrat*,0,0,0,0,0,0
 ASIA,   Puerto Rico*,53,54,25,26,28,28
 ASIA,   Saint Barthélemy*,0,0,0,0,0,0
 ASIA,   Saint Kitts and Nevis,0,0,0,0,0,0
 ASIA,   Saint Lucia,0,0,0,0,0,0
 ASIA,   Saint Martin (French part)*,0,0,0,0,0,0
 ASIA,   Saint Vincent and the Grenadines,0,0,0,0,0,0
 ASIA,   Sint Maarten (Dutch part)*,0,0,0,0,0,0
 ASIA,   Trinidad and Tobago,13,13,2,2,11,11
 ASIA,   Turks and Caicos Islands*,0,0,0,0,0,0
 ASIA,   United States Virgin Islands*,22,20,11,11,11,9
 ASIA,   Belize,0,0,0,0,0,0
 ASIA,   Costa Rica,93,113,65,75,28,38
 ASIA,   El Salvador,9,8,7,7,2,1
 ASIA,   Guatemala,34,35,13,15,21,20
 ASIA,   Honduras,2,1,2,1,0,0
 ASIA,   Mexico,5097,5680,2382,2636,2715,3044
 ASIA,   Nicaragua,9,8,7,7,2,1
 ASIA,   Panama,18,18,16,17,2,1
 ASIA,   Argentina,42648,42273,19978,19782,22670,22491
 ASIA,   Bolivia (Plurinational State of),44,44,25,27,19,17
 ASIA,   Brazil,253727,289424,134574,149707,119153,139717
 ASIA,   Chile,3567,3487,1623,1580,1944,1907
 ASIA,   Colombia,3073,3019,1275,1251,1798,1768
 ASIA,   Ecuador,466,493,232,247,234,246
 ASIA,   Falkland Islands (Malvinas)*,0,0,0,0,0,0
 ASIA,   French Guiana*,0,0,0,0,0,0
 ASIA,   Guyana,0,0,0,0,0,0
 ASIA,   Paraguay,7,6,0,0,7,6
 ASIA,   Peru,60508,62661,28925,30051,31583,32610
 ASIA,   Suriname,127,132,62,67,65,65
 ASIA,   Uruguay,6424,6252,2961,2882,3463,3370
 ASIA,   Venezuela (Bolivarian Republic of),496,503,221,222,275,281
 ASIA,   Bermuda*,0,0,0,0,0,0
 ASIA,   Canada,72978,84134,41464,47104,31514,37030
 ASIA,   Greenland*,0,0,0,0,0,0
 ASIA,   Saint Pierre and Miquelon*,0,0,0,0,0,0
 ASIA,   United States of America*,423826,454065,236171,245064,187655,209001
 ASIA,   Australia*,74012,80916,39918,44009,34094,36907
 ASIA,   New Zealand*,16482,18861,8923,10541,7559,8320
 ASIA,   Fiji,835,780,327,298,508,482
 ASIA,   New Caledonia*,0,0,0,0,0,0
 ASIA,   Papua New Guinea,60,62,27,28,33,34
 ASIA,   Solomon Islands,0,0,0,0,0,0
 ASIA,   Vanuatu,0,0,0,0,0,0
 ASIA,   Guam*,1008,1071,451,481,557,590
 ASIA,   Kiribati,0,0,0,0,0,0
 ASIA,   Marshall Islands,0,0,0,0,0,0
 ASIA,   Micronesia (Fed. States of),0,0,0,0,0,0
 ASIA,   Nauru,0,0,0,0,0,0
 ASIA,   Northern Mariana Islands*,0,0,0,0,0,0
 ASIA,   Palau,34,35,15,17,19,18
 ASIA,   American Samoa*,0,0,0,0,0,0
 ASIA,   Cook Islands*,0,0,0,0,0,0
 ASIA,   French Polynesia*,0,0,0,0,0,0
 ASIA,   Niue*,0,0,0,0,0,0
 ASIA,   Samoa,0,0,0,0,0,0
 ASIA,   Tokelau*,0,0,0,0,0,0
 ASIA,   Tonga,0,0,0,0,0,0
 ASIA,   Tuvalu,0,0,0,0,0,0
 ASIA,   Wallis and Futuna Islands*,0,0,0,0,0,0
  Central Asia,WORLD,5392792,5564042,2596335,2685448,2796457,2878594
  Central Asia,  Sub-Saharan Africa,45,41,23,23,22,18
  Central Asia,  Northern Africa and Western Asia,162093,167108,87196,90164,74897,76944
  Central Asia,  Central and Southern Asia,486689,501215,246573,255138,240116,246077
  Central Asia,  Eastern and South-Eastern Asia,98292,103230,50836,53409,47456,49821
  Central Asia,  Latin America and the Caribbean,22,20,11,11,11,9
  Central Asia,  Oceania (excluding Australia and New Zealand),0,0,0,0,0,0
  Central Asia,  Australia and New Zealand,109,107,52,52,57,55
  Central Asia,  Europe and Northern America,4300929,4434810,2038696,2107045,2262233,2327765
  Central Asia,  Developed regions,4301038,4434917,2038748,2107097,2262290,2327820
  Central Asia,  Less developed regions,747141,771614,384639,398745,362502,372869
  Central Asia," Less developed regions, excluding least developed countries",734472,758942,378950,393057,355522,365885
  Central Asia," Less developed regions, excluding China",744660,769032,383245,397291,361415,371741
  Central Asia,  Least developed countries,12669,12672,5689,5688,6980,6984
  Central Asia,  Land-locked Developing Countries (LLDC),604342,621945,309628,320082,294714,301863
  Central Asia,  Small island developing States (SIDS),22,20,11,11,11,9
  Central Asia,  High-income countries,59455,61098,29473,30418,29982,30680
  Central Asia,  Middle-income countries,4881551,5034407,2339090,2418564,2542461,2615843
  Central Asia, Upper-middle-income countries,3977590,4099433,1890300,1952978,2087290,2146455
  Central Asia, Lower-middle-income countries,903961,934974,448790,465586,455171,469388
  Central Asia,  Low-income countries,107173,111026,54824,56860,52349,54166
  Central Asia, AFRICA,174,169,81,82,93,87
  Central Asia,  Eastern Africa,23,21,12,12,11,9
  Central Asia,  Middle Africa,0,0,0,0,0,0
  Central Asia,  Northern Africa,129,128,58,59,71,69
  Central Asia,  Southern Africa,0,0,0,0,0,0
  Central Asia,  Western Africa,22,20,11,11,11,9
  Central Asia, ASIA,746945,771425,384547,398652,362398,372773
  Central Asia,  Central Asia,470242,484776,238907,247462,231335,237314
  Central Asia,  Eastern Asia,98162,103107,50756,53332,47406,49775
  Central Asia,  South-Eastern Asia,130,123,80,77,50,46
  Central Asia,  Southern Asia,16447,16439,7666,7676,8781,8763
  Central Asia,  Western Asia,161964,166980,87138,90105,74826,76875
  Central Asia, EUROPE,4300606,4434490,2038523,2106872,2262083,2327618
  Central Asia,  Eastern Europe,4277544,4411336,2027526,2095763,2250018,2315573
  Central Asia,  Northern Europe,11296,11520,5591,5733,5705,5787
  Central Asia,  Southern Europe,0,0,0,0,0,0
  Central Asia,  Western Europe,11766,11634,5406,5376,6360,6258
  Central Asia, LATIN AMERICA AND THE CARIBBEAN,22,20,11,11,11,9
  Central Asia,  Caribbean,22,20,11,11,11,9
  Central Asia,  Central America,0,0,0,0,0,0
  Central Asia,  South America,0,0,0,0,0,0
  Central Asia, NORTHERN AMERICA,323,320,173,173,150,147
  Central Asia, OCEANIA ,109,107,52,52,57,55
  Central Asia,  Australia and New Zealand,109,107,52,52,57,55
  Central Asia,  Melanesia,0,0,0,0,0,0
  Central Asia,  Micronesia,0,0,0,0,0,0
  Central Asia,  Polynesia*,0,0,0,0,0,0
  Central Asia,   Burundi,0,0,0,0,0,0
  Central Asia,   Comoros,0,0,0,0,0,0
  Central Asia,   Djibouti,0,0,0,0,0,0
  Central Asia,   Eritrea,0,0,0,0,0,0
  Central Asia,   Ethiopia,0,0,0,0,0,0
  Central Asia,   Kenya,0,0,0,0,0,0
  Central Asia,   Madagascar,0,0,0,0,0,0
  Central Asia,   Malawi,0,0,0,0,0,0
  Central Asia,   Mauritius*,0,0,0,0,0,0
  Central Asia,   Mayotte*,0,0,0,0,0,0
  Central Asia,   Mozambique,0,0,0,0,0,0
  Central Asia,   Réunion*,0,0,0,0,0,0
  Central Asia,   Rwanda,0,0,0,0,0,0
  Central Asia,   Seychelles,0,0,0,0,0,0
  Central Asia,   Somalia,0,0,0,0,0,0
  Central Asia,   South Sudan,0,0,0,0,0,0
  Central Asia,   Uganda,0,0,0,0,0,0
  Central Asia,   United Republic of Tanzania*,0,0,0,0,0,0
  Central Asia,   Zambia,23,21,12,12,11,9
  Central Asia,   Zimbabwe,0,0,0,0,0,0
  Central Asia,   Angola,0,0,0,0,0,0
  Central Asia,   Cameroon,0,0,0,0,0,0
  Central Asia,   Central African Republic,0,0,0,0,0,0
  Central Asia,   Chad,0,0,0,0,0,0
  Central Asia,   Congo,0,0,0,0,0,0
  Central Asia,   Democratic Republic of the Congo,0,0,0,0,0,0
  Central Asia,   Equatorial Guinea,0,0,0,0,0,0
  Central Asia,   Gabon,0,0,0,0,0,0
  Central Asia,   Sao Tome and Principe,0,0,0,0,0,0
  Central Asia,   Algeria,129,128,58,59,71,69
  Central Asia,   Egypt,0,0,0,0,0,0
  Central Asia,   Libya,0,0,0,0,0,0
  Central Asia,   Morocco,0,0,0,0,0,0
  Central Asia,   Sudan,0,0,0,0,0,0
  Central Asia,   Tunisia,0,0,0,0,0,0
  Central Asia,   Western Sahara,0,0,0,0,0,0
  Central Asia,   Botswana,0,0,0,0,0,0
  Central Asia,   Eswatini,0,0,0,0,0,0
  Central Asia,   Lesotho,0,0,0,0,0,0
  Central Asia,   Namibia,0,0,0,0,0,0
  Central Asia,   South Africa,0,0,0,0,0,0
  Central Asia,   Benin,0,0,0,0,0,0
  Central Asia,   Burkina Faso,0,0,0,0,0,0
  Central Asia,   Cabo Verde,0,0,0,0,0,0
  Central Asia,   Côte d'Ivoire,0,0,0,0,0,0
  Central Asia,   Gambia,0,0,0,0,0,0
  Central Asia,   Ghana,0,0,0,0,0,0
  Central Asia,   Guinea,0,0,0,0,0,0
  Central Asia,   Guinea-Bissau,0,0,0,0,0,0
  Central Asia,   Liberia,0,0,0,0,0,0
  Central Asia,   Mali,0,0,0,0,0,0
  Central Asia,   Mauritania,0,0,0,0,0,0
  Central Asia,   Niger,22,20,11,11,11,9
  Central Asia,   Nigeria,0,0,0,0,0,0
  Central Asia,   Saint Helena*,0,0,0,0,0,0
  Central Asia,   Senegal,0,0,0,0,0,0
  Central Asia,   Sierra Leone,0,0,0,0,0,0
  Central Asia,   Togo,0,0,0,0,0,0
  Central Asia,   Kazakhstan,47118,46525,21085,21008,26033,25517
  Central Asia,   Kyrgyzstan,22929,23292,11214,11387,11715,11905
  Central Asia,   Tajikistan,30995,31663,16547,16938,14448,14725
  Central Asia,   Turkmenistan,3260,3279,1732,1752,1528,1527
  Central Asia,   Uzbekistan,365940,380017,188329,196377,177611,183640
  Central Asia,   China*,2481,2582,1394,1454,1087,1128
  Central Asia,"   China, Hong Kong SAR*",0,0,0,0,0,0
  Central Asia,"   China, Macao SAR*",0,0,0,0,0,0
  Central Asia,"   China, Taiwan Province of China*",0,0,0,0,0,0
  Central Asia,   Dem. People's Republic of Korea,63532,66712,32600,34246,30932,32466
  Central Asia,   Japan,0,0,0,0,0,0
  Central Asia,   Mongolia,0,0,0,0,0,0
  Central Asia,   Republic of Korea,32149,33813,16762,17632,15387,16181
  Central Asia,   Brunei Darussalam,23,21,12,12,11,9
  Central Asia,   Cambodia,0,0,0,0,0,0
  Central Asia,   Indonesia,0,0,0,0,0,0
  Central Asia,   Lao People's Democratic Republic,0,0,0,0,0,0
  Central Asia,   Malaysia*,0,0,0,0,0,0
  Central Asia,   Myanmar,0,0,0,0,0,0
  Central Asia,   Philippines,0,0,0,0,0,0
  Central Asia,   Singapore,0,0,0,0,0,0
  Central Asia,   Thailand,0,0,0,0,0,0
  Central Asia,   Timor-Leste,0,0,0,0,0,0
  Central Asia,   Viet Nam,107,102,68,65,39,37
  Central Asia,   Afghanistan,12624,12631,5666,5665,6958,6966
  Central Asia,   Bangladesh,0,0,0,0,0,0
  Central Asia,   Bhutan,0,0,0,0,0,0
  Central Asia,   India,617,618,386,388,231,230
  Central Asia,   Iran (Islamic Republic of),3101,3087,1560,1569,1541,1518
  Central Asia,   Maldives,0,0,0,0,0,0
  Central Asia,   Nepal,0,0,0,0,0,0
  Central Asia,   Pakistan,105,103,54,54,51,49
  Central Asia,   Sri Lanka,0,0,0,0,0,0
  Central Asia,   Armenia,24701,25012,13196,13458,11505,11554
  Central Asia,   Azerbaijan*,81235,83431,44050,45388,37185,38043
  Central Asia,   Bahrain,0,0,0,0,0,0
  Central Asia,   Cyprus*,0,0,0,0,0,0
  Central Asia,   Georgia*,7209,7292,3957,4024,3252,3268
  Central Asia,   Iraq,62,60,34,34,28,26
  Central Asia,   Israel,0,0,0,0,0,0
  Central Asia,   Jordan,0,0,0,0,0,0
  Central Asia,   Kuwait,0,0,0,0,0,0
  Central Asia,   Lebanon,0,0,0,0,0,0
  Central Asia,   Oman,36,34,18,18,18,16
  Central Asia,   Qatar,0,0,0,0,0,0
  Central Asia,   Saudi Arabia,0,0,0,0,0,0
  Central Asia,   State of Palestine*,0,0,0,0,0,0
  Central Asia,   Syrian Arab Republic,0,0,0,0,0,0
  Central Asia,   Turkey,48721,51151,25883,27183,22838,23968
  Central Asia,   United Arab Emirates,0,0,0,0,0,0
  Central Asia,   Yemen,0,0,0,0,0,0
  Central Asia,   Belarus,108354,111497,52861,54527,55493,56970
  Central Asia,   Bulgaria,0,0,0,0,0,0
  Central Asia,   Czechia,0,0,0,0,0,0
  Central Asia,   Hungary,0,0,0,0,0,0
  Central Asia,   Poland,3249,3161,1231,1199,2018,1962
  Central Asia,   Republic of Moldova*,15495,16054,7786,8086,7709,7968
  Central Asia,   Romania,482,468,217,212,265,256
  Central Asia,   Russian Federation,3651348,3765517,1724548,1782581,1926800,1982936
  Central Asia,   Slovakia,0,0,0,0,0,0
  Central Asia,   Ukraine*,498616,514639,240883,249158,257733,265481
  Central Asia,   Channel Islands*,0,0,0,0,0,0
  Central Asia,   Denmark*,130,129,79,80,51,49
  Central Asia,   Estonia,1686,1727,763,785,923,942
  Central Asia,   Faroe Islands*,0,0,0,0,0,0
  Central Asia,   Finland*,116,111,66,64,50,47
  Central Asia,   Iceland,0,0,0,0,0,0
  Central Asia,   Ireland,0,0,0,0,0,0
  Central Asia,   Isle of Man*,0,0,0,0,0,0
  Central Asia,   Latvia,2015,2047,963,985,1052,1062
  Central Asia,   Lithuania,7035,7193,3488,3586,3547,3607
  Central Asia,   Norway*,0,0,0,0,0,0
  Central Asia,   Sweden,0,0,0,0,0,0
  Central Asia,   United Kingdom*,314,313,232,233,82,80
  Central Asia,   Albania,0,0,0,0,0,0
  Central Asia,   Andorra,0,0,0,0,0,0
  Central Asia,   Bosnia and Herzegovina,0,0,0,0,0,0
  Central Asia,   Croatia,0,0,0,0,0,0
  Central Asia,   Gibraltar*,0,0,0,0,0,0
  Central Asia,   Greece,0,0,0,0,0,0
  Central Asia,   Holy See*,0,0,0,0,0,0
  Central Asia,   Italy,0,0,0,0,0,0
  Central Asia,   Malta,0,0,0,0,0,0
  Central Asia,   Montenegro,0,0,0,0,0,0
  Central Asia,   North Macedonia,0,0,0,0,0,0
  Central Asia,   Portugal,0,0,0,0,0,0
  Central Asia,   San Marino,0,0,0,0,0,0
  Central Asia,   Serbia*,0,0,0,0,0,0
  Central Asia,   Slovenia,0,0,0,0,0,0
  Central Asia,   Spain*,0,0,0,0,0,0
  Central Asia,   Austria,63,61,29,29,34,32
  Central Asia,   Belgium,0,0,0,0,0,0
  Central Asia,   France*,0,0,0,0,0,0
  Central Asia,   Germany,11601,11475,5330,5300,6271,6175
  Central Asia,   Liechtenstein,0,0,0,0,0,0
  Central Asia,   Luxembourg,0,0,0,0,0,0
  Central Asia,   Monaco,0,0,0,0,0,0
  Central Asia,   Netherlands*,50,48,18,18,32,30
  Central Asia,   Switzerland,52,50,29,29,23,21
  Central Asia,   Anguilla*,0,0,0,0,0,0
  Central Asia,   Antigua and Barbuda,0,0,0,0,0,0
  Central Asia,   Aruba*,0,0,0,0,0,0
  Central Asia,   Bahamas,0,0,0,0,0,0
  Central Asia,   Barbados,0,0,0,0,0,0
  Central Asia,"   Bonaire, Sint Eustatius and Saba*",0,0,0,0,0,0
  Central Asia,   British Virgin Islands*,0,0,0,0,0,0
  Central Asia,   Cayman Islands*,0,0,0,0,0,0
  Central Asia,   Cuba,0,0,0,0,0,0
  Central Asia,   Curaçao*,0,0,0,0,0,0
  Central Asia,   Dominica,0,0,0,0,0,0
  Central Asia,   Dominican Republic,0,0,0,0,0,0
  Central Asia,   Grenada,0,0,0,0,0,0
  Central Asia,   Guadeloupe*,0,0,0,0,0,0
  Central Asia,   Haiti,0,0,0,0,0,0
  Central Asia,   Jamaica,0,0,0,0,0,0
  Central Asia,   Martinique*,0,0,0,0,0,0
  Central Asia,   Montserrat*,0,0,0,0,0,0
  Central Asia,   Puerto Rico*,0,0,0,0,0,0
  Central Asia,   Saint Barthélemy*,0,0,0,0,0,0
  Central Asia,   Saint Kitts and Nevis,0,0,0,0,0,0
  Central Asia,   Saint Lucia,0,0,0,0,0,0
  Central Asia,   Saint Martin (French part)*,0,0,0,0,0,0
  Central Asia,   Saint Vincent and the Grenadines,0,0,0,0,0,0
  Central Asia,   Sint Maarten (Dutch part)*,0,0,0,0,0,0
  Central Asia,   Trinidad and Tobago,0,0,0,0,0,0
  Central Asia,   Turks and Caicos Islands*,0,0,0,0,0,0
  Central Asia,   United States Virgin Islands*,22,20,11,11,11,9
  Central Asia,   Belize,0,0,0,0,0,0
  Central Asia,   Costa Rica,0,0,0,0,0,0
  Central Asia,   El Salvador,0,0,0,0,0,0
  Central Asia,   Guatemala,0,0,0,0,0,0
  Central Asia,   Honduras,0,0,0,0,0,0
  Central Asia,   Mexico,0,0,0,0,0,0
  Central Asia,   Nicaragua,0,0,0,0,0,0
  Central Asia,   Panama,0,0,0,0,0,0
  Central Asia,   Argentina,0,0,0,0,0,0
  Central Asia,   Bolivia (Plurinational State of),0,0,0,0,0,0
  Central Asia,   Brazil,0,0,0,0,0,0
  Central Asia,   Chile,0,0,0,0,0,0
  Central Asia,   Colombia,0,0,0,0,0,0
  Central Asia,   Ecuador,0,0,0,0,0,0
  Central Asia,   Falkland Islands (Malvinas)*,0,0,0,0,0,0
  Central Asia,   French Guiana*,0,0,0,0,0,0
  Central Asia,   Guyana,0,0,0,0,0,0
  Central Asia,   Paraguay,0,0,0,0,0,0
  Central Asia,   Peru,0,0,0,0,0,0
  Central Asia,   Suriname,0,0,0,0,0,0
  Central Asia,   Uruguay,0,0,0,0,0,0
  Central Asia,   Venezuela (Bolivarian Republic of),0,0,0,0,0,0
  Central Asia,   Bermuda*,0,0,0,0,0,0
  Central Asia,   Canada,49,47,27,27,22,20
  Central Asia,   Greenland*,0,0,0,0,0,0
  Central Asia,   Saint Pierre and Miquelon*,0,0,0,0,0,0
  Central Asia,   United States of America*,274,273,146,146,128,127
  Central Asia,   Australia*,0,0,0,0,0,0
  Central Asia,   New Zealand*,109,107,52,52,57,55
  Central Asia,   Fiji,0,0,0,0,0,0
  Central Asia,   New Caledonia*,0,0,0,0,0,0
  Central Asia,   Papua New Guinea,0,0,0,0,0,0
  Central Asia,   Solomon Islands,0,0,0,0,0,0
  Central Asia,   Vanuatu,0,0,0,0,0,0
  Central Asia,   Guam*,0,0,0,0,0,0
  Central Asia,   Kiribati,0,0,0,0,0,0
  Central Asia,   Marshall Islands,0,0,0,0,0,0
  Central Asia,   Micronesia (Fed. States of),0,0,0,0,0,0
  Central Asia,   Nauru,0,0,0,0,0,0
  Central Asia,   Northern Mariana Islands*,0,0,0,0,0,0
  Central Asia,   Palau,0,0,0,0,0,0
  Central Asia,   American Samoa*,0,0,0,0,0,0
  Central Asia,   Cook Islands*,0,0,0,0,0,0
  Central Asia,   French Polynesia*,0,0,0,0,0,0
  Central Asia,   Niue*,0,0,0,0,0,0
  Central Asia,   Samoa,0,0,0,0,0,0
  Central Asia,   Tokelau*,0,0,0,0,0,0
  Central Asia,   Tonga,0,0,0,0,0,0
  Central Asia,   Tuvalu,0,0,0,0,0,0
  Central Asia,   Wallis and Futuna Islands*,0,0,0,0,0,0
   Kazakhstan,WORLD,3546060,3732073,1757828,1850097,1788232,1881976
   Kazakhstan,  Sub-Saharan Africa,0,0,0,0,0,0
   Kazakhstan,  Northern Africa and Western Asia,107690,113332,59576,62701,48114,50631
   Kazakhstan,  Central and Southern Asia,305313,321344,161876,170376,143437,150968
   Kazakhstan,  Eastern and South-Eastern Asia,95678,100691,49607,52209,46071,48482
   Kazakhstan,  Latin America and the Caribbean,0,0,0,0,0,0
   Kazakhstan,  Oceania (excluding Australia and New Zealand),0,0,0,0,0,0
   Kazakhstan,  Australia and New Zealand,0,0,0,0,0,0
   Kazakhstan,  Europe and Northern America,2778416,2924163,1356238,1427431,1422178,1496732
   Kazakhstan,  Developed regions,2778416,2924163,1356238,1427431,1422178,1496732
   Kazakhstan,  Less developed regions,508681,535367,271059,285286,237622,250081
   Kazakhstan," Less developed regions, excluding least developed countries",508681,535367,271059,285286,237622,250081
   Kazakhstan," Less developed regions, excluding China",506519,533093,269832,283995,236687,249098
   Kazakhstan,  Least developed countries,0,0,0,0,0,0
   Kazakhstan,  Land-locked Developing Countries (LLDC),374882,394556,200752,211290,174130,183266
   Kazakhstan,  Small island developing States (SIDS),0,0,0,0,0,0
   Kazakhstan,  High-income countries,38528,40543,20170,21228,18358,19315
   Kazakhstan,  Middle-income countries,3171153,3337514,1566720,1648961,1604433,1688553
   Kazakhstan, Upper-middle-income countries,2532636,2665489,1240718,1305846,1291918,1359643
   Kazakhstan, Lower-middle-income countries,638517,672025,326002,343115,312515,328910
   Kazakhstan,  Low-income countries,77416,81473,40407,42528,37009,38945
   Kazakhstan, AFRICA,0,0,0,0,0,0
   Kazakhstan,  Eastern Africa,0,0,0,0,0,0
   Kazakhstan,  Middle Africa,0,0,0,0,0,0
   Kazakhstan,  Northern Africa,0,0,0,0,0,0
   Kazakhstan,  Southern Africa,0,0,0,0,0,0
   Kazakhstan,  Western Africa,0,0,0,0,0,0
   Kazakhstan, ASIA,508681,535367,271059,285286,237622,250081
   Kazakhstan,  Central Asia,305313,321344,161876,170376,143437,150968
   Kazakhstan,  Eastern Asia,95678,100691,49607,52209,46071,48482
   Kazakhstan,  South-Eastern Asia,0,0,0,0,0,0
   Kazakhstan,  Southern Asia,0,0,0,0,0,0
   Kazakhstan,  Western Asia,107690,113332,59576,62701,48114,50631
   Kazakhstan, EUROPE,2778416,2924163,1356238,1427431,1422178,1496732
   Kazakhstan,  Eastern Europe,2771804,2917208,1352724,1423732,1419080,1493476
   Kazakhstan,  Northern Europe,6612,6955,3514,3699,3098,3256
   Kazakhstan,  Southern Europe,0,0,0,0,0,0
   Kazakhstan,  Western Europe,0,0,0,0,0,0
   Kazakhstan, LATIN AMERICA AND THE CARIBBEAN,0,0,0,0,0,0
   Kazakhstan,  Caribbean,0,0,0,0,0,0
   Kazakhstan,  Central America,0,0,0,0,0,0
   Kazakhstan,  South America,0,0,0,0,0,0
   Kazakhstan, NORTHERN AMERICA,0,0,0,0,0,0
   Kazakhstan, OCEANIA ,0,0,0,0,0,0
   Kazakhstan,  Australia and New Zealand,0,0,0,0,0,0
   Kazakhstan,  Melanesia,0,0,0,0,0,0
   Kazakhstan,  Micronesia,0,0,0,0,0,0
   Kazakhstan,  Polynesia*,0,0,0,0,0,0
   Kazakhstan,   Azerbaijan*,48377,50912,27154,28578,21223,22334
   Kazakhstan,   Armenia,9144,9622,5403,5686,3741,3936
   Kazakhstan,   Belarus,69136,72761,34701,36522,34435,36239
   Kazakhstan,   China*,2162,2274,1227,1291,935,983
   Kazakhstan,   Estonia,1113,1170,528,556,585,614
   Kazakhstan,   Georgia*,3275,3445,2048,2155,1227,1290
   Kazakhstan,   Dem. People's Republic of Korea,61600,64829,31724,33389,29876,31440
   Kazakhstan,   Republic of Korea,31916,33588,16656,17529,15260,16059
   Kazakhstan,   Kyrgyzstan,6734,7085,3226,3395,3508,3690
   Kazakhstan,   Latvia,1113,1170,588,619,525,551
   Kazakhstan,   Lithuania,4386,4615,2398,2524,1988,2091
   Kazakhstan,   Republic of Moldova*,12048,12678,6319,6650,5729,6028
   Kazakhstan,   Russian Federation,2352598,2476018,1144573,1204657,1208025,1271361
   Kazakhstan,   Tajikistan,15816,16644,8683,9139,7133,7505
   Kazakhstan,   Turkey,46894,49353,24971,26282,21923,23071
   Kazakhstan,   Turkmenistan,1050,1104,641,675,409,429
   Kazakhstan,   Ukraine*,338022,355751,167131,175903,170891,179848
   Kazakhstan,   Uzbekistan,281713,296511,149326,157167,132387,139344
   Kazakhstan,Other,258963,272543,130531,137380,128432,135163
   Kyrgyzstan,WORLD,204382,199011,82616,80456,121766,118555
   Kyrgyzstan,  Sub-Saharan Africa,0,0,0,0,0,0
   Kyrgyzstan,  Northern Africa and Western Asia,11379,11073,5635,5486,5744,5587
   Kyrgyzstan,  Central and Southern Asia,25329,24658,10492,10217,14837,14441
   Kyrgyzstan,  Eastern and South-Eastern Asia,2388,2318,1093,1063,1295,1255
   Kyrgyzstan,  Latin America and the Caribbean,0,0,0,0,0,0
   Kyrgyzstan,  Oceania (excluding Australia and New Zealand),0,0,0,0,0,0
   Kyrgyzstan,  Australia and New Zealand,0,0,0,0,0,0
   Kyrgyzstan,  Europe and Northern America,160885,156680,63494,61839,97391,94841
   Kyrgyzstan,  Developed regions,160885,156680,63494,61839,97391,94841
   Kyrgyzstan,  Less developed regions,39096,38049,17220,16766,21876,21283
   Kyrgyzstan," Less developed regions, excluding least developed countries",39096,38049,17220,16766,21876,21283
   Kyrgyzstan," Less developed regions, excluding China",38825,37787,17084,16634,21741,21153
   Kyrgyzstan,  Least developed countries,0,0,0,0,0,0
   Kyrgyzstan,  Land-locked Developing Countries (LLDC),35047,34115,15245,14843,19802,19272
   Kyrgyzstan,  Small island developing States (SIDS),0,0,0,0,0,0
   Kyrgyzstan,  High-income countries,9987,9713,4056,3952,5931,5761
   Kyrgyzstan,  Middle-income countries,186012,181141,74810,72853,111202,108288
   Kyrgyzstan, Upper-middle-income countries,147291,143445,59113,57569,88178,85876
   Kyrgyzstan, Lower-middle-income countries,38721,37696,15697,15284,23024,22412
   Kyrgyzstan,  Low-income countries,3982,3875,1848,1800,2134,2075
   Kyrgyzstan, AFRICA,0,0,0,0,0,0
   Kyrgyzstan,  Eastern Africa,0,0,0,0,0,0
   Kyrgyzstan,  Middle Africa,0,0,0,0,0,0
   Kyrgyzstan,  Northern Africa,0,0,0,0,0,0
   Kyrgyzstan,  Southern Africa,0,0,0,0,0,0
   Kyrgyzstan,  Western Africa,0,0,0,0,0,0
   Kyrgyzstan, ASIA,39096,38049,17220,16766,21876,21283
   Kyrgyzstan,  Central Asia,25329,24658,10492,10217,14837,14441
   Kyrgyzstan,  Eastern Asia,2281,2216,1025,998,1256,1218
   Kyrgyzstan,  South-Eastern Asia,107,102,68,65,39,37
   Kyrgyzstan,  Southern Asia,0,0,0,0,0,0
   Kyrgyzstan,  Western Asia,11379,11073,5635,5486,5744,5587
   Kyrgyzstan, EUROPE,160885,156680,63494,61839,97391,94841
   Kyrgyzstan,  Eastern Europe,154825,150786,60973,59382,93852,91404
   Kyrgyzstan,  Northern Europe,4240,4123,1766,1721,2474,2402
   Kyrgyzstan,  Southern Europe,0,0,0,0,0,0
   Kyrgyzstan,  Western Europe,1820,1771,755,736,1065,1035
   Kyrgyzstan, LATIN AMERICA AND THE CARIBBEAN,0,0,0,0,0,0
   Kyrgyzstan,  Caribbean,0,0,0,0,0,0
   Kyrgyzstan,  Central America,0,0,0,0,0,0
   Kyrgyzstan,  South America,0,0,0,0,0,0
   Kyrgyzstan, NORTHERN AMERICA,0,0,0,0,0,0
   Kyrgyzstan, OCEANIA ,0,0,0,0,0,0
   Kyrgyzstan,  Australia and New Zealand,0,0,0,0,0,0
   Kyrgyzstan,  Melanesia,0,0,0,0,0,0
   Kyrgyzstan,  Micronesia,0,0,0,0,0,0
   Kyrgyzstan,  Polynesia*,0,0,0,0,0,0
   Kyrgyzstan,   Azerbaijan*,4678,4554,2355,2293,2323,2261
   Kyrgyzstan,   Armenia,2380,2315,1215,1182,1165,1133
   Kyrgyzstan,   Belarus,9947,9684,3679,3583,6268,6101
   Kyrgyzstan,   China*,271,262,136,132,135,130
   Kyrgyzstan,   Estonia,573,557,235,229,338,328
   Kyrgyzstan,   Finland*,116,111,66,64,50,47
   Kyrgyzstan,   Georgia*,3270,3183,1568,1527,1702,1656
   Kyrgyzstan,   Germany,1820,1771,755,736,1065,1035
   Kyrgyzstan,   Kazakhstan,12940,12599,4990,4860,7950,7739
   Kyrgyzstan,   Dem. People's Republic of Korea,1777,1729,783,763,994,966
   Kyrgyzstan,   Republic of Korea,233,225,106,103,127,122
   Kyrgyzstan,   Latvia,902,877,375,366,527,511
   Kyrgyzstan,   Lithuania,2649,2578,1090,1062,1559,1516
   Kyrgyzstan,   Republic of Moldova*,2660,2588,1183,1151,1477,1437
   Kyrgyzstan,   Poland,3212,3126,1212,1180,2000,1946
   Kyrgyzstan,   Romania,482,468,217,212,265,256
   Kyrgyzstan,   Russian Federation,111753,108854,44251,43098,67502,65756
   Kyrgyzstan,   Viet Nam,107,102,68,65,39,37
   Kyrgyzstan,   Tajikistan,2205,2146,1065,1037,1140,1109
   Kyrgyzstan,   Turkey,1051,1021,497,484,554,537
   Kyrgyzstan,   Turkmenistan,1001,973,422,410,579,563
   Kyrgyzstan,   Ukraine*,26771,26066,10431,10158,16340,15908
   Kyrgyzstan,   Uzbekistan,9183,8940,4015,3910,5168,5030
   Kyrgyzstan,Other,4401,4282,1902,1851,2499,2431
   Tajikistan,WORLD,275101,276031,118639,119174,156462,156857
   Tajikistan,  Sub-Saharan Africa,45,41,23,23,22,18
   Tajikistan,  Northern Africa and Western Asia,2030,2024,1005,1011,1025,1013
   Tajikistan,  Central and Southern Asia,34437,34554,16647,16699,17790,17855
   Tajikistan,  Eastern and South-Eastern Asia,226,221,136,137,90,84
   Tajikistan,  Latin America and the Caribbean,22,20,11,11,11,9
   Tajikistan,  Oceania (excluding Australia and New Zealand),0,0,0,0,0,0
   Tajikistan,  Australia and New Zealand,109,107,52,52,57,55
   Tajikistan,  Europe and Northern America,237932,238766,100639,101114,137293,137652
   Tajikistan,  Developed regions,238041,238873,100691,101166,137350,137707
   Tajikistan,  Less developed regions,36760,36860,17822,17881,18938,18979
   Tajikistan," Less developed regions, excluding least developed countries",24322,24386,12249,12292,12073,12094
   Tajikistan," Less developed regions, excluding China",36712,36814,17791,17850,18921,18964
   Tajikistan,  Least developed countries,12438,12474,5573,5589,6865,6885
   Tajikistan,  Land-locked Developing Countries (LLDC),33713,33823,16023,16073,17690,17750
   Tajikistan,  Small island developing States (SIDS),22,20,11,11,11,9
   Tajikistan,  High-income countries,1292,1270,746,749,546,521
   Tajikistan,  Middle-income countries,260939,261856,112113,112627,148826,149229
   Tajikistan, Upper-middle-income countries,239229,240072,101172,101650,138057,138422
   Tajikistan, Lower-middle-income countries,21710,21784,10941,10977,10769,10807
   Tajikistan,  Low-income countries,12570,12607,5654,5671,6916,6936
   Tajikistan, AFRICA,174,169,81,82,93,87
   Tajikistan,  Eastern Africa,23,21,12,12,11,9
   Tajikistan,  Middle Africa,0,0,0,0,0,0
   Tajikistan,  Northern Africa,129,128,58,59,71,69
   Tajikistan,  Southern Africa,0,0,0,0,0,0
   Tajikistan,  Western Africa,22,20,11,11,11,9
   Tajikistan, ASIA,36564,36671,17730,17788,18834,18883
   Tajikistan,  Central Asia,20125,20200,10027,10058,10098,10142
   Tajikistan,  Eastern Asia,203,200,124,125,79,75
   Tajikistan,  South-Eastern Asia,23,21,12,12,11,9
   Tajikistan,  Southern Asia,14312,14354,6620,6641,7692,7713
   Tajikistan,  Western Asia,1901,1896,947,952,954,944
   Tajikistan, EUROPE,237609,238446,100466,100941,137143,137505
   Tajikistan,  Eastern Europe,236867,237713,100005,100477,136862,137236
   Tajikistan,  Northern Europe,444,442,311,313,133,129
   Tajikistan,  Southern Europe,0,0,0,0,0,0
   Tajikistan,  Western Europe,298,291,150,151,148,140
   Tajikistan, LATIN AMERICA AND THE CARIBBEAN,22,20,11,11,11,9
   Tajikistan,  Caribbean,22,20,11,11,11,9
   Tajikistan,  Central America,0,0,0,0,0,0
   Tajikistan,  South America,0,0,0,0,0,0
   Tajikistan, NORTHERN AMERICA,323,320,173,173,150,147
   Tajikistan, OCEANIA ,109,107,52,52,57,55
   Tajikistan,  Australia and New Zealand,109,107,52,52,57,55
   Tajikistan,  Melanesia,0,0,0,0,0,0
   Tajikistan,  Micronesia,0,0,0,0,0,0
   Tajikistan,  Polynesia*,0,0,0,0,0,0
   Tajikistan,   Afghanistan,12393,12433,5550,5566,6843,6867
   Tajikistan,   Algeria,129,128,58,59,71,69
   Tajikistan,   Azerbaijan*,169,168,64,65,105,103
   Tajikistan,   Austria,63,61,29,29,34,32
   Tajikistan,   Armenia,194,193,75,76,119,117
   Tajikistan,   Brunei Darussalam,23,21,12,12,11,9
   Tajikistan,   Belarus,680,680,277,277,403,403
   Tajikistan,   Canada,49,47,27,27,22,20
   Tajikistan,   China*,48,46,31,31,17,15
   Tajikistan,   Denmark*,130,129,79,80,51,49
   Tajikistan,   Georgia*,664,664,341,342,323,322
   Tajikistan,   Germany,133,132,74,75,59,57
   Tajikistan,   India,617,618,386,388,231,230
   Tajikistan,   Iran (Islamic Republic of),1197,1200,630,633,567,567
   Tajikistan,   Iraq,62,60,34,34,28,26
   Tajikistan,   Kazakhstan,839,840,400,401,439,439
   Tajikistan,   Dem. People's Republic of Korea,155,154,93,94,62,60
   Tajikistan,   Kyrgyzstan,11301,11351,5767,5780,5534,5571
   Tajikistan,   Republic of Moldova*,787,788,284,285,503,503
   Tajikistan,   Oman,36,34,18,18,18,16
   Tajikistan,   Netherlands*,50,48,18,18,32,30
   Tajikistan,   New Zealand*,109,107,52,52,57,55
   Tajikistan,   Niger,22,20,11,11,11,9
   Tajikistan,   Pakistan,105,103,54,54,51,49
   Tajikistan,   Poland,37,35,19,19,18,16
   Tajikistan,   Russian Federation,234154,234998,98688,99156,135466,135842
   Tajikistan,   Switzerland,52,50,29,29,23,21
   Tajikistan,   Turkey,776,777,415,417,361,360
   Tajikistan,   Turkmenistan,446,446,217,218,229,228
   Tajikistan,   Ukraine*,1209,1212,737,740,472,472
   Tajikistan,   United Kingdom*,314,313,232,233,82,80
   Tajikistan,   United States of America*,274,273,146,146,128,127
   Tajikistan,   United States Virgin Islands*,22,20,11,11,11,9
   Tajikistan,   Uzbekistan,7539,7563,3643,3659,3896,3904
   Tajikistan,   Zambia,23,21,12,12,11,9
   Tajikistan,Other,300,298,126,127,174,171
   Turkmenistan,WORLD,196376,194920,91531,92357,104845,102563
   Turkmenistan,  Sub-Saharan Africa,0,0,0,0,0,0
   Turkmenistan,  Northern Africa and Western Asia,14767,14654,7171,7227,7596,7427
   Turkmenistan,  Central and Southern Asia,91263,90547,42856,43212,48407,47335
   Turkmenistan,  Eastern and South-Eastern Asia,0,0,0,0,0,0
   Turkmenistan,  Latin America and the Caribbean,0,0,0,0,0,0
   Turkmenistan,  Oceania (excluding Australia and New Zealand),0,0,0,0,0,0
   Turkmenistan,  Australia and New Zealand,0,0,0,0,0,0
   Turkmenistan,  Europe and Northern America,86262,85623,39320,39703,46942,45920
   Turkmenistan,  Developed regions,86262,85623,39320,39703,46942,45920
   Turkmenistan,  Less developed regions,106030,105201,50027,50439,56003,54762
   Turkmenistan," Less developed regions, excluding least developed countries",105799,105003,49911,50340,55888,54663
   Turkmenistan," Less developed regions, excluding China",106030,105201,50027,50439,56003,54762
   Turkmenistan,  Least developed countries,231,198,116,99,115,99
   Turkmenistan,  Land-locked Developing Countries (LLDC),104126,103314,49097,49503,55029,53811
   Turkmenistan,  Small island developing States (SIDS),0,0,0,0,0,0
   Turkmenistan,  High-income countries,1038,1029,432,438,606,591
   Turkmenistan,  Middle-income countries,189545,188132,88060,88873,101485,99259
   Turkmenistan, Upper-middle-income countries,114028,113177,52684,53173,61344,60004
   Turkmenistan, Lower-middle-income countries,75517,74955,35376,35700,40141,39255
   Turkmenistan,  Low-income countries,1709,1663,855,831,854,832
   Turkmenistan, AFRICA,0,0,0,0,0,0
   Turkmenistan,  Eastern Africa,0,0,0,0,0,0
   Turkmenistan,  Middle Africa,0,0,0,0,0,0
   Turkmenistan,  Northern Africa,0,0,0,0,0,0
   Turkmenistan,  Southern Africa,0,0,0,0,0,0
   Turkmenistan,  Western Africa,0,0,0,0,0,0
   Turkmenistan, ASIA,106030,105201,50027,50439,56003,54762
   Turkmenistan,  Central Asia,89128,88462,41810,42177,47318,46285
   Turkmenistan,  Eastern Asia,0,0,0,0,0,0
   Turkmenistan,  South-Eastern Asia,0,0,0,0,0,0
   Turkmenistan,  Southern Asia,2135,2085,1046,1035,1089,1050
   Turkmenistan,  Western Asia,14767,14654,7171,7227,7596,7427
   Turkmenistan, EUROPE,86262,85623,39320,39703,46942,45920
   Turkmenistan,  Eastern Europe,85224,84594,38888,39265,46336,45329
   Turkmenistan,  Northern Europe,0,0,0,0,0,0
   Turkmenistan,  Southern Europe,0,0,0,0,0,0
   Turkmenistan,  Western Europe,1038,1029,432,438,606,591
   Turkmenistan, LATIN AMERICA AND THE CARIBBEAN,0,0,0,0,0,0
   Turkmenistan,  Caribbean,0,0,0,0,0,0
   Turkmenistan,  Central America,0,0,0,0,0,0
   Turkmenistan,  South America,0,0,0,0,0,0
   Turkmenistan, NORTHERN AMERICA,0,0,0,0,0,0
   Turkmenistan, OCEANIA ,0,0,0,0,0,0
   Turkmenistan,  Australia and New Zealand,0,0,0,0,0,0
   Turkmenistan,  Melanesia,0,0,0,0,0,0
   Turkmenistan,  Micronesia,0,0,0,0,0,0
   Turkmenistan,  Polynesia*,0,0,0,0,0,0
   Turkmenistan,   Afghanistan,231,198,116,99,115,99
   Turkmenistan,   Azerbaijan*,7654,7596,3732,3762,3922,3834
   Turkmenistan,   Armenia,7113,7058,3439,3465,3674,3593
   Turkmenistan,   Belarus,2059,2042,1323,1323,736,719
   Turkmenistan,   Germany,1038,1029,432,438,606,591
   Turkmenistan,   Iran (Islamic Republic of),1904,1887,930,936,974,951
   Turkmenistan,   Kazakhstan,20145,19994,9726,9804,10419,10190
   Turkmenistan,   Russian Federation,75153,74600,33534,33883,41619,40717
   Turkmenistan,   Tajikistan,1478,1465,739,732,739,733
   Turkmenistan,   Ukraine*,8012,7952,4031,4059,3981,3893
   Turkmenistan,   Uzbekistan,67505,67003,31345,31641,36160,35362
   Turkmenistan,Other,4084,4096,2184,2215,1900,1881
   Uzbekistan,WORLD,1170873,1162007,545721,543364,625152,618643
   Uzbekistan,  Sub-Saharan Africa,0,0,0,0,0,0
   Uzbekistan,  Northern Africa and Western Asia,26227,26025,13809,13739,12418,12286
   Uzbekistan,  Central and Southern Asia,30347,30112,14702,14634,15645,15478
   Uzbekistan,  Eastern and South-Eastern Asia,0,0,0,0,0,0
   Uzbekistan,  Latin America and the Caribbean,0,0,0,0,0,0
   Uzbekistan,  Oceania (excluding Australia and New Zealand),0,0,0,0,0,0
   Uzbekistan,  Australia and New Zealand,0,0,0,0,0,0
   Uzbekistan,  Europe and Northern America,1037434,1029578,479005,476958,558429,552620
   Uzbekistan,  Developed regions,1037434,1029578,479005,476958,558429,552620
   Uzbekistan,  Less developed regions,56574,56137,28511,28373,28063,27764
   Uzbekistan," Less developed regions, excluding least developed countries",56574,56137,28511,28373,28063,27764
   Uzbekistan," Less developed regions, excluding China",56574,56137,28511,28373,28063,27764
   Uzbekistan,  Least developed countries,0,0,0,0,0,0
   Uzbekistan,  Land-locked Developing Countries (LLDC),56574,56137,28511,28373,28063,27764
   Uzbekistan,  Small island developing States (SIDS),0,0,0,0,0,0
   Uzbekistan,  High-income countries,8610,8543,4069,4051,4541,4492
   Uzbekistan,  Middle-income countries,1073902,1065764,497387,495250,576515,570514
   Uzbekistan, Upper-middle-income countries,944406,937250,436613,434740,507793,502510
   Uzbekistan, Lower-middle-income countries,129496,128514,60774,60510,68722,68004
   Uzbekistan,  Low-income countries,11496,11408,6060,6030,5436,5378
   Uzbekistan, AFRICA,0,0,0,0,0,0
   Uzbekistan,  Eastern Africa,0,0,0,0,0,0
   Uzbekistan,  Middle Africa,0,0,0,0,0,0
   Uzbekistan,  Northern Africa,0,0,0,0,0,0
   Uzbekistan,  Southern Africa,0,0,0,0,0,0
   Uzbekistan,  Western Africa,0,0,0,0,0,0
   Uzbekistan, ASIA,56574,56137,28511,28373,28063,27764
   Uzbekistan,  Central Asia,30347,30112,14702,14634,15645,15478
   Uzbekistan,  Eastern Asia,0,0,0,0,0,0
   Uzbekistan,  South-Eastern Asia,0,0,0,0,0,0
   Uzbekistan,  Southern Asia,0,0,0,0,0,0
   Uzbekistan,  Western Asia,26227,26025,13809,13739,12418,12286
   Uzbekistan, EUROPE,1037434,1029578,479005,476958,558429,552620
   Uzbekistan,  Eastern Europe,1028824,1021035,474936,472907,553888,548128
   Uzbekistan,  Northern Europe,0,0,0,0,0,0
   Uzbekistan,  Southern Europe,0,0,0,0,0,0
   Uzbekistan,  Western Europe,8610,8543,4069,4051,4541,4492
   Uzbekistan, LATIN AMERICA AND THE CARIBBEAN,0,0,0,0,0,0
   Uzbekistan,  Caribbean,0,0,0,0,0,0
   Uzbekistan,  Central America,0,0,0,0,0,0
   Uzbekistan,  South America,0,0,0,0,0,0
   Uzbekistan, NORTHERN AMERICA,0,0,0,0,0,0
   Uzbekistan, OCEANIA ,0,0,0,0,0,0
   Uzbekistan,  Australia and New Zealand,0,0,0,0,0,0
   Uzbekistan,  Melanesia,0,0,0,0,0,0
   Uzbekistan,  Micronesia,0,0,0,0,0,0
   Uzbekistan,  Polynesia*,0,0,0,0,0,0
   Uzbekistan,   Azerbaijan*,20357,20201,10745,10690,9612,9511
   Uzbekistan,   Armenia,5870,5824,3064,3049,2806,2775
   Uzbekistan,   Belarus,26532,26330,12881,12822,13651,13508
   Uzbekistan,   Germany,8610,8543,4069,4051,4541,4492
   Uzbekistan,   Kazakhstan,13194,13092,5969,5943,7225,7149
   Uzbekistan,   Kyrgyzstan,4894,4856,2221,2212,2673,2644
   Uzbekistan,   Russian Federation,877690,871047,403502,401787,474188,469260
   Uzbekistan,   Tajikistan,11496,11408,6060,6030,5436,5378
   Uzbekistan,   Turkmenistan,763,756,452,449,311,307
   Uzbekistan,   Ukraine*,124602,123658,58553,58298,66049,65360
   Uzbekistan,Other,76865,76292,38205,38033,38660,38259
  Eastern Asia,WORLD,7866663,8975729,3744128,4277681,4122535,4698048
  Eastern Asia,  Sub-Saharan Africa,6907,9420,3385,4726,3522,4694
  Eastern Asia,  Northern Africa and Western Asia,1969,2195,883,985,1086,1210
  Eastern Asia,  Central and Southern Asia,231903,317882,139855,186117,92048,131765
  Eastern Asia,  Eastern and South-Eastern Asia,6640059,7382944,3085626,3392525,3554433,3990419
  Eastern Asia,  Latin America and the Caribbean,292094,331677,152352,172825,139742,158852
  Eastern Asia,  Oceania (excluding Australia and New Zealand),0,0,0,0,0,0
  Eastern Asia,  Australia and New Zealand,33770,40224,18695,23086,15075,17138
  Eastern Asia,  Europe and Northern America,290678,341949,168438,197093,122240,144856
  Eastern Asia,  Developed regions,361768,425392,204189,236945,157579,188447
  Eastern Asia,  Less developed regions,7135612,8000899,3365045,3740412,3770567,4260487
  Eastern Asia," Less developed regions, excluding least developed countries",7012850,7833182,3294739,3652310,3718111,4180872
  Eastern Asia," Less developed regions, excluding China",2730200,3346749,1345060,1659529,1385140,1687220
  Eastern Asia,  Least developed countries,122762,167717,70306,88102,52456,79615
  Eastern Asia,  Land-locked Developing Countries (LLDC),108562,141262,73024,89826,35538,51436
  Eastern Asia,  Small island developing States (SIDS),12331,13342,5261,5500,7070,7842
  Eastern Asia,  High-income countries,1263022,1357467,694568,745535,568454,611932
  Eastern Asia,  Middle-income countries,6233725,7068146,2874238,3231362,3359487,3836784
  Eastern Asia, Upper-middle-income countries,4845640,5249835,2185534,2332160,2660106,2917675
  Eastern Asia, Lower-middle-income countries,1388085,1818311,688704,899202,699381,919109
  Eastern Asia,  Low-income countries,633,678,428,460,205,218
  Eastern Asia, AFRICA,8654,11379,4165,5601,4489,5778
  Eastern Asia,  Eastern Africa,0,0,0,0,0,0
  Eastern Asia,  Middle Africa,0,0,0,0,0,0
  Eastern Asia,  Northern Africa,1747,1959,780,875,967,1084
  Eastern Asia,  Southern Africa,1212,2160,510,909,702,1251
  Eastern Asia,  Western Africa,5695,7260,2875,3817,2820,3443
  Eastern Asia, ASIA,6872184,7701062,3225584,3578752,3646600,4122310
  Eastern Asia,  Central Asia,45633,59664,33304,43336,12329,16328
  Eastern Asia,  Eastern Asia,5070782,5342694,2370204,2441375,2700578,2901319
  Eastern Asia,  South-Eastern Asia,1569277,2040250,715422,951150,853855,1089100
  Eastern Asia,  Southern Asia,186270,258218,106551,142781,79719,115437
  Eastern Asia,  Western Asia,222,236,103,110,119,126
  Eastern Asia, EUROPE,107266,126271,55268,63948,51998,62323
  Eastern Asia,  Eastern Europe,18288,22061,7659,8938,10629,13123
  Eastern Asia,  Northern Europe,49580,56013,27709,31187,21871,24826
  Eastern Asia,  Southern Europe,9634,11814,4577,5550,5057,6264
  Eastern Asia,  Western Europe,29764,36383,15323,18273,14441,18110
  Eastern Asia, LATIN AMERICA AND THE CARIBBEAN,292094,331677,152352,172825,139742,158852
  Eastern Asia,  Caribbean,0,0,0,0,0,0
  Eastern Asia,  Central America,2141,2735,956,1222,1185,1513
  Eastern Asia,  South America,289953,328942,151396,171603,138557,157339
  Eastern Asia, NORTHERN AMERICA,183412,215678,113170,133145,70242,82533
  Eastern Asia, OCEANIA ,33770,40224,18695,23086,15075,17138
  Eastern Asia,  Australia and New Zealand,33770,40224,18695,23086,15075,17138
  Eastern Asia,  Melanesia,0,0,0,0,0,0
  Eastern Asia,  Micronesia,0,0,0,0,0,0
  Eastern Asia,  Polynesia*,0,0,0,0,0,0
  Eastern Asia,   Burundi,0,0,0,0,0,0
  Eastern Asia,   Comoros,0,0,0,0,0,0
  Eastern Asia,   Djibouti,0,0,0,0,0,0
  Eastern Asia,   Eritrea,0,0,0,0,0,0
  Eastern Asia,   Ethiopia,0,0,0,0,0,0
  Eastern Asia,   Kenya,0,0,0,0,0,0
  Eastern Asia,   Madagascar,0,0,0,0,0,0
  Eastern Asia,   Malawi,0,0,0,0,0,0
  Eastern Asia,   Mauritius*,0,0,0,0,0,0
  Eastern Asia,   Mayotte*,0,0,0,0,0,0
  Eastern Asia,   Mozambique,0,0,0,0,0,0
  Eastern Asia,   Réunion*,0,0,0,0,0,0
  Eastern Asia,   Rwanda,0,0,0,0,0,0
  Eastern Asia,   Seychelles,0,0,0,0,0,0
  Eastern Asia,   Somalia,0,0,0,0,0,0
  Eastern Asia,   South Sudan,0,0,0,0,0,0
  Eastern Asia,   Uganda,0,0,0,0,0,0
  Eastern Asia,   United Republic of Tanzania*,0,0,0,0,0,0
  Eastern Asia,   Zambia,0,0,0,0,0,0
  Eastern Asia,   Zimbabwe,0,0,0,0,0,0
  Eastern Asia,   Angola,0,0,0,0,0,0
  Eastern Asia,   Cameroon,0,0,0,0,0,0
  Eastern Asia,   Central African Republic,0,0,0,0,0,0
  Eastern Asia,   Chad,0,0,0,0,0,0
  Eastern Asia,   Congo,0,0,0,0,0,0
  Eastern Asia,   Democratic Republic of the Congo,0,0,0,0,0,0
  Eastern Asia,   Equatorial Guinea,0,0,0,0,0,0
  Eastern Asia,   Gabon,0,0,0,0,0,0
  Eastern Asia,   Sao Tome and Principe,0,0,0,0,0,0
  Eastern Asia,   Algeria,0,0,0,0,0,0
  Eastern Asia,   Egypt,1747,1959,780,875,967,1084
  Eastern Asia,   Libya,0,0,0,0,0,0
  Eastern Asia,   Morocco,0,0,0,0,0,0
  Eastern Asia,   Sudan,0,0,0,0,0,0
  Eastern Asia,   Tunisia,0,0,0,0,0,0
  Eastern Asia,   Western Sahara,0,0,0,0,0,0
  Eastern Asia,   Botswana,0,0,0,0,0,0
  Eastern Asia,   Eswatini,0,0,0,0,0,0
  Eastern Asia,   Lesotho,0,0,0,0,0,0
  Eastern Asia,   Namibia,0,0,0,0,0,0
  Eastern Asia,   South Africa,1212,2160,510,909,702,1251
  Eastern Asia,   Benin,0,0,0,0,0,0
  Eastern Asia,   Burkina Faso,0,0,0,0,0,0
  Eastern Asia,   Cabo Verde,0,0,0,0,0,0
  Eastern Asia,   Côte d'Ivoire,0,0,0,0,0,0
  Eastern Asia,   Gambia,0,0,0,0,0,0
  Eastern Asia,   Ghana,2005,2375,895,1061,1110,1314
  Eastern Asia,   Guinea,0,0,0,0,0,0
  Eastern Asia,   Guinea-Bissau,0,0,0,0,0,0
  Eastern Asia,   Liberia,0,0,0,0,0,0
  Eastern Asia,   Mali,0,0,0,0,0,0
  Eastern Asia,   Mauritania,0,0,0,0,0,0
  Eastern Asia,   Niger,0,0,0,0,0,0
  Eastern Asia,   Nigeria,3690,4885,1980,2756,1710,2129
  Eastern Asia,   Saint Helena*,0,0,0,0,0,0
  Eastern Asia,   Senegal,0,0,0,0,0,0
  Eastern Asia,   Sierra Leone,0,0,0,0,0,0
  Eastern Asia,   Togo,0,0,0,0,0,0
  Eastern Asia,   Kazakhstan,1134,1937,538,1002,596,935
  Eastern Asia,   Kyrgyzstan,851,2126,486,1216,365,910
  Eastern Asia,   Tajikistan,0,0,0,0,0,0
  Eastern Asia,   Turkmenistan,0,0,0,0,0,0
  Eastern Asia,   Uzbekistan,43648,55601,32280,41118,11368,14483
  Eastern Asia,   China*,4102862,4328585,1846670,1895377,2256192,2433208
  Eastern Asia,"   China, Hong Kong SAR*",213791,232233,132582,144022,81209,88211
  Eastern Asia,"   China, Macao SAR*",88759,93332,40733,41484,48026,51848
  Eastern Asia,"   China, Taiwan Province of China*",0,0,0,0,0,0
  Eastern Asia,   Dem. People's Republic of Korea,633,678,428,460,205,218
  Eastern Asia,   Japan,37320,43219,17056,16766,20264,26453
  Eastern Asia,   Mongolia,24452,31107,14037,17507,10415,13600
  Eastern Asia,   Republic of Korea,602965,613540,318698,325759,284267,287781
  Eastern Asia,   Brunei Darussalam,0,0,0,0,0,0
  Eastern Asia,   Cambodia,44432,58772,21957,27980,22475,30792
  Eastern Asia,   Indonesia,242441,280004,74686,86784,167755,193220
  Eastern Asia,   Lao People's Democratic Republic,1,0,1,0,0,0
  Eastern Asia,   Malaysia*,29677,33093,14319,15688,15358,17405
  Eastern Asia,   Myanmar,18128,26922,10428,15671,7700,11251
  Eastern Asia,   Philippines,482548,553251,175258,205706,307290,347545
  Eastern Asia,   Singapore,12331,13342,5261,5500,7070,7842
  Eastern Asia,   Thailand,155047,246360,87517,148876,67530,97484
  Eastern Asia,   Timor-Leste,0,0,0,0,0,0
  Eastern Asia,   Viet Nam,584672,828506,325995,444945,258677,383561
  Eastern Asia,   Afghanistan,0,0,0,0,0,0
  Eastern Asia,   Bangladesh,21728,31534,12241,15470,9487,16064
  Eastern Asia,   Bhutan,0,0,0,0,0,0
  Eastern Asia,   India,55635,68336,27446,32903,28189,35433
  Eastern Asia,   Iran (Islamic Republic of),4359,5411,1944,2414,2415,2997
  Eastern Asia,   Maldives,0,0,0,0,0,0
  Eastern Asia,   Nepal,38473,50489,25679,28981,12794,21508
  Eastern Asia,   Pakistan,28028,38643,16357,24196,11671,14447
  Eastern Asia,   Sri Lanka,38047,63805,22884,38817,15163,24988
  Eastern Asia,   Armenia,0,0,0,0,0,0
  Eastern Asia,   Azerbaijan*,0,0,0,0,0,0
  Eastern Asia,   Bahrain,0,0,0,0,0,0
  Eastern Asia,   Cyprus*,0,0,0,0,0,0
  Eastern Asia,   Georgia*,0,0,0,0,0,0
  Eastern Asia,   Iraq,0,0,0,0,0,0
  Eastern Asia,   Israel,0,0,0,0,0,0
  Eastern Asia,   Jordan,0,0,0,0,0,0
  Eastern Asia,   Kuwait,0,0,0,0,0,0
  Eastern Asia,   Lebanon,0,0,0,0,0,0
  Eastern Asia,   Oman,0,0,0,0,0,0
  Eastern Asia,   Qatar,0,0,0,0,0,0
  Eastern Asia,   Saudi Arabia,0,0,0,0,0,0
  Eastern Asia,   State of Palestine*,0,0,0,0,0,0
  Eastern Asia,   Syrian Arab Republic,0,0,0,0,0,0
  Eastern Asia,   Turkey,222,236,103,110,119,126
  Eastern Asia,   United Arab Emirates,0,0,0,0,0,0
  Eastern Asia,   Yemen,0,0,0,0,0,0
  Eastern Asia,   Belarus,0,0,0,0,0,0
  Eastern Asia,   Bulgaria,16,15,12,12,4,3
  Eastern Asia,   Czechia,18,18,11,12,7,6
  Eastern Asia,   Hungary,11,10,5,5,6,5
  Eastern Asia,   Poland,1666,1661,747,746,919,915
  Eastern Asia,   Republic of Moldova*,0,0,0,0,0,0
  Eastern Asia,   Romania,0,0,0,0,0,0
  Eastern Asia,   Russian Federation,16574,20355,6881,8161,9693,12194
  Eastern Asia,   Slovakia,3,2,3,2,0,0
  Eastern Asia,   Ukraine*,0,0,0,0,0,0
  Eastern Asia,   Channel Islands*,0,0,0,0,0,0
  Eastern Asia,   Denmark*,574,712,257,319,317,393
  Eastern Asia,   Estonia,0,0,0,0,0,0
  Eastern Asia,   Faroe Islands*,0,0,0,0,0,0
  Eastern Asia,   Finland*,681,843,305,378,376,465
  Eastern Asia,   Iceland,0,0,0,0,0,0
  Eastern Asia,   Ireland,1843,2146,897,1025,946,1121
  Eastern Asia,   Isle of Man*,0,0,0,0,0,0
  Eastern Asia,   Latvia,0,0,0,0,0,0
  Eastern Asia,   Lithuania,0,0,0,0,0,0
  Eastern Asia,   Norway*,456,566,204,254,252,312
  Eastern Asia,   Sweden,1805,1782,805,795,1000,987
  Eastern Asia,   United Kingdom*,44221,49964,25241,28416,18980,21548
  Eastern Asia,   Albania,0,0,0,0,0,0
  Eastern Asia,   Andorra,0,0,0,0,0,0
  Eastern Asia,   Bosnia and Herzegovina,0,0,0,0,0,0
  Eastern Asia,   Croatia,0,0,0,0,0,0
  Eastern Asia,   Gibraltar*,0,0,0,0,0,0
  Eastern Asia,   Greece,0,0,0,0,0,0
  Eastern Asia,   Holy See*,0,0,0,0,0,0
  Eastern Asia,   Italy,4199,5184,1972,2408,2227,2776
  Eastern Asia,   Malta,0,0,0,0,0,0
  Eastern Asia,   Montenegro,0,0,0,0,0,0
  Eastern Asia,   North Macedonia,3,2,3,2,0,0
  Eastern Asia,   Portugal,2536,2793,1299,1424,1237,1369
  Eastern Asia,   San Marino,0,0,0,0,0,0
  Eastern Asia,   Serbia*,0,0,0,0,0,0
  Eastern Asia,   Slovenia,0,0,0,0,0,0
  Eastern Asia,   Spain*,2896,3835,1303,1716,1593,2119
  Eastern Asia,   Austria,564,695,255,315,309,380
  Eastern Asia,   Belgium,685,850,307,381,378,469
  Eastern Asia,   France*,14806,18533,7362,9071,7444,9462
  Eastern Asia,   Germany,9836,11851,5323,6175,4513,5676
  Eastern Asia,   Liechtenstein,0,0,0,0,0,0
  Eastern Asia,   Luxembourg,0,0,0,0,0,0
  Eastern Asia,   Monaco,0,0,0,0,0,0
  Eastern Asia,   Netherlands*,2066,2361,1105,1232,961,1129
  Eastern Asia,   Switzerland,1807,2093,971,1099,836,994
  Eastern Asia,   Anguilla*,0,0,0,0,0,0
  Eastern Asia,   Antigua and Barbuda,0,0,0,0,0,0
  Eastern Asia,   Aruba*,0,0,0,0,0,0
  Eastern Asia,   Bahamas,0,0,0,0,0,0
  Eastern Asia,   Barbados,0,0,0,0,0,0
  Eastern Asia,"   Bonaire, Sint Eustatius and Saba*",0,0,0,0,0,0
  Eastern Asia,   British Virgin Islands*,0,0,0,0,0,0
  Eastern Asia,   Cayman Islands*,0,0,0,0,0,0
  Eastern Asia,   Cuba,0,0,0,0,0,0
  Eastern Asia,   Curaçao*,0,0,0,0,0,0
  Eastern Asia,   Dominica,0,0,0,0,0,0
  Eastern Asia,   Dominican Republic,0,0,0,0,0,0
  Eastern Asia,   Grenada,0,0,0,0,0,0
  Eastern Asia,   Guadeloupe*,0,0,0,0,0,0
  Eastern Asia,   Haiti,0,0,0,0,0,0
  Eastern Asia,   Jamaica,0,0,0,0,0,0
  Eastern Asia,   Martinique*,0,0,0,0,0,0
  Eastern Asia,   Montserrat*,0,0,0,0,0,0
  Eastern Asia,   Puerto Rico*,0,0,0,0,0,0
  Eastern Asia,   Saint Barthélemy*,0,0,0,0,0,0
  Eastern Asia,   Saint Kitts and Nevis,0,0,0,0,0,0
  Eastern Asia,   Saint Lucia,0,0,0,0,0,0
  Eastern Asia,   Saint Martin (French part)*,0,0,0,0,0,0
  Eastern Asia,   Saint Vincent and the Grenadines,0,0,0,0,0,0
  Eastern Asia,   Sint Maarten (Dutch part)*,0,0,0,0,0,0
  Eastern Asia,   Trinidad and Tobago,0,0,0,0,0,0
  Eastern Asia,   Turks and Caicos Islands*,0,0,0,0,0,0
  Eastern Asia,   United States Virgin Islands*,0,0,0,0,0,0
  Eastern Asia,   Belize,0,0,0,0,0,0
  Eastern Asia,   Costa Rica,0,0,0,0,0,0
  Eastern Asia,   El Salvador,0,0,0,0,0,0
  Eastern Asia,   Guatemala,0,0,0,0,0,0
  Eastern Asia,   Honduras,0,0,0,0,0,0
  Eastern Asia,   Mexico,2141,2735,956,1222,1185,1513
  Eastern Asia,   Nicaragua,0,0,0,0,0,0
  Eastern Asia,   Panama,0,0,0,0,0,0
  Eastern Asia,   Argentina,2924,3629,1304,1619,1620,2010
  Eastern Asia,   Bolivia (Plurinational State of),0,0,0,0,0,0
  Eastern Asia,   Brazil,229173,265257,122360,141103,106813,124154
  Eastern Asia,   Chile,0,0,0,0,0,0
  Eastern Asia,   Colombia,0,0,0,0,0,0
  Eastern Asia,   Ecuador,0,0,0,0,0,0
  Eastern Asia,   Falkland Islands (Malvinas)*,0,0,0,0,0,0
  Eastern Asia,   French Guiana*,0,0,0,0,0,0
  Eastern Asia,   Guyana,0,0,0,0,0,0
  Eastern Asia,   Paraguay,0,0,0,0,0,0
  Eastern Asia,   Peru,57855,60056,27731,28881,30124,31175
  Eastern Asia,   Suriname,0,0,0,0,0,0
  Eastern Asia,   Uruguay,1,0,1,0,0,0
  Eastern Asia,   Venezuela (Bolivarian Republic of),0,0,0,0,0,0
  Eastern Asia,   Bermuda*,0,0,0,0,0,0
  Eastern Asia,   Canada,42435,52794,25856,31180,16579,21614
  Eastern Asia,   Greenland*,0,0,0,0,0,0
  Eastern Asia,   Saint Pierre and Miquelon*,0,0,0,0,0,0
  Eastern Asia,   United States of America*,140977,162884,87314,101965,53663,60919
  Eastern Asia,   Australia*,26644,31166,14473,17481,12171,13685
  Eastern Asia,   New Zealand*,7126,9058,4222,5605,2904,3453
  Eastern Asia,   Fiji,0,0,0,0,0,0
  Eastern Asia,   New Caledonia*,0,0,0,0,0,0
  Eastern Asia,   Papua New Guinea,0,0,0,0,0,0
  Eastern Asia,   Solomon Islands,0,0,0,0,0,0
  Eastern Asia,   Vanuatu,0,0,0,0,0,0
  Eastern Asia,   Guam*,0,0,0,0,0,0
  Eastern Asia,   Kiribati,0,0,0,0,0,0
  Eastern Asia,   Marshall Islands,0,0,0,0,0,0
  Eastern Asia,   Micronesia (Fed. States of),0,0,0,0,0,0
  Eastern Asia,   Nauru,0,0,0,0,0,0
  Eastern Asia,   Northern Mariana Islands*,0,0,0,0,0,0
  Eastern Asia,   Palau,0,0,0,0,0,0
  Eastern Asia,   American Samoa*,0,0,0,0,0,0
  Eastern Asia,   Cook Islands*,0,0,0,0,0,0
  Eastern Asia,   French Polynesia*,0,0,0,0,0,0
  Eastern Asia,   Niue*,0,0,0,0,0,0
  Eastern Asia,   Samoa,0,0,0,0,0,0
  Eastern Asia,   Tokelau*,0,0,0,0,0,0
  Eastern Asia,   Tonga,0,0,0,0,0,0
  Eastern Asia,   Tuvalu,0,0,0,0,0,0
  Eastern Asia,   Wallis and Futuna Islands*,0,0,0,0,0,0
   China*,WORLD,978046,1039675,600136,637952,377910,401723
   China*,  Sub-Saharan Africa,0,0,0,0,0,0
   China*,  Northern Africa and Western Asia,0,0,0,0,0,0
   China*,  Central and Southern Asia,16273,17696,9776,10634,6497,7062
   China*,  Eastern and South-Eastern Asia,744556,785691,457502,482800,287054,302891
   China*,  Latin America and the Caribbean,62568,68057,40244,43775,22324,24282
   China*,  Oceania (excluding Australia and New Zealand),0,0,0,0,0,0
   China*,  Australia and New Zealand,3726,4052,2519,2739,1207,1313
   China*,  Europe and Northern America,33845,36811,22887,24897,10958,11914
   China*,  Developed regions,42437,46155,28738,31260,13699,14895
   China*,  Less developed regions,818531,866152,504190,533585,314341,332567
   China*," Less developed regions, excluding least developed countries",815666,863037,502639,531898,313027,331139
   China*," Less developed regions, excluding China",608495,637679,374249,392242,234246,245437
   China*,  Least developed countries,2865,3115,1551,1687,1314,1428
   China*,  Land-locked Developing Countries (LLDC),0,0,0,0,0,0
   China*,  Small island developing States (SIDS),0,0,0,0,0,0
   China*,  High-income countries,383506,417162,245396,266932,138110,150230
   China*,  Middle-income countries,477462,495145,287532,297913,189930,197232
   China*, Upper-middle-income countries,108206,117697,64506,70167,43700,47530
   China*, Lower-middle-income countries,369256,377448,223026,227746,146230,149702
   China*,  Low-income countries,0,0,0,0,0,0
   China*, AFRICA,0,0,0,0,0,0
   China*,  Eastern Africa,0,0,0,0,0,0
   China*,  Middle Africa,0,0,0,0,0,0
   China*,  Northern Africa,0,0,0,0,0,0
   China*,  Southern Africa,0,0,0,0,0,0
   China*,  Western Africa,0,0,0,0,0,0
   China*, ASIA,760829,803387,467278,493434,293551,309953
   China*,  Central Asia,0,0,0,0,0,0
   China*,  Eastern Asia,348048,378596,221363,240789,126685,137807
   China*,  South-Eastern Asia,396508,407095,236139,242011,160369,165084
   China*,  Southern Asia,16273,17696,9776,10634,6497,7062
   China*,  Western Asia,0,0,0,0,0,0
   China*, EUROPE,8606,9358,5913,6431,2693,2927
   China*,  Eastern Europe,2113,2297,1373,1493,740,804
   China*,  Northern Europe,6493,7061,4540,4938,1953,2123
   China*,  Southern Europe,0,0,0,0,0,0
   China*,  Western Europe,0,0,0,0,0,0
   China*, LATIN AMERICA AND THE CARIBBEAN,62568,68057,40244,43775,22324,24282
   China*,  Caribbean,0,0,0,0,0,0
   China*,  Central America,0,0,0,0,0,0
   China*,  South America,62568,68057,40244,43775,22324,24282
   China*, NORTHERN AMERICA,25239,27453,16974,18466,8265,8987
   China*, OCEANIA ,3726,4052,2519,2739,1207,1313
   China*,  Australia and New Zealand,3726,4052,2519,2739,1207,1313
   China*,  Melanesia,0,0,0,0,0,0
   China*,  Micronesia,0,0,0,0,0,0
   China*,  Polynesia*,0,0,0,0,0,0
   China*,   Australia*,3726,4052,2519,2739,1207,1313
   China*,   Bangladesh,2865,3115,1551,1687,1314,1428
   China*,   Brazil,52956,57602,34061,37050,18895,20552
   China*,   Canada,6151,6691,4212,4584,1939,2107
   China*,   Sri Lanka,3875,4214,1861,2024,2014,2190
   China*,"   China, Hong Kong SAR*",192643,209555,119930,130454,72713,79101
   China*,   India,6393,6953,4259,4633,2134,2320
   China*,   Indonesia,28325,30811,13648,14847,14677,15964
   China*,   Japan,4866,5292,3332,3624,1534,1668
   China*,   Republic of Korea,133146,144831,88090,95822,45056,49009
   China*,"   China, Macao SAR*",17393,18918,10011,10889,7382,8029
   China*,   Malaysia*,4370,4753,2893,3147,1477,1606
   China*,   Pakistan,3140,3414,2105,2290,1035,1124
   China*,   Peru,9612,10455,6183,6725,3429,3730
   China*,   Philippines,52087,56657,28618,31130,23469,25527
   China*,   Russian Federation,2113,2297,1373,1493,740,804
   China*,   Viet Nam,300896,303095,184632,185982,116264,117113
   China*,   Thailand,10830,11779,6348,6905,4482,4874
   China*,   United Kingdom*,6493,7061,4540,4938,1953,2123
   China*,   United States of America*,19088,20762,12762,13882,6326,6880
   China*,Other,117078,127368,67208,73107,49870,54261
"   China, Hong Kong SAR*",WORLD,2841113,2962492,1120982,1107970,1720131,1854522
"   China, Hong Kong SAR*",  Sub-Saharan Africa,0,0,0,0,0,0
"   China, Hong Kong SAR*",  Northern Africa and Western Asia,0,0,0,0,0,0
"   China, Hong Kong SAR*",  Central and Southern Asia,36147,37688,17275,17345,18872,20343
"   China, Hong Kong SAR*",  Eastern and South-Eastern Asia,2708211,2823907,1059268,1050215,1648943,1773692
"   China, Hong Kong SAR*",  Latin America and the Caribbean,0,0,0,0,0,0
"   China, Hong Kong SAR*",  Oceania (excluding Australia and New Zealand),0,0,0,0,0,0
"   China, Hong Kong SAR*",  Australia and New Zealand,11347,11831,6105,6181,5242,5650
"   China, Hong Kong SAR*",  Europe and Northern America,53464,55742,30530,31020,22934,24722
"   China, Hong Kong SAR*",  Developed regions,79008,82376,43520,44121,35488,38255
"   China, Hong Kong SAR*",  Less developed regions,2730161,2846792,1069658,1060640,1660503,1786152
"   China, Hong Kong SAR*"," Less developed regions, excluding least developed countries",2720375,2836589,1065118,1056092,1655257,1780497
"   China, Hong Kong SAR*"," Less developed regions, excluding China",349026,363931,48343,43839,300683,320092
"   China, Hong Kong SAR*",  Least developed countries,9786,10203,4540,4548,5246,5655
"   China, Hong Kong SAR*",  Land-locked Developing Countries (LLDC),9342,9741,4270,4273,5072,5468
"   China, Hong Kong SAR*",  Small island developing States (SIDS),9887,10309,4171,4147,5716,6162
"   China, Hong Kong SAR*",  High-income countries,165010,172051,80243,80668,84767,91383
"   China, Hong Kong SAR*",  Middle-income countries,2644159,2757117,1032935,1024093,1611224,1733024
"   China, Hong Kong SAR*", Upper-middle-income countries,2479058,2584967,1008963,1000018,1470095,1584949
"   China, Hong Kong SAR*", Lower-middle-income countries,165101,172150,23972,24075,141129,148075
"   China, Hong Kong SAR*",  Low-income countries,0,0,0,0,0,0
"   China, Hong Kong SAR*", AFRICA,0,0,0,0,0,0
"   China, Hong Kong SAR*",  Eastern Africa,0,0,0,0,0,0
"   China, Hong Kong SAR*",  Middle Africa,0,0,0,0,0,0
"   China, Hong Kong SAR*",  Northern Africa,0,0,0,0,0,0
"   China, Hong Kong SAR*",  Southern Africa,0,0,0,0,0,0
"   China, Hong Kong SAR*",  Western Africa,0,0,0,0,0,0
"   China, Hong Kong SAR*", ASIA,2744358,2861595,1076543,1067560,1667815,1794035
"   China, Hong Kong SAR*",  Central Asia,0,0,0,0,0,0
"   China, Hong Kong SAR*",  Eastern Asia,2400168,2502706,1030040,1025533,1370128,1477173
"   China, Hong Kong SAR*",  South-Eastern Asia,308043,321201,29228,24682,278815,296519
"   China, Hong Kong SAR*",  Southern Asia,36147,37688,17275,17345,18872,20343
"   China, Hong Kong SAR*",  Western Asia,0,0,0,0,0,0
"   China, Hong Kong SAR*", EUROPE,25531,26617,15506,15812,10025,10805
"   China, Hong Kong SAR*",  Eastern Europe,87,90,10,7,77,83
"   China, Hong Kong SAR*",  Northern Europe,18376,19160,10947,11151,7429,8009
"   China, Hong Kong SAR*",  Southern Europe,1152,1200,620,627,532,573
"   China, Hong Kong SAR*",  Western Europe,5916,6167,3929,4027,1987,2140
"   China, Hong Kong SAR*", LATIN AMERICA AND THE CARIBBEAN,0,0,0,0,0,0
"   China, Hong Kong SAR*",  Caribbean,0,0,0,0,0,0
"   China, Hong Kong SAR*",  Central America,0,0,0,0,0,0
"   China, Hong Kong SAR*",  South America,0,0,0,0,0,0
"   China, Hong Kong SAR*", NORTHERN AMERICA,27933,29125,15024,15208,12909,13917
"   China, Hong Kong SAR*", OCEANIA ,11347,11831,6105,6181,5242,5650
"   China, Hong Kong SAR*",  Australia and New Zealand,11347,11831,6105,6181,5242,5650
"   China, Hong Kong SAR*",  Melanesia,0,0,0,0,0,0
"   China, Hong Kong SAR*",  Micronesia,0,0,0,0,0,0
"   China, Hong Kong SAR*",  Polynesia*,0,0,0,0,0,0
"   China, Hong Kong SAR*",   Australia*,9098,9486,4700,4745,4398,4741
"   China, Hong Kong SAR*",   Bangladesh,444,462,270,275,174,187
"   China, Hong Kong SAR*",   Canada,14672,15298,7856,7950,6816,7348
"   China, Hong Kong SAR*",   China*,2309769,2408447,990593,986206,1319176,1422241
"   China, Hong Kong SAR*","   China, Macao SAR*",71366,74414,30722,30595,40644,43819
"   China, Hong Kong SAR*",   France*,2196,2289,1392,1423,804,866
"   China, Hong Kong SAR*",   Germany,1974,2058,1408,1448,566,610
"   China, Hong Kong SAR*",   India,18019,18788,8181,8182,9838,10606
"   China, Hong Kong SAR*",   Indonesia,134708,140463,9965,5975,124743,134488
"   China, Hong Kong SAR*",   Ireland,695,724,383,388,312,336
"   China, Hong Kong SAR*",   Italy,642,669,385,392,257,277
"   China, Hong Kong SAR*",   Japan,14197,14803,6885,6920,7312,7883
"   China, Hong Kong SAR*",   Malaysia*,15286,15939,6831,6824,8455,9115
"   China, Hong Kong SAR*",   Nepal,9342,9741,4270,4273,5072,5468
"   China, Hong Kong SAR*",   Netherlands*,1020,1063,637,651,383,412
"   China, Hong Kong SAR*",   New Zealand*,2249,2345,1405,1436,844,909
"   China, Hong Kong SAR*",   Pakistan,7560,7882,4309,4378,3251,3504
"   China, Hong Kong SAR*",   Philippines,118015,123056,2920,3045,115095,120011
"   China, Hong Kong SAR*",   Portugal,109,113,45,44,64,69
"   China, Hong Kong SAR*",   Republic of Korea,4836,5042,1840,1812,2996,3230
"   China, Hong Kong SAR*",   Russian Federation,87,90,10,7,77,83
"   China, Hong Kong SAR*",   Singapore,9887,10309,4171,4147,5716,6162
"   China, Hong Kong SAR*",   Spain*,401,418,190,191,211,227
"   China, Hong Kong SAR*",   Sri Lanka,782,815,245,237,537,578
"   China, Hong Kong SAR*",   Switzerland,726,757,492,505,234,252
"   China, Hong Kong SAR*",   Thailand,19208,20028,1564,1006,17644,19022
"   China, Hong Kong SAR*",   United Kingdom*,17681,18436,10564,10763,7117,7673
"   China, Hong Kong SAR*",   United States of America*,13261,13827,7168,7258,6093,6569
"   China, Hong Kong SAR*",   Viet Nam,10939,11406,3777,3685,7162,7721
"   China, Hong Kong SAR*",Other,31944,33324,7804,3209,24140,30115
"   China, Macao SAR*",WORLD,376066,403490,174589,187321,201477,216169
"   China, Macao SAR*",  Sub-Saharan Africa,0,0,0,0,0,0
"   China, Macao SAR*",  Northern Africa and Western Asia,0,0,0,0,0,0
"   China, Macao SAR*",  Central and Southern Asia,0,0,0,0,0,0
"   China, Macao SAR*",  Eastern and South-Eastern Asia,330757,354880,154974,166274,175783,188606
"   China, Macao SAR*",  Latin America and the Caribbean,0,0,0,0,0,0
"   China, Macao SAR*",  Oceania (excluding Australia and New Zealand),0,0,0,0,0,0
"   China, Macao SAR*",  Australia and New Zealand,0,0,0,0,0,0
"   China, Macao SAR*",  Europe and Northern America,1960,2101,1045,1120,915,981
"   China, Macao SAR*",  Developed regions,1960,2101,1045,1120,915,981
"   China, Macao SAR*",  Less developed regions,330757,354880,154974,166274,175783,188606
"   China, Macao SAR*"," Less developed regions, excluding least developed countries",330757,354880,154974,166274,175783,188606
"   China, Macao SAR*"," Less developed regions, excluding China",29643,31801,10694,11473,18949,20328
"   China, Macao SAR*",  Least developed countries,0,0,0,0,0,0
"   China, Macao SAR*",  Land-locked Developing Countries (LLDC),0,0,0,0,0,0
"   China, Macao SAR*",  Small island developing States (SIDS),0,0,0,0,0,0
"   China, Macao SAR*",  High-income countries,22944,24613,13587,14576,9357,10037
"   China, Macao SAR*",  Middle-income countries,309773,332368,142432,152818,167341,179550
"   China, Macao SAR*", Upper-middle-income countries,281649,302195,132124,141759,149525,160436
"   China, Macao SAR*", Lower-middle-income countries,28124,30173,10308,11059,17816,19114
"   China, Macao SAR*",  Low-income countries,0,0,0,0,0,0
"   China, Macao SAR*", AFRICA,0,0,0,0,0,0
"   China, Macao SAR*",  Eastern Africa,0,0,0,0,0,0
"   China, Macao SAR*",  Middle Africa,0,0,0,0,0,0
"   China, Macao SAR*",  Northern Africa,0,0,0,0,0,0
"   China, Macao SAR*",  Southern Africa,0,0,0,0,0,0
"   China, Macao SAR*",  Western Africa,0,0,0,0,0,0
"   China, Macao SAR*", ASIA,330757,354880,154974,166274,175783,188606
"   China, Macao SAR*",  Central Asia,0,0,0,0,0,0
"   China, Macao SAR*",  Eastern Asia,301114,323079,144280,154801,156834,168278
"   China, Macao SAR*",  South-Eastern Asia,29643,31801,10694,11473,18949,20328
"   China, Macao SAR*",  Southern Asia,0,0,0,0,0,0
"   China, Macao SAR*",  Western Asia,0,0,0,0,0,0
"   China, Macao SAR*", EUROPE,1960,2101,1045,1120,915,981
"   China, Macao SAR*",  Eastern Europe,0,0,0,0,0,0
"   China, Macao SAR*",  Northern Europe,0,0,0,0,0,0
"   China, Macao SAR*",  Southern Europe,1960,2101,1045,1120,915,981
"   China, Macao SAR*",  Western Europe,0,0,0,0,0,0
"   China, Macao SAR*", LATIN AMERICA AND THE CARIBBEAN,0,0,0,0,0,0
"   China, Macao SAR*",  Caribbean,0,0,0,0,0,0
"   China, Macao SAR*",  Central America,0,0,0,0,0,0
"   China, Macao SAR*",  South America,0,0,0,0,0,0
"   China, Macao SAR*", NORTHERN AMERICA,0,0,0,0,0,0
"   China, Macao SAR*", OCEANIA ,0,0,0,0,0,0
"   China, Macao SAR*",  Australia and New Zealand,0,0,0,0,0,0
"   China, Macao SAR*",  Melanesia,0,0,0,0,0,0
"   China, Macao SAR*",  Micronesia,0,0,0,0,0,0
"   China, Macao SAR*",  Polynesia*,0,0,0,0,0,0
"   China, Macao SAR*",   China*,280130,300567,131738,141345,148392,159222
"   China, Macao SAR*","   China, Hong Kong SAR*",20984,22512,12542,13456,8442,9056
"   China, Macao SAR*",   Philippines,28124,30173,10308,11059,17816,19114
"   China, Macao SAR*",   Portugal,1960,2101,1045,1120,915,981
"   China, Macao SAR*",   Thailand,1519,1628,386,414,1133,1214
"   China, Macao SAR*",Other,43349,46509,18570,19927,24779,26582
"   China, Taiwan Province of China*",WORLD,0,0,0,0,0,0
"   China, Taiwan Province of China*",  Sub-Saharan Africa,0,0,0,0,0,0
"   China, Taiwan Province of China*",  Northern Africa and Western Asia,0,0,0,0,0,0
"   China, Taiwan Province of China*",  Central and Southern Asia,0,0,0,0,0,0
"   China, Taiwan Province of China*",  Eastern and South-Eastern Asia,0,0,0,0,0,0
"   China, Taiwan Province of China*",  Latin America and the Caribbean,0,0,0,0,0,0
"   China, Taiwan Province of China*",  Oceania (excluding Australia and New Zealand),0,0,0,0,0,0
"   China, Taiwan Province of China*",  Australia and New Zealand,0,0,0,0,0,0
"   China, Taiwan Province of China*",  Europe and Northern America,0,0,0,0,0,0
"   China, Taiwan Province of China*",  Developed regions,0,0,0,0,0,0
"   China, Taiwan Province of China*",  Less developed regions,0,0,0,0,0,0
"   China, Taiwan Province of China*"," Less developed regions, excluding least developed countries",0,0,0,0,0,0
"   China, Taiwan Province of China*"," Less developed regions, excluding China",0,0,0,0,0,0
"   China, Taiwan Province of China*",  Least developed countries,0,0,0,0,0,0
"   China, Taiwan Province of China*",  Land-locked Developing Countries (LLDC),0,0,0,0,0,0
"   China, Taiwan Province of China*",  Small island developing States (SIDS),0,0,0,0,0,0
"   China, Taiwan Province of China*",  High-income countries,0,0,0,0,0,0
"   China, Taiwan Province of China*",  Middle-income countries,0,0,0,0,0,0
"   China, Taiwan Province of China*", Upper-middle-income countries,0,0,0,0,0,0
"   China, Taiwan Province of China*", Lower-middle-income countries,0,0,0,0,0,0
"   China, Taiwan Province of China*",  Low-income countries,0,0,0,0,0,0
"   China, Taiwan Province of China*", AFRICA,0,0,0,0,0,0
"   China, Taiwan Province of China*",  Eastern Africa,0,0,0,0,0,0
"   China, Taiwan Province of China*",  Middle Africa,0,0,0,0,0,0
"   China, Taiwan Province of China*",  Northern Africa,0,0,0,0,0,0
"   China, Taiwan Province of China*",  Southern Africa,0,0,0,0,0,0
"   China, Taiwan Province of China*",  Western Africa,0,0,0,0,0,0
"   China, Taiwan Province of China*", ASIA,0,0,0,0,0,0
"   China, Taiwan Province of China*",  Central Asia,0,0,0,0,0,0
"   China, Taiwan Province of China*",  Eastern Asia,0,0,0,0,0,0
"   China, Taiwan Province of China*",  South-Eastern Asia,0,0,0,0,0,0
"   China, Taiwan Province of China*",  Southern Asia,0,0,0,0,0,0
"   China, Taiwan Province of China*",  Western Asia,0,0,0,0,0,0
"   China, Taiwan Province of China*", EUROPE,0,0,0,0,0,0
"   China, Taiwan Province of China*",  Eastern Europe,0,0,0,0,0,0
"   China, Taiwan Province of China*",  Northern Europe,0,0,0,0,0,0
"   China, Taiwan Province of China*",  Southern Europe,0,0,0,0,0,0
"   China, Taiwan Province of China*",  Western Europe,0,0,0,0,0,0
"   China, Taiwan Province of China*", LATIN AMERICA AND THE CARIBBEAN,0,0,0,0,0,0
"   China, Taiwan Province of China*",  Caribbean,0,0,0,0,0,0
"   China, Taiwan Province of China*",  Central America,0,0,0,0,0,0
"   China, Taiwan Province of China*",  South America,0,0,0,0,0,0
"   China, Taiwan Province of China*", NORTHERN AMERICA,0,0,0,0,0,0
"   China, Taiwan Province of China*", OCEANIA ,0,0,0,0,0,0
"   China, Taiwan Province of China*",  Australia and New Zealand,0,0,0,0,0,0
"   China, Taiwan Province of China*",  Melanesia,0,0,0,0,0,0
"   China, Taiwan Province of China*",  Micronesia,0,0,0,0,0,0
"   China, Taiwan Province of China*",  Polynesia*,0,0,0,0,0,0
   Dem. People's Republic of Korea,WORLD,48458,49549,24110,24654,24348,24895
   Dem. People's Republic of Korea,  Sub-Saharan Africa,0,0,0,0,0,0
   Dem. People's Republic of Korea,  Northern Africa and Western Asia,0,0,0,0,0,0
   Dem. People's Republic of Korea,  Central and Southern Asia,838,849,385,394,453,455
   Dem. People's Republic of Korea,  Eastern and South-Eastern Asia,40175,41077,19909,20356,20266,20721
   Dem. People's Republic of Korea,  Latin America and the Caribbean,3302,3374,1660,1699,1642,1675
   Dem. People's Republic of Korea,  Oceania (excluding Australia and New Zealand),0,0,0,0,0,0
   Dem. People's Republic of Korea,  Australia and New Zealand,202,204,109,111,93,93
   Dem. People's Republic of Korea,  Europe and Northern America,1808,1841,989,1010,819,831
   Dem. People's Republic of Korea,  Developed regions,2220,2259,1213,1240,1007,1019
   Dem. People's Republic of Korea,  Less developed regions,44105,45086,21839,22330,22266,22756
   Dem. People's Republic of Korea," Less developed regions, excluding least developed countries",43953,44933,21779,22269,22174,22664
   Dem. People's Republic of Korea," Less developed regions, excluding China",15347,15672,6988,7146,8359,8526
   Dem. People's Republic of Korea,  Least developed countries,152,153,60,61,92,92
   Dem. People's Republic of Korea,  Land-locked Developing Countries (LLDC),0,0,0,0,0,0
   Dem. People's Republic of Korea,  Small island developing States (SIDS),0,0,0,0,0,0
   Dem. People's Republic of Korea,  High-income countries,7597,7756,3939,4028,3658,3728
   Dem. People's Republic of Korea,  Middle-income countries,38728,39589,19113,19542,19615,20047
   Dem. People's Republic of Korea, Upper-middle-income countries,34214,34984,17183,17568,17031,17416
   Dem. People's Republic of Korea, Lower-middle-income countries,4514,4605,1930,1974,2584,2631
   Dem. People's Republic of Korea,  Low-income countries,0,0,0,0,0,0
   Dem. People's Republic of Korea, AFRICA,0,0,0,0,0,0
   Dem. People's Republic of Korea,  Eastern Africa,0,0,0,0,0,0
   Dem. People's Republic of Korea,  Middle Africa,0,0,0,0,0,0
   Dem. People's Republic of Korea,  Northern Africa,0,0,0,0,0,0
   Dem. People's Republic of Korea,  Southern Africa,0,0,0,0,0,0
   Dem. People's Republic of Korea,  Western Africa,0,0,0,0,0,0
   Dem. People's Republic of Korea, ASIA,41013,41926,20294,20750,20719,21176
   Dem. People's Republic of Korea,  Central Asia,0,0,0,0,0,0
   Dem. People's Republic of Korea,  Eastern Asia,34326,35105,17659,18057,16667,17048
   Dem. People's Republic of Korea,  South-Eastern Asia,5849,5972,2250,2299,3599,3673
   Dem. People's Republic of Korea,  Southern Asia,838,849,385,394,453,455
   Dem. People's Republic of Korea,  Western Asia,0,0,0,0,0,0
   Dem. People's Republic of Korea, EUROPE,449,455,253,258,196,197
   Dem. People's Republic of Korea,  Eastern Europe,145,146,77,78,68,68
   Dem. People's Republic of Korea,  Northern Europe,304,309,176,180,128,129
   Dem. People's Republic of Korea,  Southern Europe,0,0,0,0,0,0
   Dem. People's Republic of Korea,  Western Europe,0,0,0,0,0,0
   Dem. People's Republic of Korea, LATIN AMERICA AND THE CARIBBEAN,3302,3374,1660,1699,1642,1675
   Dem. People's Republic of Korea,  Caribbean,0,0,0,0,0,0
   Dem. People's Republic of Korea,  Central America,0,0,0,0,0,0
   Dem. People's Republic of Korea,  South America,3302,3374,1660,1699,1642,1675
   Dem. People's Republic of Korea, NORTHERN AMERICA,1359,1386,736,752,623,634
   Dem. People's Republic of Korea, OCEANIA ,202,204,109,111,93,93
   Dem. People's Republic of Korea,  Australia and New Zealand,202,204,109,111,93,93
   Dem. People's Republic of Korea,  Melanesia,0,0,0,0,0,0
   Dem. People's Republic of Korea,  Micronesia,0,0,0,0,0,0
   Dem. People's Republic of Korea,  Polynesia*,0,0,0,0,0,0
   Dem. People's Republic of Korea,   Australia*,202,204,109,111,93,93
   Dem. People's Republic of Korea,   Bangladesh,152,153,60,61,92,92
   Dem. People's Republic of Korea,   Brazil,2780,2841,1397,1429,1383,1412
   Dem. People's Republic of Korea,   Canada,331,337,187,192,144,145
   Dem. People's Republic of Korea,   Sri Lanka,153,154,50,51,103,103
   Dem. People's Republic of Korea,   China*,28594,29248,14741,15072,13853,14176
   Dem. People's Republic of Korea,"   China, Hong Kong SAR*",164,166,110,112,54,54
   Dem. People's Republic of Korea,   India,363,370,189,194,174,176
   Dem. People's Republic of Korea,   Indonesia,1414,1444,365,372,1049,1072
   Dem. People's Republic of Korea,   Japan,210,214,115,119,95,95
   Dem. People's Republic of Korea,   Republic of Korea,5358,5477,2693,2754,2665,2723
   Dem. People's Republic of Korea,   Malaysia*,196,198,102,104,94,94
   Dem. People's Republic of Korea,   Pakistan,170,172,86,88,84,84
   Dem. People's Republic of Korea,   Peru,522,533,263,270,259,263
   Dem. People's Republic of Korea,   Philippines,2925,2990,1132,1158,1793,1832
   Dem. People's Republic of Korea,   Russian Federation,145,146,77,78,68,68
   Dem. People's Republic of Korea,   Viet Nam,751,766,413,422,338,344
   Dem. People's Republic of Korea,   Thailand,563,574,238,243,325,331
   Dem. People's Republic of Korea,   United Kingdom*,304,309,176,180,128,129
   Dem. People's Republic of Korea,   United States of America*,1028,1049,549,560,479,489
   Dem. People's Republic of Korea,Other,2133,2204,1058,1084,1075,1120
   Japan,WORLD,2232189,2770996,1050070,1347156,1182119,1423840
   Japan,  Sub-Saharan Africa,4643,5444,2073,2432,2570,3012
   Japan,  Northern Africa and Western Asia,1747,1959,780,875,967,1084
   Japan,  Central and Southern Asia,67298,99264,30021,44285,37277,54979
   Japan,  Eastern and South-Eastern Asia,1644747,1971023,778449,931680,866298,1039343
   Japan,  Latin America and the Caribbean,226223,260246,110447,127351,115776,132895
   Japan,  Oceania (excluding Australia and New Zealand),0,0,0,0,0,0
   Japan,  Australia and New Zealand,12995,15124,5797,6748,7198,8376
   Japan,  Europe and Northern America,118878,137157,53035,61199,65843,75958
   Japan,  Developed regions,131873,152281,58832,67947,73041,84334
   Japan,  Less developed regions,1944658,2337936,921770,1106623,1022888,1231313
   Japan," Less developed regions, excluding least developed countries",1930440,2318035,915427,1097744,1015013,1220291
   Japan," Less developed regions, excluding China",1230088,1562043,583966,739829,646122,822214
   Japan,  Least developed countries,14218,19901,6343,8879,7875,11022
   Japan,  Land-locked Developing Countries (LLDC),0,0,0,0,0,0
   Japan,  Small island developing States (SIDS),2444,3033,1090,1353,1354,1680
   Japan,  High-income countries,583997,602399,281474,289623,302523,312776
   Japan,  Middle-income countries,1492534,1887818,699128,884947,793406,1002871
   Japan, Upper-middle-income countries,1043271,1171443,493961,554499,549310,616944
   Japan, Lower-middle-income countries,449263,716375,205167,330448,244096,385927
   Japan,  Low-income countries,0,0,0,0,0,0
   Japan, AFRICA,6390,7403,2853,3307,3537,4096
   Japan,  Eastern Africa,0,0,0,0,0,0
   Japan,  Middle Africa,0,0,0,0,0,0
   Japan,  Northern Africa,1747,1959,780,875,967,1084
   Japan,  Southern Africa,0,0,0,0,0,0
   Japan,  Western Africa,4643,5444,2073,2432,2570,3012
   Japan, ASIA,1712045,2070287,808470,975965,903575,1094322
   Japan,  Central Asia,0,0,0,0,0,0
   Japan,  Eastern Asia,1172342,1232096,562966,591185,609376,640911
   Japan,  South-Eastern Asia,472405,738927,215483,340495,256922,398432
   Japan,  Southern Asia,67298,99264,30021,44285,37277,54979
   Japan,  Western Asia,0,0,0,0,0,0
   Japan, EUROPE,57069,67948,25466,30328,31603,37620
   Japan,  Eastern Europe,9745,10767,4348,4805,5397,5962
   Japan,  Northern Europe,20479,23521,9138,10498,11341,13023
   Japan,  Southern Europe,6498,8490,2900,3791,3598,4699
   Japan,  Western Europe,20347,25170,9080,11234,11267,13936
   Japan, LATIN AMERICA AND THE CARIBBEAN,226223,260246,110447,127351,115776,132895
   Japan,  Caribbean,0,0,0,0,0,0
   Japan,  Central America,2141,2735,956,1222,1185,1513
   Japan,  South America,224082,257511,109491,126129,114591,131382
   Japan, NORTHERN AMERICA,61809,69209,27569,30871,34240,38338
   Japan, OCEANIA ,12995,15124,5797,6748,7198,8376
   Japan,  Australia and New Zealand,12995,15124,5797,6748,7198,8376
   Japan,  Melanesia,0,0,0,0,0,0
   Japan,  Micronesia,0,0,0,0,0,0
   Japan,  Polynesia*,0,0,0,0,0,0
   Japan,   Argentina,2924,3629,1304,1619,1620,2010
   Japan,   Australia*,9843,11572,4390,5162,5453,6410
   Japan,   Austria,548,680,245,305,303,375
   Japan,   Bangladesh,10835,15702,4834,7006,6001,8696
   Japan,   Belgium,685,850,307,381,378,469
   Japan,   Brazil,173437,204814,86902,102624,86535,102190
   Japan,   Cambodia,3383,4199,1509,1873,1874,2326
   Japan,   Canada,9538,10869,4254,4848,5284,6021
   Japan,   China*,714570,775893,337804,366794,376766,409099
   Japan,   Denmark*,574,712,257,319,317,393
   Japan,   Egypt,1747,1959,780,875,967,1084
   Japan,   Finland*,678,841,303,376,375,465
   Japan,   France*,10672,13550,4761,6045,5911,7505
   Japan,   Germany,6336,7477,2826,3335,3510,4142
   Japan,   Ghana,2005,2375,895,1061,1110,1314
   Japan,   India,26244,35936,11706,16030,14538,19906
   Japan,   Indonesia,35910,57169,16017,25500,19893,31669
   Japan,   Iran (Islamic Republic of),4359,5411,1944,2414,2415,2997
   Japan,   Ireland,1140,1415,509,632,631,783
   Japan,   Italy,3536,4494,1578,2006,1958,2488
   Japan,   Malaysia*,8738,10519,3899,4694,4839,5825
   Japan,   Mexico,2141,2735,956,1222,1185,1513
   Japan,   Netherlands*,1046,1298,468,581,578,717
   Japan,   New Zealand*,3152,3552,1407,1586,1745,1966
   Japan,   Nigeria,2638,3069,1178,1371,1460,1698
   Japan,   Norway*,456,566,204,254,252,312
   Japan,   Pakistan,12708,16434,5669,7332,7039,9102
   Japan,   Peru,47721,49068,21285,21886,26436,27182
   Japan,   Philippines,229595,275252,102406,122771,127189,152481
   Japan,   Poland,1653,1649,738,737,915,912
   Japan,   Portugal,467,579,209,260,258,319
   Japan,   Republic of Korea,457772,456203,225162,224391,232610,231812
   Japan,   Russian Federation,8092,9118,3610,4068,4482,5050
   Japan,   Singapore,2444,3033,1090,1353,1354,1680
   Japan,   Spain*,2495,3417,1113,1525,1382,1892
   Japan,   Sri Lanka,13152,25781,5868,11503,7284,14278
   Japan,   Sweden,1805,1782,805,795,1000,987
   Japan,   Switzerland,1060,1315,473,587,587,728
   Japan,   Thailand,45379,53087,20240,23678,25139,29409
   Japan,   United Kingdom*,15826,18205,7060,8122,8766,10083
   Japan,   United States of America*,52271,58340,23315,26023,28956,32317
   Japan,   Viet Nam,146956,335668,70322,160626,76634,175042
   Japan,Other,155658,280779,69468,172586,86190,108193
   Mongolia,WORLD,19886,21345,13284,14263,6602,7082
   Mongolia,  Sub-Saharan Africa,0,0,0,0,0,0
   Mongolia,  Northern Africa and Western Asia,222,236,103,110,119,126
   Mongolia,  Central and Southern Asia,342,363,169,180,173,183
   Mongolia,  Eastern and South-Eastern Asia,13945,15006,10762,11579,3183,3427
   Mongolia,  Latin America and the Caribbean,1,0,1,0,0,0
   Mongolia,  Oceania (excluding Australia and New Zealand),0,0,0,0,0,0
   Mongolia,  Australia and New Zealand,233,248,131,140,102,108
   Mongolia,  Europe and Northern America,4461,4763,1729,1837,2732,2926
   Mongolia,  Developed regions,5109,5455,2050,2181,3059,3274
   Mongolia,  Less developed regions,14095,15161,10845,11665,3250,3496
   Mongolia," Less developed regions, excluding least developed countries",14094,15161,10844,11665,3250,3496
   Mongolia," Less developed regions, excluding China",3500,3742,2004,2149,1496,1593
   Mongolia,  Least developed countries,1,0,1,0,0,0
   Mongolia,  Land-locked Developing Countries (LLDC),214,227,85,89,129,138
   Mongolia,  Small island developing States (SIDS),0,0,0,0,0,0
   Mongolia,  High-income countries,3932,4193,2011,2158,1921,2035
   Mongolia,  Middle-income countries,14639,15745,10456,11228,4183,4517
   Mongolia, Upper-middle-income countries,14058,15129,9978,10716,4080,4413
   Mongolia, Lower-middle-income countries,581,616,478,512,103,104
   Mongolia,  Low-income countries,633,678,428,460,205,218
   Mongolia, AFRICA,0,0,0,0,0,0
   Mongolia,  Eastern Africa,0,0,0,0,0,0
   Mongolia,  Middle Africa,0,0,0,0,0,0
   Mongolia,  Northern Africa,0,0,0,0,0,0
   Mongolia,  Southern Africa,0,0,0,0,0,0
   Mongolia,  Western Africa,0,0,0,0,0,0
   Mongolia, ASIA,14509,15605,11034,11869,3475,3736
   Mongolia,  Central Asia,210,225,81,87,129,138
   Mongolia,  Eastern Asia,13496,14528,10372,11160,3124,3368
   Mongolia,  South-Eastern Asia,449,478,390,419,59,59
   Mongolia,  Southern Asia,132,138,88,93,44,45
   Mongolia,  Western Asia,222,236,103,110,119,126
   Mongolia, EUROPE,3508,3743,1247,1318,2261,2425
   Mongolia,  Eastern Europe,3073,3289,978,1029,2095,2260
   Mongolia,  Northern Europe,110,114,77,83,33,31
   Mongolia,  Southern Europe,24,23,12,12,12,11
   Mongolia,  Western Europe,301,317,180,194,121,123
   Mongolia, LATIN AMERICA AND THE CARIBBEAN,1,0,1,0,0,0
   Mongolia,  Caribbean,0,0,0,0,0,0
   Mongolia,  Central America,0,0,0,0,0,0
   Mongolia,  South America,1,0,1,0,0,0
   Mongolia, NORTHERN AMERICA,953,1020,482,519,471,501
   Mongolia, OCEANIA ,233,248,131,140,102,108
   Mongolia,  Australia and New Zealand,233,248,131,140,102,108
   Mongolia,  Melanesia,0,0,0,0,0,0
   Mongolia,  Micronesia,0,0,0,0,0,0
   Mongolia,  Polynesia*,0,0,0,0,0,0
   Mongolia,   Australia*,233,248,131,140,102,108
   Mongolia,   Austria,16,15,10,10,6,5
   Mongolia,   Bulgaria,16,15,12,12,4,3
   Mongolia,   Canada,154,164,113,122,41,42
   Mongolia,   China*,10595,11419,8841,9516,1754,1903
   Mongolia,   Czechia,18,18,11,12,7,6
   Mongolia,   Finland*,3,2,2,2,1,0
   Mongolia,   France*,81,86,61,66,20,20
   Mongolia,   Germany,183,195,103,111,80,84
   Mongolia,   Hungary,11,10,5,5,6,5
   Mongolia,   India,111,117,67,72,44,45
   Mongolia,   Ireland,8,7,5,5,3,2
   Mongolia,   Italy,21,21,9,10,12,11
   Mongolia,   Japan,415,444,190,204,225,240
   Mongolia,   Kazakhstan,210,225,81,87,129,138
   Mongolia,   Dem. People's Republic of Korea,633,678,428,460,205,218
   Mongolia,   Republic of Korea,1853,1987,913,980,940,1007
   Mongolia,   Lao People's Democratic Republic,1,0,1,0,0,0
   Mongolia,   Pakistan,21,21,21,21,0,0
   Mongolia,   Philippines,170,181,126,136,44,45
   Mongolia,   Poland,13,12,9,9,4,3
   Mongolia,   Russian Federation,3012,3232,938,989,2074,2243
   Mongolia,   Slovakia,3,2,3,2,0,0
   Mongolia,   Viet Nam,278,297,263,283,15,14
   Mongolia,   Switzerland,21,21,6,7,15,14
   Mongolia,   Turkey,222,236,103,110,119,126
   Mongolia,   North Macedonia,3,2,3,2,0,0
   Mongolia,   United Kingdom*,99,105,70,76,29,29
   Mongolia,   United States of America*,799,856,369,397,430,459
   Mongolia,   Uruguay,1,0,1,0,0,0
   Mongolia,Other,682,729,389,417,293,312
   Republic of Korea,WORLD,1370905,1728182,760957,958365,609948,769817
   Republic of Korea,  Sub-Saharan Africa,2264,3976,1312,2294,952,1682
   Republic of Korea,  Northern Africa and Western Asia,0,0,0,0,0,0
   Republic of Korea,  Central and Southern Asia,111005,162022,82229,113279,28776,48743
   Republic of Korea,  Eastern and South-Eastern Asia,1157668,1391360,604762,729621,552906,661739
   Republic of Korea,  Latin America and the Caribbean,0,0,0,0,0,0
   Republic of Korea,  Oceania (excluding Australia and New Zealand),0,0,0,0,0,0
   Republic of Korea,  Australia and New Zealand,5267,8765,4034,7167,1233,1598
   Republic of Korea,  Europe and Northern America,76262,103534,58223,76010,18039,27524
   Republic of Korea,  Developed regions,99161,134765,68791,89076,30370,45689
   Republic of Korea,  Less developed regions,1253305,1534892,681769,839295,571536,695597
   Republic of Korea," Less developed regions, excluding least developed countries",1157565,1400547,623958,766368,533607,634179
   Republic of Korea," Less developed regions, excluding China",494101,731881,318816,462851,175285,269030
   Republic of Korea,  Least developed countries,95740,134345,57811,72927,37929,61418
   Republic of Korea,  Land-locked Developing Countries (LLDC),99006,131294,68669,85464,30337,45830
   Republic of Korea,  Small island developing States (SIDS),0,0,0,0,0,0
   Republic of Korea,  High-income countries,96036,129293,67918,87550,28118,41743
   Republic of Korea,  Middle-income countries,1256430,1540364,682642,840821,573788,699543
   Republic of Korea, Upper-middle-income countries,885184,1023420,458819,537433,426365,485987
   Republic of Korea, Lower-middle-income countries,371246,516944,223823,303388,147423,213556
   Republic of Korea,  Low-income countries,0,0,0,0,0,0
   Republic of Korea, AFRICA,2264,3976,1312,2294,952,1682
   Republic of Korea,  Eastern Africa,0,0,0,0,0,0
   Republic of Korea,  Middle Africa,0,0,0,0,0,0
   Republic of Korea,  Northern Africa,0,0,0,0,0,0
   Republic of Korea,  Southern Africa,1212,2160,510,909,702,1251
   Republic of Korea,  Western Africa,1052,1816,802,1385,250,431
   Republic of Korea, ASIA,1268673,1553382,686991,842900,581682,710482
   Republic of Korea,  Central Asia,45423,59439,33223,43249,12200,16190
   Republic of Korea,  Eastern Asia,801288,856584,383524,399850,417764,456734
   Republic of Korea,  South-Eastern Asia,356380,534776,221238,329771,135142,205005
   Republic of Korea,  Southern Asia,65582,102583,49006,70030,16576,32553
   Republic of Korea,  Western Asia,0,0,0,0,0,0
   Republic of Korea, EUROPE,10143,16049,5838,8681,4305,7368
   Republic of Korea,  Eastern Europe,3125,5472,873,1526,2252,3946
   Republic of Korea,  Northern Europe,3818,5848,2831,4337,987,1511
   Republic of Korea,  Southern Europe,0,0,0,0,0,0
   Republic of Korea,  Western Europe,3200,4729,2134,2818,1066,1911
   Republic of Korea, LATIN AMERICA AND THE CARIBBEAN,0,0,0,0,0,0
   Republic of Korea,  Caribbean,0,0,0,0,0,0
   Republic of Korea,  Central America,0,0,0,0,0,0
   Republic of Korea,  South America,0,0,0,0,0,0
   Republic of Korea, NORTHERN AMERICA,66119,87485,52385,67329,13734,20156
   Republic of Korea, OCEANIA ,5267,8765,4034,7167,1233,1598
   Republic of Korea,  Australia and New Zealand,5267,8765,4034,7167,1233,1598
   Republic of Korea,  Melanesia,0,0,0,0,0,0
   Republic of Korea,  Micronesia,0,0,0,0,0,0
   Republic of Korea,  Polynesia*,0,0,0,0,0,0
   Republic of Korea,   Australia*,3542,5604,2624,4584,918,1020
   Republic of Korea,   Bangladesh,7432,12102,5526,6441,1906,5661
   Republic of Korea,   Cambodia,41049,54573,20448,26107,20601,28466
   Republic of Korea,   Canada,11589,19435,9234,13484,2355,5951
   Republic of Korea,   China*,759204,803011,362953,376444,396251,426567
   Republic of Korea,   France*,1857,2608,1148,1537,709,1071
   Republic of Korea,   Germany,1343,2121,986,1281,357,840
   Republic of Korea,   India,4505,6172,3044,3792,1461,2380
   Republic of Korea,   Indonesia,42084,50117,34691,40090,7393,10027
   Republic of Korea,   Japan,17632,22466,6534,5899,11098,16567
   Republic of Korea,   Kazakhstan,924,1712,457,915,467,797
   Republic of Korea,   Kyrgyzstan,851,2126,486,1216,365,910
   Republic of Korea,   Malaysia*,1087,1684,594,919,493,765
   Republic of Korea,   Mongolia,24452,31107,14037,17507,10415,13600
   Republic of Korea,   Myanmar,18128,26922,10428,15671,7700,11251
   Republic of Korea,   Nepal,29131,40748,21409,24708,7722,16040
   Republic of Korea,   New Zealand*,1725,3161,1410,2583,315,578
   Republic of Korea,   Nigeria,1052,1816,802,1385,250,431
   Republic of Korea,   Pakistan,4429,10720,4167,10087,262,633
   Republic of Korea,   Philippines,51632,64942,29748,36407,21884,28535
   Republic of Korea,   Russian Federation,3125,5472,873,1526,2252,3946
   Republic of Korea,   South Africa,1212,2160,510,909,702,1251
   Republic of Korea,   Sri Lanka,20085,32841,14860,25002,5225,7839
   Republic of Korea,   Thailand,77548,159264,58741,116630,18807,42634
   Republic of Korea,   United Kingdom*,3818,5848,2831,4337,987,1511
   Republic of Korea,   United States of America*,54530,68050,43151,53845,11379,14205
   Republic of Korea,   Uzbekistan,43648,55601,32280,41118,11368,14483
   Republic of Korea,   Viet Nam,124852,177274,66588,93947,58264,83327
   Republic of Korea,Other,18439,58525,10397,29994,8042,28531
  South-Eastern Asia,WORLD,10161147,10615377,5356686,5643257,4804461,4972120
  South-Eastern Asia,  Sub-Saharan Africa,3542,5442,2237,2851,1305,2591
  South-Eastern Asia,  Northern Africa and Western Asia,25455,26811,14720,15525,10735,11286
  South-Eastern Asia,  Central and Southern Asia,1649043,1733636,941399,1005577,707644,728059
  South-Eastern Asia,  Eastern and South-Eastern Asia,7650438,7984983,3935497,4134890,3714941,3850093
  South-Eastern Asia,  Latin America and the Caribbean,1685,1761,910,966,775,795
  South-Eastern Asia,  Oceania (excluding Australia and New Zealand),1102,1168,493,526,609,642
  South-Eastern Asia,  Australia and New Zealand,42147,43908,23252,24352,18895,19556
  South-Eastern Asia,  Europe and Northern America,167857,176575,94558,99629,73299,76946
  South-Eastern Asia,  Developed regions,270941,284849,155555,164069,115386,120780
  South-Eastern Asia,  Less developed regions,9270328,9689435,4857511,5120247,4412817,4569188
  South-Eastern Asia," Less developed regions, excluding least developed countries",4490571,4667997,2319441,2439220,2171130,2228777
  South-Eastern Asia," Less developed regions, excluding China",8515512,8913358,4502776,4754774,4012736,4158584
  South-Eastern Asia,  Least developed countries,4779757,5021438,2538070,2681027,2241687,2340411
  South-Eastern Asia,  Land-locked Developing Countries (LLDC),1480877,1559049,731049,777139,749828,781910
  South-Eastern Asia,  Small island developing States (SIDS),138874,146798,76347,81958,62527,64840
  South-Eastern Asia,  High-income countries,530839,556077,289925,305910,240914,250167
  South-Eastern Asia,  Middle-income countries,8997281,9400686,4716095,4969429,4281186,4431257
  South-Eastern Asia, Upper-middle-income countries,3322513,3446435,1694356,1777673,1628157,1668762
  South-Eastern Asia, Lower-middle-income countries,5674768,5954251,3021739,3191756,2653029,2762495
  South-Eastern Asia,  Low-income countries,13149,17521,7046,8977,6103,8544
  South-Eastern Asia, AFRICA,7107,9198,4236,4961,2871,4237
  South-Eastern Asia,  Eastern Africa,1700,3492,966,1500,734,1992
  South-Eastern Asia,  Middle Africa,653,689,588,624,65,65
  South-Eastern Asia,  Northern Africa,3565,3756,1999,2110,1566,1646
  South-Eastern Asia,  Southern Africa,813,864,404,431,409,433
  South-Eastern Asia,  Western Africa,376,397,279,296,97,101
  South-Eastern Asia, ASIA,9321371,9741674,4889617,5153882,4431754,4587792
  South-Eastern Asia,  Central Asia,0,0,0,0,0,0
  South-Eastern Asia,  Eastern Asia,868560,896162,423230,438018,445330,458144
  South-Eastern Asia,  South-Eastern Asia,6781878,7088821,3512267,3696872,3269611,3391949
  South-Eastern Asia,  Southern Asia,1649043,1733636,941399,1005577,707644,728059
  South-Eastern Asia,  Western Asia,21890,23055,12721,13415,9169,9640
  South-Eastern Asia, EUROPE,81842,86350,47927,50683,33915,35667
  South-Eastern Asia,  Eastern Europe,486,511,314,336,172,175
  South-Eastern Asia,  Northern Europe,56022,59120,31877,33741,24145,25379
  South-Eastern Asia,  Southern Europe,4790,5045,2441,2575,2349,2470
  South-Eastern Asia,  Western Europe,20544,21674,13295,14031,7249,7643
  South-Eastern Asia, LATIN AMERICA AND THE CARIBBEAN,1685,1761,910,966,775,795
  South-Eastern Asia,  Caribbean,143,145,75,79,68,66
  South-Eastern Asia,  Central America,218,227,139,147,79,80
  South-Eastern Asia,  South America,1324,1389,696,740,628,649
  South-Eastern Asia, NORTHERN AMERICA,86015,90225,46631,48946,39384,41279
  South-Eastern Asia, OCEANIA ,43249,45076,23745,24878,19504,20198
  South-Eastern Asia,  Australia and New Zealand,42147,43908,23252,24352,18895,19556
  South-Eastern Asia,  Melanesia,60,62,27,28,33,34
  South-Eastern Asia,  Micronesia,1042,1106,466,498,576,608
  South-Eastern Asia,  Polynesia*,0,0,0,0,0,0
  South-Eastern Asia,   Burundi,0,0,0,0,0,0
  South-Eastern Asia,   Comoros,0,0,0,0,0,0
  South-Eastern Asia,   Djibouti,0,0,0,0,0,0
  South-Eastern Asia,   Eritrea,0,0,0,0,0,0
  South-Eastern Asia,   Ethiopia,2,2,1,1,1,1
  South-Eastern Asia,   Kenya,53,55,24,26,29,29
  South-Eastern Asia,   Madagascar,0,0,0,0,0,0
  South-Eastern Asia,   Malawi,0,0,0,0,0,0
  South-Eastern Asia,   Mauritius*,0,0,0,0,0,0
  South-Eastern Asia,   Mayotte*,0,0,0,0,0,0
  South-Eastern Asia,   Mozambique,0,0,0,0,0,0
  South-Eastern Asia,   Réunion*,0,0,0,0,0,0
  South-Eastern Asia,   Rwanda,4,4,2,2,2,2
  South-Eastern Asia,   Seychelles,0,0,0,0,0,0
  South-Eastern Asia,   Somalia,1640,3430,938,1470,702,1960
  South-Eastern Asia,   South Sudan,0,0,0,0,0,0
  South-Eastern Asia,   Uganda,0,0,0,0,0,0
  South-Eastern Asia,   United Republic of Tanzania*,0,0,0,0,0,0
  South-Eastern Asia,   Zambia,0,0,0,0,0,0
  South-Eastern Asia,   Zimbabwe,1,1,1,1,0,0
  South-Eastern Asia,   Angola,76,79,35,37,41,42
  South-Eastern Asia,   Cameroon,0,0,0,0,0,0
  South-Eastern Asia,   Central African Republic,0,0,0,0,0,0
  South-Eastern Asia,   Chad,0,0,0,0,0,0
  South-Eastern Asia,   Congo,529,561,529,561,0,0
  South-Eastern Asia,   Democratic Republic of the Congo,48,49,24,26,24,23
  South-Eastern Asia,   Equatorial Guinea,0,0,0,0,0,0
  South-Eastern Asia,   Gabon,0,0,0,0,0,0
  South-Eastern Asia,   Sao Tome and Principe,0,0,0,0,0,0
  South-Eastern Asia,   Algeria,462,490,234,249,228,241
  South-Eastern Asia,   Egypt,161,170,76,82,85,88
  South-Eastern Asia,   Libya,2311,2428,1369,1439,942,989
  South-Eastern Asia,   Morocco,0,0,0,0,0,0
  South-Eastern Asia,   Sudan,63,65,55,58,8,7
  South-Eastern Asia,   Tunisia,568,603,265,282,303,321
  South-Eastern Asia,   Western Sahara,0,0,0,0,0,0
  South-Eastern Asia,   Botswana,0,0,0,0,0,0
  South-Eastern Asia,   Eswatini,0,0,0,0,0,0
  South-Eastern Asia,   Lesotho,0,0,0,0,0,0
  South-Eastern Asia,   Namibia,0,0,0,0,0,0
  South-Eastern Asia,   South Africa,813,864,404,431,409,433
  South-Eastern Asia,   Benin,0,0,0,0,0,0
  South-Eastern Asia,   Burkina Faso,0,0,0,0,0,0
  South-Eastern Asia,   Cabo Verde,131,139,131,139,0,0
  South-Eastern Asia,   Côte d'Ivoire,16,16,9,9,7,7
  South-Eastern Asia,   Gambia,0,0,0,0,0,0
  South-Eastern Asia,   Ghana,34,35,34,35,0,0
  South-Eastern Asia,   Guinea,0,0,0,0,0,0
  South-Eastern Asia,   Guinea-Bissau,0,0,0,0,0,0
  South-Eastern Asia,   Liberia,1,1,1,1,0,0
  South-Eastern Asia,   Mali,0,0,0,0,0,0
  South-Eastern Asia,   Mauritania,0,0,0,0,0,0
  South-Eastern Asia,   Niger,0,0,0,0,0,0
  South-Eastern Asia,   Nigeria,192,204,103,111,89,93
  South-Eastern Asia,   Saint Helena*,0,0,0,0,0,0
  South-Eastern Asia,   Senegal,0,0,0,0,0,0
  South-Eastern Asia,   Sierra Leone,0,0,0,0,0,0
  South-Eastern Asia,   Togo,2,2,1,1,1,1
  South-Eastern Asia,   Kazakhstan,0,0,0,0,0,0
  South-Eastern Asia,   Kyrgyzstan,0,0,0,0,0,0
  South-Eastern Asia,   Tajikistan,0,0,0,0,0,0
  South-Eastern Asia,   Turkmenistan,0,0,0,0,0,0
  South-Eastern Asia,   Uzbekistan,0,0,0,0,0,0
  South-Eastern Asia,   China*,667650,687447,317256,327415,350394,360032
  South-Eastern Asia,"   China, Hong Kong SAR*",65704,66821,28644,29095,37060,37726
  South-Eastern Asia,"   China, Macao SAR*",21462,21809,8835,8963,12627,12846
  South-Eastern Asia,"   China, Taiwan Province of China*",0,0,0,0,0,0
  South-Eastern Asia,   Dem. People's Republic of Korea,7298,7750,3728,3967,3570,3783
  South-Eastern Asia,   Japan,60937,64366,37745,40088,23192,24278
  South-Eastern Asia,   Mongolia,0,0,0,0,0,0
  South-Eastern Asia,   Republic of Korea,45509,47969,27022,28490,18487,19479
  South-Eastern Asia,   Brunei Darussalam,6739,7139,4175,4503,2564,2636
  South-Eastern Asia,   Cambodia,686014,712910,322514,334747,363500,378163
  South-Eastern Asia,   Indonesia,1351093,1424760,794588,853452,556505,571308
  South-Eastern Asia,   Lao People's Democratic Republic,907208,949225,399755,417576,507453,531649
  South-Eastern Asia,   Malaysia*,1167868,1190514,512421,522072,655447,668442
  South-Eastern Asia,   Myanmar,2105889,2214204,1191580,1255112,914309,959092
  South-Eastern Asia,   Philippines,145474,153839,58755,64306,86719,89533
  South-Eastern Asia,   Singapore,114596,121268,62572,67481,52024,53787
  South-Eastern Asia,   Thailand,115825,122580,58511,62517,57314,60063
  South-Eastern Asia,   Timor-Leste,22666,23830,12960,13608,9706,10222
  South-Eastern Asia,   Viet Nam,158506,168552,94436,101498,64070,67054
  South-Eastern Asia,   Afghanistan,1766,3776,897,1982,869,1794
  South-Eastern Asia,   Bangladesh,482652,507999,278999,298921,203653,209078
  South-Eastern Asia,   Bhutan,0,0,0,0,0,0
  South-Eastern Asia,   India,345177,359050,194447,204231,150730,154819
  South-Eastern Asia,   Iran (Islamic Republic of),599,635,257,274,342,361
  South-Eastern Asia,   Maldives,0,0,0,0,0,0
  South-Eastern Asia,   Nepal,571726,605862,330308,357485,241418,248377
  South-Eastern Asia,   Pakistan,220099,228197,122346,127877,97753,100320
  South-Eastern Asia,   Sri Lanka,27024,28117,14145,14807,12879,13310
  South-Eastern Asia,   Armenia,135,143,67,72,68,71
  South-Eastern Asia,   Azerbaijan*,0,0,0,0,0,0
  South-Eastern Asia,   Bahrain,111,117,54,58,57,59
  South-Eastern Asia,   Cyprus*,0,0,0,0,0,0
  South-Eastern Asia,   Georgia*,0,0,0,0,0,0
  South-Eastern Asia,   Iraq,1396,1477,831,895,565,582
  South-Eastern Asia,   Israel,614,652,287,306,327,346
  South-Eastern Asia,   Jordan,12153,12777,7226,7588,4927,5189
  South-Eastern Asia,   Kuwait,171,181,90,97,81,84
  South-Eastern Asia,   Lebanon,134,142,68,73,66,69
  South-Eastern Asia,   Oman,408,433,203,217,205,216
  South-Eastern Asia,   Qatar,120,126,60,64,60,62
  South-Eastern Asia,   Saudi Arabia,2997,3158,1778,1874,1219,1284
  South-Eastern Asia,   State of Palestine*,15,15,8,8,7,7
  South-Eastern Asia,   Syrian Arab Republic,2325,2442,1399,1469,926,973
  South-Eastern Asia,   Turkey,880,935,437,467,443,468
  South-Eastern Asia,   United Arab Emirates,431,457,213,227,218,230
  South-Eastern Asia,   Yemen,0,0,0,0,0,0
  South-Eastern Asia,   Belarus,0,0,0,0,0,0
  South-Eastern Asia,   Bulgaria,0,0,0,0,0,0
  South-Eastern Asia,   Czechia,0,0,0,0,0,0
  South-Eastern Asia,   Hungary,244,258,192,204,52,54
  South-Eastern Asia,   Poland,110,116,33,36,77,80
  South-Eastern Asia,   Republic of Moldova*,0,0,0,0,0,0
  South-Eastern Asia,   Romania,35,36,19,21,16,15
  South-Eastern Asia,   Russian Federation,97,101,70,75,27,26
  South-Eastern Asia,   Slovakia,0,0,0,0,0,0
  South-Eastern Asia,   Ukraine*,0,0,0,0,0,0
  South-Eastern Asia,   Channel Islands*,0,0,0,0,0,0
  South-Eastern Asia,   Denmark*,1078,1133,645,677,433,456
  South-Eastern Asia,   Estonia,0,0,0,0,0,0
  South-Eastern Asia,   Faroe Islands*,0,0,0,0,0,0
  South-Eastern Asia,   Finland*,112,118,64,68,48,50
  South-Eastern Asia,   Iceland,53,55,42,45,11,10
  South-Eastern Asia,   Ireland,431,457,250,266,181,191
  South-Eastern Asia,   Isle of Man*,0,0,0,0,0,0
  South-Eastern Asia,   Latvia,0,0,0,0,0,0
  South-Eastern Asia,   Lithuania,0,0,0,0,0,0
  South-Eastern Asia,   Norway*,1365,1438,718,757,647,681
  South-Eastern Asia,   Sweden,1297,1367,854,902,443,465
  South-Eastern Asia,   United Kingdom*,51686,54552,29304,31026,22382,23526
  South-Eastern Asia,   Albania,116,122,56,60,60,62
  South-Eastern Asia,   Andorra,0,0,0,0,0,0
  South-Eastern Asia,   Bosnia and Herzegovina,0,0,0,0,0,0
  South-Eastern Asia,   Croatia,0,0,0,0,0,0
  South-Eastern Asia,   Gibraltar*,0,0,0,0,0,0
  South-Eastern Asia,   Greece,153,161,87,92,66,69
  South-Eastern Asia,   Holy See*,0,0,0,0,0,0
  South-Eastern Asia,   Italy,2354,2491,1291,1367,1063,1124
  South-Eastern Asia,   Malta,0,0,0,0,0,0
  South-Eastern Asia,   Montenegro,0,0,0,0,0,0
  South-Eastern Asia,   North Macedonia,0,0,0,0,0,0
  South-Eastern Asia,   Portugal,862,883,481,494,381,389
  South-Eastern Asia,   San Marino,0,0,0,0,0,0
  South-Eastern Asia,   Serbia*,0,0,0,0,0,0
  South-Eastern Asia,   Slovenia,0,0,0,0,0,0
  South-Eastern Asia,   Spain*,1305,1388,526,562,779,826
  South-Eastern Asia,   Austria,503,533,275,292,228,241
  South-Eastern Asia,   Belgium,533,566,241,257,292,309
  South-Eastern Asia,   France*,2992,3158,1917,2027,1075,1131
  South-Eastern Asia,   Germany,6105,6455,4164,4403,1941,2052
  South-Eastern Asia,   Liechtenstein,0,0,0,0,0,0
  South-Eastern Asia,   Luxembourg,0,0,0,0,0,0
  South-Eastern Asia,   Monaco,0,0,0,0,0,0
  South-Eastern Asia,   Netherlands*,8445,8888,5307,5583,3138,3305
  South-Eastern Asia,   Switzerland,1966,2074,1391,1469,575,605
  South-Eastern Asia,   Anguilla*,0,0,0,0,0,0
  South-Eastern Asia,   Antigua and Barbuda,0,0,0,0,0,0
  South-Eastern Asia,   Aruba*,63,65,35,37,28,28
  South-Eastern Asia,   Bahamas,0,0,0,0,0,0
  South-Eastern Asia,   Barbados,0,0,0,0,0,0
  South-Eastern Asia,"   Bonaire, Sint Eustatius and Saba*",0,0,0,0,0,0
  South-Eastern Asia,   British Virgin Islands*,0,0,0,0,0,0
  South-Eastern Asia,   Cayman Islands*,0,0,0,0,0,0
  South-Eastern Asia,   Cuba,29,27,17,17,12,10
  South-Eastern Asia,   Curaçao*,0,0,0,0,0,0
  South-Eastern Asia,   Dominica,0,0,0,0,0,0
  South-Eastern Asia,   Dominican Republic,0,0,0,0,0,0
  South-Eastern Asia,   Grenada,0,0,0,0,0,0
  South-Eastern Asia,   Guadeloupe*,0,0,0,0,0,0
  South-Eastern Asia,   Haiti,0,0,0,0,0,0
  South-Eastern Asia,   Jamaica,0,0,0,0,0,0
  South-Eastern Asia,   Martinique*,0,0,0,0,0,0
  South-Eastern Asia,   Montserrat*,0,0,0,0,0,0
  South-Eastern Asia,   Puerto Rico*,51,53,23,25,28,28
  South-Eastern Asia,   Saint Barthélemy*,0,0,0,0,0,0
  South-Eastern Asia,   Saint Kitts and Nevis,0,0,0,0,0,0
  South-Eastern Asia,   Saint Lucia,0,0,0,0,0,0
  South-Eastern Asia,   Saint Martin (French part)*,0,0,0,0,0,0
  South-Eastern Asia,   Saint Vincent and the Grenadines,0,0,0,0,0,0
  South-Eastern Asia,   Sint Maarten (Dutch part)*,0,0,0,0,0,0
  South-Eastern Asia,   Trinidad and Tobago,0,0,0,0,0,0
  South-Eastern Asia,   Turks and Caicos Islands*,0,0,0,0,0,0
  South-Eastern Asia,   United States Virgin Islands*,0,0,0,0,0,0
  South-Eastern Asia,   Belize,0,0,0,0,0,0
  South-Eastern Asia,   Costa Rica,39,40,39,40,0,0
  South-Eastern Asia,   El Salvador,0,0,0,0,0,0
  South-Eastern Asia,   Guatemala,34,35,13,15,21,20
  South-Eastern Asia,   Honduras,0,0,0,0,0,0
  South-Eastern Asia,   Mexico,145,152,87,92,58,60
  South-Eastern Asia,   Nicaragua,0,0,0,0,0,0
  South-Eastern Asia,   Panama,0,0,0,0,0,0
  South-Eastern Asia,   Argentina,148,155,89,94,59,61
  South-Eastern Asia,   Bolivia (Plurinational State of),35,36,18,20,17,16
  South-Eastern Asia,   Brazil,228,235,117,123,111,112
  South-Eastern Asia,   Chile,93,97,39,41,54,56
  South-Eastern Asia,   Colombia,125,131,90,95,35,36
  South-Eastern Asia,   Ecuador,459,487,227,242,232,245
  South-Eastern Asia,   Falkland Islands (Malvinas)*,0,0,0,0,0,0
  South-Eastern Asia,   French Guiana*,0,0,0,0,0,0
  South-Eastern Asia,   Guyana,0,0,0,0,0,0
  South-Eastern Asia,   Paraguay,0,0,0,0,0,0
  South-Eastern Asia,   Peru,111,117,54,58,57,59
  South-Eastern Asia,   Suriname,125,131,62,67,63,64
  South-Eastern Asia,   Uruguay,0,0,0,0,0,0
  South-Eastern Asia,   Venezuela (Bolivarian Republic of),0,0,0,0,0,0
  South-Eastern Asia,   Bermuda*,0,0,0,0,0,0
  South-Eastern Asia,   Canada,14325,14974,7843,8207,6482,6767
  South-Eastern Asia,   Greenland*,0,0,0,0,0,0
  South-Eastern Asia,   Saint Pierre and Miquelon*,0,0,0,0,0,0
  South-Eastern Asia,   United States of America*,71690,75251,38788,40739,32902,34512
  South-Eastern Asia,   Australia*,33475,34914,18852,19754,14623,15160
  South-Eastern Asia,   New Zealand*,8672,8994,4400,4598,4272,4396
  South-Eastern Asia,   Fiji,0,0,0,0,0,0
  South-Eastern Asia,   New Caledonia*,0,0,0,0,0,0
  South-Eastern Asia,   Papua New Guinea,60,62,27,28,33,34
  South-Eastern Asia,   Solomon Islands,0,0,0,0,0,0
  South-Eastern Asia,   Vanuatu,0,0,0,0,0,0
  South-Eastern Asia,   Guam*,1008,1071,451,481,557,590
  South-Eastern Asia,   Kiribati,0,0,0,0,0,0
  South-Eastern Asia,   Marshall Islands,0,0,0,0,0,0
  South-Eastern Asia,   Micronesia (Fed. States of),0,0,0,0,0,0
  South-Eastern Asia,   Nauru,0,0,0,0,0,0
  South-Eastern Asia,   Northern Mariana Islands*,0,0,0,0,0,0
  South-Eastern Asia,   Palau,34,35,15,17,19,18
  South-Eastern Asia,   American Samoa*,0,0,0,0,0,0
  South-Eastern Asia,   Cook Islands*,0,0,0,0,0,0
  South-Eastern Asia,   French Polynesia*,0,0,0,0,0,0
  South-Eastern Asia,   Niue*,0,0,0,0,0,0
  South-Eastern Asia,   Samoa,0,0,0,0,0,0
  South-Eastern Asia,   Tokelau*,0,0,0,0,0,0
  South-Eastern Asia,   Tonga,0,0,0,0,0,0
  South-Eastern Asia,   Tuvalu,0,0,0,0,0,0
  South-Eastern Asia,   Wallis and Futuna Islands*,0,0,0,0,0,0
   Brunei Darussalam,WORLD,102733,111959,58181,63407,44552,48552
   Brunei Darussalam,  Sub-Saharan Africa,0,0,0,0,0,0
   Brunei Darussalam,  Northern Africa and Western Asia,0,0,0,0,0,0
   Brunei Darussalam,  Central and Southern Asia,11714,12758,8899,9696,2815,3062
   Brunei Darussalam,  Eastern and South-Eastern Asia,86759,94543,46809,51010,39950,43533
   Brunei Darussalam,  Latin America and the Caribbean,0,0,0,0,0,0
   Brunei Darussalam,  Oceania (excluding Australia and New Zealand),0,0,0,0,0,0
   Brunei Darussalam,  Australia and New Zealand,719,779,403,438,316,341
   Brunei Darussalam,  Europe and Northern America,2515,2736,1489,1622,1026,1114
   Brunei Darussalam,  Developed regions,3438,3735,2015,2193,1423,1542
   Brunei Darussalam,  Less developed regions,98269,107081,55585,60573,42684,46508
   Brunei Darussalam," Less developed regions, excluding least developed countries",91691,99916,50329,54847,41362,45069
   Brunei Darussalam," Less developed regions, excluding China",95699,104284,54187,59050,41512,45234
   Brunei Darussalam,  Least developed countries,6578,7165,5256,5726,1322,1439
   Brunei Darussalam,  Land-locked Developing Countries (LLDC),5344,5822,4142,4513,1202,1309
   Brunei Darussalam,  Small island developing States (SIDS),1541,1678,877,956,664,722
   Brunei Darussalam,  High-income countries,5647,6137,3237,3524,2410,2613
   Brunei Darussalam,  Middle-income countries,96060,104679,54363,59242,41697,45437
   Brunei Darussalam, Upper-middle-income countries,70889,77257,39715,43281,31174,33976
   Brunei Darussalam, Lower-middle-income countries,25171,27422,14648,15961,10523,11461
   Brunei Darussalam,  Low-income countries,0,0,0,0,0,0
   Brunei Darussalam, AFRICA,0,0,0,0,0,0
   Brunei Darussalam,  Eastern Africa,0,0,0,0,0,0
   Brunei Darussalam,  Middle Africa,0,0,0,0,0,0
   Brunei Darussalam,  Northern Africa,0,0,0,0,0,0
   Brunei Darussalam,  Southern Africa,0,0,0,0,0,0
   Brunei Darussalam,  Western Africa,0,0,0,0,0,0
   Brunei Darussalam, ASIA,98473,107301,55708,60706,42765,46595
   Brunei Darussalam,  Central Asia,0,0,0,0,0,0
   Brunei Darussalam,  Eastern Asia,2927,3182,1603,1745,1324,1437
   Brunei Darussalam,  South-Eastern Asia,83832,91361,45206,49265,38626,42096
   Brunei Darussalam,  Southern Asia,11714,12758,8899,9696,2815,3062
   Brunei Darussalam,  Western Asia,0,0,0,0,0,0
   Brunei Darussalam, EUROPE,2362,2571,1381,1504,981,1067
   Brunei Darussalam,  Eastern Europe,0,0,0,0,0,0
   Brunei Darussalam,  Northern Europe,2055,2238,1209,1317,846,921
   Brunei Darussalam,  Southern Europe,0,0,0,0,0,0
   Brunei Darussalam,  Western Europe,307,333,172,187,135,146
   Brunei Darussalam, LATIN AMERICA AND THE CARIBBEAN,0,0,0,0,0,0
   Brunei Darussalam,  Caribbean,0,0,0,0,0,0
   Brunei Darussalam,  Central America,0,0,0,0,0,0
   Brunei Darussalam,  South America,0,0,0,0,0,0
   Brunei Darussalam, NORTHERN AMERICA,153,165,108,118,45,47
   Brunei Darussalam, OCEANIA ,719,779,403,438,316,341
   Brunei Darussalam,  Australia and New Zealand,719,779,403,438,316,341
   Brunei Darussalam,  Melanesia,0,0,0,0,0,0
   Brunei Darussalam,  Micronesia,0,0,0,0,0,0
   Brunei Darussalam,  Polynesia*,0,0,0,0,0,0
   Brunei Darussalam,   Australia*,515,559,283,308,232,251
   Brunei Darussalam,   Bangladesh,1234,1343,1114,1213,120,130
   Brunei Darussalam,   Sri Lanka,1234,1343,484,527,750,816
   Brunei Darussalam,   China*,2055,2238,1135,1237,920,1001
   Brunei Darussalam,"   China, Hong Kong SAR*",515,559,263,286,252,273
   Brunei Darussalam,   India,3081,3357,2608,2843,473,514
   Brunei Darussalam,   Indonesia,6165,6717,1254,1367,4911,5350
   Brunei Darussalam,   Japan,204,220,123,133,81,87
   Brunei Darussalam,   Republic of Korea,153,165,82,89,71,76
   Brunei Darussalam,   Malaysia*,48285,52628,27106,29540,21179,23088
   Brunei Darussalam,   Nepal,5344,5822,4142,4513,1202,1309
   Brunei Darussalam,   Netherlands*,307,333,172,187,135,146
   Brunei Darussalam,   New Zealand*,204,220,120,130,84,90
   Brunei Darussalam,   Pakistan,821,893,551,600,270,293
   Brunei Darussalam,   Philippines,13457,14664,5749,6265,7708,8399
   Brunei Darussalam,   Singapore,1541,1678,877,956,664,722
   Brunei Darussalam,   Thailand,14384,15674,10220,11137,4164,4537
   Brunei Darussalam,   United Kingdom*,2055,2238,1209,1317,846,921
   Brunei Darussalam,   United States of America*,153,165,108,118,45,47
   Brunei Darussalam,Other,1026,1143,581,641,445,502
   Cambodia,WORLD,73962,79341,39854,42730,34108,36611
   Cambodia,  Sub-Saharan Africa,0,0,0,0,0,0
   Cambodia,  Northern Africa and Western Asia,0,0,0,0,0,0
   Cambodia,  Central and Southern Asia,228,237,154,164,74,73
   Cambodia,  Eastern and South-Eastern Asia,69963,75046,37458,40160,32505,34886
   Cambodia,  Latin America and the Caribbean,0,0,0,0,0,0
   Cambodia,  Oceania (excluding Australia and New Zealand),0,0,0,0,0,0
   Cambodia,  Australia and New Zealand,116,123,77,83,39,40
   Cambodia,  Europe and Northern America,717,755,461,493,256,262
   Cambodia,  Developed regions,958,1010,621,665,337,345
   Cambodia,  Less developed regions,70066,75151,37529,40235,32537,34916
   Cambodia," Less developed regions, excluding least developed countries",69709,74773,37313,40004,32396,34769
   Cambodia," Less developed regions, excluding China",68432,73401,36515,39147,31917,34254
   Cambodia,  Least developed countries,357,378,216,231,141,147
   Cambodia,  Land-locked Developing Countries (LLDC),305,324,180,193,125,131
   Cambodia,  Small island developing States (SIDS),123,130,84,90,39,40
   Cambodia,  High-income countries,1223,1291,800,858,423,433
   Cambodia,  Middle-income countries,69759,74827,37324,40015,32435,34812
   Cambodia, Upper-middle-income countries,32631,34998,17718,19003,14913,15995
   Cambodia, Lower-middle-income countries,37128,39829,19606,21012,17522,18817
   Cambodia,  Low-income countries,42,43,26,27,16,16
   Cambodia, AFRICA,0,0,0,0,0,0
   Cambodia,  Eastern Africa,0,0,0,0,0,0
   Cambodia,  Middle Africa,0,0,0,0,0,0
   Cambodia,  Northern Africa,0,0,0,0,0,0
   Cambodia,  Southern Africa,0,0,0,0,0,0
   Cambodia,  Western Africa,0,0,0,0,0,0
   Cambodia, ASIA,70191,75283,37612,40324,32579,34959
   Cambodia,  Central Asia,0,0,0,0,0,0
   Cambodia,  Eastern Asia,1857,1983,1161,1244,696,739
   Cambodia,  South-Eastern Asia,68106,73063,36297,38916,31809,34147
   Cambodia,  Southern Asia,228,237,154,164,74,73
   Cambodia,  Western Asia,0,0,0,0,0,0
   Cambodia, EUROPE,480,504,320,342,160,162
   Cambodia,  Eastern Europe,30,30,14,14,16,16
   Cambodia,  Northern Europe,92,97,66,71,26,26
   Cambodia,  Southern Europe,15,14,9,9,6,5
   Cambodia,  Western Europe,343,363,231,248,112,115
   Cambodia, LATIN AMERICA AND THE CARIBBEAN,0,0,0,0,0,0
   Cambodia,  Caribbean,0,0,0,0,0,0
   Cambodia,  Central America,0,0,0,0,0,0
   Cambodia,  South America,0,0,0,0,0,0
   Cambodia, NORTHERN AMERICA,237,251,141,151,96,100
   Cambodia, OCEANIA ,116,123,77,83,39,40
   Cambodia,  Australia and New Zealand,116,123,77,83,39,40
   Cambodia,  Melanesia,0,0,0,0,0,0
   Cambodia,  Micronesia,0,0,0,0,0,0
   Cambodia,  Polynesia*,0,0,0,0,0,0
   Cambodia,   Australia*,116,123,77,83,39,40
   Cambodia,   Myanmar,52,54,36,38,16,16
   Cambodia,   Canada,42,43,22,23,20,20
   Cambodia,   Sri Lanka,47,48,35,37,12,11
   Cambodia,   China*,1518,1627,943,1011,575,616
   Cambodia,   France*,275,294,187,201,88,93
   Cambodia,   Germany,38,39,24,26,14,13
   Cambodia,"   China, Hong Kong SAR*",116,123,71,77,45,46
   Cambodia,   India,95,101,73,79,22,22
   Cambodia,   Indonesia,105,111,83,89,22,22
   Cambodia,   Italy,15,14,9,9,6,5
   Cambodia,   Japan,125,132,83,89,42,43
   Cambodia,   Dem. People's Republic of Korea,42,43,26,27,16,16
   Cambodia,   Republic of Korea,56,58,38,40,18,18
   Cambodia,   Lao People's Democratic Republic,260,278,155,167,105,111
   Cambodia,   Malaysia*,172,182,137,146,35,36
   Cambodia,   Nepal,45,46,25,26,20,20
   Cambodia,   Netherlands*,30,30,20,21,10,9
   Cambodia,   Pakistan,41,42,21,22,20,20
   Cambodia,   Philippines,152,162,86,92,66,70
   Cambodia,   Russian Federation,30,30,14,14,16,16
   Cambodia,   Singapore,123,130,84,90,39,40
   Cambodia,   Viet Nam,36436,39098,19175,20551,17261,18547
   Cambodia,   Thailand,30806,33048,16541,17743,14265,15305
   Cambodia,   United Kingdom*,92,97,66,71,26,26
   Cambodia,   United States of America*,195,208,119,128,76,80
   Cambodia,Other,2938,3180,1704,1830,1234,1350
   Indonesia,WORLD,338124,355505,196717,206538,141407,148967
   Indonesia,  Sub-Saharan Africa,0,0,0,0,0,0
   Indonesia,  Northern Africa and Western Asia,18765,19724,11118,11673,7647,8051
   Indonesia,  Central and Southern Asia,20199,21235,11103,11655,9096,9580
   Indonesia,  Eastern and South-Eastern Asia,197014,207138,114550,120269,82464,86869
   Indonesia,  Latin America and the Caribbean,0,0,0,0,0,0
   Indonesia,  Oceania (excluding Australia and New Zealand),0,0,0,0,0,0
   Indonesia,  Australia and New Zealand,10844,11400,6456,6779,4388,4621
   Indonesia,  Europe and Northern America,52475,55167,29338,30799,23137,24368
   Indonesia,  Developed regions,82228,86446,48185,50592,34043,35854
   Indonesia,  Less developed regions,217069,228218,124380,130583,92689,97635
   Indonesia," Less developed regions, excluding least developed countries",194544,204537,111484,117044,83060,87493
   Indonesia," Less developed regions, excluding China",144767,152190,83144,87290,61623,64900
   Indonesia,  Least developed countries,22525,23681,12896,13539,9629,10142
   Indonesia,  Land-locked Developing Countries (LLDC),0,0,0,0,0,0
   Indonesia,  Small island developing States (SIDS),45050,47362,25792,27078,19258,20284
   Indonesia,  High-income countries,138956,146085,80981,85025,57975,61060
   Indonesia,  Middle-income countries,158078,166201,90244,94743,67834,71458
   Indonesia, Upper-middle-income countries,111329,117055,63910,67098,47419,49957
   Indonesia, Lower-middle-income countries,46749,49146,26334,27645,20415,21501
   Indonesia,  Low-income countries,2263,2378,1340,1407,923,971
   Indonesia, AFRICA,2263,2378,1340,1407,923,971
   Indonesia,  Eastern Africa,0,0,0,0,0,0
   Indonesia,  Middle Africa,0,0,0,0,0,0
   Indonesia,  Northern Africa,2263,2378,1340,1407,923,971
   Indonesia,  Southern Africa,0,0,0,0,0,0
   Indonesia,  Western Africa,0,0,0,0,0,0
   Indonesia, ASIA,233715,245719,135431,142190,98284,103529
   Indonesia,  Central Asia,0,0,0,0,0,0
   Indonesia,  Eastern Asia,123151,129487,72187,75794,50964,53693
   Indonesia,  South-Eastern Asia,73863,77651,42363,44475,31500,33176
   Indonesia,  Southern Asia,20199,21235,11103,11655,9096,9580
   Indonesia,  Western Asia,16502,17346,9778,10266,6724,7080
   Indonesia, EUROPE,38254,40217,21209,22264,17045,17953
   Indonesia,  Eastern Europe,0,0,0,0,0,0
   Indonesia,  Northern Europe,31304,32911,16858,17694,14446,15217
   Indonesia,  Southern Europe,0,0,0,0,0,0
   Indonesia,  Western Europe,6950,7306,4351,4570,2599,2736
   Indonesia, LATIN AMERICA AND THE CARIBBEAN,0,0,0,0,0,0
   Indonesia,  Caribbean,0,0,0,0,0,0
   Indonesia,  Central America,0,0,0,0,0,0
   Indonesia,  South America,0,0,0,0,0,0
   Indonesia, NORTHERN AMERICA,14221,14950,8129,8535,6092,6415
   Indonesia, OCEANIA ,10844,11400,6456,6779,4388,4621
   Indonesia,  Australia and New Zealand,10844,11400,6456,6779,4388,4621
   Indonesia,  Melanesia,0,0,0,0,0,0
   Indonesia,  Micronesia,0,0,0,0,0,0
   Indonesia,  Polynesia*,0,0,0,0,0,0
   Indonesia,   Australia*,10844,11400,6456,6779,4388,4621
   Indonesia,   Canada,2144,2253,1122,1178,1022,1075
   Indonesia,   China*,72302,76028,41236,43293,31066,32735
   Indonesia,   India,11976,12590,7098,7452,4878,5138
   Indonesia,   Japan,18909,19879,12391,13014,6518,6865
   Indonesia,   Jordan,11976,12590,7098,7452,4878,5138
   Indonesia,   Republic of Korea,31940,33580,18560,19487,13380,14093
   Indonesia,   Libya,2263,2378,1340,1407,923,971
   Indonesia,   Malaysia*,2263,2378,1340,1407,923,971
   Indonesia,   Netherlands*,6950,7306,4351,4570,2599,2736
   Indonesia,   Pakistan,8223,8645,4005,4203,4218,4442
   Indonesia,   Philippines,4025,4230,2335,2451,1690,1779
   Indonesia,   Timor-Leste,22525,23681,12896,13539,9629,10142
   Indonesia,   Saudi Arabia,2263,2378,1340,1407,923,971
   Indonesia,   Singapore,22525,23681,12896,13539,9629,10142
   Indonesia,   Syrian Arab Republic,2263,2378,1340,1407,923,971
   Indonesia,   Thailand,22525,23681,12896,13539,9629,10142
   Indonesia,   United Kingdom*,31304,32911,16858,17694,14446,15217
   Indonesia,   United States of America*,12077,12697,7007,7357,5070,5340
   Indonesia,Other,38827,40841,24152,25363,14675,15478
   Lao People's Democratic Republic,WORLD,45538,48731,29335,31393,16203,17338
   Lao People's Democratic Republic,  Sub-Saharan Africa,0,0,0,0,0,0
   Lao People's Democratic Republic,  Northern Africa and Western Asia,0,0,0,0,0,0
   Lao People's Democratic Republic,  Central and Southern Asia,0,0,0,0,0,0
   Lao People's Democratic Republic,  Eastern and South-Eastern Asia,41894,44829,26904,28793,14990,16036
   Lao People's Democratic Republic,  Latin America and the Caribbean,0,0,0,0,0,0
   Lao People's Democratic Republic,  Oceania (excluding Australia and New Zealand),0,0,0,0,0,0
   Lao People's Democratic Republic,  Australia and New Zealand,205,218,144,155,61,63
   Lao People's Democratic Republic,  Europe and Northern America,0,0,0,0,0,0
   Lao People's Democratic Republic,  Developed regions,205,218,144,155,61,63
   Lao People's Democratic Republic,  Less developed regions,41894,44829,26904,28793,14990,16036
   Lao People's Democratic Republic," Less developed regions, excluding least developed countries",35631,38130,23554,25208,12077,12922
   Lao People's Democratic Republic," Less developed regions, excluding China",28494,30491,17349,18567,11145,11924
   Lao People's Democratic Republic,  Least developed countries,6263,6699,3350,3585,2913,3114
   Lao People's Democratic Republic,  Land-locked Developing Countries (LLDC),0,0,0,0,0,0
   Lao People's Democratic Republic,  Small island developing States (SIDS),0,0,0,0,0,0
   Lao People's Democratic Republic,  High-income countries,205,218,144,155,61,63
   Lao People's Democratic Republic,  Middle-income countries,41894,44829,26904,28793,14990,16036
   Lao People's Democratic Republic, Upper-middle-income countries,16693,17860,12192,13048,4501,4812
   Lao People's Democratic Republic, Lower-middle-income countries,25201,26969,14712,15745,10489,11224
   Lao People's Democratic Republic,  Low-income countries,0,0,0,0,0,0
   Lao People's Democratic Republic, AFRICA,0,0,0,0,0,0
   Lao People's Democratic Republic,  Eastern Africa,0,0,0,0,0,0
   Lao People's Democratic Republic,  Middle Africa,0,0,0,0,0,0
   Lao People's Democratic Republic,  Northern Africa,0,0,0,0,0,0
   Lao People's Democratic Republic,  Southern Africa,0,0,0,0,0,0
   Lao People's Democratic Republic,  Western Africa,0,0,0,0,0,0
   Lao People's Democratic Republic, ASIA,41894,44829,26904,28793,14990,16036
   Lao People's Democratic Republic,  Central Asia,0,0,0,0,0,0
   Lao People's Democratic Republic,  Eastern Asia,13400,14338,9555,10226,3845,4112
   Lao People's Democratic Republic,  South-Eastern Asia,28494,30491,17349,18567,11145,11924
   Lao People's Democratic Republic,  Southern Asia,0,0,0,0,0,0
   Lao People's Democratic Republic,  Western Asia,0,0,0,0,0,0
   Lao People's Democratic Republic, EUROPE,0,0,0,0,0,0
   Lao People's Democratic Republic,  Eastern Europe,0,0,0,0,0,0
   Lao People's Democratic Republic,  Northern Europe,0,0,0,0,0,0
   Lao People's Democratic Republic,  Southern Europe,0,0,0,0,0,0
   Lao People's Democratic Republic,  Western Europe,0,0,0,0,0,0
   Lao People's Democratic Republic, LATIN AMERICA AND THE CARIBBEAN,0,0,0,0,0,0
   Lao People's Democratic Republic,  Caribbean,0,0,0,0,0,0
   Lao People's Democratic Republic,  Central America,0,0,0,0,0,0
   Lao People's Democratic Republic,  South America,0,0,0,0,0,0
   Lao People's Democratic Republic, NORTHERN AMERICA,0,0,0,0,0,0
   Lao People's Democratic Republic, OCEANIA ,205,218,144,155,61,63
   Lao People's Democratic Republic,  Australia and New Zealand,205,218,144,155,61,63
   Lao People's Democratic Republic,  Melanesia,0,0,0,0,0,0
   Lao People's Democratic Republic,  Micronesia,0,0,0,0,0,0
   Lao People's Democratic Republic,  Polynesia*,0,0,0,0,0,0
   Lao People's Democratic Republic,   Australia*,205,218,144,155,61,63
   Lao People's Democratic Republic,   Myanmar,2835,3032,1530,1637,1305,1395
   Lao People's Democratic Republic,   Cambodia,3428,3667,1820,1948,1608,1719
   Lao People's Democratic Republic,   China*,13400,14338,9555,10226,3845,4112
   Lao People's Democratic Republic,   Viet Nam,18938,20270,11362,12160,7576,8110
   Lao People's Democratic Republic,   Thailand,3293,3522,2637,2822,656,700
   Lao People's Democratic Republic,Other,3439,3684,2287,2445,1152,1239
   Malaysia*,WORLD,3280681,3476560,1996220,2156265,1284461,1320295
   Malaysia*,  Sub-Saharan Africa,1510,3294,873,1402,637,1892
   Malaysia*,  Northern Africa and Western Asia,1244,1318,720,778,524,540
   Malaysia*,  Central and Southern Asia,1172931,1244861,681785,739136,491146,505725
   Malaysia*,  Eastern and South-Eastern Asia,1866536,1977976,1159682,1251407,706854,726569
   Malaysia*,  Latin America and the Caribbean,0,0,0,0,0,0
   Malaysia*,  Oceania (excluding Australia and New Zealand),0,0,0,0,0,0
   Malaysia*,  Australia and New Zealand,8154,8639,4280,4657,3874,3982
   Malaysia*,  Europe and Northern America,10782,11425,7169,7712,3613,3713
   Malaysia*,  Developed regions,36940,39142,22221,24014,14719,15128
   Malaysia*,  Less developed regions,3024217,3208371,1832288,1981078,1191929,1227293
   Malaysia*," Less developed regions, excluding least developed countries",1730700,1834029,1038866,1122898,691834,711131
   Malaysia*," Less developed regions, excluding China",3012870,3196347,1826230,1974490,1186640,1221857
   Malaysia*,  Least developed countries,1293517,1374342,793422,858180,500095,516162
   Malaysia*,  Land-locked Developing Countries (LLDC),553400,588342,320267,347826,233133,240516
   Malaysia*,  Small island developing States (SIDS),87031,92227,46657,50727,40374,41500
   Malaysia*,  High-income countries,134375,142393,76073,82467,58302,59926
   Malaysia*,  Middle-income countries,2924727,3099348,1777246,1919859,1147481,1179489
   Malaysia*, Upper-middle-income countries,1199169,1270766,744432,803343,454737,467423
   Malaysia*, Lower-middle-income countries,1725558,1828582,1032814,1116516,692744,712066
   Malaysia*,  Low-income countries,2055,5772,1190,2766,865,3006
   Malaysia*, AFRICA,1510,3294,873,1402,637,1892
   Malaysia*,  Eastern Africa,1510,3294,873,1402,637,1892
   Malaysia*,  Middle Africa,0,0,0,0,0,0
   Malaysia*,  Northern Africa,0,0,0,0,0,0
   Malaysia*,  Southern Africa,0,0,0,0,0,0
   Malaysia*,  Western Africa,0,0,0,0,0,0
   Malaysia*, ASIA,3040711,3224155,1842187,1991321,1198524,1232834
   Malaysia*,  Central Asia,0,0,0,0,0,0
   Malaysia*,  Eastern Asia,33098,35072,19888,21495,13210,13577
   Malaysia*,  South-Eastern Asia,1833438,1942904,1139794,1229912,693644,712992
   Malaysia*,  Southern Asia,1172931,1244861,681785,739136,491146,505725
   Malaysia*,  Western Asia,1244,1318,720,778,524,540
   Malaysia*, EUROPE,10782,11425,7169,7712,3613,3713
   Malaysia*,  Eastern Europe,0,0,0,0,0,0
   Malaysia*,  Northern Europe,10782,11425,7169,7712,3613,3713
   Malaysia*,  Southern Europe,0,0,0,0,0,0
   Malaysia*,  Western Europe,0,0,0,0,0,0
   Malaysia*, LATIN AMERICA AND THE CARIBBEAN,0,0,0,0,0,0
   Malaysia*,  Caribbean,0,0,0,0,0,0
   Malaysia*,  Central America,0,0,0,0,0,0
   Malaysia*,  South America,0,0,0,0,0,0
   Malaysia*, NORTHERN AMERICA,0,0,0,0,0,0
   Malaysia*, OCEANIA ,8154,8639,4280,4657,3874,3982
   Malaysia*,  Australia and New Zealand,8154,8639,4280,4657,3874,3982
   Malaysia*,  Melanesia,0,0,0,0,0,0
   Malaysia*,  Micronesia,0,0,0,0,0,0
   Malaysia*,  Polynesia*,0,0,0,0,0,0
   Malaysia*,   Afghanistan,545,2478,317,1364,228,1114
   Malaysia*,   Australia*,5811,6157,3122,3393,2689,2764
   Malaysia*,   Bangladesh,392295,415717,228434,247285,163861,168432
   Malaysia*,   Brunei Darussalam,6657,7054,4137,4464,2520,2590
   Malaysia*,   Cambodia,15461,16384,9536,10294,5925,6090
   Malaysia*,   China*,11347,12024,6058,6588,5289,5436
   Malaysia*,   India,139752,148096,81379,88095,58373,60001
   Malaysia*,   Indonesia,1171677,1241634,731189,788858,440488,452776
   Malaysia*,   Iraq,1244,1318,720,778,524,540
   Malaysia*,   Japan,18004,19078,10772,11645,7232,7433
   Malaysia*,   Myanmar,330851,350605,234312,251373,96539,99232
   Malaysia*,   Nepal,552855,585864,319950,346462,232905,239402
   Malaysia*,   New Zealand*,2343,2482,1158,1264,1185,1218
   Malaysia*,   Pakistan,80224,85013,46720,50575,33504,34438
   Malaysia*,   Philippines,111343,117990,47346,52208,63997,65782
   Malaysia*,   Republic of Korea,3747,3970,3058,3262,689,708
   Malaysia*,   Singapore,87031,92227,46657,50727,40374,41500
   Malaysia*,   Somalia,1510,3294,873,1402,637,1892
   Malaysia*,   Sri Lanka,7260,7693,4985,5355,2275,2338
   Malaysia*,   Viet Nam,95517,101220,60152,64869,35365,36351
   Malaysia*,   Thailand,14901,15790,6465,7119,8436,8671
   Malaysia*,   United Kingdom*,10782,11425,7169,7712,3613,3713
   Malaysia*,Other,219524,229047,141711,151173,77813,77874
   Myanmar,WORLD,73309,76446,40178,41898,33131,34548
   Myanmar,  Sub-Saharan Africa,0,0,0,0,0,0
   Myanmar,  Northern Africa and Western Asia,0,0,0,0,0,0
   Myanmar,  Central and Southern Asia,30204,31492,16958,17684,13246,13808
   Myanmar,  Eastern and South-Eastern Asia,33656,35104,17929,18698,15727,16406
   Myanmar,  Latin America and the Caribbean,0,0,0,0,0,0
   Myanmar,  Oceania (excluding Australia and New Zealand),0,0,0,0,0,0
   Myanmar,  Australia and New Zealand,0,0,0,0,0,0
   Myanmar,  Europe and Northern America,0,0,0,0,0,0
   Myanmar,  Developed regions,0,0,0,0,0,0
   Myanmar,  Less developed regions,63860,66596,34887,36382,28973,30214
   Myanmar," Less developed regions, excluding least developed countries",62836,65530,34090,35552,28746,29978
   Myanmar," Less developed regions, excluding China",30204,31492,16958,17684,13246,13808
   Myanmar,  Least developed countries,1024,1066,797,830,227,236
   Myanmar,  Land-locked Developing Countries (LLDC),0,0,0,0,0,0
   Myanmar,  Small island developing States (SIDS),0,0,0,0,0,0
   Myanmar,  High-income countries,0,0,0,0,0,0
   Myanmar,  Middle-income countries,63860,66596,34887,36382,28973,30214
   Myanmar, Upper-middle-income countries,33656,35104,17929,18698,15727,16406
   Myanmar, Lower-middle-income countries,30204,31492,16958,17684,13246,13808
   Myanmar,  Low-income countries,0,0,0,0,0,0
   Myanmar, AFRICA,0,0,0,0,0,0
   Myanmar,  Eastern Africa,0,0,0,0,0,0
   Myanmar,  Middle Africa,0,0,0,0,0,0
   Myanmar,  Northern Africa,0,0,0,0,0,0
   Myanmar,  Southern Africa,0,0,0,0,0,0
   Myanmar,  Western Africa,0,0,0,0,0,0
   Myanmar, ASIA,63860,66596,34887,36382,28973,30214
   Myanmar,  Central Asia,0,0,0,0,0,0
   Myanmar,  Eastern Asia,33656,35104,17929,18698,15727,16406
   Myanmar,  South-Eastern Asia,0,0,0,0,0,0
   Myanmar,  Southern Asia,30204,31492,16958,17684,13246,13808
   Myanmar,  Western Asia,0,0,0,0,0,0
   Myanmar, EUROPE,0,0,0,0,0,0
   Myanmar,  Eastern Europe,0,0,0,0,0,0
   Myanmar,  Northern Europe,0,0,0,0,0,0
   Myanmar,  Southern Europe,0,0,0,0,0,0
   Myanmar,  Western Europe,0,0,0,0,0,0
   Myanmar, LATIN AMERICA AND THE CARIBBEAN,0,0,0,0,0,0
   Myanmar,  Caribbean,0,0,0,0,0,0
   Myanmar,  Central America,0,0,0,0,0,0
   Myanmar,  South America,0,0,0,0,0,0
   Myanmar, NORTHERN AMERICA,0,0,0,0,0,0
   Myanmar, OCEANIA ,0,0,0,0,0,0
   Myanmar,  Australia and New Zealand,0,0,0,0,0,0
   Myanmar,  Melanesia,0,0,0,0,0,0
   Myanmar,  Micronesia,0,0,0,0,0,0
   Myanmar,  Polynesia*,0,0,0,0,0,0
   Myanmar,   Bangladesh,1024,1066,797,830,227,236
   Myanmar,   China*,33656,35104,17929,18698,15727,16406
   Myanmar,   India,26205,27325,13999,14599,12206,12726
   Myanmar,   Pakistan,2975,3101,2162,2255,813,846
   Myanmar,Other,9449,9850,5291,5516,4158,4334
   Philippines,WORLD,211862,225525,109783,117105,102079,108420
   Philippines,  Sub-Saharan Africa,1860,1970,1275,1357,585,613
   Philippines,  Northern Africa and Western Asia,5347,5667,2831,3021,2516,2646
   Philippines,  Central and Southern Asia,13342,14192,7442,7937,5900,6255
   Philippines,  Eastern and South-Eastern Asia,69256,73699,35744,38128,33512,35571
   Philippines,  Latin America and the Caribbean,1590,1670,855,911,735,759
   Philippines,  Oceania (excluding Australia and New Zealand),1102,1168,493,526,609,642
   Philippines,  Australia and New Zealand,4376,4656,2485,2650,1891,2006
   Philippines,  Europe and Northern America,59070,62843,30912,32969,28158,29874
   Philippines,  Developed regions,77195,82133,41389,44140,35806,37993
   Philippines,  Less developed regions,78748,83732,40648,43359,38100,40373
   Philippines," Less developed regions, excluding least developed countries",76244,81081,39433,42061,36811,39020
   Philippines," Less developed regions, excluding China",42540,45191,22977,24504,19563,20687
   Philippines,  Least developed countries,2504,2651,1215,1298,1289,1353
   Philippines,  Land-locked Developing Countries (LLDC),1745,1852,848,907,897,945
   Philippines,  Small island developing States (SIDS),2544,2693,1496,1597,1048,1096
   Philippines,  High-income countries,88913,94584,47630,50796,41283,43788
   Philippines,  Middle-income countries,59901,63700,30845,32904,29056,30796
   Philippines, Upper-middle-income countries,44763,47615,22076,23555,22687,24060
   Philippines, Lower-middle-income countries,15138,16085,8769,9349,6369,6736
   Philippines,  Low-income countries,7129,7581,3562,3799,3567,3782
   Philippines, AFRICA,3161,3347,1933,2059,1228,1288
   Philippines,  Eastern Africa,53,55,24,26,29,29
   Philippines,  Middle Africa,637,673,579,615,58,58
   Philippines,  Northern Africa,1301,1377,658,702,643,675
   Philippines,  Southern Africa,813,864,404,431,409,433
   Philippines,  Western Africa,357,378,268,285,89,93
   Philippines, ASIA,86644,92181,45359,48384,41285,43797
   Philippines,  Central Asia,0,0,0,0,0,0
   Philippines,  Eastern Asia,62616,66648,32165,34312,30451,32336
   Philippines,  South-Eastern Asia,6640,7051,3579,3816,3061,3235
   Philippines,  Southern Asia,13342,14192,7442,7937,5900,6255
   Philippines,  Western Asia,4046,4290,2173,2319,1873,1971
   Philippines, EUROPE,17941,19064,9558,10191,8383,8873
   Philippines,  Eastern Europe,456,481,300,322,156,159
   Philippines,  Northern Europe,6578,6990,3298,3515,3280,3475
   Philippines,  Southern Europe,3365,3574,1536,1638,1829,1936
   Philippines,  Western Europe,7542,8019,4424,4716,3118,3303
   Philippines, LATIN AMERICA AND THE CARIBBEAN,1590,1670,855,911,735,759
   Philippines,  Caribbean,114,118,58,62,56,56
   Philippines,  Central America,218,227,139,147,79,80
   Philippines,  South America,1258,1325,658,702,600,623
   Philippines, NORTHERN AMERICA,41129,43779,21354,22778,19775,21001
   Philippines, OCEANIA ,5478,5824,2978,3176,2500,2648
   Philippines,  Australia and New Zealand,4376,4656,2485,2650,1891,2006
   Philippines,  Melanesia,60,62,27,28,33,34
   Philippines,  Micronesia,1042,1106,466,498,576,608
   Philippines,  Polynesia*,0,0,0,0,0,0
   Philippines,   Afghanistan,1220,1297,579,617,641,680
   Philippines,   Albania,116,122,56,60,60,62
   Philippines,   Algeria,462,490,234,249,228,241
   Philippines,   Angola,76,79,35,37,41,42
   Philippines,   Argentina,148,155,89,94,59,61
   Philippines,   Australia*,3993,4249,2264,2414,1729,1835
   Philippines,   Austria,503,533,275,292,228,241
   Philippines,   Bahrain,111,117,54,58,57,59
   Philippines,   Bangladesh,158,166,69,73,89,93
   Philippines,   Armenia,135,143,67,72,68,71
   Philippines,   Belgium,533,566,241,257,292,309
   Philippines,   Bolivia (Plurinational State of),35,36,18,20,17,16
   Philippines,   Brazil,162,171,79,85,83,86
   Philippines,   Brunei Darussalam,82,85,38,39,44,46
   Philippines,   Myanmar,421,447,195,208,226,239
   Philippines,   Cambodia,39,40,20,22,19,18
   Philippines,   Canada,5565,5922,3077,3280,2488,2642
   Philippines,   Cabo Verde,131,139,131,139,0,0
   Philippines,   Sri Lanka,172,182,139,148,33,34
   Philippines,   Chile,93,97,39,41,54,56
   Philippines,   China*,35952,38269,17544,18719,18408,19550
   Philippines,   Colombia,125,131,90,95,35,36
   Philippines,   Congo,529,561,529,561,0,0
   Philippines,   Democratic Republic of the Congo,32,33,15,17,17,16
   Philippines,   Costa Rica,39,40,39,40,0,0
   Philippines,   Denmark*,442,468,198,210,244,258
   Philippines,   Ecuador,459,487,227,242,232,245
   Philippines,   Finland*,112,118,64,68,48,50
   Philippines,   France*,1204,1280,643,686,561,594
   Philippines,   Germany,3786,4029,2319,2472,1467,1557
   Philippines,   Ghana,34,35,34,35,0,0
   Philippines,   Greece,153,161,87,92,66,69
   Philippines,   Guam*,1008,1071,451,481,557,590
   Philippines,   Guatemala,34,35,13,15,21,20
   Philippines,"   China, Hong Kong SAR*",256,272,127,136,129,136
   Philippines,   Hungary,244,258,192,204,52,54
   Philippines,   Iceland,53,55,42,45,11,10
   Philippines,   India,10639,11323,6120,6525,4519,4798
   Philippines,   Indonesia,3304,3515,1632,1741,1672,1774
   Philippines,   Iran (Islamic Republic of),586,622,250,267,336,355
   Philippines,   Iraq,71,75,71,75,0,0
   Philippines,   Ireland,431,457,250,266,181,191
   Philippines,   Israel,614,652,287,306,327,346
   Philippines,   Italy,1731,1841,838,893,893,948
   Philippines,   Japan,13749,14634,7992,8521,5757,6113
   Philippines,   Jordan,177,187,128,136,49,51
   Philippines,   Kenya,53,55,24,26,29,29
   Philippines,   Dem. People's Republic of Korea,5753,6123,2855,3046,2898,3077
   Philippines,   Republic of Korea,6906,7350,3647,3890,3259,3460
   Philippines,   Kuwait,171,181,90,97,81,84
   Philippines,   Lao People's Democratic Republic,287,304,147,157,140,147
   Philippines,   Lebanon,134,142,68,73,66,69
   Philippines,   Libya,48,50,29,32,19,18
   Philippines,   Malaysia*,793,842,416,444,377,398
   Philippines,   Mexico,145,152,87,92,58,60
   Philippines,   Oman,408,433,203,217,205,216
   Philippines,   Nepal,68,72,37,41,31,31
   Philippines,   Netherlands*,483,513,284,303,199,210
   Philippines,   Aruba*,63,65,35,37,28,28
   Philippines,   New Zealand*,383,407,221,236,162,171
   Philippines,   Nigeria,192,204,103,111,89,93
   Philippines,   Norway*,653,693,334,355,319,338
   Philippines,   Palau,34,35,15,17,19,18
   Philippines,   Pakistan,499,530,248,266,251,264
   Philippines,   Papua New Guinea,60,62,27,28,33,34
   Philippines,   Peru,111,117,54,58,57,59
   Philippines,   Poland,110,116,33,36,77,80
   Philippines,   Portugal,60,62,29,31,31,31
   Philippines,   Timor-Leste,141,149,64,69,77,80
   Philippines,   Puerto Rico*,51,53,23,25,28,28
   Philippines,   Qatar,120,126,60,64,60,62
   Philippines,   Romania,35,36,19,21,16,15
   Philippines,   Russian Federation,67,71,56,61,11,10
   Philippines,   Saudi Arabia,733,779,437,466,296,313
   Philippines,   Singapore,820,871,634,676,186,195
   Philippines,   Viet Nam,413,438,254,270,159,168
   Philippines,   South Africa,813,864,404,431,409,433
   Philippines,   Spain*,1305,1388,526,562,779,826
   Philippines,   Sudan,62,64,54,57,8,7
   Philippines,   Suriname,125,131,62,67,63,64
   Philippines,   Sweden,605,643,409,436,196,207
   Philippines,   Switzerland,1033,1098,662,706,371,392
   Philippines,   Syrian Arab Republic,62,64,59,62,3,2
   Philippines,   Thailand,340,360,179,190,161,170
   Philippines,   United Arab Emirates,431,457,213,227,218,230
   Philippines,   Tunisia,568,603,265,282,303,321
   Philippines,   Turkey,879,934,436,466,443,468
   Philippines,   Egypt,161,170,76,82,85,88
   Philippines,   United Kingdom*,4282,4556,2001,2135,2281,2421
   Philippines,   United States of America*,35564,37857,18277,19498,17287,18359
   Philippines,Other,55919,59660,27746,29606,28173,30054
   Singapore,WORLD,2483405,2523648,1096394,1112517,1387011,1411131
   Singapore,  Sub-Saharan Africa,0,0,0,0,0,0
   Singapore,  Northern Africa and Western Asia,0,0,0,0,0,0
   Singapore,  Central and Southern Asia,356656,362442,192114,195024,164542,167418
   Singapore,  Eastern and South-Eastern Asia,1810578,1839916,750344,761247,1060234,1078669
   Singapore,  Latin America and the Caribbean,0,0,0,0,0,0
   Singapore,  Oceania (excluding Australia and New Zealand),0,0,0,0,0,0
   Singapore,  Australia and New Zealand,13871,14094,7265,7374,6606,6720
   Singapore,  Europe and Northern America,20830,21166,10783,10945,10047,10221
   Singapore,  Developed regions,34701,35260,18048,18319,16653,16941
   Singapore,  Less developed regions,2167234,2202358,942458,956271,1224776,1246087
   Singapore," Less developed regions, excluding least developed countries",2088650,2122501,899032,912183,1189618,1210318
   Singapore," Less developed regions, excluding China",1661321,1688248,732715,743480,928606,944768
   Singapore,  Least developed countries,78584,79857,43426,44088,35158,35769
   Singapore,  Land-locked Developing Countries (LLDC),0,0,0,0,0,0
   Singapore,  Small island developing States (SIDS),0,0,0,0,0,0
   Singapore,  High-income countries,120980,122936,55066,55878,65914,67058
   Singapore,  Middle-income countries,2080955,2114682,905440,918712,1175515,1195970
   Singapore, Upper-middle-income countries,1709593,1737296,711007,721346,998586,1015950
   Singapore, Lower-middle-income countries,371362,377386,194433,197366,176929,180020
   Singapore,  Low-income countries,0,0,0,0,0,0
   Singapore, AFRICA,0,0,0,0,0,0
   Singapore,  Eastern Africa,0,0,0,0,0,0
   Singapore,  Middle Africa,0,0,0,0,0,0
   Singapore,  Northern Africa,0,0,0,0,0,0
   Singapore,  Southern Africa,0,0,0,0,0,0
   Singapore,  Western Africa,0,0,0,0,0,0
   Singapore, ASIA,2167234,2202358,942458,956271,1224776,1246087
   Singapore,  Central Asia,0,0,0,0,0,0
   Singapore,  Eastern Asia,505913,514110,209743,212791,296170,301319
   Singapore,  South-Eastern Asia,1304665,1325806,540601,548456,764064,777350
   Singapore,  Southern Asia,356656,362442,192114,195024,164542,167418
   Singapore,  Western Asia,0,0,0,0,0,0
   Singapore, EUROPE,0,0,0,0,0,0
   Singapore,  Eastern Europe,0,0,0,0,0,0
   Singapore,  Northern Europe,0,0,0,0,0,0
   Singapore,  Southern Europe,0,0,0,0,0,0
   Singapore,  Western Europe,0,0,0,0,0,0
   Singapore, LATIN AMERICA AND THE CARIBBEAN,0,0,0,0,0,0
   Singapore,  Caribbean,0,0,0,0,0,0
   Singapore,  Central America,0,0,0,0,0,0
   Singapore,  South America,0,0,0,0,0,0
   Singapore, NORTHERN AMERICA,20830,21166,10783,10945,10047,10221
   Singapore, OCEANIA ,13871,14094,7265,7374,6606,6720
   Singapore,  Australia and New Zealand,13871,14094,7265,7374,6606,6720
   Singapore,  Melanesia,0,0,0,0,0,0
   Singapore,  Micronesia,0,0,0,0,0,0
   Singapore,  Polynesia*,0,0,0,0,0,0
   Singapore,   Bangladesh,78584,79857,43426,44088,35158,35769
   Singapore,   China*,419634,426434,172725,175232,246909,251202
   Singapore,"   China, Hong Kong SAR*",64817,65867,28183,28596,36634,37271
   Singapore,"   China, Macao SAR*",21462,21809,8835,8963,12627,12846
   Singapore,   India,142659,144970,76842,78009,65817,66961
   Singapore,   Sri Lanka,10587,10767,4610,4670,5977,6097
   Singapore,   Indonesia,157139,159685,53044,53780,104095,105905
   Singapore,   Malaysia*,1114858,1132924,482401,489469,632457,643455
   Singapore,   Pakistan,124826,126848,67236,68257,57590,58591
   Singapore,   Philippines,14706,14944,2319,2342,12387,12602
   Singapore,   Thailand,17962,18253,2837,2865,15125,15388
   Singapore,   United States of America*,16455,16721,8518,8646,7937,8075
   Singapore,   Canada,4375,4445,2265,2299,2110,2146
   Singapore,   Australia*,9987,10148,5233,5312,4754,4836
   Singapore,   New Zealand*,3884,3946,2032,2062,1852,1884
   Singapore,Other,281470,286030,135888,137927,145582,148103
   Thailand,WORLD,3470220,3632496,1742708,1821857,1727512,1810639
   Thailand,  Sub-Saharan Africa,172,178,89,92,83,86
   Thailand,  Northern Africa and Western Asia,99,102,51,53,48,49
   Thailand,  Central and Southern Asia,30576,32539,15621,16572,14955,15967
   Thailand,  Eastern and South-Eastern Asia,3420166,3579561,1713959,1791556,1706207,1788005
   Thailand,  Latin America and the Caribbean,0,0,0,0,0,0
   Thailand,  Oceania (excluding Australia and New Zealand),0,0,0,0,0,0
   Thailand,  Australia and New Zealand,3191,3339,1728,1806,1463,1533
   Thailand,  Europe and Northern America,15191,15895,10736,11232,4455,4663
   Thailand,  Developed regions,26485,27715,17670,18483,8815,9232
   Thailand,  Less developed regions,3442910,3603899,1724514,1802828,1718396,1801071
   Thailand," Less developed regions, excluding least developed countries",103917,109305,63974,67154,39943,42151
   Thailand," Less developed regions, excluding China",3369082,3526619,1676810,1752929,1692272,1773690
   Thailand,  Least developed countries,3338993,3494594,1660540,1735674,1678453,1758920
   Thailand,  Land-locked Developing Countries (LLDC),910812,952935,400394,418197,510418,534738
   Thailand,  Small island developing States (SIDS),724,757,506,529,218,228
   Thailand,  High-income countries,28112,29417,18747,19610,9365,9807
   Thailand,  Middle-income countries,3441126,3602034,1723356,1801617,1717770,1800417
   Thailand, Upper-middle-income countries,75893,79439,48995,51249,26898,28190
   Thailand, Lower-middle-income countries,3365233,3522595,1674361,1750368,1690872,1772227
   Thailand,  Low-income countries,157,163,81,84,76,79
   Thailand, AFRICA,173,179,90,93,83,86
   Thailand,  Eastern Africa,137,143,69,72,68,71
   Thailand,  Middle Africa,16,16,9,9,7,7
   Thailand,  Northern Africa,1,1,1,1,0,0
   Thailand,  Southern Africa,0,0,0,0,0,0
   Thailand,  Western Africa,19,19,11,11,8,8
   Thailand, ASIA,3450840,3612201,1729630,1808180,1721210,1804021
   Thailand,  Central Asia,0,0,0,0,0,0
   Thailand,  Eastern Asia,82833,86705,53480,55941,29353,30764
   Thailand,  South-Eastern Asia,3337333,3492856,1660479,1735615,1676854,1757241
   Thailand,  Southern Asia,30576,32539,15621,16572,14955,15967
   Thailand,  Western Asia,98,101,50,52,48,49
   Thailand, EUROPE,10423,10905,7385,7726,3038,3179
   Thailand,  Eastern Europe,0,0,0,0,0,0
   Thailand,  Northern Europe,4092,4281,2674,2797,1418,1484
   Thailand,  Southern Europe,1134,1186,740,774,394,412
   Thailand,  Western Europe,5197,5438,3971,4155,1226,1283
   Thailand, LATIN AMERICA AND THE CARIBBEAN,0,0,0,0,0,0
   Thailand,  Caribbean,0,0,0,0,0,0
   Thailand,  Central America,0,0,0,0,0,0
   Thailand,  South America,0,0,0,0,0,0
   Thailand, NORTHERN AMERICA,4768,4990,3351,3506,1417,1484
   Thailand, OCEANIA ,3191,3339,1728,1806,1463,1533
   Thailand,  Australia and New Zealand,3191,3339,1728,1806,1463,1533
   Thailand,  Melanesia,0,0,0,0,0,0
   Thailand,  Micronesia,0,0,0,0,0,0
   Thailand,  Polynesia*,0,0,0,0,0,0
   Thailand,   Afghanistan,1,1,1,1,0,0
   Thailand,   Australia*,1405,1470,905,946,500,524
   Thailand,   Bangladesh,1393,1458,800,837,593,621
   Thailand,   Cambodia,666096,691776,310564,321877,355532,369899
   Thailand,   Canada,745,779,466,487,279,292
   Thailand,   China*,73828,77280,47704,49899,26124,27381
   Thailand,   Côte d'Ivoire,16,16,9,9,7,7
   Thailand,   Democratic Republic of the Congo,16,16,9,9,7,7
   Thailand,   Denmark*,636,665,447,467,189,198
   Thailand,   Ethiopia,2,2,1,1,1,1
   Thailand,   France*,1308,1369,941,985,367,384
   Thailand,   Germany,2281,2387,1821,1905,460,482
   Thailand,   India,8832,9245,5186,5424,3646,3821
   Thailand,   Indonesia,666,697,369,386,297,311
   Thailand,   Iran (Islamic Republic of),13,13,7,7,6,6
   Thailand,   Iraq,81,84,40,42,41,42
   Thailand,   Italy,608,636,444,465,164,171
   Thailand,   Japan,8103,8481,5206,5445,2897,3036
   Thailand,   Lao People's Democratic Republic,899705,941309,395488,413070,504217,528239
   Thailand,   Liberia,1,1,1,1,0,0
   Thailand,   Malaysia*,1304,1364,874,914,430,450
   Thailand,   Myanmar,1760543,1848270,948706,994684,811837,853586
   Thailand,   Nepal,11099,11618,4901,5122,6198,6496
   Thailand,   Netherlands*,675,706,480,502,195,204
   Thailand,   New Zealand*,1786,1869,823,860,963,1009
   Thailand,   Norway*,712,745,384,402,328,343
   Thailand,   Pakistan,1593,2202,881,1161,712,1041
   Thailand,   Philippines,1301,1361,603,630,698,731
   Thailand,   Portugal,526,550,296,309,230,241
   Thailand,   Republic of Korea,902,944,570,597,332,347
   Thailand,   Rwanda,4,4,2,2,2,2
   Thailand,   Saudi Arabia,1,1,1,1,0,0
   Thailand,   Singapore,724,757,506,529,218,228
   Thailand,   Somalia,130,136,65,68,65,68
   Thailand,   Sri Lanka,7645,8002,3845,4020,3800,3982
   Thailand,   Sudan,1,1,1,1,0,0
   Thailand,   Sweden,692,724,445,466,247,258
   Thailand,   Switzerland,933,976,729,763,204,213
   Thailand,   Togo,2,2,1,1,1,1
   Thailand,   Turkey,1,1,1,1,0,0
   Thailand,   United Kingdom*,2052,2147,1398,1462,654,685
   Thailand,   United States of America*,4023,4211,2885,3019,1138,1192
   Thailand,   Viet Nam,6994,7322,3369,3525,3625,3797
   Thailand,   State of Palestine*,15,15,8,8,7,7
   Thailand,   Zimbabwe,1,1,1,1,0,0
   Thailand,Other,825,882,524,546,301,336
   Timor-Leste,WORLD,8520,8399,5148,5076,3372,3323
   Timor-Leste,  Sub-Saharan Africa,0,0,0,0,0,0
   Timor-Leste,  Northern Africa and Western Asia,0,0,0,0,0,0
   Timor-Leste,  Central and Southern Asia,375,368,252,250,123,118
   Timor-Leste,  Eastern and South-Eastern Asia,5923,5827,3545,3490,2378,2337
   Timor-Leste,  Latin America and the Caribbean,95,91,55,55,40,36
   Timor-Leste,  Oceania (excluding Australia and New Zealand),0,0,0,0,0,0
   Timor-Leste,  Australia and New Zealand,634,623,395,390,239,233
   Timor-Leste,  Europe and Northern America,335,328,192,190,143,138
   Timor-Leste,  Developed regions,969,951,587,580,382,371
   Timor-Leste,  Less developed regions,6393,6286,3852,3795,2541,2491
   Timor-Leste," Less developed regions, excluding least developed countries",6324,6219,3799,3742,2525,2477
   Timor-Leste," Less developed regions, excluding China",5440,5348,3178,3131,2262,2217
   Timor-Leste,  Least developed countries,69,67,53,53,16,14
   Timor-Leste,  Land-locked Developing Countries (LLDC),0,0,0,0,0,0
   Timor-Leste,  Small island developing States (SIDS),110,106,66,66,44,40
   Timor-Leste,  High-income countries,1050,1030,636,629,414,401
   Timor-Leste,  Middle-income countries,6312,6207,3803,3746,2509,2461
   Timor-Leste, Upper-middle-income countries,5352,5265,3179,3129,2173,2136
   Timor-Leste, Lower-middle-income countries,960,942,624,617,336,325
   Timor-Leste,  Low-income countries,0,0,0,0,0,0
   Timor-Leste, AFRICA,0,0,0,0,0,0
   Timor-Leste,  Eastern Africa,0,0,0,0,0,0
   Timor-Leste,  Middle Africa,0,0,0,0,0,0
   Timor-Leste,  Northern Africa,0,0,0,0,0,0
   Timor-Leste,  Southern Africa,0,0,0,0,0,0
   Timor-Leste,  Western Africa,0,0,0,0,0,0
   Timor-Leste, ASIA,6298,6195,3797,3740,2501,2455
   Timor-Leste,  Central Asia,0,0,0,0,0,0
   Timor-Leste,  Eastern Asia,953,938,674,664,279,274
   Timor-Leste,  South-Eastern Asia,4970,4889,2871,2826,2099,2063
   Timor-Leste,  Southern Asia,375,368,252,250,123,118
   Timor-Leste,  Western Asia,0,0,0,0,0,0
   Timor-Leste, EUROPE,276,271,156,154,120,117
   Timor-Leste,  Eastern Europe,0,0,0,0,0,0
   Timor-Leste,  Northern Europe,0,0,0,0,0,0
   Timor-Leste,  Southern Europe,276,271,156,154,120,117
   Timor-Leste,  Western Europe,0,0,0,0,0,0
   Timor-Leste, LATIN AMERICA AND THE CARIBBEAN,95,91,55,55,40,36
   Timor-Leste,  Caribbean,29,27,17,17,12,10
   Timor-Leste,  Central America,0,0,0,0,0,0
   Timor-Leste,  South America,66,64,38,38,28,26
   Timor-Leste, NORTHERN AMERICA,59,57,36,36,23,21
   Timor-Leste, OCEANIA ,634,623,395,390,239,233
   Timor-Leste,  Australia and New Zealand,634,623,395,390,239,233
   Timor-Leste,  Melanesia,0,0,0,0,0,0
   Timor-Leste,  Micronesia,0,0,0,0,0,0
   Timor-Leste,  Polynesia*,0,0,0,0,0,0
   Timor-Leste,   Australia*,562,553,349,344,213,209
   Timor-Leste,   Bangladesh,69,67,53,53,16,14
   Timor-Leste,   Brazil,66,64,38,38,28,26
   Timor-Leste,   China*,953,938,674,664,279,274
   Timor-Leste,   Cuba,29,27,17,17,12,10
   Timor-Leste,   Indonesia,4177,4113,2380,2340,1797,1773
   Timor-Leste,   Malaysia*,65,63,42,42,23,21
   Timor-Leste,   New Zealand*,72,70,46,46,26,24
   Timor-Leste,   Pakistan,306,301,199,197,107,104
   Timor-Leste,   Philippines,377,370,248,244,129,126
   Timor-Leste,   Portugal,276,271,156,154,120,117
   Timor-Leste,   Singapore,81,79,49,49,32,30
   Timor-Leste,   Thailand,62,60,28,28,34,32
   Timor-Leste,   United States of America*,59,57,36,36,23,21
   Timor-Leste,   Viet Nam,208,204,124,123,84,81
   Timor-Leste,Other,1158,1162,709,701,449,461
   Viet Nam,WORLD,72793,76767,42168,44471,30625,32296
   Viet Nam,  Sub-Saharan Africa,0,0,0,0,0,0
   Viet Nam,  Northern Africa and Western Asia,0,0,0,0,0,0
   Viet Nam,  Central and Southern Asia,12818,13512,7071,7459,5747,6053
   Viet Nam,  Eastern and South-Eastern Asia,48693,51344,28573,30132,20120,21212
   Viet Nam,  Latin America and the Caribbean,0,0,0,0,0,0
   Viet Nam,  Oceania (excluding Australia and New Zealand),0,0,0,0,0,0
   Viet Nam,  Australia and New Zealand,37,37,19,20,18,17
   Viet Nam,  Europe and Northern America,5942,6260,3478,3667,2464,2593
   Viet Nam,  Developed regions,7822,8239,4675,4928,3147,3311
   Viet Nam,  Less developed regions,59668,62914,34466,36350,25202,26564
   Viet Nam," Less developed regions, excluding least developed countries",30325,31976,17567,18527,12758,13449
   Viet Nam," Less developed regions, excluding China",56663,59747,32713,34502,23950,25245
   Viet Nam,  Least developed countries,29343,30938,16899,17823,12444,13115
   Viet Nam,  Land-locked Developing Countries (LLDC),9271,9774,5218,5503,4053,4271
   Viet Nam,  Small island developing States (SIDS),1751,1845,869,915,882,930
   Viet Nam,  High-income countries,11378,11986,6611,6968,4767,5018
   Viet Nam,  Middle-income countries,54609,57583,31683,33416,22926,24167
   Viet Nam, Upper-middle-income countries,22545,23780,13203,13923,9342,9857
   Viet Nam, Lower-middle-income countries,32064,33803,18480,19493,13584,14310
   Viet Nam,  Low-income countries,1503,1584,847,894,656,690
   Viet Nam, AFRICA,0,0,0,0,0,0
   Viet Nam,  Eastern Africa,0,0,0,0,0,0
   Viet Nam,  Middle Africa,0,0,0,0,0,0
   Viet Nam,  Northern Africa,0,0,0,0,0,0
   Viet Nam,  Southern Africa,0,0,0,0,0,0
   Viet Nam,  Western Africa,0,0,0,0,0,0
   Viet Nam, ASIA,61511,64856,35644,37591,25867,27265
   Viet Nam,  Central Asia,0,0,0,0,0,0
   Viet Nam,  Eastern Asia,8156,8595,4845,5108,3311,3487
   Viet Nam,  South-Eastern Asia,40537,42749,23728,25024,16809,17725
   Viet Nam,  Southern Asia,12818,13512,7071,7459,5747,6053
   Viet Nam,  Western Asia,0,0,0,0,0,0
   Viet Nam, EUROPE,1324,1393,749,790,575,603
   Viet Nam,  Eastern Europe,0,0,0,0,0,0
   Viet Nam,  Northern Europe,1119,1178,603,635,516,543
   Viet Nam,  Southern Europe,0,0,0,0,0,0
   Viet Nam,  Western Europe,205,215,146,155,59,60
   Viet Nam, LATIN AMERICA AND THE CARIBBEAN,0,0,0,0,0,0
   Viet Nam,  Caribbean,0,0,0,0,0,0
   Viet Nam,  Central America,0,0,0,0,0,0
   Viet Nam,  South America,0,0,0,0,0,0
   Viet Nam, NORTHERN AMERICA,4618,4867,2729,2877,1889,1990
   Viet Nam, OCEANIA ,37,37,19,20,18,17
   Viet Nam,  Australia and New Zealand,37,37,19,20,18,17
   Viet Nam,  Melanesia,0,0,0,0,0,0
   Viet Nam,  Micronesia,0,0,0,0,0,0
   Viet Nam,  Polynesia*,0,0,0,0,0,0
   Viet Nam,   Australia*,37,37,19,20,18,17
   Viet Nam,   Bangladesh,7895,8325,4306,4542,3589,3783
   Viet Nam,   Myanmar,11187,11796,6801,7172,4386,4624
   Viet Nam,   Cambodia,990,1043,574,606,416,437
   Viet Nam,   Canada,1454,1532,891,940,563,592
   Viet Nam,   Sri Lanka,79,82,47,50,32,32
   Viet Nam,   China*,3005,3167,1753,1848,1252,1319
   Viet Nam,   France*,205,215,146,155,59,60
   Viet Nam,   India,1938,2043,1142,1205,796,838
   Viet Nam,   Indonesia,7860,8288,4637,4891,3223,3397
   Viet Nam,   Japan,1843,1942,1178,1241,665,701
   Viet Nam,   Dem. People's Republic of Korea,1503,1584,847,894,656,690
   Viet Nam,   Republic of Korea,1805,1902,1067,1125,738,777
   Viet Nam,   Lao People's Democratic Republic,6956,7334,3965,4182,2991,3152
   Viet Nam,   Malaysia*,128,133,105,110,23,23
   Viet Nam,   Nepal,2315,2440,1253,1321,1062,1119
   Viet Nam,   Pakistan,591,622,323,341,268,281
   Viet Nam,   Philippines,113,118,69,74,44,44
   Viet Nam,   Singapore,1751,1845,869,915,882,930
   Viet Nam,   Thailand,11552,12192,6708,7074,4844,5118
   Viet Nam,   United Kingdom*,1119,1178,603,635,516,543
   Viet Nam,   United States of America*,3164,3335,1838,1937,1326,1398
   Viet Nam,Other,5303,5614,3027,3193,2276,2421
  Southern Asia,WORLD,13873473,13863534,7007526,7042488,6865947,6821046
  Southern Asia,  Sub-Saharan Africa,59886,56028,21441,19449,38445,36579
  Southern Asia,  Northern Africa and Western Asia,184497,163471,97920,79170,86577,84301
  Southern Asia,  Central and Southern Asia,11578095,10952962,5852165,5568941,5725930,5384021
  Southern Asia,  Eastern and South-Eastern Asia,1181818,1828243,608339,1052256,573479,775987
  Southern Asia,  Latin America and the Caribbean,14956,14664,8073,4534,6883,10130
  Southern Asia,  Oceania (excluding Australia and New Zealand),833,779,327,298,506,481
  Southern Asia,  Australia and New Zealand,4825,4570,2430,2282,2395,2288
  Southern Asia,  Europe and Northern America,161546,156174,84419,60050,77127,96124
  Southern Asia,  Developed regions,183130,177133,95595,67759,87535,109374
  Southern Asia,  Less developed regions,13003326,12999758,6579519,6719221,6423807,6280537
  Southern Asia," Less developed regions, excluding least developed countries",4633642,4215189,2418557,2079319,2215085,2135870
  Southern Asia," Less developed regions, excluding China",12706467,12708962,6425929,6605607,6280538,6103355
  Southern Asia,  Least developed countries,8369684,8784569,4160962,4639902,4208722,4144667
  Southern Asia,  Land-locked Developing Countries (LLDC),5375941,5281364,2632943,2605399,2742998,2675965
  Southern Asia,  Small island developing States (SIDS),52619,51208,26798,17037,25821,34171
  Southern Asia,  High-income countries,331752,318497,174139,132735,157613,185762
  Southern Asia,  Middle-income countries,8442523,8483505,4230065,4352943,4212458,4130562
  Southern Asia, Upper-middle-income countries,788345,756933,416422,276055,371923,480878
  Southern Asia, Lower-middle-income countries,7654178,7726572,3813643,4076888,3840535,3649684
  Southern Asia,  Low-income countries,4412181,4374889,2270910,2301302,2141271,2073587
  Southern Asia, AFRICA,60093,56236,21586,19598,38507,36638
  Southern Asia,  Eastern Africa,58660,54863,20767,18816,37893,36047
  Southern Asia,  Middle Africa,0,0,0,0,0,0
  Southern Asia,  Northern Africa,207,208,145,149,62,59
  Southern Asia,  Southern Africa,260,262,104,106,156,156
  Southern Asia,  Western Africa,966,903,570,527,396,376
  Southern Asia, ASIA,12944203,12944468,6558279,6700218,6385924,6244250
  Southern Asia,  Central Asia,18589,7028,8260,3157,10329,3871
  Southern Asia,  Eastern Asia,314254,307829,162646,119359,151608,188470
  Southern Asia,  South-Eastern Asia,867564,1520414,445693,932897,421871,587517
  Southern Asia,  Southern Asia,11559506,10945934,5843905,5565784,5715601,5380150
  Southern Asia,  Western Asia,184290,163263,97775,79021,86515,84242
  Southern Asia, EUROPE,74681,72748,38966,27089,35715,45659
  Southern Asia,  Eastern Europe,1483,1398,642,596,841,802
  Southern Asia,  Northern Europe,61262,59593,32343,20576,28919,39017
  Southern Asia,  Southern Europe,5787,5844,2790,2843,2997,3001
  Southern Asia,  Western Europe,6149,5913,3191,3074,2958,2839
  Southern Asia, LATIN AMERICA AND THE CARIBBEAN,14956,14664,8073,4534,6883,10130
  Southern Asia,  Caribbean,37,36,16,16,21,20
  Southern Asia,  Central America,0,0,0,0,0,0
  Southern Asia,  South America,14919,14628,8057,4518,6862,10110
  Southern Asia, NORTHERN AMERICA,86865,83426,45453,32961,41412,50465
  Southern Asia, OCEANIA ,5658,5349,2757,2580,2901,2769
  Southern Asia,  Australia and New Zealand,4825,4570,2430,2282,2395,2288
  Southern Asia,  Melanesia,833,779,327,298,506,481
  Southern Asia,  Micronesia,0,0,0,0,0,0
  Southern Asia,  Polynesia*,0,0,0,0,0,0
  Southern Asia,   Burundi,0,0,0,0,0,0
  Southern Asia,   Comoros,0,0,0,0,0,0
  Southern Asia,   Djibouti,0,0,0,0,0,0
  Southern Asia,   Eritrea,0,0,0,0,0,0
  Southern Asia,   Ethiopia,0,0,0,0,0,0
  Southern Asia,   Kenya,8268,7733,3855,3535,4413,4198
  Southern Asia,   Madagascar,0,0,0,0,0,0
  Southern Asia,   Malawi,0,0,0,0,0,0
  Southern Asia,   Mauritius*,371,346,137,124,234,222
  Southern Asia,   Mayotte*,0,0,0,0,0,0
  Southern Asia,   Mozambique,0,0,0,0,0,0
  Southern Asia,   Réunion*,0,0,0,0,0,0
  Southern Asia,   Rwanda,0,0,0,0,0,0
  Southern Asia,   Seychelles,25,24,13,13,12,11
  Southern Asia,   Somalia,0,0,0,0,0,0
  Southern Asia,   South Sudan,0,0,0,0,0,0
  Southern Asia,   Uganda,48444,45309,16201,14635,32243,30674
  Southern Asia,   United Republic of Tanzania*,0,0,0,0,0,0
  Southern Asia,   Zambia,1552,1451,561,509,991,942
  Southern Asia,   Zimbabwe,0,0,0,0,0,0
  Southern Asia,   Angola,0,0,0,0,0,0
  Southern Asia,   Cameroon,0,0,0,0,0,0
  Southern Asia,   Central African Republic,0,0,0,0,0,0
  Southern Asia,   Chad,0,0,0,0,0,0
  Southern Asia,   Congo,0,0,0,0,0,0
  Southern Asia,   Democratic Republic of the Congo,0,0,0,0,0,0
  Southern Asia,   Equatorial Guinea,0,0,0,0,0,0
  Southern Asia,   Gabon,0,0,0,0,0,0
  Southern Asia,   Sao Tome and Principe,0,0,0,0,0,0
  Southern Asia,   Algeria,0,0,0,0,0,0
  Southern Asia,   Egypt,167,169,120,124,47,45
  Southern Asia,   Libya,40,39,25,25,15,14
  Southern Asia,   Morocco,0,0,0,0,0,0
  Southern Asia,   Sudan,0,0,0,0,0,0
  Southern Asia,   Tunisia,0,0,0,0,0,0
  Southern Asia,   Western Sahara,0,0,0,0,0,0
  Southern Asia,   Botswana,0,0,0,0,0,0
  Southern Asia,   Eswatini,0,0,0,0,0,0
  Southern Asia,   Lesotho,0,0,0,0,0,0
  Southern Asia,   Namibia,0,0,0,0,0,0
  Southern Asia,   South Africa,260,262,104,106,156,156
  Southern Asia,   Benin,0,0,0,0,0,0
  Southern Asia,   Burkina Faso,0,0,0,0,0,0
  Southern Asia,   Cabo Verde,0,0,0,0,0,0
  Southern Asia,   Côte d'Ivoire,0,0,0,0,0,0
  Southern Asia,   Gambia,0,0,0,0,0,0
  Southern Asia,   Ghana,0,0,0,0,0,0
  Southern Asia,   Guinea,0,0,0,0,0,0
  Southern Asia,   Guinea-Bissau,0,0,0,0,0,0
  Southern Asia,   Liberia,0,0,0,0,0,0
  Southern Asia,   Mali,0,0,0,0,0,0
  Southern Asia,   Mauritania,0,0,0,0,0,0
  Southern Asia,   Niger,0,0,0,0,0,0
  Southern Asia,   Nigeria,966,903,570,527,396,376
  Southern Asia,   Saint Helena*,0,0,0,0,0,0
  Southern Asia,   Senegal,0,0,0,0,0,0
  Southern Asia,   Sierra Leone,0,0,0,0,0,0
  Southern Asia,   Togo,0,0,0,0,0,0
  Southern Asia,   Kazakhstan,463,433,190,174,273,259
  Southern Asia,   Kyrgyzstan,0,0,0,0,0,0
  Southern Asia,   Tajikistan,15031,4422,6364,1735,8667,2687
  Southern Asia,   Turkmenistan,2344,1954,1388,1162,956,792
  Southern Asia,   Uzbekistan,751,219,318,86,433,133
  Southern Asia,   China*,296859,290796,153590,113614,143269,177182
  Southern Asia,"   China, Hong Kong SAR*",0,0,0,0,0,0
  Southern Asia,"   China, Macao SAR*",0,0,0,0,0,0
  Southern Asia,"   China, Taiwan Province of China*",0,0,0,0,0,0
  Southern Asia,   Dem. People's Republic of Korea,0,0,0,0,0,0
  Southern Asia,   Japan,16759,16389,8746,5427,8013,10962
  Southern Asia,   Mongolia,0,0,0,0,0,0
  Southern Asia,   Republic of Korea,636,644,310,318,326,326
  Southern Asia,   Brunei Darussalam,25158,23530,15431,14277,9727,9253
  Southern Asia,   Cambodia,19642,19259,10607,5949,9035,13310
  Southern Asia,   Indonesia,154998,151920,83466,47166,71532,104754
  Southern Asia,   Lao People's Democratic Republic,88155,86447,47604,26701,40551,59746
  Southern Asia,   Malaysia*,219116,214252,115986,67228,103130,147024
  Southern Asia,   Myanmar,300966,966906,142122,752685,158844,214221
  Southern Asia,   Philippines,929,1009,318,346,611,663
  Southern Asia,   Singapore,18481,17775,8801,6250,9680,11525
  Southern Asia,   Thailand,11182,11006,5961,3473,5221,7533
  Southern Asia,   Timor-Leste,0,0,0,0,0,0
  Southern Asia,   Viet Nam,28937,28310,15397,8822,13540,19488
  Southern Asia,   Afghanistan,4348596,4325050,2248294,2284881,2100302,2040169
  Southern Asia,   Bangladesh,2698616,2529809,1386906,1281843,1311710,1247966
  Southern Asia,   Bhutan,39063,37173,19844,18701,19219,18472
  Southern Asia,   India,2258515,2130244,1188842,1149116,1069673,981128
  Southern Asia,   Iran (Islamic Republic of),4751,4446,2428,2309,2323,2137
  Southern Asia,   Maldives,2314,2272,1012,990,1302,1282
  Southern Asia,   Nepal,824613,773129,288807,253982,535806,519147
  Southern Asia,   Pakistan,1178045,951034,604896,478439,573149,472595
  Southern Asia,   Sri Lanka,204993,192777,102876,95523,102117,97254
  Southern Asia,   Armenia,1185,989,578,486,607,503
  Southern Asia,   Azerbaijan*,5744,4788,2794,2347,2950,2441
  Southern Asia,   Bahrain,30558,29976,16492,9346,14066,20630
  Southern Asia,   Cyprus*,250,251,128,130,122,121
  Southern Asia,   Georgia*,0,0,0,0,0,0
  Southern Asia,   Iraq,69743,55387,38760,30752,30983,24635
  Southern Asia,   Israel,55,54,37,37,18,17
  Southern Asia,   Jordan,274,276,126,128,148,148
  Southern Asia,   Kuwait,14328,13534,6922,6440,7406,7094
  Southern Asia,   Lebanon,742,750,354,362,388,388
  Southern Asia,   Oman,328,331,153,157,175,174
  Southern Asia,   Qatar,273,275,149,152,124,123
  Southern Asia,   Saudi Arabia,16845,15864,8746,8125,8099,7739
  Southern Asia,   State of Palestine*,0,0,0,0,0,0
  Southern Asia,   Syrian Arab Republic,73,72,35,35,38,37
  Southern Asia,   Turkey,1095,558,634,321,461,237
  Southern Asia,   United Arab Emirates,42797,40158,21867,20203,20930,19955
  Southern Asia,   Yemen,0,0,0,0,0,0
  Southern Asia,   Belarus,0,0,0,0,0,0
  Southern Asia,   Bulgaria,0,0,0,0,0,0
  Southern Asia,   Czechia,0,0,0,0,0,0
  Southern Asia,   Hungary,0,0,0,0,0,0
  Southern Asia,   Poland,0,0,0,0,0,0
  Southern Asia,   Republic of Moldova*,0,0,0,0,0,0
  Southern Asia,   Romania,0,0,0,0,0,0
  Southern Asia,   Russian Federation,1483,1398,642,596,841,802
  Southern Asia,   Slovakia,0,0,0,0,0,0
  Southern Asia,   Ukraine*,0,0,0,0,0,0
  Southern Asia,   Channel Islands*,0,0,0,0,0,0
  Southern Asia,   Denmark*,38,38,25,26,13,12
  Southern Asia,   Estonia,0,0,0,0,0,0
  Southern Asia,   Faroe Islands*,0,0,0,0,0,0
  Southern Asia,   Finland*,61,60,20,20,41,40
  Southern Asia,   Iceland,0,0,0,0,0,0
  Southern Asia,   Ireland,0,0,0,0,0,0
  Southern Asia,   Isle of Man*,0,0,0,0,0,0
  Southern Asia,   Latvia,0,0,0,0,0,0
  Southern Asia,   Lithuania,0,0,0,0,0,0
  Southern Asia,   Norway*,14428,14149,7787,4395,6641,9754
  Southern Asia,   Sweden,188,189,124,128,64,61
  Southern Asia,   United Kingdom*,46547,45157,24387,16007,22160,29150
  Southern Asia,   Albania,0,0,0,0,0,0
  Southern Asia,   Andorra,0,0,0,0,0,0
  Southern Asia,   Bosnia and Herzegovina,0,0,0,0,0,0
  Southern Asia,   Croatia,0,0,0,0,0,0
  Southern Asia,   Gibraltar*,0,0,0,0,0,0
  Southern Asia,   Greece,90,89,50,50,40,39
  Southern Asia,   Holy See*,0,0,0,0,0,0
  Southern Asia,   Italy,5273,5357,2549,2616,2724,2741
  Southern Asia,   Malta,0,0,0,0,0,0
  Southern Asia,   Montenegro,0,0,0,0,0,0
  Southern Asia,   North Macedonia,0,0,0,0,0,0
  Southern Asia,   Portugal,389,364,176,162,213,202
  Southern Asia,   San Marino,0,0,0,0,0,0
  Southern Asia,   Serbia*,0,0,0,0,0,0
  Southern Asia,   Slovenia,0,0,0,0,0,0
  Southern Asia,   Spain*,35,34,15,15,20,19
  Southern Asia,   Austria,23,23,20,21,3,2
  Southern Asia,   Belgium,0,0,0,0,0,0
  Southern Asia,   France*,2298,2189,1136,1077,1162,1112
  Southern Asia,   Germany,3378,3240,1748,1676,1630,1564
  Southern Asia,   Liechtenstein,0,0,0,0,0,0
  Southern Asia,   Luxembourg,0,0,0,0,0,0
  Southern Asia,   Monaco,0,0,0,0,0,0
  Southern Asia,   Netherlands*,20,19,14,14,6,5
  Southern Asia,   Switzerland,430,442,273,286,157,156
  Southern Asia,   Anguilla*,0,0,0,0,0,0
  Southern Asia,   Antigua and Barbuda,0,0,0,0,0,0
  Southern Asia,   Aruba*,0,0,0,0,0,0
  Southern Asia,   Bahamas,0,0,0,0,0,0
  Southern Asia,   Barbados,0,0,0,0,0,0
  Southern Asia,"   Bonaire, Sint Eustatius and Saba*",0,0,0,0,0,0
  Southern Asia,   British Virgin Islands*,0,0,0,0,0,0
  Southern Asia,   Cayman Islands*,0,0,0,0,0,0
  Southern Asia,   Cuba,0,0,0,0,0,0
  Southern Asia,   Curaçao*,0,0,0,0,0,0
  Southern Asia,   Dominica,0,0,0,0,0,0
  Southern Asia,   Dominican Republic,0,0,0,0,0,0
  Southern Asia,   Grenada,0,0,0,0,0,0
  Southern Asia,   Guadeloupe*,0,0,0,0,0,0
  Southern Asia,   Haiti,37,36,16,16,21,20
  Southern Asia,   Jamaica,0,0,0,0,0,0
  Southern Asia,   Martinique*,0,0,0,0,0,0
  Southern Asia,   Montserrat*,0,0,0,0,0,0
  Southern Asia,   Puerto Rico*,0,0,0,0,0,0
  Southern Asia,   Saint Barthélemy*,0,0,0,0,0,0
  Southern Asia,   Saint Kitts and Nevis,0,0,0,0,0,0
  Southern Asia,   Saint Lucia,0,0,0,0,0,0
  Southern Asia,   Saint Martin (French part)*,0,0,0,0,0,0
  Southern Asia,   Saint Vincent and the Grenadines,0,0,0,0,0,0
  Southern Asia,   Sint Maarten (Dutch part)*,0,0,0,0,0,0
  Southern Asia,   Trinidad and Tobago,0,0,0,0,0,0
  Southern Asia,   Turks and Caicos Islands*,0,0,0,0,0,0
  Southern Asia,   United States Virgin Islands*,0,0,0,0,0,0
  Southern Asia,   Belize,0,0,0,0,0,0
  Southern Asia,   Costa Rica,0,0,0,0,0,0
  Southern Asia,   El Salvador,0,0,0,0,0,0
  Southern Asia,   Guatemala,0,0,0,0,0,0
  Southern Asia,   Honduras,0,0,0,0,0,0
  Southern Asia,   Mexico,0,0,0,0,0,0
  Southern Asia,   Nicaragua,0,0,0,0,0,0
  Southern Asia,   Panama,0,0,0,0,0,0
  Southern Asia,   Argentina,0,0,0,0,0,0
  Southern Asia,   Bolivia (Plurinational State of),0,0,0,0,0,0
  Southern Asia,   Brazil,14919,14628,8057,4518,6862,10110
  Southern Asia,   Chile,0,0,0,0,0,0
  Southern Asia,   Colombia,0,0,0,0,0,0
  Southern Asia,   Ecuador,0,0,0,0,0,0
  Southern Asia,   Falkland Islands (Malvinas)*,0,0,0,0,0,0
  Southern Asia,   French Guiana*,0,0,0,0,0,0
  Southern Asia,   Guyana,0,0,0,0,0,0
  Southern Asia,   Paraguay,0,0,0,0,0,0
  Southern Asia,   Peru,0,0,0,0,0,0
  Southern Asia,   Suriname,0,0,0,0,0,0
  Southern Asia,   Uruguay,0,0,0,0,0,0
  Southern Asia,   Venezuela (Bolivarian Republic of),0,0,0,0,0,0
  Southern Asia,   Bermuda*,0,0,0,0,0,0
  Southern Asia,   Canada,4931,4644,2492,2320,2439,2324
  Southern Asia,   Greenland*,0,0,0,0,0,0
  Southern Asia,   Saint Pierre and Miquelon*,0,0,0,0,0,0
  Southern Asia,   United States of America*,81934,78782,42961,30641,38973,48141
  Southern Asia,   Australia*,4673,4418,2346,2195,2327,2223
  Southern Asia,   New Zealand*,152,152,84,87,68,65
  Southern Asia,   Fiji,833,779,327,298,506,481
  Southern Asia,   New Caledonia*,0,0,0,0,0,0
  Southern Asia,   Papua New Guinea,0,0,0,0,0,0
  Southern Asia,   Solomon Islands,0,0,0,0,0,0
  Southern Asia,   Vanuatu,0,0,0,0,0,0
  Southern Asia,   Guam*,0,0,0,0,0,0
  Southern Asia,   Kiribati,0,0,0,0,0,0
  Southern Asia,   Marshall Islands,0,0,0,0,0,0
  Southern Asia,   Micronesia (Fed. States of),0,0,0,0,0,0
  Southern Asia,   Nauru,0,0,0,0,0,0
  Southern Asia,   Northern Mariana Islands*,0,0,0,0,0,0
  Southern Asia,   Palau,0,0,0,0,0,0
  Southern Asia,   American Samoa*,0,0,0,0,0,0
  Southern Asia,   Cook Islands*,0,0,0,0,0,0
  Southern Asia,   French Polynesia*,0,0,0,0,0,0
  Southern Asia,   Niue*,0,0,0,0,0,0
  Southern Asia,   Samoa,0,0,0,0,0,0
  Southern Asia,   Tokelau*,0,0,0,0,0,0
  Southern Asia,   Tonga,0,0,0,0,0,0
  Southern Asia,   Tuvalu,0,0,0,0,0,0
  Southern Asia,   Wallis and Futuna Islands*,0,0,0,0,0,0
   Afghanistan,WORLD,339432,144098,171550,69189,167882,74909
   Afghanistan,  Sub-Saharan Africa,0,0,0,0,0,0
   Afghanistan,  Northern Africa and Western Asia,0,0,0,0,0,0
   Afghanistan,  Central and Southern Asia,284151,107141,144617,51809,139534,55332
   Afghanistan,  Eastern and South-Eastern Asia,0,0,0,0,0,0
   Afghanistan,  Latin America and the Caribbean,0,0,0,0,0,0
   Afghanistan,  Oceania (excluding Australia and New Zealand),0,0,0,0,0,0
   Afghanistan,  Australia and New Zealand,0,0,0,0,0,0
   Afghanistan,  Europe and Northern America,0,0,0,0,0,0
   Afghanistan,  Developed regions,0,0,0,0,0,0
   Afghanistan,  Less developed regions,284151,107141,144617,51809,139534,55332
   Afghanistan," Less developed regions, excluding least developed countries",284151,107141,144617,51809,139534,55332
   Afghanistan," Less developed regions, excluding China",284151,107141,144617,51809,139534,55332
   Afghanistan,  Least developed countries,0,0,0,0,0,0
   Afghanistan,  Land-locked Developing Countries (LLDC),15782,4641,6682,1821,9100,2820
   Afghanistan,  Small island developing States (SIDS),0,0,0,0,0,0
   Afghanistan,  High-income countries,0,0,0,0,0,0
   Afghanistan,  Middle-income countries,269120,102719,138253,50074,130867,52645
   Afghanistan, Upper-middle-income countries,0,0,0,0,0,0
   Afghanistan, Lower-middle-income countries,269120,102719,138253,50074,130867,52645
   Afghanistan,  Low-income countries,15031,4422,6364,1735,8667,2687
   Afghanistan, AFRICA,0,0,0,0,0,0
   Afghanistan,  Eastern Africa,0,0,0,0,0,0
   Afghanistan,  Middle Africa,0,0,0,0,0,0
   Afghanistan,  Northern Africa,0,0,0,0,0,0
   Afghanistan,  Southern Africa,0,0,0,0,0,0
   Afghanistan,  Western Africa,0,0,0,0,0,0
   Afghanistan, ASIA,284151,107141,144617,51809,139534,55332
   Afghanistan,  Central Asia,15782,4641,6682,1821,9100,2820
   Afghanistan,  Eastern Asia,0,0,0,0,0,0
   Afghanistan,  South-Eastern Asia,0,0,0,0,0,0
   Afghanistan,  Southern Asia,268369,102500,137935,49988,130434,52512
   Afghanistan,  Western Asia,0,0,0,0,0,0
   Afghanistan, EUROPE,0,0,0,0,0,0
   Afghanistan,  Eastern Europe,0,0,0,0,0,0
   Afghanistan,  Northern Europe,0,0,0,0,0,0
   Afghanistan,  Southern Europe,0,0,0,0,0,0
   Afghanistan,  Western Europe,0,0,0,0,0,0
   Afghanistan, LATIN AMERICA AND THE CARIBBEAN,0,0,0,0,0,0
   Afghanistan,  Caribbean,0,0,0,0,0,0
   Afghanistan,  Central America,0,0,0,0,0,0
   Afghanistan,  South America,0,0,0,0,0,0
   Afghanistan, NORTHERN AMERICA,0,0,0,0,0,0
   Afghanistan, OCEANIA ,0,0,0,0,0,0
   Afghanistan,  Australia and New Zealand,0,0,0,0,0,0
   Afghanistan,  Melanesia,0,0,0,0,0,0
   Afghanistan,  Micronesia,0,0,0,0,0,0
   Afghanistan,  Polynesia*,0,0,0,0,0,0
   Afghanistan,   Pakistan,268369,102500,137935,49988,130434,52512
   Afghanistan,   Tajikistan,15031,4422,6364,1735,8667,2687
   Afghanistan,   Uzbekistan,751,219,318,86,433,133
   Afghanistan,Other,55281,36957,26933,17380,28348,19577
   Bangladesh,WORLD,1422179,2115408,751741,1093978,670438,1021430
   Bangladesh,  Sub-Saharan Africa,0,0,0,0,0,0
   Bangladesh,  Northern Africa and Western Asia,30160,29574,16287,9136,13873,20438
   Bangladesh,  Central and Southern Asia,73490,72063,39685,22259,33805,49804
   Bangladesh,  Eastern and South-Eastern Asia,925776,1582489,483307,933062,442469,649427
   Bangladesh,  Latin America and the Caribbean,14919,14628,8057,4518,6862,10110
   Bangladesh,  Oceania (excluding Australia and New Zealand),0,0,0,0,0,0
   Bangladesh,  Australia and New Zealand,0,0,0,0,0,0
   Bangladesh,  Europe and Northern America,93789,91967,50647,28407,43142,63560
   Bangladesh,  Developed regions,107552,105461,58080,32575,49472,72886
   Bangladesh,  Less developed regions,1030582,1685260,539903,964807,490679,720453
   Bangladesh," Less developed regions, excluding least developed countries",646357,633827,349036,195774,297321,438053
   Bangladesh," Less developed regions, excluding China",867810,1525641,452006,915505,415804,610136
   Bangladesh,  Least developed countries,384225,1051433,190867,769033,193358,282400
   Bangladesh,  Land-locked Developing Countries (LLDC),127214,124748,68696,38532,58518,86216
   Bangladesh,  Small island developing States (SIDS),39743,38970,21462,12038,18281,26932
   Bangladesh,  High-income countries,147295,144431,79542,44613,67753,99818
   Bangladesh,  Middle-income countries,990839,1646290,518441,952769,472398,693521
   Bangladesh, Upper-middle-income countries,544662,534109,294119,164972,250543,369137
   Bangladesh, Lower-middle-income countries,446177,1112181,224322,787797,221855,324384
   Bangladesh,  Low-income countries,0,0,0,0,0,0
   Bangladesh, AFRICA,0,0,0,0,0,0
   Bangladesh,  Eastern Africa,0,0,0,0,0,0
   Bangladesh,  Middle Africa,0,0,0,0,0,0
   Bangladesh,  Northern Africa,0,0,0,0,0,0
   Bangladesh,  Southern Africa,0,0,0,0,0,0
   Bangladesh,  Western Africa,0,0,0,0,0,0
   Bangladesh, ASIA,1029426,1684126,539279,964457,490147,719669
   Bangladesh,  Central Asia,0,0,0,0,0,0
   Bangladesh,  Eastern Asia,176535,173113,95330,53470,81205,119643
   Bangladesh,  South-Eastern Asia,749241,1409376,387977,879592,361264,529784
   Bangladesh,  Southern Asia,73490,72063,39685,22259,33805,49804
   Bangladesh,  Western Asia,30160,29574,16287,9136,13873,20438
   Bangladesh, EUROPE,47781,46852,25802,14472,21979,32380
   Bangladesh,  Eastern Europe,0,0,0,0,0,0
   Bangladesh,  Northern Europe,47781,46852,25802,14472,21979,32380
   Bangladesh,  Southern Europe,0,0,0,0,0,0
   Bangladesh,  Western Europe,0,0,0,0,0,0
   Bangladesh, LATIN AMERICA AND THE CARIBBEAN,14919,14628,8057,4518,6862,10110
   Bangladesh,  Caribbean,0,0,0,0,0,0
   Bangladesh,  Central America,0,0,0,0,0,0
   Bangladesh,  South America,14919,14628,8057,4518,6862,10110
   Bangladesh, NORTHERN AMERICA,46008,45115,24845,13935,21163,31180
   Bangladesh, OCEANIA ,0,0,0,0,0,0
   Bangladesh,  Australia and New Zealand,0,0,0,0,0,0
   Bangladesh,  Melanesia,0,0,0,0,0,0
   Bangladesh,  Micronesia,0,0,0,0,0,0
   Bangladesh,  Polynesia*,0,0,0,0,0,0
   Bangladesh,   Bahrain,30160,29574,16287,9136,13873,20438
   Bangladesh,   Brazil,14919,14628,8057,4518,6862,10110
   Bangladesh,   Myanmar,237369,907426,111564,724552,125805,182874
   Bangladesh,   Cambodia,19642,19259,10607,5949,9035,13310
   Bangladesh,   China*,162772,159619,87897,49302,74875,110317
   Bangladesh,   India,34431,33762,18593,10428,15838,23334
   Bangladesh,   Indonesia,152862,149901,82546,46300,70316,103601
   Bangladesh,   Japan,13763,13494,7433,4168,6330,9326
   Bangladesh,   Lao People's Democratic Republic,88155,86447,47604,26701,40551,59746
   Bangladesh,   Malaysia*,203561,199618,109923,61656,93638,137962
   Bangladesh,   Nepal,39059,38301,21092,11831,17967,26470
   Bangladesh,   Norway*,14311,14032,7728,4335,6583,9697
   Bangladesh,   Singapore,9583,9396,5175,2902,4408,6494
   Bangladesh,   Viet Nam,27521,26986,14862,8336,12659,18650
   Bangladesh,   Thailand,10548,10343,5696,3196,4852,7147
   Bangladesh,   United Kingdom*,33470,32820,18074,10137,15396,22683
   Bangladesh,   United States of America*,46008,45115,24845,13935,21163,31180
   Bangladesh,Other,284045,324687,153758,96596,130287,228091
   Bhutan,WORLD,51106,53612,43396,45524,7710,8088
   Bhutan,  Sub-Saharan Africa,0,0,0,0,0,0
   Bhutan,  Northern Africa and Western Asia,0,0,0,0,0,0
   Bhutan,  Central and Southern Asia,45556,47832,39010,40932,6546,6900
   Bhutan,  Eastern and South-Eastern Asia,1198,1245,848,889,350,356
   Bhutan,  Latin America and the Caribbean,0,0,0,0,0,0
   Bhutan,  Oceania (excluding Australia and New Zealand),0,0,0,0,0,0
   Bhutan,  Australia and New Zealand,51,51,37,39,14,12
   Bhutan,  Europe and Northern America,384,386,214,224,170,162
   Bhutan,  Developed regions,562,569,332,349,230,220
   Bhutan,  Less developed regions,46627,48945,39777,41735,6850,7210
   Bhutan," Less developed regions, excluding least developed countries",45824,48107,39295,41229,6529,6878
   Bhutan," Less developed regions, excluding China",45721,47996,39104,41029,6617,6967
   Bhutan,  Least developed countries,803,838,482,506,321,332
   Bhutan,  Land-locked Developing Countries (LLDC),717,751,426,447,291,304
   Bhutan,  Small island developing States (SIDS),18,17,9,9,9,8
   Bhutan,  High-income countries,613,619,357,375,256,244
   Bhutan,  Middle-income countries,46576,48895,39752,41709,6824,7186
   Bhutan, Upper-middle-income countries,967,1011,706,740,261,271
   Bhutan, Lower-middle-income countries,45609,47884,39046,40969,6563,6915
   Bhutan,  Low-income countries,0,0,0,0,0,0
   Bhutan, AFRICA,0,0,0,0,0,0
   Bhutan,  Eastern Africa,0,0,0,0,0,0
   Bhutan,  Middle Africa,0,0,0,0,0,0
   Bhutan,  Northern Africa,0,0,0,0,0,0
   Bhutan,  Southern Africa,0,0,0,0,0,0
   Bhutan,  Western Africa,0,0,0,0,0,0
   Bhutan, ASIA,46754,49077,39858,41821,6896,7256
   Bhutan,  Central Asia,0,0,0,0,0,0
   Bhutan,  Eastern Asia,1066,1114,770,809,296,305
   Bhutan,  South-Eastern Asia,132,131,78,80,54,51
   Bhutan,  Southern Asia,45556,47832,39010,40932,6546,6900
   Bhutan,  Western Asia,0,0,0,0,0,0
   Bhutan, EUROPE,211,208,125,130,86,78
   Bhutan,  Eastern Europe,0,0,0,0,0,0
   Bhutan,  Northern Europe,97,96,53,55,44,41
   Bhutan,  Southern Europe,13,12,9,9,4,3
   Bhutan,  Western Europe,101,100,63,66,38,34
   Bhutan, LATIN AMERICA AND THE CARIBBEAN,0,0,0,0,0,0
   Bhutan,  Caribbean,0,0,0,0,0,0
   Bhutan,  Central America,0,0,0,0,0,0
   Bhutan,  South America,0,0,0,0,0,0
   Bhutan, NORTHERN AMERICA,173,178,89,94,84,84
   Bhutan, OCEANIA ,51,51,37,39,14,12
   Bhutan,  Australia and New Zealand,51,51,37,39,14,12
   Bhutan,  Melanesia,0,0,0,0,0,0
   Bhutan,  Micronesia,0,0,0,0,0,0
   Bhutan,  Polynesia*,0,0,0,0,0,0
   Bhutan,   Australia*,27,27,22,23,5,4
   Bhutan,   Bangladesh,52,53,35,37,17,16
   Bhutan,   Myanmar,34,34,21,22,13,12
   Bhutan,   Canada,37,37,18,19,19,18
   Bhutan,   Sri Lanka,33,33,18,19,15,14
   Bhutan,   China*,906,949,673,706,233,243
   Bhutan,   Denmark*,38,38,25,26,13,12
   Bhutan,   France*,30,30,15,16,15,14
   Bhutan,   Germany,27,27,15,16,12,11
   Bhutan,   India,44732,46974,38509,40408,6223,6566
   Bhutan,   Italy,13,12,9,9,4,3
   Bhutan,   Japan,127,132,81,86,46,46
   Bhutan,   Republic of Korea,33,33,16,17,17,16
   Bhutan,   Nepal,717,751,426,447,291,304
   Bhutan,   Netherlands*,20,19,14,14,6,5
   Bhutan,   New Zealand*,24,24,15,16,9,8
   Bhutan,   Pakistan,22,21,22,21,0,0
   Bhutan,   Philippines,19,18,15,15,4,3
   Bhutan,   Singapore,18,17,9,9,9,8
   Bhutan,   Sweden,23,22,13,13,10,9
   Bhutan,   Switzerland,24,24,19,20,5,4
   Bhutan,   Thailand,61,62,33,34,28,28
   Bhutan,   United Kingdom*,36,36,15,16,21,20
   Bhutan,   United States of America*,136,141,71,75,65,66
   Bhutan,Other,3917,4098,3287,3440,630,658
   India,WORLD,5210847,4878704,2474515,2273912,2736332,2604792
   India,  Sub-Saharan Africa,59601,55742,21324,19330,38277,36412
   India,  Northern Africa and Western Asia,70034,65499,35639,32780,34395,32719
   India,  Central and Southern Asia,4564335,4269322,2184150,2005254,2380185,2264068
   India,  Eastern and South-Eastern Asia,223846,214393,112299,106694,111547,107699
   India,  Latin America and the Caribbean,0,0,0,0,0,0
   India,  Oceania (excluding Australia and New Zealand),833,779,327,298,506,481
   India,  Australia and New Zealand,4099,3833,2029,1864,2070,1969
   India,  Europe and Northern America,57546,53818,28433,26125,29113,27693
   India,  Developed regions,63567,59448,31277,28733,32290,30715
   India,  Less developed regions,4916727,4603938,2352924,2163612,2563803,2440326
   India," Less developed regions, excluding least developed countries",1333556,1252292,677197,626293,656359,625999
   India," Less developed regions, excluding China",4806629,4495930,2296191,2107955,2510438,2387975
   India,  Least developed countries,3583171,3351646,1675727,1537319,1907444,1814327
   India,  Land-locked Developing Countries (LLDC),861899,806459,296953,269317,564946,537142
   India,  Small island developing States (SIDS),10327,9657,4232,3861,6095,5796
   India,  High-income countries,165137,154443,84711,77937,80426,76506
   India,  Middle-income countries,4749862,4447540,2275307,2091800,2474555,2355740
   India, Upper-middle-income countries,132806,129243,66108,64213,66698,65030
   India, Lower-middle-income countries,4617056,4318297,2209199,2027587,2407857,2290710
   India,  Low-income countries,65295,61403,24183,22608,41112,38795
   India, AFRICA,59601,55742,21324,19330,38277,36412
   India,  Eastern Africa,58635,54839,20754,18803,37881,36036
   India,  Middle Africa,0,0,0,0,0,0
   India,  Northern Africa,0,0,0,0,0,0
   India,  Southern Africa,0,0,0,0,0,0
   India,  Western Africa,966,903,570,527,396,376
   India, ASIA,4858215,4549214,2332088,2144728,2526127,2404486
   India,  Central Asia,463,433,190,174,273,259
   India,  Eastern Asia,112020,109805,57548,56401,54472,53404
   India,  South-Eastern Asia,111826,104588,54751,50293,57075,54295
   India,  Southern Asia,4563872,4268889,2183960,2005080,2379912,2263809
   India,  Western Asia,70034,65499,35639,32780,34395,32719
   India, EUROPE,17855,16696,8470,7770,9385,8926
   India,  Eastern Europe,1335,1248,587,537,748,711
   India,  Northern Europe,11761,10999,5647,5183,6114,5816
   India,  Southern Europe,356,332,160,146,196,186
   India,  Western Europe,4403,4117,2076,1904,2327,2213
   India, LATIN AMERICA AND THE CARIBBEAN,0,0,0,0,0,0
   India,  Caribbean,0,0,0,0,0,0
   India,  Central America,0,0,0,0,0,0
   India,  South America,0,0,0,0,0,0
   India, NORTHERN AMERICA,39691,37122,19963,18355,19728,18767
   India, OCEANIA ,4932,4612,2356,2162,2576,2450
   India,  Australia and New Zealand,4099,3833,2029,1864,2070,1969
   India,  Melanesia,833,779,327,298,506,481
   India,  Micronesia,0,0,0,0,0,0
   India,  Polynesia*,0,0,0,0,0,0
   India,   Afghanistan,16851,16094,7982,7973,8869,8121
   India,   Australia*,4099,3833,2029,1864,2070,1969
   India,   Bangladesh,2660632,2488471,1349706,1241322,1310926,1247149
   India,   Bhutan,10092,9438,4955,4551,5137,4887
   India,   Brunei Darussalam,25158,23530,15431,14277,9727,9253
   India,   Canada,4550,4255,2263,2080,2287,2175
   India,   China*,110098,108008,56733,55657,53365,52351
   India,   Fiji,833,779,327,298,506,481
   India,   France*,1856,1735,864,792,992,943
   India,   Germany,2547,2382,1212,1112,1335,1270
   India,   Indonesia,1408,1316,583,532,825,784
   India,   Iran (Islamic Republic of),2346,2194,1091,1001,1255,1193
   India,   Iraq,717,670,415,383,302,287
   India,   Japan,1922,1797,815,744,1107,1053
   India,   Kazakhstan,463,433,190,174,273,259
   India,   Kenya,8268,7733,3855,3535,4413,4198
   India,   Kuwait,12597,11781,6106,5606,6491,6175
   India,   Malaysia*,14542,13601,5643,5135,8899,8466
   India,   Maldives,924,864,467,430,457,434
   India,   Mauritius*,371,346,137,124,234,222
   India,   Myanmar,61103,57149,29258,26854,31845,30295
   India,   Nepal,784497,733734,267064,241475,517433,492259
   India,   Nigeria,966,903,570,527,396,376
   India,   Pakistan,890966,833314,455971,419482,434995,413832
   India,   Portugal,356,332,160,146,196,186
   India,   Saudi Arabia,15448,14448,8007,7370,7441,7078
   India,   Singapore,8199,7668,3301,3009,4898,4659
   India,   Sri Lanka,197564,184780,96724,88846,100840,95934
   India,   Turkey,140,130,72,66,68,64
   India,   Russian Federation,1335,1248,587,537,748,711
   India,   Uganda,48444,45309,16201,14635,32243,30674
   India,   United Arab Emirates,41132,38470,21039,19355,20093,19115
   India,   United Kingdom*,11761,10999,5647,5183,6114,5816
   India,   United States of America*,35141,32867,17700,16275,17441,16592
   India,   Viet Nam,1416,1324,535,486,881,838
   India,   Zambia,1552,1451,561,509,991,942
   India,Other,230553,215318,90314,81567,140239,133751
   Iran (Islamic Republic of),WORLD,2729939,2797235,1487403,1517518,1242536,1279717
   Iran (Islamic Republic of),  Sub-Saharan Africa,0,0,0,0,0,0
   Iran (Islamic Republic of),  Northern Africa and Western Asia,76574,60606,42108,33288,34466,27318
   Iran (Islamic Republic of),  Central and Southern Asia,2639612,2725130,1440280,1479943,1199332,1245187
   Iran (Islamic Republic of),  Eastern and South-Eastern Asia,0,0,0,0,0,0
   Iran (Islamic Republic of),  Latin America and the Caribbean,0,0,0,0,0,0
   Iran (Islamic Republic of),  Oceania (excluding Australia and New Zealand),0,0,0,0,0,0
   Iran (Islamic Republic of),  Australia and New Zealand,0,0,0,0,0,0
   Iran (Islamic Republic of),  Europe and Northern America,0,0,0,0,0,0
   Iran (Islamic Republic of),  Developed regions,0,0,0,0,0,0
   Iran (Islamic Republic of),  Less developed regions,2716186,2785736,1482388,1513231,1233798,1272505
   Iran (Islamic Republic of)," Less developed regions, excluding least developed countries",94950,75135,52810,41756,42140,33379
   Iran (Islamic Republic of)," Less developed regions, excluding China",2716186,2785736,1482388,1513231,1233798,1272505
   Iran (Islamic Republic of),  Least developed countries,2621236,2710601,1429578,1471475,1191658,1239126
   Iran (Islamic Republic of),  Land-locked Developing Countries (LLDC),2630509,2718332,1434338,1475470,1196171,1242862
   Iran (Islamic Republic of),  Small island developing States (SIDS),0,0,0,0,0,0
   Iran (Islamic Republic of),  High-income countries,0,0,0,0,0,0
   Iran (Islamic Republic of),  Middle-income countries,94950,75135,52810,41756,42140,33379
   Iran (Islamic Republic of), Upper-middle-income countries,78918,62560,43496,34450,35422,28110
   Iran (Islamic Republic of), Lower-middle-income countries,16032,12575,9314,7306,6718,5269
   Iran (Islamic Republic of),  Low-income countries,2621236,2710601,1429578,1471475,1191658,1239126
   Iran (Islamic Republic of), AFRICA,0,0,0,0,0,0
   Iran (Islamic Republic of),  Eastern Africa,0,0,0,0,0,0
   Iran (Islamic Republic of),  Middle Africa,0,0,0,0,0,0
   Iran (Islamic Republic of),  Northern Africa,0,0,0,0,0,0
   Iran (Islamic Republic of),  Southern Africa,0,0,0,0,0,0
   Iran (Islamic Republic of),  Western Africa,0,0,0,0,0,0
   Iran (Islamic Republic of), ASIA,2716186,2785736,1482388,1513231,1233798,1272505
   Iran (Islamic Republic of),  Central Asia,2344,1954,1388,1162,956,792
   Iran (Islamic Republic of),  Eastern Asia,0,0,0,0,0,0
   Iran (Islamic Republic of),  South-Eastern Asia,0,0,0,0,0,0
   Iran (Islamic Republic of),  Southern Asia,2637268,2723176,1438892,1478781,1198376,1244395
   Iran (Islamic Republic of),  Western Asia,76574,60606,42108,33288,34466,27318
   Iran (Islamic Republic of), EUROPE,0,0,0,0,0,0
   Iran (Islamic Republic of),  Eastern Europe,0,0,0,0,0,0
   Iran (Islamic Republic of),  Northern Europe,0,0,0,0,0,0
   Iran (Islamic Republic of),  Southern Europe,0,0,0,0,0,0
   Iran (Islamic Republic of),  Western Europe,0,0,0,0,0,0
   Iran (Islamic Republic of), LATIN AMERICA AND THE CARIBBEAN,0,0,0,0,0,0
   Iran (Islamic Republic of),  Caribbean,0,0,0,0,0,0
   Iran (Islamic Republic of),  Central America,0,0,0,0,0,0
   Iran (Islamic Republic of),  South America,0,0,0,0,0,0
   Iran (Islamic Republic of), NORTHERN AMERICA,0,0,0,0,0,0
   Iran (Islamic Republic of), OCEANIA ,0,0,0,0,0,0
   Iran (Islamic Republic of),  Australia and New Zealand,0,0,0,0,0,0
   Iran (Islamic Republic of),  Melanesia,0,0,0,0,0,0
   Iran (Islamic Republic of),  Micronesia,0,0,0,0,0,0
   Iran (Islamic Republic of),  Polynesia*,0,0,0,0,0,0
   Iran (Islamic Republic of),   Afghanistan,2621236,2710601,1429578,1471475,1191658,1239126
   Iran (Islamic Republic of),   Armenia,1185,989,578,486,607,503
   Iran (Islamic Republic of),   Azerbaijan*,5744,4788,2794,2347,2950,2441
   Iran (Islamic Republic of),   Iraq,68735,54445,38198,30224,30537,24221
   Iran (Islamic Republic of),   Pakistan,16032,12575,9314,7306,6718,5269
   Iran (Islamic Republic of),   Turkey,910,384,538,231,372,153
   Iran (Islamic Republic of),   Turkmenistan,2344,1954,1388,1162,956,792
   Iran (Islamic Republic of),Other,13753,11499,5015,4287,8738,7212
   Maldives,WORLD,64273,70079,56345,61437,7928,8642
   Maldives,  Sub-Saharan Africa,0,0,0,0,0,0
   Maldives,  Northern Africa and Western Asia,47,47,42,44,5,3
   Maldives,  Central and Southern Asia,57473,62698,52449,57191,5024,5507
   Maldives,  Eastern and South-Eastern Asia,1496,1624,540,590,956,1034
   Maldives,  Latin America and the Caribbean,0,0,0,0,0,0
   Maldives,  Oceania (excluding Australia and New Zealand),0,0,0,0,0,0
   Maldives,  Australia and New Zealand,95,101,84,92,11,9
   Maldives,  Europe and Northern America,947,1017,753,820,194,197
   Maldives,  Developed regions,1151,1236,863,941,288,295
   Maldives,  Less developed regions,58907,64251,53005,57796,5902,6455
   Maldives," Less developed regions, excluding least developed countries",21873,23861,16449,17925,5424,5936
   Maldives," Less developed regions, excluding China",58907,64251,53005,57796,5902,6455
   Maldives,  Least developed countries,37034,40390,36556,39871,478,519
   Maldives,  Land-locked Developing Countries (LLDC),0,0,0,0,0,0
   Maldives,  Small island developing States (SIDS),77,82,68,74,9,8
   Maldives,  High-income countries,1228,1318,931,1015,297,303
   Maldives,  Middle-income countries,58830,64169,52937,57722,5893,6447
   Maldives, Upper-middle-income countries,410,442,152,165,258,277
   Maldives, Lower-middle-income countries,58420,63727,52785,57557,5635,6170
   Maldives,  Low-income countries,0,0,0,0,0,0
   Maldives, AFRICA,37,38,33,35,4,3
   Maldives,  Eastern Africa,0,0,0,0,0,0
   Maldives,  Middle Africa,0,0,0,0,0,0
   Maldives,  Northern Africa,37,38,33,35,4,3
   Maldives,  Southern Africa,0,0,0,0,0,0
   Maldives,  Western Africa,0,0,0,0,0,0
   Maldives, ASIA,58979,64331,52998,57790,5981,6541
   Maldives,  Central Asia,0,0,0,0,0,0
   Maldives,  Eastern Asia,109,118,26,29,83,89
   Maldives,  South-Eastern Asia,1387,1506,514,561,873,945
   Maldives,  Southern Asia,57473,62698,52449,57191,5024,5507
   Maldives,  Western Asia,10,9,9,9,1,0
   Maldives, EUROPE,809,870,631,687,178,183
   Maldives,  Eastern Europe,0,0,0,0,0,0
   Maldives,  Northern Europe,139,147,97,105,42,42
   Maldives,  Southern Europe,164,177,91,99,73,78
   Maldives,  Western Europe,506,546,443,483,63,63
   Maldives, LATIN AMERICA AND THE CARIBBEAN,0,0,0,0,0,0
   Maldives,  Caribbean,0,0,0,0,0,0
   Maldives,  Central America,0,0,0,0,0,0
   Maldives,  South America,0,0,0,0,0,0
   Maldives, NORTHERN AMERICA,138,147,122,133,16,14
   Maldives, OCEANIA ,95,101,84,92,11,9
   Maldives,  Australia and New Zealand,95,101,84,92,11,9
   Maldives,  Melanesia,0,0,0,0,0,0
   Maldives,  Micronesia,0,0,0,0,0,0
   Maldives,  Polynesia*,0,0,0,0,0,0
   Maldives,   Australia*,78,84,69,76,9,8
   Maldives,   Austria,23,23,20,21,3,2
   Maldives,   Bangladesh,37034,40390,36556,39871,478,519
   Maldives,   Canada,94,101,82,90,12,11
   Maldives,   Sri Lanka,6772,7383,5828,6356,944,1027
   Maldives,   France*,115,124,101,110,14,14
   Maldives,   Germany,250,271,219,239,31,32
   Maldives,   India,13364,14596,9821,10698,3543,3898
   Maldives,   Italy,164,177,91,99,73,78
   Maldives,   Japan,109,118,26,29,83,89
   Maldives,   Lebanon,10,9,9,9,1,0
   Maldives,   Malaysia*,101,108,60,65,41,43
   Maldives,   New Zealand*,17,17,15,16,2,1
   Maldives,   Pakistan,303,329,244,266,59,63
   Maldives,   Philippines,910,991,303,331,607,660
   Maldives,   Singapore,77,82,68,74,9,8
   Maldives,   Sweden,36,37,32,34,4,3
   Maldives,   Switzerland,118,128,103,113,15,15
   Maldives,   Thailand,299,325,83,91,216,234
   Maldives,   Egypt,37,38,33,35,4,3
   Maldives,   United Kingdom*,103,110,65,71,38,39
   Maldives,   United States of America*,44,46,40,43,4,3
   Maldives,Other,4215,4592,2477,2700,1738,1892
   Nepal,WORLD,509471,487564,156361,146930,353110,340634
   Nepal,  Sub-Saharan Africa,0,0,0,0,0,0
   Nepal,  Northern Africa and Western Asia,0,0,0,0,0,0
   Nepal,  Central and Southern Asia,476400,455919,143211,134498,333189,321421
   Nepal,  Eastern and South-Eastern Asia,20302,19428,5946,5580,14356,13848
   Nepal,  Latin America and the Caribbean,0,0,0,0,0,0
   Nepal,  Oceania (excluding Australia and New Zealand),0,0,0,0,0,0
   Nepal,  Australia and New Zealand,0,0,0,0,0,0
   Nepal,  Europe and Northern America,0,0,0,0,0,0
   Nepal,  Developed regions,0,0,0,0,0,0
   Nepal,  Less developed regions,496702,475347,149157,140078,347545,335269
   Nepal," Less developed regions, excluding least developed countries",467729,447623,134279,125947,333450,321676
   Nepal," Less developed regions, excluding China",476400,455919,143211,134498,333189,321421
   Nepal,  Least developed countries,28973,27724,14878,14131,14095,13593
   Nepal,  Land-locked Developing Countries (LLDC),28740,27502,14760,14018,13980,13484
   Nepal,  Small island developing States (SIDS),0,0,0,0,0,0
   Nepal,  High-income countries,0,0,0,0,0,0
   Nepal,  Middle-income countries,496702,475347,149157,140078,347545,335269
   Nepal, Upper-middle-income countries,20302,19428,5946,5580,14356,13848
   Nepal, Lower-middle-income countries,476400,455919,143211,134498,333189,321421
   Nepal,  Low-income countries,0,0,0,0,0,0
   Nepal, AFRICA,0,0,0,0,0,0
   Nepal,  Eastern Africa,0,0,0,0,0,0
   Nepal,  Middle Africa,0,0,0,0,0,0
   Nepal,  Northern Africa,0,0,0,0,0,0
   Nepal,  Southern Africa,0,0,0,0,0,0
   Nepal,  Western Africa,0,0,0,0,0,0
   Nepal, ASIA,496702,475347,149157,140078,347545,335269
   Nepal,  Central Asia,0,0,0,0,0,0
   Nepal,  Eastern Asia,20302,19428,5946,5580,14356,13848
   Nepal,  South-Eastern Asia,0,0,0,0,0,0
   Nepal,  Southern Asia,476400,455919,143211,134498,333189,321421
   Nepal,  Western Asia,0,0,0,0,0,0
   Nepal, EUROPE,0,0,0,0,0,0
   Nepal,  Eastern Europe,0,0,0,0,0,0
   Nepal,  Northern Europe,0,0,0,0,0,0
   Nepal,  Southern Europe,0,0,0,0,0,0
   Nepal,  Western Europe,0,0,0,0,0,0
   Nepal, LATIN AMERICA AND THE CARIBBEAN,0,0,0,0,0,0
   Nepal,  Caribbean,0,0,0,0,0,0
   Nepal,  Central America,0,0,0,0,0,0
   Nepal,  South America,0,0,0,0,0,0
   Nepal, NORTHERN AMERICA,0,0,0,0,0,0
   Nepal, OCEANIA ,0,0,0,0,0,0
   Nepal,  Australia and New Zealand,0,0,0,0,0,0
   Nepal,  Melanesia,0,0,0,0,0,0
   Nepal,  Micronesia,0,0,0,0,0,0
   Nepal,  Polynesia*,0,0,0,0,0,0
   Nepal,   Bangladesh,233,222,118,113,115,109
   Nepal,   Bhutan,28740,27502,14760,14018,13980,13484
   Nepal,   Sri Lanka,46,42,20,19,26,23
   Nepal,   China*,20302,19428,5946,5580,14356,13848
   Nepal,   India,446113,426941,127498,119572,318615,307369
   Nepal,   Pakistan,1268,1212,815,776,453,436
   Nepal,Other,12769,12217,7204,6852,5565,5365
   Pakistan,WORLD,3506520,3276580,1845470,1812804,1661050,1463776
   Pakistan,  Sub-Saharan Africa,0,0,0,0,0,0
   Pakistan,  Northern Africa and Western Asia,251,233,125,123,126,110
   Pakistan,  Central and Southern Asia,3422474,3198044,1801169,1769294,1621305,1428750
   Pakistan,  Eastern and South-Eastern Asia,3202,2988,1703,1669,1499,1319
   Pakistan,  Latin America and the Caribbean,0,0,0,0,0,0
   Pakistan,  Oceania (excluding Australia and New Zealand),0,0,0,0,0,0
   Pakistan,  Australia and New Zealand,0,0,0,0,0,0
   Pakistan,  Europe and Northern America,0,0,0,0,0,0
   Pakistan,  Developed regions,0,0,0,0,0,0
   Pakistan,  Less developed regions,3425927,3201265,1802997,1771086,1622930,1430179
   Pakistan," Less developed regions, excluding least developed countries",1713089,1600745,991053,964467,722036,636278
   Pakistan," Less developed regions, excluding China",3425593,3200954,1802803,1770898,1622790,1430056
   Pakistan,  Least developed countries,1712838,1600520,811944,806619,900894,793901
   Pakistan,  Land-locked Developing Countries (LLDC),1710378,1598223,810665,805362,899713,792861
   Pakistan,  Small island developing States (SIDS),0,0,0,0,0,0
   Pakistan,  High-income countries,0,0,0,0,0,0
   Pakistan,  Middle-income countries,1715549,1603042,992332,965724,723217,637318
   Pakistan, Upper-middle-income countries,3294,3072,1821,1777,1473,1295
   Pakistan, Lower-middle-income countries,1712255,1599970,990511,963947,721744,636023
   Pakistan,  Low-income countries,1710378,1598223,810665,805362,899713,792861
   Pakistan, AFRICA,0,0,0,0,0,0
   Pakistan,  Eastern Africa,0,0,0,0,0,0
   Pakistan,  Middle Africa,0,0,0,0,0,0
   Pakistan,  Northern Africa,0,0,0,0,0,0
   Pakistan,  Southern Africa,0,0,0,0,0,0
   Pakistan,  Western Africa,0,0,0,0,0,0
   Pakistan, ASIA,3425927,3201265,1802997,1771086,1622930,1430179
   Pakistan,  Central Asia,0,0,0,0,0,0
   Pakistan,  Eastern Asia,334,311,194,188,140,123
   Pakistan,  South-Eastern Asia,2868,2677,1509,1481,1359,1196
   Pakistan,  Southern Asia,3422474,3198044,1801169,1769294,1621305,1428750
   Pakistan,  Western Asia,251,233,125,123,126,110
   Pakistan, EUROPE,0,0,0,0,0,0
   Pakistan,  Eastern Europe,0,0,0,0,0,0
   Pakistan,  Northern Europe,0,0,0,0,0,0
   Pakistan,  Southern Europe,0,0,0,0,0,0
   Pakistan,  Western Europe,0,0,0,0,0,0
   Pakistan, LATIN AMERICA AND THE CARIBBEAN,0,0,0,0,0,0
   Pakistan,  Caribbean,0,0,0,0,0,0
   Pakistan,  Central America,0,0,0,0,0,0
   Pakistan,  South America,0,0,0,0,0,0
   Pakistan, NORTHERN AMERICA,0,0,0,0,0,0
   Pakistan, OCEANIA ,0,0,0,0,0,0
   Pakistan,  Australia and New Zealand,0,0,0,0,0,0
   Pakistan,  Melanesia,0,0,0,0,0,0
   Pakistan,  Micronesia,0,0,0,0,0,0
   Pakistan,  Polynesia*,0,0,0,0,0,0
   Pakistan,   Afghanistan,1710378,1598223,810665,805362,899713,792861
   Pakistan,   Myanmar,2460,2297,1279,1257,1181,1040
   Pakistan,   Sri Lanka,578,539,286,283,292,256
   Pakistan,   China*,334,311,194,188,140,123
   Pakistan,   India,1709217,1597134,988946,962407,720271,634727
   Pakistan,   Indonesia,408,380,230,224,178,156
   Pakistan,   Iran (Islamic Republic of),2301,2148,1272,1242,1029,906
   Pakistan,   Iraq,251,233,125,123,126,110
   Pakistan,Other,80593,75315,42473,41718,38120,33597
   Sri Lanka,WORLD,39706,40254,20745,21196,18961,19058
   Sri Lanka,  Sub-Saharan Africa,285,286,117,119,168,167
   Sri Lanka,  Northern Africa and Western Asia,7431,7512,3719,3799,3712,3713
   Sri Lanka,  Central and Southern Asia,14604,14813,7594,7761,7010,7052
   Sri Lanka,  Eastern and South-Eastern Asia,5998,6076,3696,3772,2302,2304
   Sri Lanka,  Latin America and the Caribbean,37,36,16,16,21,20
   Sri Lanka,  Oceania (excluding Australia and New Zealand),0,0,0,0,0,0
   Sri Lanka,  Australia and New Zealand,580,585,280,287,300,298
   Sri Lanka,  Europe and Northern America,8880,8986,4372,4474,4508,4512
   Sri Lanka,  Developed regions,10298,10419,5043,5161,5255,5258
   Sri Lanka,  Less developed regions,27517,27875,14751,15067,12766,12808
   Sri Lanka," Less developed regions, excluding least developed countries",26113,26458,13821,14119,12292,12339
   Sri Lanka," Less developed regions, excluding China",25070,25394,12604,12886,12466,12508
   Sri Lanka,  Least developed countries,1404,1417,930,948,474,469
   Sri Lanka,  Land-locked Developing Countries (LLDC),702,708,423,432,279,276
   Sri Lanka,  Small island developing States (SIDS),2454,2482,1027,1055,1427,1427
   Sri Lanka,  High-income countries,17479,17686,8598,8795,8881,8891
   Sri Lanka,  Middle-income countries,20095,20368,11076,11311,9019,9057
   Sri Lanka, Upper-middle-income countries,6986,7068,4074,4158,2912,2910
   Sri Lanka, Lower-middle-income countries,13109,13300,7002,7153,6107,6147
   Sri Lanka,  Low-income countries,241,240,120,122,121,118
   Sri Lanka, AFRICA,455,456,229,233,226,223
   Sri Lanka,  Eastern Africa,25,24,13,13,12,11
   Sri Lanka,  Middle Africa,0,0,0,0,0,0
   Sri Lanka,  Northern Africa,170,170,112,114,58,56
   Sri Lanka,  Southern Africa,260,262,104,106,156,156
   Sri Lanka,  Western Africa,0,0,0,0,0,0
   Sri Lanka, ASIA,27863,28231,14897,15218,12966,13013
   Sri Lanka,  Central Asia,0,0,0,0,0,0
   Sri Lanka,  Eastern Asia,3888,3940,2832,2882,1056,1058
   Sri Lanka,  South-Eastern Asia,2110,2136,864,890,1246,1246
   Sri Lanka,  Southern Asia,14604,14813,7594,7761,7010,7052
   Sri Lanka,  Western Asia,7261,7342,3607,3685,3654,3657
   Sri Lanka, EUROPE,8025,8122,3938,4030,4087,4092
   Sri Lanka,  Eastern Europe,148,150,55,59,93,91
   Sri Lanka,  Northern Europe,1484,1499,744,761,740,738
   Sri Lanka,  Southern Europe,5254,5323,2530,2589,2724,2734
   Sri Lanka,  Western Europe,1139,1150,609,621,530,529
   Sri Lanka, LATIN AMERICA AND THE CARIBBEAN,37,36,16,16,21,20
   Sri Lanka,  Caribbean,37,36,16,16,21,20
   Sri Lanka,  Central America,0,0,0,0,0,0
   Sri Lanka,  South America,0,0,0,0,0,0
   Sri Lanka, NORTHERN AMERICA,855,864,434,444,421,420
   Sri Lanka, OCEANIA ,580,585,280,287,300,298
   Sri Lanka,  Australia and New Zealand,580,585,280,287,300,298
   Sri Lanka,  Melanesia,0,0,0,0,0,0
   Sri Lanka,  Micronesia,0,0,0,0,0,0
   Sri Lanka,  Polynesia*,0,0,0,0,0,0
   Sri Lanka,   Afghanistan,131,132,69,71,62,61
   Sri Lanka,   Australia*,469,474,226,232,243,242
   Sri Lanka,   Bahrain,398,402,205,210,193,192
   Sri Lanka,   Bangladesh,665,673,491,500,174,173
   Sri Lanka,   Bhutan,231,233,129,132,102,101
   Sri Lanka,   Canada,250,251,129,131,121,120
   Sri Lanka,   China*,2447,2481,2147,2181,300,300
   Sri Lanka,   Cyprus*,250,251,128,130,122,121
   Sri Lanka,   Finland*,61,60,20,20,41,40
   Sri Lanka,   France*,297,300,156,159,141,141
   Sri Lanka,   Germany,554,560,302,309,252,251
   Sri Lanka,   Greece,90,89,50,50,40,39
   Sri Lanka,   Haiti,37,36,16,16,21,20
   Sri Lanka,   India,10658,10837,5475,5603,5183,5234
   Sri Lanka,   Indonesia,320,323,107,110,213,213
   Sri Lanka,   Iran (Islamic Republic of),104,104,65,66,39,38
   Sri Lanka,   Iraq,40,39,22,22,18,17
   Sri Lanka,   Israel,55,54,37,37,18,17
   Sri Lanka,   Italy,5096,5168,2449,2508,2647,2660
   Sri Lanka,   Japan,838,848,391,400,447,448
   Sri Lanka,   Jordan,274,276,126,128,148,148
   Sri Lanka,   Republic of Korea,603,611,294,301,309,310
   Sri Lanka,   Kuwait,1731,1753,816,834,915,919
   Sri Lanka,   Lebanon,732,741,345,353,387,388
   Sri Lanka,   Libya,40,39,25,25,15,14
   Sri Lanka,   Malaysia*,912,925,360,372,552,553
   Sri Lanka,   Maldives,1390,1408,545,560,845,848
   Sri Lanka,   Oman,328,331,153,157,175,174
   Sri Lanka,   Nepal,340,343,225,229,115,114
   Sri Lanka,   New Zealand*,111,111,54,55,57,56
   Sri Lanka,   Norway*,117,117,59,60,58,57
   Sri Lanka,   Pakistan,1085,1083,595,600,490,483
   Sri Lanka,   Portugal,33,32,16,16,17,16
   Sri Lanka,   Qatar,273,275,149,152,124,123
   Sri Lanka,   Russian Federation,148,150,55,59,93,91
   Sri Lanka,   Saudi Arabia,1397,1416,739,755,658,661
   Sri Lanka,   Seychelles,25,24,13,13,12,11
   Sri Lanka,   Singapore,604,612,248,256,356,356
   Sri Lanka,   South Africa,260,262,104,106,156,156
   Sri Lanka,   Spain*,35,34,15,15,20,19
   Sri Lanka,   Sweden,129,130,79,81,50,49
   Sri Lanka,   Switzerland,288,290,151,153,137,137
   Sri Lanka,   Syrian Arab Republic,73,72,35,35,38,37
   Sri Lanka,   Thailand,274,276,149,152,125,124
   Sri Lanka,   United Arab Emirates,1665,1688,828,848,837,840
   Sri Lanka,   Turkey,45,44,24,24,21,20
   Sri Lanka,   Egypt,130,131,87,89,43,42
   Sri Lanka,   United Kingdom*,1177,1192,586,600,591,592
   Sri Lanka,   United States of America*,605,613,305,313,300,300
   Sri Lanka,Other,1891,1960,951,968,940,992
  Western Asia,WORLD,39897174,46599820,25846271,30148030,14050903,16451790
  Western Asia,  Sub-Saharan Africa,641798,693765,374877,424826,266921,268939
  Western Asia,  Northern Africa and Western Asia,15606719,17887395,8999732,10319610,6606987,7567785
  Western Asia,  Central and Southern Asia,15988284,19074281,12218461,14541061,3769823,4533220
  Western Asia,  Eastern and South-Eastern Asia,3623291,4326813,2279353,2695387,1343938,1631426
  Western Asia,  Latin America and the Caribbean,68041,66536,31234,30473,36807,36063
  Western Asia,  Oceania (excluding Australia and New Zealand),2,1,0,0,2,1
  Western Asia,  Australia and New Zealand,9643,10968,4412,4778,5231,6190
  Western Asia,  Europe and Northern America,2149529,2598321,922388,1039146,1227141,1559175
  Western Asia,  Developed regions,2161303,2612223,927699,1045039,1233604,1567184
  Western Asia,  Less developed regions,35926004,42045857,23902758,28010242,12023246,14035615
  Western Asia," Less developed regions, excluding least developed countries",29509280,34311176,19114268,22223480,10395012,12087696
  Western Asia," Less developed regions, excluding China",35903496,42018129,23895413,28001531,12008083,14016598
  Western Asia,  Least developed countries,6416724,7734681,4788490,5786762,1628234,1947919
  Western Asia,  Land-locked Developing Countries (LLDC),1899748,2324519,1232906,1518410,666842,806109
  Western Asia,  Small island developing States (SIDS),13732,14462,6545,6875,7187,7587
  Western Asia,  High-income countries,1421191,1651583,669850,743623,751341,907960
  Western Asia,  Middle-income countries,28334557,33047355,19221701,22344296,9112856,10703059
  Western Asia, Upper-middle-income countries,5052719,6021706,2742269,3129239,2310450,2892467
  Western Asia, Lower-middle-income countries,23281838,27025649,16479432,19215057,6802406,7810592
  Western Asia,  Low-income countries,8331513,9959081,4938885,5967337,3392628,3991744
  Western Asia, AFRICA,4090279,4643121,2614827,3001312,1475452,1641809
  Western Asia,  Eastern Africa,590948,637809,343901,390680,247047,247129
  Western Asia,  Middle Africa,7977,10546,5286,6796,2691,3750
  Western Asia,  Northern Africa,3448481,3949356,2239950,2576486,1208531,1372870
  Western Asia,  Southern Africa,16924,16888,7719,7703,9205,9185
  Western Asia,  Western Africa,25949,28522,17971,19647,7978,8875
  Western Asia, ASIA,31769813,37339133,21257596,24979572,10512217,12359561
  Western Asia,  Central Asia,90728,95152,42033,43348,48695,51804
  Western Asia,  Eastern Asia,25561,31898,8647,10327,16914,21571
  Western Asia,  South-Eastern Asia,3597730,4294915,2270706,2685060,1327024,1609855
  Western Asia,  Southern Asia,15897556,18979129,12176428,14497713,3721128,4481416
  Western Asia,  Western Asia,12158238,13938039,6759782,7743124,5398456,6194915
  Western Asia, EUROPE,2009340,2449771,850180,962203,1159160,1487568
  Western Asia,  Eastern Europe,1137669,1334070,443959,477932,693710,856138
  Western Asia,  Northern Europe,157242,180436,80590,91516,76652,88920
  Western Asia,  Southern Europe,248815,332995,129814,163525,119001,169470
  Western Asia,  Western Europe,465614,602270,195817,229230,269797,373040
  Western Asia, LATIN AMERICA AND THE CARIBBEAN,68041,66536,31234,30473,36807,36063
  Western Asia,  Caribbean,247,300,110,129,137,171
  Western Asia,  Central America,2903,2901,1397,1389,1506,1512
  Western Asia,  South America,64891,63335,29727,28955,35164,34380
  Western Asia, NORTHERN AMERICA,140189,148550,72208,76943,67981,71607
  Western Asia, OCEANIA ,9645,10969,4412,4778,5233,6191
  Western Asia,  Australia and New Zealand,9643,10968,4412,4778,5231,6190
  Western Asia,  Melanesia,2,1,0,0,2,1
  Western Asia,  Micronesia,0,0,0,0,0,0
  Western Asia,  Polynesia*,0,0,0,0,0,0
  Western Asia,   Burundi,2,1,2,1,0,0
  Western Asia,   Comoros,0,0,0,0,0,0
  Western Asia,   Djibouti,2,1,0,0,2,1
  Western Asia,   Eritrea,28651,35197,19438,24424,9213,10773
  Western Asia,   Ethiopia,244285,276596,151665,174230,92620,102366
  Western Asia,   Kenya,250,317,147,182,103,135
  Western Asia,   Madagascar,7,6,5,5,2,1
  Western Asia,   Malawi,7,6,5,5,2,1
  Western Asia,   Mauritius*,9,8,7,7,2,1
  Western Asia,   Mayotte*,0,0,0,0,0,0
  Western Asia,   Mozambique,9,8,2,2,7,6
  Western Asia,   Réunion*,0,0,0,0,0,0
  Western Asia,   Rwanda,0,0,0,0,0,0
  Western Asia,   Seychelles,7,6,5,5,2,1
  Western Asia,   Somalia,295828,301642,158333,176115,137495,125527
  Western Asia,   South Sudan,21094,23124,13850,15180,7244,7944
  Western Asia,   Uganda,18,18,16,17,2,1
  Western Asia,   United Republic of Tanzania*,356,445,261,337,95,108
  Western Asia,   Zambia,131,135,46,47,85,88
  Western Asia,   Zimbabwe,292,299,119,123,173,176
  Western Asia,   Angola,0,0,0,0,0,0
  Western Asia,   Cameroon,54,1885,30,1044,24,841
  Western Asia,   Central African Republic,13,13,6,7,7,6
  Western Asia,   Chad,7181,7871,4909,5377,2272,2494
  Western Asia,   Congo,0,0,0,0,0,0
  Western Asia,   Democratic Republic of the Congo,729,777,341,368,388,409
  Western Asia,   Equatorial Guinea,0,0,0,0,0,0
  Western Asia,   Gabon,0,0,0,0,0,0
  Western Asia,   Sao Tome and Principe,0,0,0,0,0,0
  Western Asia,   Algeria,46634,45640,21480,21068,25154,24572
  Western Asia,   Egypt,2518428,2892044,1669366,1919846,849062,972198
  Western Asia,   Libya,35857,40995,19527,22702,16330,18293
  Western Asia,   Morocco,178009,174814,86657,85345,91352,89469
  Western Asia,   Sudan,635525,761466,425010,509276,210515,252190
  Western Asia,   Tunisia,34028,34397,17910,18249,16118,16148
  Western Asia,   Western Sahara,0,0,0,0,0,0
  Western Asia,   Botswana,7,6,5,5,2,1
  Western Asia,   Eswatini,75,103,24,29,51,74
  Western Asia,   Lesotho,0,0,0,0,0,0
  Western Asia,   Namibia,2,1,2,1,0,0
  Western Asia,   South Africa,16840,16778,7688,7668,9152,9110
  Western Asia,   Benin,7,6,7,6,0,0
  Western Asia,   Burkina Faso,0,0,0,0,0,0
  Western Asia,   Cabo Verde,0,0,0,0,0,0
  Western Asia,   Côte d'Ivoire,0,0,0,0,0,0
  Western Asia,   Gambia,0,0,0,0,0,0
  Western Asia,   Ghana,243,303,182,233,61,70
  Western Asia,   Guinea,0,0,0,0,0,0
  Western Asia,   Guinea-Bissau,0,0,0,0,0,0
  Western Asia,   Liberia,0,0,0,0,0,0
  Western Asia,   Mali,0,0,0,0,0,0
  Western Asia,   Mauritania,254,270,194,203,60,67
  Western Asia,   Niger,7,6,5,5,2,1
  Western Asia,   Nigeria,25365,27842,17538,19143,7827,8699
  Western Asia,   Saint Helena*,0,0,0,0,0,0
  Western Asia,   Senegal,71,94,43,56,28,38
  Western Asia,   Sierra Leone,2,1,2,1,0,0
  Western Asia,   Togo,0,0,0,0,0,0
  Western Asia,   Kazakhstan,24867,26317,10981,11278,13886,15039
  Western Asia,   Kyrgyzstan,7270,7850,3472,3710,3798,4140
  Western Asia,   Tajikistan,2557,2598,1228,1273,1329,1325
  Western Asia,   Turkmenistan,7048,7692,3624,4060,3424,3632
  Western Asia,   Uzbekistan,48986,50695,22728,23027,26258,27668
  Western Asia,   China*,22423,27615,7303,8658,15120,18957
  Western Asia,"   China, Hong Kong SAR*",85,113,42,53,43,60
  Western Asia,"   China, Macao SAR*",0,0,0,0,0,0
  Western Asia,"   China, Taiwan Province of China*",0,0,0,0,0,0
  Western Asia,   Dem. People's Republic of Korea,124,151,72,89,52,62
  Western Asia,   Japan,2131,2934,899,1115,1232,1819
  Western Asia,   Mongolia,215,286,93,116,122,170
  Western Asia,   Republic of Korea,583,799,238,296,345,503
  Western Asia,   Brunei Darussalam,22,25,1,1,21,24
  Western Asia,   Cambodia,0,0,0,0,0,0
  Western Asia,   Indonesia,1905360,2309900,1128801,1373530,776559,936370
  Western Asia,   Lao People's Democratic Republic,2,1,0,0,2,1
  Western Asia,   Malaysia*,522,687,268,343,254,344
  Western Asia,   Myanmar,214470,267893,148557,183869,65913,84024
  Western Asia,   Philippines,1457705,1694868,979878,1112922,477827,581946
  Western Asia,   Singapore,225,300,66,75,159,225
  Western Asia,   Thailand,19321,21128,13107,14289,6214,6839
  Western Asia,   Timor-Leste,0,0,0,0,0,0
  Western Asia,   Viet Nam,103,113,28,31,75,82
  Western Asia,   Afghanistan,496282,616560,329352,402276,166930,214284
  Western Asia,   Bangladesh,2887143,3462362,2408668,2884352,478475,578010
  Western Asia,   Bhutan,0,0,0,0,0,0
  Western Asia,   India,8281049,9597970,6331437,7327794,1949612,2270176
  Western Asia,   Iran (Islamic Republic of),116318,160589,62428,82788,53890,77801
  Western Asia,   Maldives,0,0,0,0,0,0
  Western Asia,   Nepal,605060,813031,472532,634557,132528,178474
  Western Asia,   Pakistan,2830403,3417094,2139166,2580983,691237,836111
  Western Asia,   Sri Lanka,681301,911523,432845,584963,248456,326560
  Western Asia,   Armenia,162793,156826,83043,80026,79750,76800
  Western Asia,   Azerbaijan*,114821,120843,48996,51439,65825,69404
  Western Asia,   Bahrain,13240,13846,6357,6659,6883,7187
  Western Asia,   Cyprus*,10333,14422,4410,5541,5923,8881
  Western Asia,   Georgia*,119689,119935,53949,53732,65740,66203
  Western Asia,   Iraq,705282,841194,370453,347940,334829,493254
  Western Asia,   Israel,67590,69000,28877,29455,38713,39545
  Western Asia,   Jordan,533305,608784,340178,389015,193127,219769
  Western Asia,   Kuwait,94801,103636,62432,68855,32369,34781
  Western Asia,   Lebanon,200959,238046,135581,159871,65378,78175
  Western Asia,   Oman,12407,12855,5853,6350,6554,6505
  Western Asia,   Qatar,13238,13725,6108,6362,7130,7363
  Western Asia,   Saudi Arabia,45726,50658,25255,28477,20471,22181
  Western Asia,   State of Palestine*,3289147,3449791,1652358,1740809,1636789,1708982
  Western Asia,   Syrian Arab Republic,5619604,6765889,3179403,3882640,2440201,2883249
  Western Asia,   Turkey,105702,113395,63863,68158,41839,45237
  Western Asia,   United Arab Emirates,70015,78044,37425,41749,32590,36295
  Western Asia,   Yemen,979586,1167150,655241,776046,324345,391104
  Western Asia,   Belarus,25571,25037,10596,10313,14975,14724
  Western Asia,   Bulgaria,496309,683990,178387,213614,317922,470376
  Western Asia,   Czechia,1816,2282,760,919,1056,1363
  Western Asia,   Hungary,13992,13954,6128,6068,7864,7886
  Western Asia,   Poland,63567,63226,27548,27205,36019,36021
  Western Asia,   Republic of Moldova*,14892,15519,5438,5183,9454,10336
  Western Asia,   Romania,129729,135068,54512,54886,75217,80182
  Western Asia,   Russian Federation,231472,236376,92195,92708,139277,143668
  Western Asia,   Slovakia,457,585,190,228,267,357
  Western Asia,   Ukraine*,159864,158033,68205,66808,91659,91225
  Western Asia,   Channel Islands*,0,0,0,0,0,0
  Western Asia,   Denmark*,5429,6699,2187,2575,3242,4124
  Western Asia,   Estonia,741,762,312,309,429,453
  Western Asia,   Faroe Islands*,0,0,0,0,0,0
  Western Asia,   Finland*,2438,3091,902,1085,1536,2006
  Western Asia,   Iceland,73,87,26,29,47,58
  Western Asia,   Ireland,1317,1558,508,589,809,969
  Western Asia,   Isle of Man*,0,0,0,0,0,0
  Western Asia,   Latvia,4349,4267,1840,1798,2509,2469
  Western Asia,   Lithuania,4417,4412,1773,1749,2644,2663
  Western Asia,   Norway*,3723,5125,1675,2116,2048,3009
  Western Asia,   Sweden,6888,8996,2853,3448,4035,5548
  Western Asia,   United Kingdom*,127867,145439,68514,77818,59353,67621
  Western Asia,   Albania,3537,4837,1697,2135,1840,2702
  Western Asia,   Andorra,0,0,0,0,0,0
  Western Asia,   Bosnia and Herzegovina,2441,3377,1124,1425,1317,1952
  Western Asia,   Croatia,319,409,127,148,192,261
  Western Asia,   Gibraltar*,2,1,2,1,0,0
  Western Asia,   Greece,85469,109270,39136,45748,46333,63522
  Western Asia,   Holy See*,0,0,0,0,0,0
  Western Asia,   Italy,8743,9783,4140,4570,4603,5213
  Western Asia,   Malta,73,87,33,35,40,52
  Western Asia,   Montenegro,0,0,0,0,0,0
  Western Asia,   North Macedonia,141827,198109,80760,106432,61067,91677
  Western Asia,   Portugal,279,365,115,141,164,224
  Western Asia,   San Marino,0,0,0,0,0,0
  Western Asia,   Serbia*,2484,2575,1118,1165,1366,1410
  Western Asia,   Slovenia,157,212,69,86,88,126
  Western Asia,   Spain*,3484,3970,1493,1639,1991,2331
  Western Asia,   Austria,19635,25122,8996,10752,10639,14370
  Western Asia,   Belgium,14939,18201,6594,7520,8345,10681
  Western Asia,   France*,85535,93765,43387,46852,42148,46913
  Western Asia,   Germany,297787,404249,114496,137381,183291,266868
  Western Asia,   Liechtenstein,0,0,0,0,0,0
  Western Asia,   Luxembourg,53,67,21,25,32,42
  Western Asia,   Monaco,0,0,0,0,0,0
  Western Asia,   Netherlands*,33072,42281,16019,19224,17053,23057
  Western Asia,   Switzerland,14593,18585,6304,7476,8289,11109
  Western Asia,   Anguilla*,0,0,0,0,0,0
  Western Asia,   Antigua and Barbuda,0,0,0,0,0,0
  Western Asia,   Aruba*,0,0,0,0,0,0
  Western Asia,   Bahamas,0,0,0,0,0,0
  Western Asia,   Barbados,0,0,0,0,0,0
  Western Asia,"   Bonaire, Sint Eustatius and Saba*",0,0,0,0,0,0
  Western Asia,   British Virgin Islands*,74,102,31,41,43,61
  Western Asia,   Cayman Islands*,0,0,0,0,0,0
  Western Asia,   Cuba,88,101,46,51,42,50
  Western Asia,   Curaçao*,0,0,0,0,0,0
  Western Asia,   Dominica,0,0,0,0,0,0
  Western Asia,   Dominican Republic,9,8,2,2,7,6
  Western Asia,   Grenada,0,0,0,0,0,0
  Western Asia,   Guadeloupe*,46,61,21,25,25,36
  Western Asia,   Haiti,2,1,0,0,2,1
  Western Asia,   Jamaica,13,13,6,7,7,6
  Western Asia,   Martinique*,0,0,0,0,0,0
  Western Asia,   Montserrat*,0,0,0,0,0,0
  Western Asia,   Puerto Rico*,2,1,2,1,0,0
  Western Asia,   Saint Barthélemy*,0,0,0,0,0,0
  Western Asia,   Saint Kitts and Nevis,0,0,0,0,0,0
  Western Asia,   Saint Lucia,0,0,0,0,0,0
  Western Asia,   Saint Martin (French part)*,0,0,0,0,0,0
  Western Asia,   Saint Vincent and the Grenadines,0,0,0,0,0,0
  Western Asia,   Sint Maarten (Dutch part)*,0,0,0,0,0,0
  Western Asia,   Trinidad and Tobago,13,13,2,2,11,11
  Western Asia,   Turks and Caicos Islands*,0,0,0,0,0,0
  Western Asia,   United States Virgin Islands*,0,0,0,0,0,0
  Western Asia,   Belize,0,0,0,0,0,0
  Western Asia,   Costa Rica,54,73,26,35,28,38
  Western Asia,   El Salvador,9,8,7,7,2,1
  Western Asia,   Guatemala,0,0,0,0,0,0
  Western Asia,   Honduras,2,1,2,1,0,0
  Western Asia,   Mexico,2811,2793,1339,1322,1472,1471
  Western Asia,   Nicaragua,9,8,7,7,2,1
  Western Asia,   Panama,18,18,16,17,2,1
  Western Asia,   Argentina,39576,38489,18585,18069,20991,20420
  Western Asia,   Bolivia (Plurinational State of),9,8,7,7,2,1
  Western Asia,   Brazil,9407,9304,4040,3963,5367,5341
  Western Asia,   Chile,3474,3390,1584,1539,1890,1851
  Western Asia,   Colombia,2948,2888,1185,1156,1763,1732
  Western Asia,   Ecuador,7,6,5,5,2,1
  Western Asia,   Falkland Islands (Malvinas)*,0,0,0,0,0,0
  Western Asia,   French Guiana*,0,0,0,0,0,0
  Western Asia,   Guyana,0,0,0,0,0,0
  Western Asia,   Paraguay,7,6,0,0,7,6
  Western Asia,   Peru,2542,2488,1140,1112,1402,1376
  Western Asia,   Suriname,2,1,0,0,2,1
  Western Asia,   Uruguay,6423,6252,2960,2882,3463,3370
  Western Asia,   Venezuela (Bolivarian Republic of),496,503,221,222,275,281
  Western Asia,   Bermuda*,0,0,0,0,0,0
  Western Asia,   Canada,11238,11675,5246,5370,5992,6305
  Western Asia,   Greenland*,0,0,0,0,0,0
  Western Asia,   Saint Pierre and Miquelon*,0,0,0,0,0,0
  Western Asia,   United States of America*,128951,136875,66962,71573,61989,65302
  Western Asia,   Australia*,9220,10418,4247,4579,4973,5839
  Western Asia,   New Zealand*,423,550,165,199,258,351
  Western Asia,   Fiji,2,1,0,0,2,1
  Western Asia,   New Caledonia*,0,0,0,0,0,0
  Western Asia,   Papua New Guinea,0,0,0,0,0,0
  Western Asia,   Solomon Islands,0,0,0,0,0,0
  Western Asia,   Vanuatu,0,0,0,0,0,0
  Western Asia,   Guam*,0,0,0,0,0,0
  Western Asia,   Kiribati,0,0,0,0,0,0
  Western Asia,   Marshall Islands,0,0,0,0,0,0
  Western Asia,   Micronesia (Fed. States of),0,0,0,0,0,0
  Western Asia,   Nauru,0,0,0,0,0,0
  Western Asia,   Northern Mariana Islands*,0,0,0,0,0,0
  Western Asia,   Palau,0,0,0,0,0,0
  Western Asia,   American Samoa*,0,0,0,0,0,0
  Western Asia,   Cook Islands*,0,0,0,0,0,0
  Western Asia,   French Polynesia*,0,0,0,0,0,0
  Western Asia,   Niue*,0,0,0,0,0,0
  Western Asia,   Samoa,0,0,0,0,0,0
  Western Asia,   Tokelau*,0,0,0,0,0,0
  Western Asia,   Tonga,0,0,0,0,0,0
  Western Asia,   Tuvalu,0,0,0,0,0,0
  Western Asia,   Wallis and Futuna Islands*,0,0,0,0,0,0
   Armenia,WORLD,191199,190349,77436,78085,113763,112264
   Armenia,  Sub-Saharan Africa,0,0,0,0,0,0
   Armenia,  Northern Africa and Western Asia,136968,136372,56725,57185,80243,79187
   Armenia,  Central and Southern Asia,10731,10677,4857,4885,5874,5792
   Armenia,  Eastern and South-Eastern Asia,0,0,0,0,0,0
   Armenia,  Latin America and the Caribbean,0,0,0,0,0,0
   Armenia,  Oceania (excluding Australia and New Zealand),0,0,0,0,0,0
   Armenia,  Australia and New Zealand,0,0,0,0,0,0
   Armenia,  Europe and Northern America,23596,23484,7718,7821,15878,15663
   Armenia,  Developed regions,23596,23484,7718,7821,15878,15663
   Armenia,  Less developed regions,147699,147049,61582,62070,86117,84979
   Armenia," Less developed regions, excluding least developed countries",147699,147049,61582,62070,86117,84979
   Armenia," Less developed regions, excluding China",147699,147049,61582,62070,86117,84979
   Armenia,  Least developed countries,0,0,0,0,0,0
   Armenia,  Land-locked Developing Countries (LLDC),81504,81140,33562,33831,47942,47309
   Armenia,  Small island developing States (SIDS),0,0,0,0,0,0
   Armenia,  High-income countries,1656,1646,771,774,885,872
   Armenia,  Middle-income countries,152101,151471,60176,60763,91925,90708
   Armenia, Upper-middle-income countries,148648,148036,59199,59768,89449,88268
   Armenia, Lower-middle-income countries,3453,3435,977,995,2476,2440
   Armenia,  Low-income countries,17538,17416,8353,8354,9185,9062
   Armenia, AFRICA,0,0,0,0,0,0
   Armenia,  Eastern Africa,0,0,0,0,0,0
   Armenia,  Middle Africa,0,0,0,0,0,0
   Armenia,  Northern Africa,0,0,0,0,0,0
   Armenia,  Southern Africa,0,0,0,0,0,0
   Armenia,  Western Africa,0,0,0,0,0,0
   Armenia, ASIA,147699,147049,61582,62070,86117,84979
   Armenia,  Central Asia,2596,2580,901,911,1695,1669
   Armenia,  Eastern Asia,0,0,0,0,0,0
   Armenia,  South-Eastern Asia,0,0,0,0,0,0
   Armenia,  Southern Asia,8135,8097,3956,3974,4179,4123
   Armenia,  Western Asia,136968,136372,56725,57185,80243,79187
   Armenia, EUROPE,23596,23484,7718,7821,15878,15663
   Armenia,  Eastern Europe,21940,21838,6947,7047,14993,14791
   Armenia,  Northern Europe,0,0,0,0,0,0
   Armenia,  Southern Europe,1021,1015,455,457,566,558
   Armenia,  Western Europe,635,631,316,317,319,314
   Armenia, LATIN AMERICA AND THE CARIBBEAN,0,0,0,0,0,0
   Armenia,  Caribbean,0,0,0,0,0,0
   Armenia,  Central America,0,0,0,0,0,0
   Armenia,  South America,0,0,0,0,0,0
   Armenia, NORTHERN AMERICA,0,0,0,0,0,0
   Armenia, OCEANIA ,0,0,0,0,0,0
   Armenia,  Australia and New Zealand,0,0,0,0,0,0
   Armenia,  Melanesia,0,0,0,0,0,0
   Armenia,  Micronesia,0,0,0,0,0,0
   Armenia,  Polynesia*,0,0,0,0,0,0
   Armenia,   Azerbaijan*,78908,78560,32661,32920,46247,45640
   Armenia,   Belarus,306,304,118,119,188,185
   Armenia,   Georgia*,38094,37921,14694,14832,23400,23089
   Armenia,   Germany,635,631,316,317,319,314
   Armenia,   Greece,1021,1015,455,457,566,558
   Armenia,   Iran (Islamic Republic of),8135,8097,3956,3974,4179,4123
   Armenia,   Iraq,1033,1088,430,488,603,600
   Armenia,   Kazakhstan,791,786,255,258,536,528
   Armenia,   Lebanon,853,848,397,399,456,449
   Armenia,   Russian Federation,19170,19082,6191,6276,12979,12806
   Armenia,   Syrian Arab Republic,17538,17416,8353,8354,9185,9062
   Armenia,   Turkey,542,539,190,192,352,347
   Armenia,   Turkmenistan,816,811,307,310,509,501
   Armenia,   Ukraine*,2464,2452,638,652,1826,1800
   Armenia,   Uzbekistan,989,983,339,343,650,640
   Armenia,Other,19904,19816,8136,8194,11768,11622
   Azerbaijan*,WORLD,264359,252228,126656,121007,137703,131221
   Azerbaijan*,  Sub-Saharan Africa,0,0,0,0,0,0
   Azerbaijan*,  Northern Africa and Western Asia,201765,192594,101727,97219,100038,95375
   Azerbaijan*,  Central and Southern Asia,26896,25664,12936,12365,13960,13299
   Azerbaijan*,  Eastern and South-Eastern Asia,0,0,0,0,0,0
   Azerbaijan*,  Latin America and the Caribbean,0,0,0,0,0,0
   Azerbaijan*,  Oceania (excluding Australia and New Zealand),0,0,0,0,0,0
   Azerbaijan*,  Australia and New Zealand,0,0,0,0,0,0
   Azerbaijan*,  Europe and Northern America,33090,31576,10680,10220,22410,21356
   Azerbaijan*,  Developed regions,33090,31576,10680,10220,22410,21356
   Azerbaijan*,  Less developed regions,228661,218258,114663,109584,113998,108674
   Azerbaijan*," Less developed regions, excluding least developed countries",228475,218082,114531,109458,113944,108624
   Azerbaijan*," Less developed regions, excluding China",228661,218258,114663,109584,113998,108674
   Azerbaijan*,  Least developed countries,186,176,132,126,54,50
   Azerbaijan*,  Land-locked Developing Countries (LLDC),174152,166228,87433,83559,86719,82669
   Azerbaijan*,  Small island developing States (SIDS),0,0,0,0,0,0
   Azerbaijan*,  High-income countries,771,732,357,340,414,392
   Azerbaijan*,  Middle-income countries,260545,248690,124753,119242,135792,129448
   Azerbaijan*, Upper-middle-income countries,237859,227043,114481,109423,123378,117620
   Azerbaijan*, Lower-middle-income countries,22686,21647,10272,9819,12414,11828
   Azerbaijan*,  Low-income countries,435,412,233,222,202,190
   Azerbaijan*, AFRICA,0,0,0,0,0,0
   Azerbaijan*,  Eastern Africa,0,0,0,0,0,0
   Azerbaijan*,  Middle Africa,0,0,0,0,0,0
   Azerbaijan*,  Northern Africa,0,0,0,0,0,0
   Azerbaijan*,  Southern Africa,0,0,0,0,0,0
   Azerbaijan*,  Western Africa,0,0,0,0,0,0
   Azerbaijan*, ASIA,228661,218258,114663,109584,113998,108674
   Azerbaijan*,  Central Asia,25180,24028,11834,11312,13346,12716
   Azerbaijan*,  Eastern Asia,0,0,0,0,0,0
   Azerbaijan*,  South-Eastern Asia,0,0,0,0,0,0
   Azerbaijan*,  Southern Asia,1716,1636,1102,1053,614,583
   Azerbaijan*,  Western Asia,201765,192594,101727,97219,100038,95375
   Azerbaijan*, EUROPE,33090,31576,10680,10220,22410,21356
   Azerbaijan*,  Eastern Europe,32319,30844,10323,9880,21996,20964
   Azerbaijan*,  Northern Europe,486,462,231,220,255,242
   Azerbaijan*,  Southern Europe,0,0,0,0,0,0
   Azerbaijan*,  Western Europe,285,270,126,120,159,150
   Azerbaijan*, LATIN AMERICA AND THE CARIBBEAN,0,0,0,0,0,0
   Azerbaijan*,  Caribbean,0,0,0,0,0,0
   Azerbaijan*,  Central America,0,0,0,0,0,0
   Azerbaijan*,  South America,0,0,0,0,0,0
   Azerbaijan*, NORTHERN AMERICA,0,0,0,0,0,0
   Azerbaijan*, OCEANIA ,0,0,0,0,0,0
   Azerbaijan*,  Australia and New Zealand,0,0,0,0,0,0
   Azerbaijan*,  Melanesia,0,0,0,0,0,0
   Azerbaijan*,  Micronesia,0,0,0,0,0,0
   Azerbaijan*,  Polynesia*,0,0,0,0,0,0
   Azerbaijan*,   Afghanistan,186,176,132,126,54,50
   Azerbaijan*,   Armenia,148503,141756,75416,72072,73087,69684
   Azerbaijan*,   Belarus,459,437,111,107,348,330
   Azerbaijan*,   Estonia,486,462,231,220,255,242
   Azerbaijan*,   Georgia*,51141,48815,24733,23640,26408,25175
   Azerbaijan*,   Germany,285,270,126,120,159,150
   Azerbaijan*,   Iran (Islamic Republic of),1530,1460,970,927,560,533
   Azerbaijan*,   Kazakhstan,3621,3456,1514,1449,2107,2007
   Azerbaijan*,   Kyrgyzstan,2556,2438,1239,1184,1317,1254
   Azerbaijan*,   Republic of Moldova*,283,268,51,49,232,219
   Azerbaijan*,   Russian Federation,28760,27452,9398,8994,19362,18458
   Azerbaijan*,   Tajikistan,249,236,101,96,148,140
   Azerbaijan*,   Turkey,2121,2023,1578,1507,543,516
   Azerbaijan*,   Turkmenistan,1724,1644,761,727,963,917
   Azerbaijan*,   Ukraine*,2817,2687,763,730,2054,1957
   Azerbaijan*,   Uzbekistan,17030,16254,8219,7856,8811,8398
   Azerbaijan*,Other,2608,2394,1313,1203,1295,1191
   Bahrain,WORLD,722487,936094,529546,694238,192941,241856
   Bahrain,  Sub-Saharan Africa,6254,8099,4251,5592,2003,2507
   Bahrain,  Northern Africa and Western Asia,143311,185676,95146,125308,48165,60368
   Bahrain,  Central and Southern Asia,464119,601336,363563,475290,100556,126046
   Bahrain,  Eastern and South-Eastern Asia,72730,94231,44283,58574,28447,35657
   Bahrain,  Latin America and the Caribbean,0,0,0,0,0,0
   Bahrain,  Oceania (excluding Australia and New Zealand),0,0,0,0,0,0
   Bahrain,  Australia and New Zealand,0,0,0,0,0,0
   Bahrain,  Europe and Northern America,5361,6944,3513,4629,1848,2315
   Bahrain,  Developed regions,5361,6944,3513,4629,1848,2315
   Bahrain,  Less developed regions,686414,889342,507243,664764,179171,224578
   Bahrain," Less developed regions, excluding least developed countries",562223,728438,406214,532889,156009,195549
   Bahrain," Less developed regions, excluding China",686414,889342,507243,664764,179171,224578
   Bahrain,  Least developed countries,124191,160904,101029,131875,23162,29029
   Bahrain,  Land-locked Developing Countries (LLDC),5554,7194,3774,4966,1780,2228
   Bahrain,  Small island developing States (SIDS),0,0,0,0,0,0
   Bahrain,  High-income countries,17729,22967,11032,14576,6697,8391
   Bahrain,  Middle-income countries,636653,824875,474477,621593,162176,203282
   Bahrain, Upper-middle-income countries,47105,61029,23234,31108,23871,29921
   Bahrain, Lower-middle-income countries,589548,763846,451243,590485,138305,173361
   Bahrain,  Low-income countries,37393,48444,25247,33224,12146,15220
   Bahrain, AFRICA,91291,118276,60827,80095,30464,38181
   Bahrain,  Eastern Africa,4542,5882,3074,4044,1468,1838
   Bahrain,  Middle Africa,434,562,300,395,134,167
   Bahrain,  Northern Africa,85037,110177,56576,74503,28461,35674
   Bahrain,  Southern Africa,0,0,0,0,0,0
   Bahrain,  Western Africa,1278,1655,877,1153,401,502
   Bahrain, ASIA,595123,771066,446416,584669,148707,186397
   Bahrain,  Central Asia,0,0,0,0,0,0
   Bahrain,  Eastern Asia,0,0,0,0,0,0
   Bahrain,  South-Eastern Asia,72730,94231,44283,58574,28447,35657
   Bahrain,  Southern Asia,464119,601336,363563,475290,100556,126046
   Bahrain,  Western Asia,58274,75499,38570,50805,19704,24694
   Bahrain, EUROPE,4094,5303,2643,3485,1451,1818
   Bahrain,  Eastern Europe,0,0,0,0,0,0
   Bahrain,  Northern Europe,2364,3062,1559,2053,805,1009
   Bahrain,  Southern Europe,0,0,0,0,0,0
   Bahrain,  Western Europe,1730,2241,1084,1432,646,809
   Bahrain, LATIN AMERICA AND THE CARIBBEAN,0,0,0,0,0,0
   Bahrain,  Caribbean,0,0,0,0,0,0
   Bahrain,  Central America,0,0,0,0,0,0
   Bahrain,  South America,0,0,0,0,0,0
   Bahrain, NORTHERN AMERICA,1267,1641,870,1144,397,497
   Bahrain, OCEANIA ,0,0,0,0,0,0
   Bahrain,  Australia and New Zealand,0,0,0,0,0,0
   Bahrain,  Melanesia,0,0,0,0,0,0
   Bahrain,  Micronesia,0,0,0,0,0,0
   Bahrain,  Polynesia*,0,0,0,0,0,0
   Bahrain,   Afghanistan,664,860,457,601,207,259
   Bahrain,   Bangladesh,88813,115071,77164,100469,11649,14602
   Bahrain,   Sri Lanka,9777,12667,5412,7196,4365,5471
   Bahrain,   Chad,434,562,300,395,134,167
   Bahrain,   Ethiopia,895,1159,615,809,280,350
   Bahrain,   Eritrea,1569,2032,1079,1418,490,614
   Bahrain,   France*,1475,1911,928,1226,547,685
   Bahrain,   State of Palestine*,4731,6129,3252,4276,1479,1853
   Bahrain,   India,281787,365098,216192,282874,65595,82224
   Bahrain,   Indonesia,25851,33493,9124,12526,16727,20967
   Bahrain,   Jordan,13715,17769,8929,11770,4786,5999
   Bahrain,   Kuwait,5479,7098,3752,4934,1727,2164
   Bahrain,   Lebanon,3406,4413,2341,3078,1065,1335
   Bahrain,   Morocco,725,939,498,655,227,284
   Bahrain,   Nepal,2271,2942,1563,2055,708,887
   Bahrain,   Netherlands*,255,330,156,206,99,124
   Bahrain,   Nigeria,1278,1655,877,1153,401,502
   Bahrain,   Pakistan,80807,104698,62775,82095,18032,22603
   Bahrain,   Philippines,45839,59391,34444,45108,11395,14283
   Bahrain,   Qatar,217,281,80,110,137,171
   Bahrain,   Saudi Arabia,533,690,371,487,162,203
   Bahrain,   Somalia,788,1020,541,711,247,309
   Bahrain,   South Sudan,1290,1671,839,1106,451,565
   Bahrain,   Sudan,10792,13982,7012,9244,3780,4738
   Bahrain,   Syrian Arab Republic,4286,5553,2945,3873,1341,1680
   Bahrain,   Thailand,1040,1347,715,940,325,407
   Bahrain,   United Arab Emirates,6139,7954,3316,4416,2823,3538
   Bahrain,   Tunisia,477,618,328,432,149,186
   Bahrain,   Turkey,3093,4007,2125,2794,968,1213
   Bahrain,   Egypt,73043,94638,48738,64172,24305,30466
   Bahrain,   United Kingdom*,2364,3062,1559,2053,805,1009
   Bahrain,   United States of America*,1267,1641,870,1144,397,497
   Bahrain,   Yemen,16675,21605,11459,15067,5216,6538
   Bahrain,Other,30712,39808,18790,24845,11922,14963
   Cyprus*,WORLD,176693,190366,77357,85679,99336,104687
   Cyprus*,  Sub-Saharan Africa,6702,8717,3060,4182,3642,4535
   Cyprus*,  Northern Africa and Western Asia,36922,42481,19814,23012,17108,19469
   Cyprus*,  Central and Southern Asia,14840,17045,5327,7230,9513,9815
   Cyprus*,  Eastern and South-Eastern Asia,9195,9480,1349,1440,7846,8040
   Cyprus*,  Latin America and the Caribbean,589,584,246,247,343,337
   Cyprus*,  Oceania (excluding Australia and New Zealand),2,1,0,0,2,1
   Cyprus*,  Australia and New Zealand,2959,3052,1428,1483,1531,1569
   Cyprus*,  Europe and Northern America,103110,106395,45110,46987,58000,59408
   Cyprus*,  Developed regions,106149,109528,46572,48504,59577,61024
   Cyprus*,  Less developed regions,68170,78227,29762,36077,38408,42150
   Cyprus*," Less developed regions, excluding least developed countries",65829,74954,28331,33734,37498,41220
   Cyprus*," Less developed regions, excluding China",66629,76636,29009,35293,37620,41343
   Cyprus*,  Least developed countries,2341,3273,1431,2343,910,930
   Cyprus*,  Land-locked Developing Countries (LLDC),3054,3126,1211,1251,1843,1875
   Cyprus*,  Small island developing States (SIDS),227,221,106,105,121,116
   Cyprus*,  High-income countries,81781,84360,37869,39409,43912,44951
   Cyprus*,  Middle-income countries,84220,90554,34111,38281,50109,52273
   Cyprus*, Upper-middle-income countries,51246,52862,23302,24228,27944,28634
   Cyprus*, Lower-middle-income countries,32974,37692,10809,14053,22165,23639
   Cyprus*,  Low-income countries,8318,12841,4354,6891,3964,5950
   Cyprus*, AFRICA,12542,14739,6402,7645,6140,7094
   Cyprus*,  Eastern Africa,790,798,354,361,436,437
   Cyprus*,  Middle Africa,724,2576,332,1359,392,1217
   Cyprus*,  Northern Africa,5840,6022,3342,3463,2498,2559
   Cyprus*,  Southern Africa,4793,4944,2150,2236,2643,2708
   Cyprus*,  Western Africa,395,399,224,226,171,173
   Cyprus*, ASIA,55117,62984,23148,28219,31969,34765
   Cyprus*,  Central Asia,334,338,136,137,198,201
   Cyprus*,  Eastern Asia,1659,1709,798,829,861,880
   Cyprus*,  South-Eastern Asia,7536,7771,551,611,6985,7160
   Cyprus*,  Southern Asia,14506,16707,5191,7093,9315,9614
   Cyprus*,  Western Asia,31082,36459,16472,19549,14610,16910
   Cyprus*, EUROPE,98598,101740,42984,44777,55614,56963
   Cyprus*,  Eastern Europe,29848,30806,10119,10577,19729,20229
   Cyprus*,  Northern Europe,37516,38709,16490,17207,21026,21502
   Cyprus*,  Southern Europe,26428,27272,14380,14920,12048,12352
   Cyprus*,  Western Europe,4806,4953,1995,2073,2811,2880
   Cyprus*, LATIN AMERICA AND THE CARIBBEAN,589,584,246,247,343,337
   Cyprus*,  Caribbean,73,70,30,30,43,40
   Cyprus*,  Central America,99,96,53,53,46,43
   Cyprus*,  South America,417,418,163,164,254,254
   Cyprus*, NORTHERN AMERICA,4512,4655,2126,2210,2386,2445
   Cyprus*, OCEANIA ,2961,3053,1428,1483,1533,1570
   Cyprus*,  Australia and New Zealand,2959,3052,1428,1483,1531,1569
   Cyprus*,  Melanesia,2,1,0,0,2,1
   Cyprus*,  Micronesia,0,0,0,0,0,0
   Cyprus*,  Polynesia*,0,0,0,0,0,0
   Cyprus*,   Afghanistan,7,6,6,6,1,0
   Cyprus*,   Albania,266,274,153,159,113,115
   Cyprus*,   Algeria,34,34,18,18,16,16
   Cyprus*,   Argentina,80,81,46,46,34,35
   Cyprus*,   Armenia,1130,1166,591,614,539,552
   Cyprus*,   Australia*,2870,2961,1394,1448,1476,1513
   Cyprus*,   Austria,340,349,143,147,197,202
   Cyprus*,   Azerbaijan*,34,34,14,14,20,20
   Cyprus*,   Bahrain,103,104,57,57,46,47
   Cyprus*,   Bangladesh,626,1526,615,1502,11,24
   Cyprus*,   Belarus,326,336,71,74,255,262
   Cyprus*,   Belgium,250,256,117,120,133,136
   Cyprus*,   Benin,7,6,7,6,0,0
   Cyprus*,   Bolivia (Plurinational State of),9,8,7,7,2,1
   Cyprus*,   Bosnia and Herzegovina,64,65,30,30,34,35
   Cyprus*,   Botswana,7,6,5,5,2,1
   Cyprus*,   Brazil,55,55,21,20,34,35
   Cyprus*,   Brunei Darussalam,2,1,0,0,2,1
   Cyprus*,   Bulgaria,5930,6121,1744,1829,4186,4292
   Cyprus*,   Burundi,2,1,2,1,0,0
   Cyprus*,   Cameroon,54,1885,30,1044,24,841
   Cyprus*,   Canada,1449,1494,681,707,768,787
   Cyprus*,   Central African Republic,13,13,6,7,7,6
   Cyprus*,   Chile,45,46,18,18,27,28
   Cyprus*,   China*,1541,1591,753,784,788,807
   Cyprus*,   Colombia,120,123,30,32,90,91
   Cyprus*,   Costa Rica,2,1,0,0,2,1
   Cyprus*,   Croatia,80,81,34,34,46,47
   Cyprus*,   Cuba,34,34,18,18,16,16
   Cyprus*,   Czechia,649,669,219,229,430,440
   Cyprus*,   Dem. People's Republic of Korea,31,31,11,11,20,20
   Cyprus*,   Democratic Republic of the Congo,657,678,296,308,361,370
   Cyprus*,   Denmark*,161,164,68,71,93,93
   Cyprus*,   Djibouti,2,1,0,0,2,1
   Cyprus*,   Dominican Republic,9,8,2,2,7,6
   Cyprus*,   Ecuador,7,6,5,5,2,1
   Cyprus*,   Egypt,4995,5156,2899,3007,2096,2149
   Cyprus*,   El Salvador,9,8,7,7,2,1
   Cyprus*,   Eritrea,2,1,0,0,2,1
   Cyprus*,   Estonia,26,26,6,6,20,20
   Cyprus*,   Ethiopia,77,78,31,31,46,47
   Cyprus*,   Fiji,2,1,0,0,2,1
   Cyprus*,   Finland*,474,489,117,124,357,365
   Cyprus*,   France*,881,908,351,365,530,543
   Cyprus*,   Georgia*,14727,15201,7737,8034,6990,7167
   Cyprus*,   Germany,2501,2582,1069,1114,1432,1468
   Cyprus*,   Ghana,80,81,42,42,38,39
   Cyprus*,   Gibraltar*,2,1,2,1,0,0
   Cyprus*,   Greece,22844,23581,12736,13215,10108,10366
   Cyprus*,   Haiti,2,1,0,0,2,1
   Cyprus*,   Honduras,2,1,2,1,0,0
   Cyprus*,   Hungary,332,342,130,135,202,207
   Cyprus*,   Iceland,31,31,7,6,24,25
   Cyprus*,   India,2648,2732,1552,1608,1096,1124
   Cyprus*,   Indonesia,165,169,20,20,145,149
   Cyprus*,   Iran (Islamic Republic of),1158,1194,712,738,446,456
   Cyprus*,   Iraq,1234,1274,673,699,561,575
   Cyprus*,   Ireland,747,770,247,257,500,513
   Cyprus*,   Israel,368,379,202,208,166,171
   Cyprus*,   Italy,463,477,224,232,239,245
   Cyprus*,   Jamaica,13,13,6,7,7,6
   Cyprus*,   Japan,80,81,34,34,46,47
   Cyprus*,   Jordan,425,437,267,275,158,162
   Cyprus*,   Kazakhstan,227,232,87,88,140,144
   Cyprus*,   Kenya,80,81,42,42,38,39
   Cyprus*,   Kuwait,223,229,127,132,96,97
   Cyprus*,   Kyrgyzstan,22,22,11,11,11,11
   Cyprus*,   Lao People's Democratic Republic,2,1,0,0,2,1
   Cyprus*,   Latvia,157,161,44,46,113,115
   Cyprus*,   Lebanon,2651,2736,1440,1494,1211,1242
   Cyprus*,   Libya,219,224,126,131,93,93
   Cyprus*,   Lithuania,89,91,18,18,71,73
   Cyprus*,   Luxembourg,9,8,2,2,7,6
   Cyprus*,   Madagascar,7,6,5,5,2,1
   Cyprus*,   Malawi,7,6,5,5,2,1
   Cyprus*,   Malaysia*,43,44,16,16,27,28
   Cyprus*,   Malta,31,31,20,20,11,11
   Cyprus*,   Mauritius*,9,8,7,7,2,1
   Cyprus*,   Mexico,59,60,21,21,38,39
   Cyprus*,   Morocco,59,60,32,32,27,28
   Cyprus*,   Mozambique,9,8,2,2,7,6
   Cyprus*,   Myanmar,43,44,11,12,32,32
   Cyprus*,   Namibia,2,1,2,1,0,0
   Cyprus*,   Nepal,54,54,47,48,7,6
   Cyprus*,   Netherlands*,463,477,187,195,276,282
   Cyprus*,   New Zealand*,89,91,34,35,55,56
   Cyprus*,   Nicaragua,9,8,7,7,2,1
   Cyprus*,   Niger,7,6,5,5,2,1
   Cyprus*,   Nigeria,292,299,163,167,129,132
   Cyprus*,   North Macedonia,18,18,7,7,11,11
   Cyprus*,   Norway*,191,196,67,69,124,127
   Cyprus*,   Oman,59,60,35,35,24,25
   Cyprus*,   Pakistan,499,1374,465,1285,34,89
   Cyprus*,   Panama,18,18,16,17,2,1
   Cyprus*,   Paraguay,7,6,0,0,7,6
   Cyprus*,   Peru,31,31,11,11,20,20
   Cyprus*,   Philippines,6941,7165,449,508,6492,6657
   Cyprus*,   Poland,680,701,164,172,516,529
   Cyprus*,   Portugal,59,60,16,16,43,44
   Cyprus*,   Puerto Rico*,2,1,2,1,0,0
   Cyprus*,   Qatar,9,8,7,7,2,1
   Cyprus*,   Republic of Korea,7,6,0,0,7,6
   Cyprus*,   Republic of Moldova*,905,933,168,177,737,756
   Cyprus*,   Romania,5209,5377,1462,1536,3747,3841
   Cyprus*,   Russian Federation,12530,12935,5099,5315,7431,7620
   Cyprus*,   Saudi Arabia,223,229,120,125,103,104
   Cyprus*,   Senegal,7,6,5,5,2,1
   Cyprus*,   Serbia*,2439,2518,1111,1156,1328,1362
   Cyprus*,   Seychelles,7,6,5,5,2,1
   Cyprus*,   Sierra Leone,2,1,2,1,0,0
   Cyprus*,   Singapore,31,31,7,6,24,25
   Cyprus*,   Slovakia,131,135,50,52,81,83
   Cyprus*,   Slovenia,13,13,6,7,7,6
   Cyprus*,   Somalia,9,8,7,7,2,1
   Cyprus*,   South Africa,4784,4937,2143,2230,2641,2707
   Cyprus*,   Spain*,149,153,41,43,108,110
   Cyprus*,   Sri Lanka,9514,9821,1794,1906,7720,7915
   Cyprus*,   State of Palestine*,2202,2389,1130,1252,1072,1137
   Cyprus*,   Sudan,499,514,244,252,255,262
   Cyprus*,   Suriname,2,1,0,0,2,1
   Cyprus*,   Sweden,878,905,296,309,582,596
   Cyprus*,   Switzerland,362,373,126,130,236,243
   Cyprus*,   Syrian Arab Republic,6949,11446,3705,6221,3244,5225
   Cyprus*,   Tajikistan,7,6,5,5,2,1
   Cyprus*,   Thailand,250,256,40,41,210,215
   Cyprus*,   Trinidad and Tobago,13,13,2,2,11,11
   Cyprus*,   Tunisia,34,34,23,23,11,11
   Cyprus*,   Turkey,587,605,274,285,313,320
   Cyprus*,   Turkmenistan,9,8,2,2,7,6
   Cyprus*,   Uganda,18,18,16,17,2,1
   Cyprus*,   Ukraine*,3156,3257,1012,1058,2144,2199
   Cyprus*,   United Arab Emirates,145,149,87,90,58,59
   Cyprus*,   United Kingdom*,34762,35876,15620,16301,19142,19575
   Cyprus*,   United Republic of Tanzania*,138,142,67,69,71,73
   Cyprus*,   United States of America*,3063,3161,1445,1503,1618,1658
   Cyprus*,   Uruguay,2,1,0,0,2,1
   Cyprus*,   Uzbekistan,69,70,31,31,38,39
   Cyprus*,   Venezuela (Bolivarian Republic of),59,60,25,25,34,35
   Cyprus*,   Viet Nam,59,60,8,8,51,52
   Cyprus*,   Yemen,13,13,6,7,7,6
   Cyprus*,   Zambia,131,135,46,47,85,88
   Cyprus*,   Zimbabwe,292,299,119,123,173,176
   Cyprus*,Other,2374,2611,1023,1098,1351,1513
   Georgia*,WORLD,76685,79368,33570,34879,43115,44489
   Georgia*,  Sub-Saharan Africa,0,0,0,0,0,0
   Georgia*,  Northern Africa and Western Asia,18693,19338,9118,9465,9575,9873
   Georgia*,  Central and Southern Asia,3277,3376,1608,1668,1669,1708
   Georgia*,  Eastern and South-Eastern Asia,101,101,44,45,57,56
   Georgia*,  Latin America and the Caribbean,47,44,17,17,30,27
   Georgia*,  Oceania (excluding Australia and New Zealand),0,0,0,0,0,0
   Georgia*,  Australia and New Zealand,0,0,0,0,0,0
   Georgia*,  Europe and Northern America,51555,53395,21622,22477,29933,30918
   Georgia*,  Developed regions,51555,53395,21622,22477,29933,30918
   Georgia*,  Less developed regions,22118,22859,10787,11195,11331,11664
   Georgia*," Less developed regions, excluding least developed countries",22061,22803,10748,11156,11313,11647
   Georgia*," Less developed regions, excluding China",22045,22785,10751,11158,11294,11627
   Georgia*,  Least developed countries,57,56,39,39,18,17
   Georgia*,  Land-locked Developing Countries (LLDC),21717,22461,10307,10702,11410,11759
   Georgia*,  Small island developing States (SIDS),12,11,7,7,5,4
   Georgia*,  High-income countries,2089,2131,831,861,1258,1270
   Georgia*,  Middle-income countries,71400,73935,31503,32732,39897,41203
   Georgia*, Upper-middle-income countries,57980,60060,25875,26886,32105,33174
   Georgia*, Lower-middle-income countries,13420,13875,5628,5846,7792,8029
   Georgia*,  Low-income countries,184,188,75,79,109,109
   Georgia*, AFRICA,17,16,7,7,10,9
   Georgia*,  Eastern Africa,0,0,0,0,0,0
   Georgia*,  Middle Africa,0,0,0,0,0,0
   Georgia*,  Northern Africa,17,16,7,7,10,9
   Georgia*,  Southern Africa,0,0,0,0,0,0
   Georgia*,  Western Africa,0,0,0,0,0,0
   Georgia*, ASIA,22054,22799,10763,11171,11291,11628
   Georgia*,  Central Asia,2985,3083,1404,1460,1581,1623
   Georgia*,  Eastern Asia,101,101,44,45,57,56
   Georgia*,  South-Eastern Asia,0,0,0,0,0,0
   Georgia*,  Southern Asia,292,293,204,208,88,85
   Georgia*,  Western Asia,18676,19322,9111,9458,9565,9864
   Georgia*, EUROPE,51448,53286,21555,22408,29893,30878
   Georgia*,  Eastern Europe,49957,51766,20944,21776,29013,29990
   Georgia*,  Northern Europe,566,579,181,188,385,391
   Georgia*,  Southern Europe,204,205,108,111,96,94
   Georgia*,  Western Europe,721,736,322,333,399,403
   Georgia*, LATIN AMERICA AND THE CARIBBEAN,47,44,17,17,30,27
   Georgia*,  Caribbean,12,11,7,7,5,4
   Georgia*,  Central America,0,0,0,0,0,0
   Georgia*,  South America,35,33,10,10,25,23
   Georgia*, NORTHERN AMERICA,107,109,67,69,40,40
   Georgia*, OCEANIA ,0,0,0,0,0,0
   Georgia*,  Australia and New Zealand,0,0,0,0,0,0
   Georgia*,  Melanesia,0,0,0,0,0,0
   Georgia*,  Micronesia,0,0,0,0,0,0
   Georgia*,  Polynesia*,0,0,0,0,0,0
   Georgia*,   Afghanistan,40,40,22,23,18,17
   Georgia*,   Albania,10,9,4,4,6,5
   Georgia*,   Algeria,17,16,7,7,10,9
   Georgia*,   Azerbaijan*,5821,6023,1998,2079,3823,3944
   Georgia*,   Argentina,15,14,8,8,7,6
   Georgia*,   Austria,25,24,14,14,11,10
   Georgia*,   Armenia,12358,12789,6771,7025,5587,5764
   Georgia*,   Belgium,22,21,9,9,13,12
   Georgia*,   Bulgaria,225,231,102,106,123,125
   Georgia*,   Belarus,1066,1101,203,213,863,888
   Georgia*,   China*,73,74,36,37,37,37
   Georgia*,   Cuba,12,11,7,7,5,4
   Georgia*,   Czechia,33,33,13,14,20,19
   Georgia*,   Estonia,119,121,38,39,81,82
   Georgia*,   Finland*,11,10,3,3,8,7
   Georgia*,   France*,39,39,13,14,26,25
   Georgia*,   Germany,610,629,275,285,335,344
   Georgia*,   Greece,159,163,84,87,75,76
   Georgia*,   Hungary,48,48,21,22,27,26
   Georgia*,   India,31,30,19,19,12,11
   Georgia*,   Iran (Islamic Republic of),119,121,67,69,52,52
   Georgia*,   Israel,31,30,20,20,11,10
   Georgia*,   Italy,17,16,11,11,6,5
   Georgia*,   Kazakhstan,1662,1718,940,975,722,743
   Georgia*,   Kyrgyzstan,242,249,80,83,162,166
   Georgia*,   Lebanon,9,8,4,4,5,4
   Georgia*,   Latvia,199,205,69,71,130,134
   Georgia*,   Lithuania,204,210,47,50,157,160
   Georgia*,   Mongolia,28,27,8,8,20,19
   Georgia*,   Republic of Moldova*,468,483,87,91,381,392
   Georgia*,   Nepal,17,16,17,16,0,0
   Georgia*,   Netherlands*,11,10,4,4,7,6
   Georgia*,   Pakistan,85,86,79,81,6,5
   Georgia*,   Peru,20,19,2,2,18,17
   Georgia*,   Poland,175,180,50,52,125,128
   Georgia*,   Romania,214,220,53,56,161,164
   Georgia*,   Russian Federation,35936,37267,15346,15955,20590,21312
   Georgia*,   Spain*,18,17,9,9,9,8
   Georgia*,   Switzerland,14,13,7,7,7,6
   Georgia*,   Tajikistan,144,148,53,56,91,92
   Georgia*,   Turkey,457,472,318,330,139,142
   Georgia*,   Turkmenistan,197,203,69,72,128,131
   Georgia*,   Ukraine*,11792,12203,5069,5267,6723,6936
   Georgia*,   United Kingdom*,33,33,24,25,9,8
   Georgia*,   United States of America*,107,109,67,69,40,40
   Georgia*,   Uzbekistan,740,765,262,274,478,491
   Georgia*,Other,3012,3114,1161,1207,1851,1907
   Iraq,WORLD,359352,365766,209217,201427,150135,164339
   Iraq,  Sub-Saharan Africa,1715,1727,1286,1265,429,462
   Iraq,  Northern Africa and Western Asia,315875,321871,183618,176934,132257,144937
   Iraq,  Central and Southern Asia,15631,15776,9094,8686,6537,7090
   Iraq,  Eastern and South-Eastern Asia,0,0,0,0,0,0
   Iraq,  Latin America and the Caribbean,0,0,0,0,0,0
   Iraq,  Oceania (excluding Australia and New Zealand),0,0,0,0,0,0
   Iraq,  Australia and New Zealand,0,0,0,0,0,0
   Iraq,  Europe and Northern America,273,274,195,191,78,83
   Iraq,  Developed regions,273,274,195,191,78,83
   Iraq,  Less developed regions,333221,339374,193998,186885,139223,152489
   Iraq," Less developed regions, excluding least developed countries",325401,331487,187584,180517,137817,150970
   Iraq," Less developed regions, excluding China",333221,339374,193998,186885,139223,152489
   Iraq,  Least developed countries,7820,7887,6414,6368,1406,1519
   Iraq,  Land-locked Developing Countries (LLDC),607,611,437,429,170,182
   Iraq,  Small island developing States (SIDS),0,0,0,0,0,0
   Iraq,  High-income countries,1362,1372,1004,987,358,385
   Iraq,  Middle-income countries,72476,76149,46766,46839,25710,29310
   Iraq, Upper-middle-income countries,44050,47459,26700,27217,17350,20242
   Iraq, Lower-middle-income countries,28426,28690,20066,19622,8360,9068
   Iraq,  Low-income countries,259656,262127,146423,139250,113233,122877
   Iraq, AFRICA,20768,20956,17115,17000,3653,3956
   Iraq,  Eastern Africa,1515,1526,1134,1116,381,410
   Iraq,  Middle Africa,0,0,0,0,0,0
   Iraq,  Northern Africa,19053,19229,15829,15735,3224,3494
   Iraq,  Southern Africa,0,0,0,0,0,0
   Iraq,  Western Africa,200,201,152,149,48,52
   Iraq, ASIA,312453,318418,176883,169885,135570,148533
   Iraq,  Central Asia,0,0,0,0,0,0
   Iraq,  Eastern Asia,0,0,0,0,0,0
   Iraq,  South-Eastern Asia,0,0,0,0,0,0
   Iraq,  Southern Asia,15631,15776,9094,8686,6537,7090
   Iraq,  Western Asia,296822,302642,167789,161199,129033,141443
   Iraq, EUROPE,273,274,195,191,78,83
   Iraq,  Eastern Europe,273,274,195,191,78,83
   Iraq,  Northern Europe,0,0,0,0,0,0
   Iraq,  Southern Europe,0,0,0,0,0,0
   Iraq,  Western Europe,0,0,0,0,0,0
   Iraq, LATIN AMERICA AND THE CARIBBEAN,0,0,0,0,0,0
   Iraq,  Caribbean,0,0,0,0,0,0
   Iraq,  Central America,0,0,0,0,0,0
   Iraq,  South America,0,0,0,0,0,0
   Iraq, NORTHERN AMERICA,0,0,0,0,0,0
   Iraq, OCEANIA ,0,0,0,0,0,0
   Iraq,  Australia and New Zealand,0,0,0,0,0,0
   Iraq,  Melanesia,0,0,0,0,0,0
   Iraq,  Micronesia,0,0,0,0,0,0
   Iraq,  Polynesia*,0,0,0,0,0,0
   Iraq,   Afghanistan,312,314,178,170,134,144
   Iraq,   Eritrea,806,812,568,555,238,257
   Iraq,   State of Palestine*,12051,12164,6749,6411,5302,5753
   Iraq,   India,232,234,149,144,83,90
   Iraq,   Iran (Islamic Republic of),14405,14540,8251,7864,6154,6676
   Iraq,   Jordan,10336,10432,7507,7363,2829,3069
   Iraq,   Kuwait,400,403,280,275,120,128
   Iraq,   Lebanon,1522,1536,939,904,583,632
   Iraq,   Mauritania,200,201,152,149,48,52
   Iraq,   Morocco,586,591,383,372,203,219
   Iraq,   Pakistan,682,688,516,508,166,180
   Iraq,   Russian Federation,273,274,195,191,78,83
   Iraq,   Saudi Arabia,674,680,498,489,176,191
   Iraq,   Somalia,414,417,307,302,107,115
   Iraq,   South Sudan,295,297,259,259,36,38
   Iraq,   Sudan,3792,3826,3329,3325,463,501
   Iraq,   Syrian Arab Republic,252036,254441,140161,133031,111875,121410
   Iraq,   United Arab Emirates,288,289,226,223,62,66
   Iraq,   Tunisia,312,314,270,269,42,45
   Iraq,   Turkey,17514,20677,9808,10895,7706,9782
   Iraq,   Egypt,14363,14498,11847,11769,2516,2729
   Iraq,   Yemen,2001,2020,1621,1608,380,412
   Iraq,Other,25858,26118,15024,14351,10834,11767
   Israel,WORLD,2011727,1953575,912899,886517,1098828,1067058
   Israel,  Sub-Saharan Africa,92195,89527,45134,43830,47061,45697
   Israel,  Northern Africa and Western Asia,435890,423271,202695,196836,233195,226435
   Israel,  Central and Southern Asia,116479,113100,55090,53499,61389,59601
   Israel,  Eastern and South-Eastern Asia,600,581,265,258,335,323
   Israel,  Latin America and the Caribbean,66215,64290,30477,29597,35738,34693
   Israel,  Oceania (excluding Australia and New Zealand),0,0,0,0,0,0
   Israel,  Australia and New Zealand,3266,3170,1569,1523,1697,1647
   Israel,  Europe and Northern America,691382,671358,305616,296782,385766,374576
   Israel,  Developed regions,694648,674528,307185,298305,387463,376223
   Israel,  Less developed regions,711379,690769,333661,324020,377718,366749
   Israel," Less developed regions, excluding least developed countries",597497,580184,279046,270983,318451,309201
   Israel," Less developed regions, excluding China",710779,690188,333396,323762,377383,366426
   Israel,  Least developed countries,113882,110585,54615,53037,59267,57548
   Israel,  Land-locked Developing Countries (LLDC),150106,145753,71759,69685,78347,76068
   Israel,  Small island developing States (SIDS),0,0,0,0,0,0
   Israel,  High-income countries,404007,392292,180922,175688,223085,216604
   Israel,  Middle-income countries,876770,851383,400167,388607,476603,462776
   Israel, Upper-middle-income countries,433511,420953,196673,190995,236838,229958
   Israel, Lower-middle-income countries,443259,430430,203494,197612,239765,232818
   Israel,  Low-income countries,125250,121622,59757,58030,65493,63592
   Israel, AFRICA,362904,352403,171425,166471,191479,185932
   Israel,  Eastern Africa,80474,78146,39760,38611,40714,39535
   Israel,  Middle Africa,0,0,0,0,0,0
   Israel,  Northern Africa,270709,262876,126291,122641,144418,140235
   Israel,  Southern Africa,11721,11381,5374,5219,6347,6162
   Israel,  Western Africa,0,0,0,0,0,0
   Israel, ASIA,282260,274076,131759,127952,150501,146124
   Israel,  Central Asia,42653,41413,19569,19004,23084,22409
   Israel,  Eastern Asia,600,581,265,258,335,323
   Israel,  South-Eastern Asia,0,0,0,0,0,0
   Israel,  Southern Asia,73826,71687,35521,34495,38305,37192
   Israel,  Western Asia,165181,160395,76404,74195,88777,86200
   Israel, EUROPE,604168,586668,264039,256406,340129,330262
   Israel,  Eastern Europe,475864,462097,207611,201615,268253,260482
   Israel,  Northern Europe,32581,31629,14271,13855,18310,17774
   Israel,  Southern Europe,10200,9900,4512,4381,5688,5519
   Israel,  Western Europe,85523,83042,37645,36555,47878,46487
   Israel, LATIN AMERICA AND THE CARIBBEAN,66215,64290,30477,29597,35738,34693
   Israel,  Caribbean,0,0,0,0,0,0
   Israel,  Central America,2601,2525,1250,1215,1351,1310
   Israel,  South America,63614,61765,29227,28382,34387,33383
   Israel, NORTHERN AMERICA,87214,84690,41577,40376,45637,44314
   Israel, OCEANIA ,3266,3170,1569,1523,1697,1647
   Israel,  Australia and New Zealand,3266,3170,1569,1523,1697,1647
   Israel,  Melanesia,0,0,0,0,0,0
   Israel,  Micronesia,0,0,0,0,0,0
   Israel,  Polynesia*,0,0,0,0,0,0
   Israel,   Afghanistan,2539,2464,1208,1173,1331,1291
   Israel,   Algeria,45680,44358,20896,20292,24784,24066
   Israel,   Azerbaijan*,13529,13136,6323,6140,7206,6996
   Israel,   Argentina,39343,38204,18465,17931,20878,20273
   Israel,   Australia*,3266,3170,1569,1523,1697,1647
   Israel,   Austria,5064,4916,2252,2187,2812,2729
   Israel,   Belgium,5993,5818,2658,2580,3335,3238
   Israel,   Brazil,8932,8673,3863,3752,5069,4921
   Israel,   Bulgaria,16633,16151,7318,7107,9315,9044
   Israel,   Belarus,23119,22449,10038,9749,13081,12700
   Israel,   Canada,8132,7896,3801,3692,4331,4204
   Israel,   Chile,3386,3286,1553,1507,1833,1779
   Israel,   China*,600,581,265,258,335,323
   Israel,   Colombia,2762,2680,1133,1100,1629,1580
   Israel,   Denmark*,1916,1859,617,598,1299,1261
   Israel,   Ethiopia,80474,78146,39760,38611,40714,39535
   Israel,   Finland*,308,297,80,77,228,220
   Israel,   France*,41847,40636,18859,18314,22988,22322
   Israel,   Georgia*,9317,9046,4317,4192,5000,4854
   Israel,   Germany,23656,22971,10193,9898,13463,13073
   Israel,   Greece,3085,2994,1388,1347,1697,1647
   Israel,   Hungary,12495,12133,5515,5357,6980,6776
   Israel,   India,18965,18415,9021,8760,9944,9655
   Israel,   Iran (Islamic Republic of),52322,50808,25292,24562,27030,26246
   Israel,   Iraq,67791,65830,31964,31040,35827,34790
   Israel,   Italy,5225,5073,2302,2236,2923,2837
   Israel,   Kazakhstan,13632,13237,6160,5982,7472,7255
   Israel,   Kyrgyzstan,2519,2444,1100,1068,1419,1376
   Israel,   Lebanon,6232,6051,2682,2605,3550,3446
   Israel,   Latvia,3931,3815,1710,1660,2221,2155
   Israel,   Libya,17273,16773,7764,7540,9509,9233
   Israel,   Lithuania,3869,3756,1618,1571,2251,2185
   Israel,   Mexico,2601,2525,1250,1215,1351,1310
   Israel,   Republic of Moldova*,10911,10594,4899,4757,6012,5837
   Israel,   Morocco,163113,158396,76790,74571,86323,83825
   Israel,   Netherlands*,5110,4961,2098,2037,3012,2924
   Israel,   Peru,2440,2368,1109,1077,1331,1291
   Israel,   Poland,59286,57570,25835,25088,33451,32482
   Israel,   Romania,103678,100679,45507,44192,58171,56487
   Israel,   Russian Federation,114630,111316,48912,47500,65718,63816
   Israel,   South Africa,11721,11381,5374,5219,6347,6162
   Israel,   Spain*,1890,1833,822,798,1068,1035
   Israel,   Sweden,688,667,273,265,415,402
   Israel,   Switzerland,3853,3740,1585,1539,2268,2201
   Israel,   Syrian Arab Republic,9483,9207,4273,4149,5210,5058
   Israel,   Tajikistan,1885,1830,869,844,1016,986
   Israel,   Tunisia,23543,22860,10947,10629,12596,12231
   Israel,   Turkey,27960,27150,13198,12816,14762,14334
   Israel,   Turkmenistan,2301,2233,1080,1049,1221,1184
   Israel,   Ukraine*,135112,131205,59587,57865,75525,73340
   Israel,   Egypt,21100,20489,9894,9609,11206,10880
   Israel,   United Kingdom*,21869,21235,9973,9684,11896,11551
   Israel,   United States of America*,79082,76794,37776,36684,41306,40110
   Israel,   Uruguay,6378,6193,2938,2854,3440,3339
   Israel,   Uzbekistan,22316,21669,10360,10061,11956,11608
   Israel,   Venezuela (Bolivarian Republic of),373,361,166,161,207,200
   Israel,   Yemen,30869,29975,13647,13253,17222,16722
   Israel,Other,605700,588278,272053,264192,333647,324086
   Jordan,WORLD,3166961,3457691,1594808,1756637,1572153,1701054
   Jordan,  Sub-Saharan Africa,1086,1391,622,796,464,595
   Jordan,  Northern Africa and Western Asia,3081503,3346920,1561521,1713698,1519982,1633222
   Jordan,  Central and Southern Asia,26102,33825,12995,16794,13107,17031
   Jordan,  Eastern and South-Eastern Asia,34370,44534,7645,9802,26725,34732
   Jordan,  Latin America and the Caribbean,127,159,60,74,67,85
   Jordan,  Oceania (excluding Australia and New Zealand),0,0,0,0,0,0
   Jordan,  Australia and New Zealand,243,313,119,155,124,158
   Jordan,  Europe and Northern America,6731,8671,3130,4034,3601,4637
   Jordan,  Developed regions,7055,9087,3302,4257,3753,4830
   Jordan,  Less developed regions,3143107,3426726,1582790,1741096,1560317,1685630
   Jordan," Less developed regions, excluding least developed countries",3105815,3377766,1559461,1710566,1546354,1667200
   Jordan," Less developed regions, excluding China",3126956,3405793,1578451,1735518,1548505,1670275
   Jordan,  Least developed countries,37292,48960,23329,30530,13963,18430
   Jordan,  Land-locked Developing Countries (LLDC),621,786,304,385,317,401
   Jordan,  Small island developing States (SIDS),330,427,199,259,131,168
   Jordan,  High-income countries,13151,16987,7691,9942,5460,7045
   Jordan,  Middle-income countries,2434184,2683049,1223769,1360268,1210415,1322781
   Jordan, Upper-middle-income countries,208313,270000,102373,132289,105940,137711
   Jordan, Lower-middle-income countries,2225871,2413049,1121396,1227979,1104475,1185070
   Jordan,  Low-income countries,702827,735777,354632,375143,348195,360634
   Jordan, AFRICA,99436,129510,64310,83571,35126,45939
   Jordan,  Eastern Africa,924,1189,505,649,419,540
   Jordan,  Middle Africa,21,25,17,20,4,5
   Jordan,  Northern Africa,98350,128119,63688,82775,34662,45344
   Jordan,  Southern Africa,45,57,30,38,15,19
   Jordan,  Western Africa,96,120,70,89,26,31
   Jordan, ASIA,3043625,3297160,1518473,1657519,1525152,1639641
   Jordan,  Central Asia,16,19,5,6,11,13
   Jordan,  Eastern Asia,16370,21212,4478,5757,11892,15455
   Jordan,  South-Eastern Asia,18000,23322,3167,4045,14833,19277
   Jordan,  Southern Asia,26086,33806,12990,16788,13096,17018
   Jordan,  Western Asia,2983153,3218801,1497833,1630923,1485320,1587878
   Jordan, EUROPE,4446,5712,1859,2389,2587,3323
   Jordan,  Eastern Europe,1606,2064,455,582,1151,1482
   Jordan,  Northern Europe,812,1045,440,569,372,476
   Jordan,  Southern Europe,707,903,280,358,427,545
   Jordan,  Western Europe,1321,1700,684,880,637,820
   Jordan, LATIN AMERICA AND THE CARIBBEAN,127,159,60,74,67,85
   Jordan,  Caribbean,0,0,0,0,0,0
   Jordan,  Central America,0,0,0,0,0,0
   Jordan,  South America,127,159,60,74,67,85
   Jordan, NORTHERN AMERICA,2285,2959,1271,1645,1014,1314
   Jordan, OCEANIA ,243,313,119,155,124,158
   Jordan,  Australia and New Zealand,243,313,119,155,124,158
   Jordan,  Melanesia,0,0,0,0,0,0
   Jordan,  Micronesia,0,0,0,0,0,0
   Jordan,  Polynesia*,0,0,0,0,0,0
   Jordan,   Afghanistan,49,61,30,37,19,24
   Jordan,   Algeria,267,345,108,139,159,206
   Jordan,   Australia*,194,251,96,125,98,126
   Jordan,   Austria,91,116,52,67,39,49
   Jordan,   Bahrain,330,427,199,259,131,168
   Jordan,   Bangladesh,9021,11693,6454,8358,2567,3335
   Jordan,   Armenia,21,25,6,7,15,18
   Jordan,   Belgium,57,71,28,35,29,36
   Jordan,   Bosnia and Herzegovina,47,59,21,27,26,32
   Jordan,   Brazil,82,105,39,50,43,55
   Jordan,   Brunei Darussalam,20,24,1,1,19,23
   Jordan,   Bulgaria,39,49,16,21,23,28
   Jordan,   Myanmar,19,23,19,23,0,0
   Jordan,   Canada,253,326,134,173,119,153
   Jordan,   Sri Lanka,9689,12559,902,1136,8787,11423
   Jordan,   Chad,21,25,17,20,4,5
   Jordan,   China*,16121,20896,4321,5556,11800,15340
   Jordan,   Colombia,20,24,8,9,12,15
   Jordan,   Croatia,21,25,6,6,15,19
   Jordan,   Cyprus*,102,131,48,62,54,69
   Jordan,   Czechia,19,23,7,8,12,15
   Jordan,   Denmark*,39,49,20,26,19,23
   Jordan,   Ethiopia,60,75,5,5,55,70
   Jordan,   Eritrea,58,73,32,41,26,32
   Jordan,   France*,307,396,157,202,150,194
   Jordan,   State of Palestine*,2117361,2272411,1056617,1144177,1060744,1128234
   Jordan,   Germany,556,719,293,378,263,341
   Jordan,   Ghana,21,26,14,18,7,8
   Jordan,   Greece,48,60,17,21,31,39
   Jordan,"   China, Hong Kong SAR*",30,37,18,22,12,15
   Jordan,   Hungary,456,589,196,253,260,336
   Jordan,   India,4587,5945,3999,5180,588,765
   Jordan,   Indonesia,14677,19024,2758,3529,11919,15495
   Jordan,   Iran (Islamic Republic of),73,93,36,47,37,46
   Jordan,   Iraq,158951,206047,83699,108206,75252,97841
   Jordan,   Ireland,41,51,18,22,23,29
   Jordan,   Israel,1219,1578,811,1050,408,528
   Jordan,   Italy,240,309,113,145,127,164
   Jordan,   Japan,81,103,53,68,28,35
   Jordan,   Kazakhstan,16,19,5,6,11,13
   Jordan,   Dem. People's Republic of Korea,65,83,46,59,19,24
   Jordan,   Republic of Korea,73,93,40,52,33,41
   Jordan,   Kuwait,584,755,415,536,169,219
   Jordan,   Lebanon,1427,1849,631,815,796,1034
   Jordan,   Libya,15094,19564,9883,12791,5211,6773
   Jordan,   Malaysia*,220,282,117,150,103,132
   Jordan,   Mauritania,54,69,42,54,12,15
   Jordan,   Republic of Moldova*,29,35,1,0,28,35
   Jordan,   Morocco,465,601,101,130,364,471
   Jordan,   Oman,494,639,236,306,258,333
   Jordan,   Nepal,141,182,81,106,60,76
   Jordan,   Netherlands*,155,199,76,98,79,101
   Jordan,   New Zealand*,49,62,23,30,26,32
   Jordan,   Nigeria,21,25,14,17,7,8
   Jordan,   Norway*,34,43,15,20,19,23
   Jordan,   Pakistan,2526,3273,1488,1924,1038,1349
   Jordan,   Philippines,2983,3866,222,278,2761,3588
   Jordan,   Poland,64,80,25,31,39,49
   Jordan,   Qatar,173,224,127,166,46,58
   Jordan,   Romania,210,270,43,54,167,216
   Jordan,   Russian Federation,463,599,118,153,345,446
   Jordan,   Saudi Arabia,3908,5064,2625,3397,1283,1667
   Jordan,   Serbia*,45,57,7,9,38,48
   Jordan,   Slovakia,18,22,6,7,12,15
   Jordan,   Somalia,591,764,329,424,262,340
   Jordan,   South Africa,45,57,30,38,15,19
   Jordan,   Spain*,237,306,96,125,141,181
   Jordan,   South Sudan,215,277,139,179,76,98
   Jordan,   Sudan,4145,6010,2305,3331,1840,2679
   Jordan,   Sweden,70,89,30,39,40,50
   Jordan,   Switzerland,155,199,78,100,77,99
   Jordan,   Syrian Arab Republic,674705,698701,337853,353095,336852,345606
   Jordan,   Thailand,81,103,50,64,31,39
   Jordan,   United Arab Emirates,163,211,95,124,68,87
   Jordan,   Tunisia,201,259,101,131,100,128
   Jordan,   Turkey,797,1031,595,771,202,260
   Jordan,   Ukraine*,308,397,43,55,265,342
   Jordan,   North Macedonia,69,87,20,25,49,62
   Jordan,   Egypt,78178,101340,51190,66253,26988,35087
   Jordan,   United Kingdom*,628,813,357,462,271,351
   Jordan,   United States of America*,2032,2633,1137,1472,895,1161
   Jordan,   Venezuela (Bolivarian Republic of),25,30,13,15,12,15
   Jordan,   Yemen,22918,29708,13876,17952,9042,11756
   Jordan,Other,16799,21878,8716,11284,8083,10594
   Kuwait,WORLD,2866136,3110159,1901855,2063430,964281,1046729
   Kuwait,  Sub-Saharan Africa,18960,20564,11367,12329,7593,8235
   Kuwait,  Northern Africa and Western Asia,641706,696319,367815,399032,273891,297287
   Kuwait,  Central and Southern Asia,1786324,1938424,1295818,1405970,490506,532454
   Kuwait,  Eastern and South-Eastern Asia,284702,308936,144485,156735,140217,152201
   Kuwait,  Latin America and the Caribbean,0,0,0,0,0,0
   Kuwait,  Oceania (excluding Australia and New Zealand),0,0,0,0,0,0
   Kuwait,  Australia and New Zealand,0,0,0,0,0,0
   Kuwait,  Europe and Northern America,19947,21638,11265,12221,8682,9417
   Kuwait,  Developed regions,19947,21638,11265,12221,8682,9417
   Kuwait,  Less developed regions,2731692,2964243,1819485,1974066,912207,990177
   Kuwait," Less developed regions, excluding least developed countries",2230943,2420876,1438861,1561082,792082,859794
   Kuwait," Less developed regions, excluding China",2731692,2964243,1819485,1974066,912207,990177
   Kuwait,  Least developed countries,500749,543367,380624,412984,120125,130383
   Kuwait,  Land-locked Developing Countries (LLDC),31973,34687,19214,20843,12759,13844
   Kuwait,  Small island developing States (SIDS),1297,1407,357,387,940,1020
   Kuwait,  High-income countries,48606,52731,23314,25290,25292,27441
   Kuwait,  Middle-income countries,2553851,2771280,1719632,1865741,834219,905539
   Kuwait, Upper-middle-income countries,177468,192568,62685,67979,114783,124589
   Kuwait, Lower-middle-income countries,2376383,2578712,1656947,1797762,719436,780950
   Kuwait,  Low-income countries,149182,161870,87804,95256,61378,66614
   Kuwait, AFRICA,457057,495955,263834,286225,193223,209730
   Kuwait,  Eastern Africa,13214,14333,7898,8567,5316,5766
   Kuwait,  Middle Africa,1305,1414,788,854,517,560
   Kuwait,  Northern Africa,438097,475391,252467,273896,185630,201495
   Kuwait,  Southern Africa,0,0,0,0,0,0
   Kuwait,  Western Africa,4441,4817,2681,2908,1760,1909
   Kuwait, ASIA,2274635,2468288,1555651,1687841,718984,780447
   Kuwait,  Central Asia,0,0,0,0,0,0
   Kuwait,  Eastern Asia,0,0,0,0,0,0
   Kuwait,  South-Eastern Asia,284702,308936,144485,156735,140217,152201
   Kuwait,  Southern Asia,1786324,1938424,1295818,1405970,490506,532454
   Kuwait,  Western Asia,203609,220928,115348,125136,88261,95792
   Kuwait, EUROPE,15184,16471,8389,9101,6795,7370
   Kuwait,  Eastern Europe,0,0,0,0,0,0
   Kuwait,  Northern Europe,9394,10191,5335,5787,4059,4404
   Kuwait,  Southern Europe,0,0,0,0,0,0
   Kuwait,  Western Europe,5790,6280,3054,3314,2736,2966
   Kuwait, LATIN AMERICA AND THE CARIBBEAN,0,0,0,0,0,0
   Kuwait,  Caribbean,0,0,0,0,0,0
   Kuwait,  Central America,0,0,0,0,0,0
   Kuwait,  South America,0,0,0,0,0,0
   Kuwait, NORTHERN AMERICA,4763,5167,2876,3120,1887,2047
   Kuwait, OCEANIA ,0,0,0,0,0,0
   Kuwait,  Australia and New Zealand,0,0,0,0,0,0
   Kuwait,  Melanesia,0,0,0,0,0,0
   Kuwait,  Micronesia,0,0,0,0,0,0
   Kuwait,  Polynesia*,0,0,0,0,0,0
   Kuwait,   Afghanistan,2669,2896,1612,1750,1057,1146
   Kuwait,   Bahrain,1297,1407,357,387,940,1020
   Kuwait,   Bangladesh,350229,380046,292017,316858,58212,63188
   Kuwait,   Sri Lanka,36556,39667,15875,17219,20681,22448
   Kuwait,   Chad,1305,1414,788,854,517,560
   Kuwait,   Ethiopia,3595,3899,2171,2355,1424,1544
   Kuwait,   Eritrea,4725,5127,2853,3096,1872,2031
   Kuwait,   France*,4810,5218,2554,2771,2256,2447
   Kuwait,   State of Palestine*,14253,15465,8605,9335,5648,6130
   Kuwait,   India,1061758,1152175,748549,812171,313209,340004
   Kuwait,   Indonesia,99485,107953,17914,19409,81571,88544
   Kuwait,   Jordan,50399,54688,28119,30504,22280,24184
   Kuwait,   Lebanon,11532,12512,6962,7553,4570,4959
   Kuwait,   Morocco,2795,3032,1687,1831,1108,1201
   Kuwait,   Nepal,22678,24607,13683,14844,8995,9763
   Kuwait,   Netherlands*,980,1062,500,543,480,519
   Kuwait,   Nigeria,4441,4817,2681,2908,1760,1909
   Kuwait,   Pakistan,312434,339033,224082,243128,88352,95905
   Kuwait,   Philippines,181462,196910,124304,134867,57158,62043
   Kuwait,   Qatar,623,674,121,131,502,543
   Kuwait,   Saudi Arabia,2077,2252,1277,1385,800,867
   Kuwait,   Somalia,3168,3436,1914,2076,1254,1360
   Kuwait,   South Sudan,1726,1871,960,1040,766,831
   Kuwait,   Sudan,45525,49399,25316,27464,20209,21935
   Kuwait,   Syrian Arab Republic,21340,23156,12880,13974,8460,9182
   Kuwait,   Thailand,3755,4073,2267,2459,1488,1614
   Kuwait,   United Arab Emirates,24662,26760,10294,11166,14368,15594
   Kuwait,   Tunisia,1784,1935,1077,1169,707,766
   Kuwait,   Turkey,12297,13342,7423,8054,4874,5288
   Kuwait,   Egypt,387993,421025,224387,243432,163606,177593
   Kuwait,   United Kingdom*,9394,10191,5335,5787,4059,4404
   Kuwait,   United States of America*,4763,5167,2876,3120,1887,2047
   Kuwait,   Yemen,65129,70672,39310,42647,25819,28025
   Kuwait,Other,114497,124278,71105,77143,43392,47135
   Lebanon,WORLD,1916259,1712762,921661,839706,994598,873056
   Lebanon,  Sub-Saharan Africa,70,61,34,31,36,30
   Lebanon,  Northern Africa and Western Asia,1898619,1697352,913215,832183,985404,865169
   Lebanon,  Central and Southern Asia,8463,7385,4053,3608,4410,3777
   Lebanon,  Eastern and South-Eastern Asia,5986,5223,2867,2552,3119,2671
   Lebanon,  Latin America and the Caribbean,0,0,0,0,0,0
   Lebanon,  Oceania (excluding Australia and New Zealand),0,0,0,0,0,0
   Lebanon,  Australia and New Zealand,0,0,0,0,0,0
   Lebanon,  Europe and Northern America,1560,1352,747,664,813,688
   Lebanon,  Developed regions,1560,1352,747,664,813,688
   Lebanon,  Less developed regions,1913138,1710021,920169,838374,992969,871647
   Lebanon," Less developed regions, excluding least developed countries",1907450,1704649,917445,835738,990005,868911
   Lebanon," Less developed regions, excluding China",1910780,1707963,919039,837368,991741,870595
   Lebanon,  Least developed countries,5688,5372,2724,2636,2964,2736
   Lebanon,  Land-locked Developing Countries (LLDC),70,61,34,31,36,30
   Lebanon,  Small island developing States (SIDS),108,93,52,47,56,46
   Lebanon,  High-income countries,3449,2996,1652,1469,1797,1527
   Lebanon,  Middle-income countries,714469,662802,342215,323668,372254,339134
   Lebanon, Upper-middle-income countries,123302,107669,59061,52585,64241,55084
   Lebanon, Lower-middle-income countries,591167,555133,283154,271083,308013,284050
   Lebanon,  Low-income countries,1196780,1045575,577049,513901,619731,531674
   Lebanon, AFRICA,83419,73251,39957,35784,43462,37467
   Lebanon,  Eastern Africa,70,61,34,31,36,30
   Lebanon,  Middle Africa,0,0,0,0,0,0
   Lebanon,  Northern Africa,83349,73190,39923,35753,43426,37437
   Lebanon,  Southern Africa,0,0,0,0,0,0
   Lebanon,  Western Africa,0,0,0,0,0,0
   Lebanon, ASIA,1829719,1636770,880212,802590,949507,834180
   Lebanon,  Central Asia,0,0,0,0,0,0
   Lebanon,  Eastern Asia,2358,2058,1130,1006,1228,1052
   Lebanon,  South-Eastern Asia,3628,3165,1737,1546,1891,1619
   Lebanon,  Southern Asia,8463,7385,4053,3608,4410,3777
   Lebanon,  Western Asia,1815270,1624162,873292,796430,941978,827732
   Lebanon, EUROPE,894,773,428,381,466,392
   Lebanon,  Eastern Europe,404,348,194,171,210,177
   Lebanon,  Northern Europe,206,179,99,89,107,90
   Lebanon,  Southern Europe,0,0,0,0,0,0
   Lebanon,  Western Europe,284,246,135,121,149,125
   Lebanon, LATIN AMERICA AND THE CARIBBEAN,0,0,0,0,0,0
   Lebanon,  Caribbean,0,0,0,0,0,0
   Lebanon,  Central America,0,0,0,0,0,0
   Lebanon,  South America,0,0,0,0,0,0
   Lebanon, NORTHERN AMERICA,666,579,319,283,347,296
   Lebanon, OCEANIA ,0,0,0,0,0,0
   Lebanon,  Australia and New Zealand,0,0,0,0,0,0
   Lebanon,  Melanesia,0,0,0,0,0,0
   Lebanon,  Micronesia,0,0,0,0,0,0
   Lebanon,  Polynesia*,0,0,0,0,0,0
   Lebanon,   Bahrain,108,93,52,47,56,46
   Lebanon,   Bangladesh,2957,2582,1416,1262,1541,1320
   Lebanon,   Sri Lanka,3176,2771,1521,1353,1655,1418
   Lebanon,   China*,2358,2058,1130,1006,1228,1052
   Lebanon,   France*,101,87,48,43,53,44
   Lebanon,   State of Palestine*,500579,476033,239765,232450,260814,243583
   Lebanon,   Germany,183,159,87,78,96,81
   Lebanon,   Hungary,150,129,72,63,78,66
   Lebanon,   India,1503,1311,720,641,783,670
   Lebanon,   Indonesia,2650,2312,1269,1129,1381,1183
   Lebanon,   Iraq,117164,102319,56119,49970,61045,52349
   Lebanon,   Israel,400,348,192,171,208,177
   Lebanon,   Jordan,468,408,224,200,244,208
   Lebanon,   Kuwait,192,166,93,82,99,84
   Lebanon,   Libya,248,214,119,104,129,110
   Lebanon,   Morocco,153,132,74,65,79,67
   Lebanon,   Oman,163,140,78,68,85,72
   Lebanon,   Pakistan,827,721,396,352,431,369
   Lebanon,   Philippines,978,853,468,417,510,436
   Lebanon,   Russian Federation,153,132,74,65,79,67
   Lebanon,   Saudi Arabia,1280,1116,612,545,668,571
   Lebanon,   South Sudan,70,61,34,31,36,30
   Lebanon,   Sudan,2055,2201,984,1084,1071,1117
   Lebanon,   Syrian Arab Republic,1194049,1042785,575741,512527,618308,530258
   Lebanon,   Turkey,261,226,126,111,135,115
   Lebanon,   Ukraine*,101,87,48,43,53,44
   Lebanon,   Egypt,80893,70643,38746,34500,42147,36143
   Lebanon,   United Kingdom*,206,179,99,89,107,90
   Lebanon,   United States of America*,666,579,319,283,347,296
   Lebanon,   Yemen,606,528,290,259,316,269
   Lebanon,Other,1561,1389,745,668,816,721
   Oman,WORLD,1856226,2372836,1552000,1984025,304226,388811
   Oman,  Sub-Saharan Africa,317,405,214,273,103,132
   Oman,  Northern Africa and Western Asia,129784,165890,89552,114486,40232,51404
   Oman,  Central and Southern Asia,1542882,1972289,1364574,1744403,178308,227886
   Oman,  Eastern and South-Eastern Asia,94636,120972,37333,47739,57303,73233
   Oman,  Latin America and the Caribbean,0,0,0,0,0,0
   Oman,  Oceania (excluding Australia and New Zealand),0,0,0,0,0,0
   Oman,  Australia and New Zealand,0,0,0,0,0,0
   Oman,  Europe and Northern America,13275,16966,9766,12485,3509,4481
   Oman,  Developed regions,13275,16966,9766,12485,3509,4481
   Oman,  Less developed regions,1767619,2259556,1491673,1906901,275946,352655
   Oman," Less developed regions, excluding least developed countries",1504182,1922805,1249078,1596783,255104,326022
   Oman," Less developed regions, excluding China",1767619,2259556,1491673,1906901,275946,352655
   Oman,  Least developed countries,263437,336751,242595,310118,20842,26633
   Oman,  Land-locked Developing Countries (LLDC),317,405,214,273,103,132
   Oman,  Small island developing States (SIDS),893,1140,559,714,334,426
   Oman,  High-income countries,31743,40565,21911,28010,9832,12555
   Oman,  Middle-income countries,1733282,2215673,1468855,1877731,264427,337942
   Oman, Upper-middle-income countries,85186,108890,37401,47824,47785,61066
   Oman, Lower-middle-income countries,1648096,2106783,1431454,1829907,216642,276876
   Oman,  Low-income countries,15869,20284,10673,13645,5196,6639
   Oman, AFRICA,84915,108545,59417,75961,25498,32584
   Oman,  Eastern Africa,317,405,214,273,103,132
   Oman,  Middle Africa,0,0,0,0,0,0
   Oman,  Northern Africa,84598,108140,59203,75688,25395,32452
   Oman,  Southern Africa,0,0,0,0,0,0
   Oman,  Western Africa,0,0,0,0,0,0
   Oman, ASIA,1682704,2151011,1432256,1830940,250448,320071
   Oman,  Central Asia,0,0,0,0,0,0
   Oman,  Eastern Asia,0,0,0,0,0,0
   Oman,  South-Eastern Asia,94636,120972,37333,47739,57303,73233
   Oman,  Southern Asia,1542882,1972289,1364574,1744403,178308,227886
   Oman,  Western Asia,45186,57750,30349,38798,14837,18952
   Oman, EUROPE,13275,16966,9766,12485,3509,4481
   Oman,  Eastern Europe,0,0,0,0,0,0
   Oman,  Northern Europe,9369,11975,6804,8698,2565,3277
   Oman,  Southern Europe,0,0,0,0,0,0
   Oman,  Western Europe,3906,4991,2962,3787,944,1204
   Oman, LATIN AMERICA AND THE CARIBBEAN,0,0,0,0,0,0
   Oman,  Caribbean,0,0,0,0,0,0
   Oman,  Central America,0,0,0,0,0,0
   Oman,  South America,0,0,0,0,0,0
   Oman, NORTHERN AMERICA,0,0,0,0,0,0
   Oman, OCEANIA ,0,0,0,0,0,0
   Oman,  Australia and New Zealand,0,0,0,0,0,0
   Oman,  Melanesia,0,0,0,0,0,0
   Oman,  Micronesia,0,0,0,0,0,0
   Oman,  Polynesia*,0,0,0,0,0,0
   Oman,   Bahrain,893,1140,559,714,334,426
   Oman,   Bangladesh,247568,316467,231922,296473,15646,19994
   Oman,   Sri Lanka,23519,30063,13165,16832,10354,13231
   Oman,   France*,2642,3377,1976,2527,666,850
   Oman,   India,1076151,1375667,942362,1204672,133789,170995
   Oman,   Indonesia,58468,74739,19197,24551,39271,50188
   Oman,   Iraq,9610,12283,6404,8188,3206,4095
   Oman,   Jordan,17108,21868,11800,15085,5308,6783
   Oman,   Kuwait,668,852,556,711,112,141
   Oman,   Netherlands*,1264,1614,986,1260,278,354
   Oman,   Pakistan,195644,250092,177125,226426,18519,23666
   Oman,   Philippines,36168,46233,18136,23188,18032,23045
   Oman,   Qatar,386,492,321,410,65,82
   Oman,   Saudi Arabia,1673,2137,1270,1623,403,514
   Oman,   South Sudan,317,405,214,273,103,132
   Oman,   Sudan,15552,19879,10459,13372,5093,6507
   Oman,   United Arab Emirates,14848,18978,9439,12067,5409,6911
   Oman,   Egypt,69046,88261,48744,62316,20302,25945
   Oman,   United Kingdom*,9369,11975,6804,8698,2565,3277
   Oman,Other,75332,96314,50561,64639,24771,31675
   Qatar,WORLD,1687640,2226192,1416361,1842785,271279,383407
   Qatar,  Sub-Saharan Africa,11380,15576,9228,12444,2152,3132
   Qatar,  Northern Africa and Western Asia,295561,339605,236739,268458,58822,71147
   Qatar,  Central and Southern Asia,1146588,1608807,984483,1366367,162105,242440
   Qatar,  Eastern and South-Eastern Asia,193836,216222,155000,160784,38836,55438
   Qatar,  Latin America and the Caribbean,0,0,0,0,0,0
   Qatar,  Oceania (excluding Australia and New Zealand),0,0,0,0,0,0
   Qatar,  Australia and New Zealand,0,0,0,0,0,0
   Qatar,  Europe and Northern America,7632,12720,6099,10016,1533,2704
   Qatar,  Developed regions,7632,12720,6099,10016,1533,2704
   Qatar,  Less developed regions,1647365,2180210,1385450,1808053,261915,372157
   Qatar," Less developed regions, excluding least developed countries",1273528,1592636,1064195,1303728,209333,288908
   Qatar," Less developed regions, excluding China",1647365,2180210,1385450,1808053,261915,372157
   Qatar,  Least developed countries,373837,587574,321255,504325,52582,83249
   Qatar,  Land-locked Developing Countries (LLDC),157097,259825,127875,210074,29222,49751
   Qatar,  Small island developing States (SIDS),764,777,506,497,258,280
   Qatar,  High-income countries,25469,30578,19662,23305,5807,7273
   Qatar,  Middle-income countries,1560040,2065641,1315739,1717857,244301,347784
   Qatar, Upper-middle-income countries,90877,92540,64799,64094,26078,28446
   Qatar, Lower-middle-income countries,1469163,1973101,1250940,1653763,218223,319338
   Qatar,  Low-income countries,69488,96711,56148,76907,13340,19804
   Qatar, AFRICA,195947,224991,157210,178340,38737,46651
   Qatar,  Eastern Africa,6797,10911,5494,8703,1303,2208
   Qatar,  Middle Africa,512,520,418,419,94,101
   Qatar,  Northern Africa,184567,209415,147982,165896,36585,43519
   Qatar,  Southern Africa,0,0,0,0,0,0
   Qatar,  Western Africa,4071,4145,3316,3322,755,823
   Qatar, ASIA,1451418,1955219,1228240,1629713,223178,325506
   Qatar,  Central Asia,0,0,0,0,0,0
   Qatar,  Eastern Asia,0,0,0,0,0,0
   Qatar,  South-Eastern Asia,193836,216222,155000,160784,38836,55438
   Qatar,  Southern Asia,1146588,1608807,984483,1366367,162105,242440
   Qatar,  Western Asia,110994,130190,88757,102562,22237,27628
   Qatar, EUROPE,5352,8403,4242,6555,1110,1848
   Qatar,  Eastern Europe,0,0,0,0,0,0
   Qatar,  Northern Europe,3841,6868,3065,5382,776,1486
   Qatar,  Southern Europe,0,0,0,0,0,0
   Qatar,  Western Europe,1511,1535,1177,1173,334,362
   Qatar, LATIN AMERICA AND THE CARIBBEAN,0,0,0,0,0,0
   Qatar,  Caribbean,0,0,0,0,0,0
   Qatar,  Central America,0,0,0,0,0,0
   Qatar,  South America,0,0,0,0,0,0
   Qatar, NORTHERN AMERICA,2280,4317,1857,3461,423,856
   Qatar, OCEANIA ,0,0,0,0,0,0
   Qatar,  Australia and New Zealand,0,0,0,0,0,0
   Qatar,  Melanesia,0,0,0,0,0,0
   Qatar,  Micronesia,0,0,0,0,0,0
   Qatar,  Polynesia*,0,0,0,0,0,0
   Qatar,   Afghanistan,1571,1599,1280,1283,291,316
   Qatar,   Bahrain,764,777,506,497,258,280
   Qatar,   Bangladesh,160183,261672,147723,241854,12460,19818
   Qatar,   Sri Lanka,54731,154078,40243,110379,14488,43699
   Qatar,   Chad,512,520,418,419,94,101
   Qatar,   Ethiopia,1667,1697,1359,1362,308,335
   Qatar,   Eritrea,1854,5881,1511,4717,343,1164
   Qatar,   France*,1061,1079,829,827,232,252
   Qatar,   State of Palestine*,5595,5696,4558,4566,1037,1130
   Qatar,   India,645577,702013,556448,604194,89129,97819
   Qatar,   Indonesia,43049,43839,26529,25815,16520,18024
   Qatar,   Jordan,32217,32808,25552,25538,6665,7270
   Qatar,   Kuwait,6494,6612,5280,5289,1214,1323
   Qatar,   Lebanon,8274,8425,6740,6752,1534,1673
   Qatar,   Morocco,1437,1462,1171,1173,266,289
   Qatar,   Nepal,151314,253940,123207,205400,28107,48540
   Qatar,   Netherlands*,450,456,348,346,102,110
   Qatar,   Nigeria,4071,4145,3316,3322,755,823
   Qatar,   Pakistan,133212,235505,115582,203257,17630,32248
   Qatar,   Philippines,148496,170052,126604,133099,21892,36953
   Qatar,   Saudi Arabia,897,911,735,736,162,175
   Qatar,   Somalia,1243,1264,1013,1014,230,250
   Qatar,   South Sudan,2033,2069,1611,1610,422,459
   Qatar,   Sudan,18583,23415,14723,18204,3860,5211
   Qatar,   Syrian Arab Republic,7148,24749,5823,19836,1325,4913
   Qatar,   Thailand,2291,2331,1867,1870,424,461
   Qatar,   United Arab Emirates,9682,9558,7042,6767,2640,2791
   Qatar,   Tunisia,978,994,798,799,180,195
   Qatar,   Turkey,5046,5137,4111,4119,935,1018
   Qatar,   Egypt,163569,183544,131290,145720,32279,37824
   Qatar,   United Kingdom*,3841,6868,3065,5382,776,1486
   Qatar,   United States of America*,2280,4317,1857,3461,423,856
   Qatar,   Yemen,34877,35517,28410,28462,6467,7055
   Qatar,Other,32643,33262,24812,24716,7831,8546
   Saudi Arabia,WORLD,10771366,13454842,7461502,9235130,3309864,4219712
   Saudi Arabia,  Sub-Saharan Africa,131493,164250,91518,113287,39975,50963
   Saudi Arabia,  Northern Africa and Western Asia,2751939,3437522,1831948,2264647,919991,1172875
   Saudi Arabia,  Central and Southern Asia,5425896,6777653,3904273,4837752,1521623,1939901
   Saudi Arabia,  Eastern and South-Eastern Asia,2099001,2621922,1381681,1707421,717320,914501
   Saudi Arabia,  Latin America and the Caribbean,0,0,0,0,0,0
   Saudi Arabia,  Oceania (excluding Australia and New Zealand),0,0,0,0,0,0
   Saudi Arabia,  Australia and New Zealand,0,0,0,0,0,0
   Saudi Arabia,  Europe and Northern America,0,0,0,0,0,0
   Saudi Arabia,  Developed regions,0,0,0,0,0,0
   Saudi Arabia,  Less developed regions,10408329,13001347,7209420,8923107,3198909,4078240
   Saudi Arabia," Less developed regions, excluding least developed countries",7249780,9055918,4925694,6092970,2324086,2962948
   Saudi Arabia," Less developed regions, excluding China",10408329,13001347,7209420,8923107,3198909,4078240
   Saudi Arabia,  Least developed countries,3158549,3945429,2283726,2830137,874823,1115292
   Saudi Arabia,  Land-locked Developing Countries (LLDC),919739,1148869,674702,836478,245037,312391
   Saudi Arabia,  Small island developing States (SIDS),0,0,0,0,0,0
   Saudi Arabia,  High-income countries,0,0,0,0,0,0
   Saudi Arabia,  Middle-income countries,8230901,10281461,5774411,7149715,2456490,3131746
   Saudi Arabia, Upper-middle-income countries,1689169,2109987,1169513,1447489,519656,662498
   Saudi Arabia, Lower-middle-income countries,6541732,8171474,4604898,5702226,1936834,2469248
   Saudi Arabia,  Low-income countries,2177428,2719886,1435009,1773392,742419,946494
   Saudi Arabia, AFRICA,1287217,1607897,892109,1104181,395108,503716
   Saudi Arabia,  Eastern Africa,131493,164250,91518,113287,39975,50963
   Saudi Arabia,  Middle Africa,0,0,0,0,0,0
   Saudi Arabia,  Northern Africa,1155724,1443647,800591,990894,355133,452753
   Saudi Arabia,  Southern Africa,0,0,0,0,0,0
   Saudi Arabia,  Western Africa,0,0,0,0,0,0
   Saudi Arabia, ASIA,9121112,11393450,6317311,7818926,2803801,3574524
   Saudi Arabia,  Central Asia,0,0,0,0,0,0
   Saudi Arabia,  Eastern Asia,0,0,0,0,0,0
   Saudi Arabia,  South-Eastern Asia,2099001,2621922,1381681,1707421,717320,914501
   Saudi Arabia,  Southern Asia,5425896,6777653,3904273,4837752,1521623,1939901
   Saudi Arabia,  Western Asia,1596215,1993875,1031357,1273753,564858,720122
   Saudi Arabia, EUROPE,0,0,0,0,0,0
   Saudi Arabia,  Eastern Europe,0,0,0,0,0,0
   Saudi Arabia,  Northern Europe,0,0,0,0,0,0
   Saudi Arabia,  Southern Europe,0,0,0,0,0,0
   Saudi Arabia,  Western Europe,0,0,0,0,0,0
   Saudi Arabia, LATIN AMERICA AND THE CARIBBEAN,0,0,0,0,0,0
   Saudi Arabia,  Caribbean,0,0,0,0,0,0
   Saudi Arabia,  Central America,0,0,0,0,0,0
   Saudi Arabia,  South America,0,0,0,0,0,0
   Saudi Arabia, NORTHERN AMERICA,0,0,0,0,0,0
   Saudi Arabia, OCEANIA ,0,0,0,0,0,0
   Saudi Arabia,  Australia and New Zealand,0,0,0,0,0,0
   Saudi Arabia,  Melanesia,0,0,0,0,0,0
   Saudi Arabia,  Micronesia,0,0,0,0,0,0
   Saudi Arabia,  Polynesia*,0,0,0,0,0,0
   Saudi Arabia,   Afghanistan,385241,481215,266864,330299,118377,150916
   Saudi Arabia,   Bangladesh,1022812,1277624,777664,965089,245148,312535
   Saudi Arabia,   Myanmar,214371,267776,148499,183797,65872,83979
   Saudi Arabia,   Sri Lanka,423765,529336,292548,362050,131217,167286
   Saudi Arabia,   Ethiopia,131493,164250,91518,113287,39975,50963
   Saudi Arabia,   India,2003256,2502337,1406156,1741093,597100,761244
   Saudi Arabia,   Indonesia,1368407,1709318,947919,1173243,420488,536075
   Saudi Arabia,   Iraq,4865,6075,2765,3400,2100,2675
   Saudi Arabia,   Jordan,192620,240606,133432,165149,59188,75457
   Saudi Arabia,   Lebanon,123277,153988,85397,105697,37880,48291
   Saudi Arabia,   Nepal,403005,503404,316320,392892,86685,110512
   Saudi Arabia,   Pakistan,1187817,1483737,844721,1046329,343096,437408
   Saudi Arabia,   Philippines,516223,644828,285263,350381,230960,294447
   Saudi Arabia,   Sudan,385241,481215,266864,330299,118377,150916
   Saudi Arabia,   Syrian Arab Republic,659067,823261,393766,485033,265301,338228
   Saudi Arabia,   Egypt,770483,962432,533727,660595,236756,301837
   Saudi Arabia,   Yemen,616386,769945,415997,514474,200389,255471
   Saudi Arabia,Other,363037,453495,252082,312023,110955,141472
   State of Palestine*,WORLD,273163,272784,124710,124737,148453,148047
   State of Palestine*,  Sub-Saharan Africa,0,0,0,0,0,0
   State of Palestine*,  Northern Africa and Western Asia,240012,242078,106961,109297,133051,132781
   State of Palestine*,  Central and Southern Asia,0,0,0,0,0,0
   State of Palestine*,  Eastern and South-Eastern Asia,0,0,0,0,0,0
   State of Palestine*,  Latin America and the Caribbean,0,0,0,0,0,0
   State of Palestine*,  Oceania (excluding Australia and New Zealand),0,0,0,0,0,0
   State of Palestine*,  Australia and New Zealand,0,0,0,0,0,0
   State of Palestine*,  Europe and Northern America,7992,8179,3799,4048,4193,4131
   State of Palestine*,  Developed regions,7992,8179,3799,4048,4193,4131
   State of Palestine*,  Less developed regions,240012,242078,106961,109297,133051,132781
   State of Palestine*," Less developed regions, excluding least developed countries",238605,240665,106238,108566,132367,132099
   State of Palestine*," Less developed regions, excluding China",240012,242078,106961,109297,133051,132781
   State of Palestine*,  Least developed countries,1407,1413,723,731,684,682
   State of Palestine*,  Land-locked Developing Countries (LLDC),0,0,0,0,0,0
   State of Palestine*,  Small island developing States (SIDS),7911,7900,3839,3840,4072,4060
   State of Palestine*,  High-income countries,156493,158968,71572,74233,84921,84735
   State of Palestine*,  Middle-income countries,84365,84145,35843,35758,48522,48387
   State of Palestine*, Upper-middle-income countries,62344,61756,23707,23226,38637,38530
   State of Palestine*, Lower-middle-income countries,22021,22389,12136,12532,9885,9857
   State of Palestine*,  Low-income countries,7146,7144,3345,3354,3801,3790
   State of Palestine*, AFRICA,22021,22389,12136,12532,9885,9857
   State of Palestine*,  Eastern Africa,0,0,0,0,0,0
   State of Palestine*,  Middle Africa,0,0,0,0,0,0
   State of Palestine*,  Northern Africa,22021,22389,12136,12532,9885,9857
   State of Palestine*,  Southern Africa,0,0,0,0,0,0
   State of Palestine*,  Western Africa,0,0,0,0,0,0
   State of Palestine*, ASIA,217991,219689,94825,96765,123166,122924
   State of Palestine*,  Central Asia,0,0,0,0,0,0
   State of Palestine*,  Eastern Asia,0,0,0,0,0,0
   State of Palestine*,  South-Eastern Asia,0,0,0,0,0,0
   State of Palestine*,  Southern Asia,0,0,0,0,0,0
   State of Palestine*,  Western Asia,217991,219689,94825,96765,123166,122924
   State of Palestine*, EUROPE,0,0,0,0,0,0
   State of Palestine*,  Eastern Europe,0,0,0,0,0,0
   State of Palestine*,  Northern Europe,0,0,0,0,0,0
   State of Palestine*,  Southern Europe,0,0,0,0,0,0
   State of Palestine*,  Western Europe,0,0,0,0,0,0
   State of Palestine*, LATIN AMERICA AND THE CARIBBEAN,0,0,0,0,0,0
   State of Palestine*,  Caribbean,0,0,0,0,0,0
   State of Palestine*,  Central America,0,0,0,0,0,0
   State of Palestine*,  South America,0,0,0,0,0,0
   State of Palestine*, NORTHERN AMERICA,7992,8179,3799,4048,4193,4131
   State of Palestine*, OCEANIA ,0,0,0,0,0,0
   State of Palestine*,  Australia and New Zealand,0,0,0,0,0,0
   State of Palestine*,  Melanesia,0,0,0,0,0,0
   State of Palestine*,  Micronesia,0,0,0,0,0,0
   State of Palestine*,  Polynesia*,0,0,0,0,0,0
   State of Palestine*,   Bahrain,7911,7900,3839,3840,4072,4060
   State of Palestine*,   Israel,62895,62927,26351,26333,36544,36594
   State of Palestine*,   Jordan,60127,59543,22645,22164,37482,37379
   State of Palestine*,   Kuwait,18541,19605,9258,10348,9283,9257
   State of Palestine*,   Lebanon,2217,2213,1062,1062,1155,1151
   State of Palestine*,   Oman,11667,11984,5494,5928,6173,6056
   State of Palestine*,   Qatar,9348,9335,4535,4536,4813,4799
   State of Palestine*,   Saudi Arabia,24094,24951,11398,12340,12696,12611
   State of Palestine*,   Syrian Arab Republic,5739,5731,2622,2623,3117,3108
   State of Palestine*,   United Arab Emirates,14045,14087,6898,6860,7147,7227
   State of Palestine*,   Tunisia,803,801,357,357,446,444
   State of Palestine*,   Egypt,21218,21588,11779,12175,9439,9413
   State of Palestine*,   United States of America*,7992,8179,3799,4048,4193,4131
   State of Palestine*,   Yemen,1407,1413,723,731,684,682
   State of Palestine*,Other,25159,22527,13950,11392,11209,11135
   Syrian Arab Republic,WORLD,835716,868711,426967,432279,408749,436432
   Syrian Arab Republic,  Sub-Saharan Africa,1040,1079,545,552,495,527
   Syrian Arab Republic,  Northern Africa and Western Asia,768843,799569,391203,396166,377640,403403
   Syrian Arab Republic,  Central and Southern Asia,1487,1143,779,585,708,558
   Syrian Arab Republic,  Eastern and South-Eastern Asia,0,0,0,0,0,0
   Syrian Arab Republic,  Latin America and the Caribbean,0,0,0,0,0,0
   Syrian Arab Republic,  Oceania (excluding Australia and New Zealand),0,0,0,0,0,0
   Syrian Arab Republic,  Australia and New Zealand,0,0,0,0,0,0
   Syrian Arab Republic,  Europe and Northern America,0,0,0,0,0,0
   Syrian Arab Republic,  Developed regions,0,0,0,0,0,0
   Syrian Arab Republic,  Less developed regions,771370,801791,392527,397303,378843,404488
   Syrian Arab Republic," Less developed regions, excluding least developed countries",768640,799360,391096,396058,377544,403302
   Syrian Arab Republic," Less developed regions, excluding China",771370,801791,392527,397303,378843,404488
   Syrian Arab Republic,  Least developed countries,2730,2431,1431,1245,1299,1186
   Syrian Arab Republic,  Land-locked Developing Countries (LLDC),1487,1143,779,585,708,558
   Syrian Arab Republic,  Small island developing States (SIDS),0,0,0,0,0,0
   Syrian Arab Republic,  High-income countries,0,0,0,0,0,0
   Syrian Arab Republic,  Middle-income countries,768640,799360,391096,396058,377544,403302
   Syrian Arab Republic, Upper-middle-income countries,195204,203003,99561,100838,95643,102165
   Syrian Arab Republic, Lower-middle-income countries,573436,596357,291535,295220,281901,301137
   Syrian Arab Republic,  Low-income countries,2730,2431,1431,1245,1299,1186
   Syrian Arab Republic, AFRICA,1243,1288,652,660,591,628
   Syrian Arab Republic,  Eastern Africa,1040,1079,545,552,495,527
   Syrian Arab Republic,  Middle Africa,0,0,0,0,0,0
   Syrian Arab Republic,  Northern Africa,203,209,107,108,96,101
   Syrian Arab Republic,  Southern Africa,0,0,0,0,0,0
   Syrian Arab Republic,  Western Africa,0,0,0,0,0,0
   Syrian Arab Republic, ASIA,770127,800503,391875,396643,378252,403860
   Syrian Arab Republic,  Central Asia,0,0,0,0,0,0
   Syrian Arab Republic,  Eastern Asia,0,0,0,0,0,0
   Syrian Arab Republic,  South-Eastern Asia,0,0,0,0,0,0
   Syrian Arab Republic,  Southern Asia,1487,1143,779,585,708,558
   Syrian Arab Republic,  Western Asia,768640,799360,391096,396058,377544,403302
   Syrian Arab Republic, EUROPE,0,0,0,0,0,0
   Syrian Arab Republic,  Eastern Europe,0,0,0,0,0,0
   Syrian Arab Republic,  Northern Europe,0,0,0,0,0,0
   Syrian Arab Republic,  Southern Europe,0,0,0,0,0,0
   Syrian Arab Republic,  Western Europe,0,0,0,0,0,0
   Syrian Arab Republic, LATIN AMERICA AND THE CARIBBEAN,0,0,0,0,0,0
   Syrian Arab Republic,  Caribbean,0,0,0,0,0,0
   Syrian Arab Republic,  Central America,0,0,0,0,0,0
   Syrian Arab Republic,  South America,0,0,0,0,0,0
   Syrian Arab Republic, NORTHERN AMERICA,0,0,0,0,0,0
   Syrian Arab Republic, OCEANIA ,0,0,0,0,0,0
   Syrian Arab Republic,  Australia and New Zealand,0,0,0,0,0,0
   Syrian Arab Republic,  Melanesia,0,0,0,0,0,0
   Syrian Arab Republic,  Micronesia,0,0,0,0,0,0
   Syrian Arab Republic,  Polynesia*,0,0,0,0,0,0
   Syrian Arab Republic,   Afghanistan,1487,1143,779,585,708,558
   Syrian Arab Republic,   State of Palestine*,573436,596357,291535,295220,281901,301137
   Syrian Arab Republic,   Iraq,195204,203003,99561,100838,95643,102165
   Syrian Arab Republic,   Somalia,1040,1079,545,552,495,527
   Syrian Arab Republic,   Sudan,203,209,107,108,96,101
   Syrian Arab Republic,Other,64346,66920,34440,34976,29906,31944
   Turkey,WORLD,4346197,6052652,2390166,3124165,1956031,2928487
   Turkey,  Sub-Saharan Africa,6004,5816,3586,3375,2418,2441
   Turkey,  Northern Africa and Western Asia,2905355,4095583,1764284,2371259,1141071,1724324
   Turkey,  Central and Southern Asia,152435,228388,84731,117444,67704,110944
   Turkey,  Eastern and South-Eastern Asia,5886,8200,2470,3092,3416,5108
   Turkey,  Latin America and the Caribbean,1063,1459,434,538,629,921
   Turkey,  Oceania (excluding Australia and New Zealand),0,0,0,0,0,0
   Turkey,  Australia and New Zealand,3175,4433,1296,1617,1879,2816
   Turkey,  Europe and Northern America,1123381,1569262,453313,563181,670068,1006081
   Turkey,  Developed regions,1128526,1576445,455421,565811,673105,1010634
   Turkey,  Less developed regions,3068773,4336696,1854693,2494695,1214080,1842001
   Turkey," Less developed regions, excluding least developed countries",2969455,4214245,1799828,2431159,1169627,1783086
   Turkey," Less developed regions, excluding China",3066988,4334205,1853871,2493647,1213117,1840558
   Turkey,  Least developed countries,99318,122451,54865,63536,44453,58915
   Turkey,  Land-locked Developing Countries (LLDC),272722,367242,149197,188432,123525,178810
   Turkey,  Small island developing States (SIDS),356,488,132,161,224,327
   Turkey,  High-income countries,499980,698378,203061,252618,296919,445760
   Turkey,  Middle-income countries,883523,1300222,396635,443532,486888,856690
   Turkey, Upper-middle-income countries,857995,1267163,384785,430159,473210,837004
   Turkey, Lower-middle-income countries,25528,33059,11850,13373,13678,19686
   Turkey,  Low-income countries,2813750,3914480,1710397,2364331,1103353,1550149
   Turkey, AFRICA,11808,13915,6936,7799,4872,6116
   Turkey,  Eastern Africa,4498,3723,2638,2109,1860,1614
   Turkey,  Middle Africa,72,99,45,60,27,39
   Turkey,  Northern Africa,5804,8099,3350,4424,2454,3675
   Turkey,  Southern Africa,365,506,165,210,200,296
   Turkey,  Western Africa,1069,1488,738,996,331,492
   Turkey, ASIA,3057872,4324072,1848135,2487371,1209737,1836701
   Turkey,  Central Asia,16964,23691,8184,10518,8780,13173
   Turkey,  Eastern Asia,4473,6237,1932,2432,2541,3805
   Turkey,  South-Eastern Asia,1413,1963,538,660,875,1303
   Turkey,  Southern Asia,135471,204697,76547,106926,58924,97771
   Turkey,  Western Asia,2899551,4087484,1760934,2366835,1138617,1720649
   Turkey, EUROPE,1108607,1548628,445732,553345,662875,995283
   Turkey,  Eastern Europe,525458,734033,187171,226093,338287,507940
   Turkey,  Northern Europe,33330,46546,14452,18219,18878,28327
   Turkey,  Southern Europe,210255,293700,110079,143298,100176,150402
   Turkey,  Western Europe,339564,474349,134030,165735,205534,308614
   Turkey, LATIN AMERICA AND THE CARIBBEAN,1063,1459,434,538,629,921
   Turkey,  Caribbean,162,219,73,92,89,127
   Turkey,  Central America,203,280,94,121,109,159
   Turkey,  South America,698,960,267,325,431,635
   Turkey, NORTHERN AMERICA,14774,20634,7581,9836,7193,10798
   Turkey, OCEANIA ,3175,4433,1296,1617,1879,2816
   Turkey,  Australia and New Zealand,3175,4433,1296,1617,1879,2816
   Turkey,  Melanesia,0,0,0,0,0,0
   Turkey,  Micronesia,0,0,0,0,0,0
   Turkey,  Polynesia*,0,0,0,0,0,0
   Turkey,   Afghanistan,94002,117595,51608,60583,42394,57012
   Turkey,   Albania,3261,4554,1540,1972,1721,2582
   Turkey,   Algeria,636,887,451,612,185,275
   Turkey,   Azerbaijan*,16529,23090,8000,10286,8529,12804
   Turkey,   Argentina,138,190,66,84,72,106
   Turkey,   Australia*,2890,4036,1188,1483,1702,2553
   Turkey,   Austria,14115,19717,6535,8337,7580,11380
   Turkey,   Bangladesh,323,450,295,410,28,40
   Turkey,   Armenia,781,1090,259,308,522,782
   Turkey,   Belgium,8617,12035,3782,4776,4835,7259
   Turkey,   Bosnia and Herzegovina,2330,3253,1073,1368,1257,1885
   Turkey,   Brazil,338,471,117,141,221,330
   Turkey,   British Virgin Islands*,74,102,31,41,43,61
   Turkey,   Bulgaria,473482,661438,169207,204551,304275,456887
   Turkey,   Myanmar,37,50,28,37,9,13
   Turkey,   Belarus,295,410,55,51,240,359
   Turkey,   Canada,1404,1959,630,798,774,1161
   Turkey,   Sri Lanka,51,70,39,53,12,17
   Turkey,   Chile,43,58,13,14,30,44
   Turkey,   China*,1730,2415,798,1017,932,1398
   Turkey,   Colombia,46,61,14,15,32,46
   Turkey,   Democratic Republic of the Congo,72,99,45,60,27,39
   Turkey,   Costa Rica,52,72,26,35,26,37
   Turkey,   Croatia,218,303,87,108,131,195
   Turkey,   Cuba,42,56,21,26,21,30
   Turkey,   Cyprus*,10231,14291,4362,5479,5869,8812
   Turkey,   Czechia,1115,1557,521,668,594,889
   Turkey,   Denmark*,3313,4627,1482,1880,1831,2747
   Turkey,   Ethiopia,148,204,72,91,76,113
   Turkey,   Estonia,110,153,37,44,73,109
   Turkey,   Finland*,1645,2295,702,881,943,1414
   Turkey,   France*,15730,21973,7164,9112,8566,12861
   Turkey,   Georgia*,6410,8952,2468,3034,3942,5918
   Turkey,   State of Palestine*,1698,1013,1398,822,300,191
   Turkey,   Germany,269361,376288,102137,125191,167224,251097
   Turkey,   Ghana,142,196,126,173,16,23
   Turkey,   Greece,58312,81457,24456,30621,33856,50836
   Turkey,   Guadeloupe*,46,61,21,25,25,36
   Turkey,"   China, Hong Kong SAR*",55,76,24,31,31,45
   Turkey,   Hungary,511,713,194,238,317,475
   Turkey,   Iceland,42,56,19,23,23,33
   Turkey,   India,511,713,307,409,204,304
   Turkey,   Indonesia,176,244,55,64,121,180
   Turkey,   Iran (Islamic Republic of),38569,84270,23140,44603,15429,39667
   Turkey,   Iraq,139629,233288,83770,39413,55859,193875
   Turkey,   Ireland,529,737,243,310,286,427
   Turkey,   Israel,2677,3738,1301,1673,1376,2065
   Turkey,   Italy,2798,3908,1490,1946,1308,1962
   Turkey,   Japan,1970,2750,812,1013,1158,1737
   Turkey,   Kazakhstan,4918,6869,2020,2520,2898,4349
   Turkey,   Jordan,901,1257,554,738,347,519
   Turkey,   Kenya,170,236,105,140,65,96
   Turkey,   Dem. People's Republic of Korea,28,37,15,19,13,18
   Turkey,   Republic of Korea,503,700,198,244,305,456
   Turkey,   Kuwait,281,391,177,236,104,155
   Turkey,   Kyrgyzstan,1931,2697,1042,1364,889,1333
   Turkey,   Lebanon,1113,1554,517,661,596,893
   Turkey,   Latvia,62,86,17,21,45,65
   Turkey,   Libya,3023,4220,1635,2136,1388,2084
   Turkey,   Lithuania,255,355,90,110,165,245
   Turkey,   Luxembourg,44,59,19,23,25,36
   Turkey,   Malaysia*,259,361,135,177,124,184
   Turkey,   Malta,42,56,13,15,29,41
   Turkey,   Mexico,151,208,68,86,83,122
   Turkey,   Mongolia,187,259,85,108,102,151
   Turkey,   Republic of Moldova*,2296,3206,232,109,2064,3097
   Turkey,   Morocco,472,659,271,359,201,300
   Turkey,   Oman,24,32,10,13,14,19
   Turkey,   Netherlands*,21488,30017,9885,12596,11603,17421
   Turkey,   New Zealand*,285,397,108,134,177,263
   Turkey,   Nigeria,863,1204,574,772,289,432
   Turkey,   Norway*,3498,4886,1593,2027,1905,2859
   Turkey,   Pakistan,2015,1599,1158,868,857,731
   Turkey,   Peru,51,70,18,22,33,48
   Turkey,   Philippines,574,801,178,208,396,593
   Turkey,   Poland,3362,4695,1474,1862,1888,2833
   Turkey,   Portugal,220,305,99,125,121,180
   Turkey,   Qatar,30,40,19,25,11,15
   Turkey,   Romania,20418,28522,7447,9048,12971,19474
   Turkey,   Russian Federation,19557,27319,6862,8259,12695,19060
   Turkey,   Saudi Arabia,4331,6049,2143,2766,2188,3283
   Turkey,   Senegal,64,88,38,51,26,37
   Turkey,   Singapore,194,269,59,69,135,200
   Turkey,   Slovakia,308,428,134,169,174,259
   Turkey,   Viet Nam,29,39,12,15,17,24
   Turkey,   Slovenia,144,199,63,79,81,120
   Turkey,   Somalia,3962,2980,2267,1610,1695,1370
   Turkey,   South Africa,290,403,141,181,149,222
   Turkey,   Spain*,1190,1661,525,664,665,997
   Turkey,   Sudan,393,546,262,351,131,195
   Turkey,   Eswatini,75,103,24,29,51,74
   Turkey,   Sweden,5252,7335,2254,2835,2998,4500
   Turkey,   Switzerland,10209,14260,4508,5700,5701,8560
   Turkey,   Syrian Arab Republic,2714774,3792505,1655872,2301270,1058902,1491235
   Turkey,   Tajikistan,272,378,200,272,72,106
   Turkey,   Thailand,144,199,71,90,73,109
   Turkey,   United Arab Emirates,43,58,28,36,15,22
   Turkey,   Tunisia,507,708,297,394,210,314
   Turkey,   Turkmenistan,2001,2793,1405,1900,596,893
   Turkey,   Ukraine*,4114,5745,1045,1138,3069,4607
   Turkey,   North Macedonia,141740,198004,80733,106400,61007,91604
   Turkey,   Egypt,773,1079,434,572,339,507
   Turkey,   United Kingdom*,18624,26016,8015,10088,10609,15928
   Turkey,   United Republic of Tanzania*,218,303,194,268,24,35
   Turkey,   United States of America*,13370,18675,6951,9038,6419,9637
   Turkey,   Uruguay,43,58,22,28,21,30
   Turkey,   Uzbekistan,7842,10954,3517,4462,4325,6492
   Turkey,   Venezuela (Bolivarian Republic of),39,52,17,21,22,31
   Turkey,   Yemen,99,136,56,75,43,61
   Turkey,Other,148898,139511,80052,63659,68846,75852
   United Arab Emirates,WORLD,7995126,8716332,5890170,6419792,2104956,2296540
   United Arab Emirates,  Sub-Saharan Africa,70716,77086,48153,52478,22563,24608
   United Arab Emirates,  Northern Africa and Western Asia,1552335,1692345,1040833,1134307,511502,558038
   United Arab Emirates,  Central and Southern Asia,5246127,5719387,4114276,4484511,1131851,1234876
   United Arab Emirates,  Eastern and South-Eastern Asia,822233,896397,501923,546937,320310,349460
   United Arab Emirates,  Latin America and the Caribbean,0,0,0,0,0,0
   United Arab Emirates,  Oceania (excluding Australia and New Zealand),0,0,0,0,0,0
   United Arab Emirates,  Australia and New Zealand,0,0,0,0,0,0
   United Arab Emirates,  Europe and Northern America,60644,66107,39815,43390,20829,22717
   United Arab Emirates,  Developed regions,60644,66107,39815,43390,20829,22717
   United Arab Emirates,  Less developed regions,7691411,8385215,5705185,6218233,1986226,2166982
   United Arab Emirates," Less developed regions, excluding least developed countries",6286578,6853674,4561337,4971418,1725241,1882256
   United Arab Emirates," Less developed regions, excluding China",7691411,8385215,5705185,6218233,1986226,2166982
   United Arab Emirates,  Least developed countries,1404833,1531541,1143848,1246815,260985,284726
   United Arab Emirates,  Land-locked Developing Countries (LLDC),62747,68398,42669,46499,20078,21899
   United Arab Emirates,  Small island developing States (SIDS),1834,1998,788,858,1046,1140
   United Arab Emirates,  High-income countries,132905,144880,88201,96121,44704,48759
   United Arab Emirates,  Middle-income countries,7195961,7845093,5370604,5853604,1825357,1991489
   United Arab Emirates, Upper-middle-income countries,532654,580695,263848,287429,268806,293266
   United Arab Emirates, Lower-middle-income countries,6663307,7264398,5106756,5566175,1556551,1698223
   United Arab Emirates,  Low-income countries,423189,461349,286195,311898,136994,149451
   United Arab Emirates, AFRICA,1031691,1124740,688837,750695,342854,374045
   United Arab Emirates,  Eastern Africa,51408,56039,34854,37985,16554,18054
   United Arab Emirates,  Middle Africa,4909,5350,3386,3689,1523,1661
   United Arab Emirates,  Northern Africa,960975,1047654,640684,698217,320291,349437
   United Arab Emirates,  Southern Africa,0,0,0,0,0,0
   United Arab Emirates,  Western Africa,14399,15697,9913,10804,4486,4893
   United Arab Emirates, ASIA,6659720,7260475,5016348,5467538,1643372,1792937
   United Arab Emirates,  Central Asia,0,0,0,0,0,0
   United Arab Emirates,  Eastern Asia,0,0,0,0,0,0
   United Arab Emirates,  South-Eastern Asia,822233,896397,501923,546937,320310,349460
   United Arab Emirates,  Southern Asia,5246127,5719387,4114276,4484511,1131851,1234876
   United Arab Emirates,  Western Asia,591360,644691,400149,436090,191211,208601
   United Arab Emirates, EUROPE,46315,50487,29950,32639,16365,17848
   United Arab Emirates,  Eastern Europe,0,0,0,0,0,0
   United Arab Emirates,  Northern Europe,26777,29191,17663,19249,9114,9942
   United Arab Emirates,  Southern Europe,0,0,0,0,0,0
   United Arab Emirates,  Western Europe,19538,21296,12287,13390,7251,7906
   United Arab Emirates, LATIN AMERICA AND THE CARIBBEAN,0,0,0,0,0,0
   United Arab Emirates,  Caribbean,0,0,0,0,0,0
   United Arab Emirates,  Central America,0,0,0,0,0,0
   United Arab Emirates,  South America,0,0,0,0,0,0
   United Arab Emirates, NORTHERN AMERICA,14329,15620,9865,10751,4464,4869
   United Arab Emirates, OCEANIA ,0,0,0,0,0,0
   United Arab Emirates,  Australia and New Zealand,0,0,0,0,0,0
   United Arab Emirates,  Melanesia,0,0,0,0,0,0
   United Arab Emirates,  Micronesia,0,0,0,0,0,0
   United Arab Emirates,  Polynesia*,0,0,0,0,0,0
   United Arab Emirates,   Afghanistan,7515,8191,5176,5640,2339,2551
   United Arab Emirates,   Bahrain,1834,1998,788,858,1046,1140
   United Arab Emirates,   Bangladesh,1004611,1095231,873398,952077,131213,143154
   United Arab Emirates,   Sri Lanka,110523,120491,61346,66839,49177,53652
   United Arab Emirates,   Chad,4909,5350,3386,3689,1523,1661
   United Arab Emirates,   Ethiopia,10136,11049,6981,7609,3155,3440
   United Arab Emirates,   Eritrea,17735,19334,12211,13309,5524,6025
   United Arab Emirates,   France*,16642,18141,10508,11451,6134,6690
   United Arab Emirates,   State of Palestine*,53484,58308,36823,40132,16661,18176
   United Arab Emirates,   India,3184043,3471300,2445963,2666029,738080,805271
   United Arab Emirates,   Indonesia,292432,318809,104016,113244,188416,205565
   United Arab Emirates,   Jordan,154989,168968,101149,110229,53840,58739
   United Arab Emirates,   Kuwait,61939,67525,42494,46312,19445,21213
   United Arab Emirates,   Lebanon,38446,41913,26469,28847,11977,13066
   United Arab Emirates,   Morocco,8204,8942,5650,6157,2554,2785
   United Arab Emirates,   Nepal,25580,27886,17614,19196,7966,8690
   United Arab Emirates,   Netherlands*,2896,3155,1779,1939,1117,1216
   United Arab Emirates,   Nigeria,14399,15697,9913,10804,4486,4893
   United Arab Emirates,   Pakistan,913855,996288,710779,774730,203076,221558
   United Arab Emirates,   Philippines,518041,564769,389810,424868,128231,139901
   United Arab Emirates,   Qatar,2452,2671,898,977,1554,1694
   United Arab Emirates,   Saudi Arabia,6036,6579,4206,4584,1830,1995
   United Arab Emirates,   Somalia,8930,9734,6150,6702,2780,3032
   United Arab Emirates,   South Sudan,14607,15922,9512,10365,5095,5557
   United Arab Emirates,   Sudan,122204,133226,79574,86717,42630,46509
   United Arab Emirates,   Syrian Arab Republic,48547,52925,33359,36356,15188,16569
   United Arab Emirates,   Thailand,11760,12819,8097,8825,3663,3994
   United Arab Emirates,   Tunisia,5389,5874,3712,4046,1677,1828
   United Arab Emirates,   Turkey,35027,38186,24117,26284,10910,11902
   United Arab Emirates,   Egypt,825178,899612,551748,601297,273430,298315
   United Arab Emirates,   United Kingdom*,26777,29191,17663,19249,9114,9942
   United Arab Emirates,   United States of America*,14329,15620,9865,10751,4464,4869
   United Arab Emirates,   Yemen,188606,205618,129846,141511,58760,64107
   United Arab Emirates,Other,243071,265010,145170,158169,97901,106841
   Yemen,WORLD,379882,387113,199390,223512,180492,163601
   Yemen,  Sub-Saharan Africa,293866,299467,155879,174392,137987,125075
   Yemen,  Northern Africa and Western Asia,51638,52609,26818,30118,24820,22491
   Yemen,  Central and Southern Asia,7,6,4,4,3,2
   Yemen,  Eastern and South-Eastern Asia,15,14,8,8,7,6
   Yemen,  Latin America and the Caribbean,0,0,0,0,0,0
   Yemen,  Oceania (excluding Australia and New Zealand),0,0,0,0,0,0
   Yemen,  Australia and New Zealand,0,0,0,0,0,0
   Yemen,  Europe and Northern America,0,0,0,0,0,0
   Yemen,  Developed regions,0,0,0,0,0,0
   Yemen,  Less developed regions,345526,352096,182709,204522,162817,147574
   Yemen," Less developed regions, excluding least developed countries",25119,25585,12999,14605,12120,10980
   Yemen," Less developed regions, excluding China",345526,352096,182709,204522,162817,147574
   Yemen,  Least developed countries,320407,326511,169710,189917,150697,136594
   Yemen,  Land-locked Developing Countries (LLDC),16281,16590,9435,10387,6846,6203
   Yemen,  Small island developing States (SIDS),0,0,0,0,0,0
   Yemen,  High-income countries,0,0,0,0,0,0
   Yemen,  Middle-income countries,21176,21572,10949,12307,10227,9265
   Yemen, Upper-middle-income countries,9808,9993,5072,5702,4736,4291
   Yemen, Lower-middle-income countries,11368,11579,5877,6605,5491,4974
   Yemen,  Low-income countries,324350,330524,171760,192215,152590,138309
   Yemen, AFRICA,328003,334250,173653,194346,154350,139904
   Yemen,  Eastern Africa,293866,299467,155879,174392,137987,125075
   Yemen,  Middle Africa,0,0,0,0,0,0
   Yemen,  Northern Africa,34137,34783,17774,19954,16363,14829
   Yemen,  Southern Africa,0,0,0,0,0,0
   Yemen,  Western Africa,0,0,0,0,0,0
   Yemen, ASIA,17523,17846,9056,10176,8467,7670
   Yemen,  Central Asia,0,0,0,0,0,0
   Yemen,  Eastern Asia,0,0,0,0,0,0
   Yemen,  South-Eastern Asia,15,14,8,8,7,6
   Yemen,  Southern Asia,7,6,4,4,3,2
   Yemen,  Western Asia,17501,17826,9044,10164,8457,7662
   Yemen, EUROPE,0,0,0,0,0,0
   Yemen,  Eastern Europe,0,0,0,0,0,0
   Yemen,  Northern Europe,0,0,0,0,0,0
   Yemen,  Southern Europe,0,0,0,0,0,0
   Yemen,  Western Europe,0,0,0,0,0,0
   Yemen, LATIN AMERICA AND THE CARIBBEAN,0,0,0,0,0,0
   Yemen,  Caribbean,0,0,0,0,0,0
   Yemen,  Central America,0,0,0,0,0,0
   Yemen,  South America,0,0,0,0,0,0
   Yemen, NORTHERN AMERICA,0,0,0,0,0,0
   Yemen, OCEANIA ,0,0,0,0,0,0
   Yemen,  Australia and New Zealand,0,0,0,0,0,0
   Yemen,  Melanesia,0,0,0,0,0,0
   Yemen,  Micronesia,0,0,0,0,0,0
   Yemen,  Polynesia*,0,0,0,0,0,0
   Yemen,   Ethiopia,15740,16039,9153,10070,6587,5969
   Yemen,   Eritrea,1902,1937,1184,1288,718,649
   Yemen,   State of Palestine*,3757,3826,1926,2168,1831,1658
   Yemen,   Iran (Islamic Republic of),7,6,4,4,3,2
   Yemen,   Iraq,9801,9987,5068,5698,4733,4289
   Yemen,   Viet Nam,15,14,8,8,7,6
   Yemen,   Somalia,275683,280940,145260,162717,130423,118223
   Yemen,   South Sudan,541,551,282,317,259,234
   Yemen,   Sudan,26541,27044,13831,15525,12710,11519
   Yemen,   Syrian Arab Republic,3943,4013,2050,2298,1893,1715
   Yemen,   Egypt,7596,7739,3943,4429,3653,3310
   Yemen,Other,34356,35017,16681,18990,17675,16027
 EUROPE,WORLD,74759083,86706068,35808075,41979164,38951008,44726904
 EUROPE,  Sub-Saharan Africa,4262297,5130000,2125638,2637290,2136659,2492710
 EUROPE,  Northern Africa and Western Asia,11498132,13875822,6277193,7570945,5220939,6304877
 EUROPE,  Central and Southern Asia,10402360,11542097,5368105,5947948,5034255,5594149
 EUROPE,  Eastern and South-Eastern Asia,3171374,3680331,1309798,1504986,1861576,2175345
 EUROPE,  Latin America and the Caribbean,4487571,5395924,1869111,2242356,2618460,3153568
 EUROPE,  Oceania (excluding Australia and New Zealand),13644,14313,6471,6849,7173,7464
 EUROPE,  Australia and New Zealand,334598,382723,165472,189857,169126,192866
 EUROPE,  Europe and Northern America,39390649,45346729,18142379,21259042,21248270,24087687
 EUROPE,  Developed regions,39867195,45897927,18358028,21508409,21509167,24389518
 EUROPE,  Less developed regions,33693430,39470012,16906139,19850864,16787291,19619148
 EUROPE," Less developed regions, excluding least developed countries",30222775,35063075,15046441,17431315,15176334,17631760
 EUROPE," Less developed regions, excluding China",32526319,38100932,16369024,19220374,16157295,18880558
 EUROPE,  Least developed countries,3470655,4406937,1859698,2419549,1610957,1987388
 EUROPE,  Land-locked Developing Countries (LLDC),10827606,11977744,5391653,5975508,5435953,6002236
 EUROPE,  Small island developing States (SIDS),1472855,1651010,615643,693215,857212,957795
 EUROPE,  High-income countries,24227497,28629152,11471481,13839259,12756016,14789893
 EUROPE,  Middle-income countries,46096682,51983186,22031222,24851140,24065460,27132046
 EUROPE, Upper-middle-income countries,26735133,30361486,12320976,14003828,14414157,16357658
 EUROPE, Lower-middle-income countries,19361549,21621700,9710246,10847312,9651303,10774388
 EUROPE,  Low-income countries,3219234,4736532,1754080,2660815,1465154,2075717
 EUROPE, AFRICA,9536606,11024274,5017295,5847594,4519311,5176680
 EUROPE,  Eastern Africa,1545069,1853035,701890,859314,843179,993721
 EUROPE,  Middle Africa,785758,900913,360382,417943,425376,482970
 EUROPE,  Northern Africa,5274309,5894274,2891657,3210304,2382652,2683970
 EUROPE,  Southern Africa,308386,372799,142756,183775,165630,189024
 EUROPE,  Western Africa,1623084,2003253,920610,1176258,702474,826995
 EUROPE, ASIA,19797557,23203976,10063439,11813575,9734118,11390401
 EUROPE,  Central Asia,6667066,7032154,3251477,3393946,3415589,3638208
 EUROPE,  Eastern Asia,1488382,1749293,662464,779540,825918,969753
 EUROPE,  South-Eastern Asia,1682992,1931038,647334,725446,1035658,1205592
 EUROPE,  Southern Asia,3735294,4509943,2116628,2554002,1618666,1955941
 EUROPE,  Western Asia,6223823,7981548,3385536,4360641,2838287,3620907
 EUROPE, EUROPE,38418244,44246425,17680150,20736008,20738094,23510417
 EUROPE,  Eastern Europe,20903246,23888697,9208793,10688958,11694453,13199739
 EUROPE,  Northern Europe,3577359,3974193,1678553,1891485,1898806,2082708
 EUROPE,  Southern Europe,8481556,10320837,4250231,5290418,4231325,5030419
 EUROPE,  Western Europe,5456083,6062698,2542573,2865147,2913510,3197551
 EUROPE, LATIN AMERICA AND THE CARIBBEAN,4487571,5395924,1869111,2242356,2618460,3153568
 EUROPE,  Caribbean,813625,918445,322297,363923,491328,554522
 EUROPE,  Central America,264754,397416,96642,140596,168112,256820
 EUROPE,  South America,3409192,4080063,1450172,1737837,1959020,2342226
 EUROPE, NORTHERN AMERICA,972405,1100304,462229,523034,510176,577270
 EUROPE, OCEANIA ,348242,397036,171943,196706,176299,200330
 EUROPE,  Australia and New Zealand,334598,382723,165472,189857,169126,192866
 EUROPE,  Melanesia,10604,11153,5008,5313,5596,5840
 EUROPE,  Micronesia,683,705,363,367,320,338
 EUROPE,  Polynesia*,2357,2455,1100,1169,1257,1286
 EUROPE,   Burundi,21756,25523,9827,11556,11929,13967
 EUROPE,   Comoros,38605,42420,17280,19045,21325,23375
 EUROPE,   Djibouti,9176,10400,4464,5031,4712,5369
 EUROPE,   Eritrea,150772,237489,80005,134259,70767,103230
 EUROPE,   Ethiopia,125423,155303,58603,74761,66820,80542
 EUROPE,   Kenya,170303,187678,75727,81631,94576,106047
 EUROPE,   Madagascar,135638,150073,48939,54150,86699,95923
 EUROPE,   Malawi,18665,21171,8918,10041,9747,11130
 EUROPE,   Mauritius*,106063,116981,44817,49473,61246,67508
 EUROPE,   Mayotte*,0,0,0,0,0,0
 EUROPE,   Mozambique,83229,94933,37436,43947,45793,50986
 EUROPE,   Réunion*,14,15,12,14,2,1
 EUROPE,   Rwanda,31062,34195,14017,15365,17045,18830
 EUROPE,   Seychelles,5964,6562,2028,2223,3936,4339
 EUROPE,   Somalia,315659,390926,146350,184403,169309,206523
 EUROPE,   South Sudan,134,385,76,213,58,172
 EUROPE,   Uganda,82056,94974,39410,45210,42646,49764
 EUROPE,   United Republic of Tanzania*,51841,58944,25403,28603,26438,30341
 EUROPE,   Zambia,36373,41342,16503,18584,19870,22758
 EUROPE,   Zimbabwe,162336,183721,72075,80805,90261,102916
 EUROPE,   Angola,217255,249417,99843,117601,117412,131816
 EUROPE,   Cameroon,156209,187582,67658,82919,88551,104663
 EUROPE,   Central African Republic,19432,21568,9164,10228,10268,11340
 EUROPE,   Chad,10276,12017,5773,6902,4503,5115
 EUROPE,   Congo,101737,112409,49997,55363,51740,57046
 EUROPE,   Democratic Republic of the Congo,217133,244691,100990,113821,116143,130870
 EUROPE,   Equatorial Guinea,20699,24298,7913,9074,12786,15224
 EUROPE,   Gabon,23661,26537,10832,12154,12829,14383
 EUROPE,   Sao Tome and Principe,19356,22394,8212,9881,11144,12513
 EUROPE,   Algeria,1658519,1827915,895623,987230,762896,840685
 EUROPE,   Egypt,278963,328972,182261,213665,96702,115307
 EUROPE,   Libya,68514,87130,36232,47926,32282,39204
 EUROPE,   Morocco,2627061,2910179,1407257,1535919,1219804,1374260
 EUROPE,   Sudan,47119,75518,27396,42461,19723,33057
 EUROPE,   Tunisia,592913,663232,342268,382431,250645,280801
 EUROPE,   Western Sahara,1220,1328,620,672,600,656
 EUROPE,   Botswana,4088,4523,1976,2161,2112,2362
 EUROPE,   Eswatini,2418,2693,1155,1288,1263,1405
 EUROPE,   Lesotho,1120,1251,484,536,636,715
 EUROPE,   Namibia,3972,4697,1816,2130,2156,2567
 EUROPE,   South Africa,296788,359635,137325,177660,159463,181975
 EUROPE,   Benin,29231,34167,15929,19064,13302,15103
 EUROPE,   Burkina Faso,26622,31744,16299,19902,10323,11842
 EUROPE,   Cabo Verde,111501,131247,48599,58489,62902,72758
 EUROPE,   Côte d'Ivoire,143855,169915,69180,86147,74675,83768
 EUROPE,   Gambia,53078,84563,38469,66291,14609,18272
 EUROPE,   Ghana,243554,284085,132354,156532,111200,127553
 EUROPE,   Guinea,73395,101497,41387,62604,32008,38893
 EUROPE,   Guinea-Bissau,41045,51566,23890,31458,17155,20108
 EUROPE,   Liberia,13790,15218,8589,9527,5201,5691
 EUROPE,   Mali,112307,133821,74942,91957,37365,41864
 EUROPE,   Mauritania,30784,33696,21101,22634,9683,11062
 EUROPE,   Niger,10574,12816,6190,7824,4384,4992
 EUROPE,   Nigeria,359514,473250,186969,259690,172545,213560
 EUROPE,   Saint Helena*,3612,4094,1413,1581,2199,2513
 EUROPE,   Senegal,278429,333550,185415,223815,93014,109735
 EUROPE,   Sierra Leone,38791,44909,20169,23737,18622,21172
 EUROPE,   Togo,53002,63115,29715,35006,23287,28109
 EUROPE,   Kazakhstan,3765974,4073340,1754789,1874462,2011185,2198878
 EUROPE,   Kyrgyzstan,702143,728308,338967,345849,363176,382459
 EUROPE,   Tajikistan,529442,538748,306395,312611,223047,226137
 EUROPE,   Turkmenistan,222684,225294,105600,106650,117084,118644
 EUROPE,   Uzbekistan,1446823,1466464,745726,754374,701097,712090
 EUROPE,   China*,1052522,1239701,479386,565835,573136,673866
 EUROPE,"   China, Hong Kong SAR*",112577,127078,56878,63643,55699,63435
 EUROPE,"   China, Macao SAR*",2012,2301,851,1012,1161,1289
 EUROPE,"   China, Taiwan Province of China*",0,0,0,0,0,0
 EUROPE,   Dem. People's Republic of Korea,25105,27172,14094,14950,11011,12222
 EUROPE,   Japan,141948,168475,50177,59510,91771,108965
 EUROPE,   Mongolia,37600,45290,15421,19228,22179,26062
 EUROPE,   Republic of Korea,116618,139276,45657,55362,70961,83914
 EUROPE,   Brunei Darussalam,5587,6230,2602,2863,2985,3367
 EUROPE,   Cambodia,77822,86201,36372,39954,41450,46247
 EUROPE,   Indonesia,176431,180972,74136,74719,102295,106253
 EUROPE,   Lao People's Democratic Republic,51857,57697,24305,26649,27552,31048
 EUROPE,   Malaysia*,95727,109336,41784,47128,53943,62208
 EUROPE,   Myanmar,25727,28886,13153,14586,12574,14300
 EUROPE,   Philippines,500844,571640,169560,189747,331284,381893
 EUROPE,   Singapore,63243,73142,28381,32399,34862,40743
 EUROPE,   Thailand,256519,312192,52969,61112,203550,251080
 EUROPE,   Timor-Leste,4593,5134,2591,2906,2002,2228
 EUROPE,   Viet Nam,424642,499608,201481,233383,223161,266225
 EUROPE,   Afghanistan,362487,631082,224194,391098,138293,239984
 EUROPE,   Bangladesh,380533,456516,232216,275588,148317,180928
 EUROPE,   Bhutan,2245,2306,1228,1252,1017,1054
 EUROPE,   India,1264413,1459401,675691,779987,588722,679414
 EUROPE,   Iran (Islamic Republic of),410552,514629,229692,289380,180860,225249
 EUROPE,   Maldives,555,643,311,355,244,288
 EUROPE,   Nepal,58172,81440,33352,46834,24820,34606
 EUROPE,   Pakistan,869565,952993,514652,553939,354913,399054
 EUROPE,   Sri Lanka,386772,410933,205292,215569,181480,195364
 EUROPE,   Armenia,654643,680263,360617,373232,294026,307031
 EUROPE,   Azerbaijan*,902085,918016,498108,506513,403977,411503
 EUROPE,   Bahrain,7198,7955,3660,4008,3538,3947
 EUROPE,   Cyprus*,106263,97583,48554,45014,57709,52569
 EUROPE,   Georgia*,671572,690768,338513,350149,333059,340619
 EUROPE,   Iraq,449396,649015,262883,381747,186513,267268
 EUROPE,   Israel,80776,96626,45601,54683,35175,41943
 EUROPE,   Jordan,38141,48138,26114,31688,12027,16450
 EUROPE,   Kuwait,20146,25736,11706,14952,8440,10784
 EUROPE,   Lebanon,204665,248537,120354,145122,84311,103415
 EUROPE,   Oman,4433,5118,2509,2857,1924,2261
 EUROPE,   Qatar,4697,5479,2453,2974,2244,2505
 EUROPE,   Saudi Arabia,42469,55943,23914,31471,18555,24472
 EUROPE,   State of Palestine*,19511,27884,12389,17271,7122,10613
 EUROPE,   Syrian Arab Republic,509600,1311997,312727,787284,196873,524713
 EUROPE,   Turkey,2465350,3052762,1291064,1577583,1174286,1475179
 EUROPE,   United Arab Emirates,17158,25203,9455,13948,7703,11255
 EUROPE,   Yemen,25720,34525,14915,20145,10805,14380
 EUROPE,   Belarus,1260651,1279399,523516,532567,737135,746832
 EUROPE,   Bulgaria,581460,903609,266762,431072,314698,472537
 EUROPE,   Czechia,700694,867636,295572,359760,405122,507876
 EUROPE,   Hungary,443823,567859,216949,282456,226874,285403
 EUROPE,   Poland,3359213,4101713,1559772,1971999,1799441,2129714
 EUROPE,   Republic of Moldova*,836264,1061386,386713,508739,449551,552647
 EUROPE,   Romania,2994900,3553478,1373440,1678922,1621460,1874556
 EUROPE,   Russian Federation,5749736,6175627,2372834,2506468,3376902,3669159
 EUROPE,   Slovakia,324904,395071,146462,183951,178442,211120
 EUROPE,   Ukraine*,4651601,4982919,2066773,2233024,2584828,2749895
 EUROPE,   Channel Islands*,16343,17010,8249,8782,8094,8228
 EUROPE,   Denmark*,162892,176667,77853,85208,85039,91459
 EUROPE,   Estonia,168453,180126,74619,79259,93834,100867
 EUROPE,   Faroe Islands*,13098,12634,5489,5275,7609,7359
 EUROPE,   Finland*,235261,252442,87663,96954,147598,155488
 EUROPE,   Iceland,29228,32780,14340,15880,14888,16900
 EUROPE,   Ireland,469576,470968,211953,218233,257623,252735
 EUROPE,   Isle of Man*,9767,11030,4729,5291,5038,5739
 EUROPE,   Latvia,325955,338955,147596,155675,178359,183280
 EUROPE,   Lithuania,495252,602883,218600,265044,276652,337839
 EUROPE,   Norway*,124783,138924,53882,61177,70901,77747
 EUROPE,   Sweden,215296,246351,98362,112592,116934,133759
 EUROPE,   United Kingdom*,1311455,1493423,675218,782115,636237,711308
 EUROPE,   Albania,1026613,1125469,518998,581802,507615,543667
 EUROPE,   Andorra,7674,9880,3631,4632,4043,5248
 EUROPE,   Bosnia and Herzegovina,1390129,1501957,662640,729648,727489,772309
 EUROPE,   Croatia,653009,889300,299183,420783,353826,468517
 EUROPE,   Gibraltar*,11182,12609,5393,6024,5789,6585
 EUROPE,   Greece,387044,655034,205896,357895,181148,297139
 EUROPE,   Holy See*,310,174,115,71,195,103
 EUROPE,   Italy,1515302,2113186,837865,1190352,677437,922834
 EUROPE,   Malta,33188,36646,16400,18092,16788,18554
 EUROPE,   Montenegro,129844,128479,59230,59325,70614,69154
 EUROPE,   North Macedonia,331478,396787,165446,202104,166032,194683
 EUROPE,   Portugal,1382204,1451252,715690,758236,666514,693016
 EUROPE,   San Marino,3631,2348,1255,971,2376,1377
 EUROPE,   Serbia*,712500,882593,350119,438008,362381,444585
 EUROPE,   Slovenia,109207,127317,47867,57539,61340,69778
 EUROPE,   Spain*,788241,987806,360503,464936,427738,522870
 EUROPE,   Austria,394083,481901,180897,228434,213186,253467
 EUROPE,   Belgium,416833,475992,194927,226561,221906,249431
 EUROPE,   France*,1206977,1377796,555006,643525,651971,734271
 EUROPE,   Germany,2314296,2446317,1076100,1155328,1238196,1290989
 EUROPE,   Liechtenstein,3411,3582,1479,1568,1932,2014
 EUROPE,   Luxembourg,65457,76500,30799,37881,34658,38619
 EUROPE,   Monaco,28615,31765,13479,14987,15136,16778
 EUROPE,   Netherlands*,499027,588096,250959,293996,248068,294100
 EUROPE,   Switzerland,527384,580749,238927,262867,288457,317882
 EUROPE,   Anguilla*,996,922,530,455,466,467
 EUROPE,   Antigua and Barbuda,5472,5261,2344,2311,3128,2950
 EUROPE,   Aruba*,5068,6531,2504,3242,2564,3289
 EUROPE,   Bahamas,2892,3058,1334,1429,1558,1629
 EUROPE,   Barbados,24267,27298,11632,12972,12635,14326
 EUROPE,"   Bonaire, Sint Eustatius and Saba*",127,217,53,94,74,123
 EUROPE,   British Virgin Islands*,447,489,200,211,247,278
 EUROPE,   Cayman Islands*,1180,1328,509,561,671,767
 EUROPE,   Cuba,201540,245224,82542,101521,118998,143703
 EUROPE,   Curaçao*,281,1259,148,625,133,634
 EUROPE,   Dominica,16471,18344,6242,6921,10229,11423
 EUROPE,   Dominican Republic,240708,283003,87160,104434,153548,178569
 EUROPE,   Grenada,11970,13613,5487,6171,6483,7442
 EUROPE,   Guadeloupe*,0,0,0,0,0,0
 EUROPE,   Haiti,85922,94993,35201,39104,50721,55889
 EUROPE,   Jamaica,145176,136521,57378,51336,87798,85185
 EUROPE,   Martinique*,0,0,0,0,0,0
 EUROPE,   Montserrat*,9727,10965,4148,4623,5579,6342
 EUROPE,   Puerto Rico*,53,57,25,28,28,29
 EUROPE,   Saint Barthélemy*,0,0,0,0,0,0
 EUROPE,   Saint Kitts and Nevis,7194,8094,3285,3656,3909,4438
 EUROPE,   Saint Lucia,15379,17210,6063,6742,9316,10468
 EUROPE,   Saint Martin (French part)*,0,0,0,0,0,0
 EUROPE,   Saint Vincent and the Grenadines,8651,9734,4097,4564,4554,5170
 EUROPE,   Sint Maarten (Dutch part)*,32,135,18,69,14,66
 EUROPE,   Trinidad and Tobago,29761,33849,11246,12693,18515,21156
 EUROPE,   Turks and Caicos Islands*,149,159,75,77,74,82
 EUROPE,   United States Virgin Islands*,162,181,76,84,86,97
 EUROPE,   Belize,1744,1920,563,612,1181,1308
 EUROPE,   Costa Rica,11054,14093,4895,6309,6159,7784
 EUROPE,   El Salvador,30550,39768,11358,15167,19192,24601
 EUROPE,   Guatemala,19996,24648,8458,10336,11538,14312
 EUROPE,   Honduras,48481,108478,13352,29762,35129,78716
 EUROPE,   Mexico,116869,146083,46884,58958,69985,87125
 EUROPE,   Nicaragua,27019,51163,7475,14890,19544,36273
 EUROPE,   Panama,9041,11263,3657,4562,5384,6701
 EUROPE,   Argentina,387145,436507,190475,213925,196670,222582
 EUROPE,   Bolivia (Plurinational State of),188865,202620,74525,79880,114340,122740
 EUROPE,   Brazil,587657,735664,216855,280856,370802,454808
 EUROPE,   Chile,154832,174361,73426,82503,81406,91858
 EUROPE,   Colombia,512649,639821,209838,261437,302811,378384
 EUROPE,   Ecuador,538709,559502,243484,251154,295225,308348
 EUROPE,   Falkland Islands (Malvinas)*,1198,1347,492,547,706,800
 EUROPE,   French Guiana*,0,0,0,0,0,0
 EUROPE,   Guyana,32916,36738,13124,14521,19792,22217
 EUROPE,   Paraguay,70202,91656,20855,28700,49347,62956
 EUROPE,   Peru,362409,420096,148659,171141,213750,248955
 EUROPE,   Suriname,208394,216663,91296,94740,117098,121923
 EUROPE,   Uruguay,94025,104225,46603,51309,47422,52916
 EUROPE,   Venezuela (Bolivarian Republic of),270191,460863,120540,207124,149651,253739
 EUROPE,   Bermuda*,4540,5108,2176,2429,2364,2679
 EUROPE,   Canada,242609,278343,108948,126076,133661,152267
 EUROPE,   Greenland*,16308,17415,6941,7418,9367,9997
 EUROPE,   Saint Pierre and Miquelon*,1,0,1,0,0,0
 EUROPE,   United States of America*,708947,799438,344163,387111,364784,412327
 EUROPE,   Australia*,244604,280025,121203,139460,123401,140565
 EUROPE,   New Zealand*,89994,102698,44269,50397,45725,52301
 EUROPE,   Fiji,6260,7061,3141,3512,3119,3549
 EUROPE,   New Caledonia*,260,300,124,138,136,162
 EUROPE,   Papua New Guinea,2523,2125,1135,1022,1388,1103
 EUROPE,   Solomon Islands,454,491,208,224,246,267
 EUROPE,   Vanuatu,1107,1176,400,417,707,759
 EUROPE,   Guam*,0,0,0,0,0,0
 EUROPE,   Kiribati,244,253,97,98,147,155
 EUROPE,   Marshall Islands,9,5,6,4,3,1
 EUROPE,   Micronesia (Fed. States of),126,161,57,70,69,91
 EUROPE,   Nauru,55,34,24,12,31,22
 EUROPE,   Northern Mariana Islands*,50,48,21,21,29,27
 EUROPE,   Palau,199,204,158,162,41,42
 EUROPE,   American Samoa*,44,41,22,22,22,19
 EUROPE,   Cook Islands*,3,3,0,0,3,3
 EUROPE,   French Polynesia*,265,277,125,131,140,146
 EUROPE,   Niue*,0,0,0,0,0,0
 EUROPE,   Samoa,936,980,440,478,496,502
 EUROPE,   Tokelau*,0,0,0,0,0,0
 EUROPE,   Tonga,461,509,235,259,226,250
 EUROPE,   Tuvalu,644,641,278,277,366,364
 EUROPE,   Wallis and Futuna Islands*,4,4,0,2,4,2
  Eastern Europe,WORLD,19833989,20835402,9395960,9978380,10438029,10857022
  Eastern Europe,  Sub-Saharan Africa,16582,23498,11541,16346,5041,7152
  Eastern Europe,  Northern Africa and Western Asia,2116713,2137507,1194446,1205928,922267,931579
  Eastern Europe,  Central and Southern Asia,5651282,5663304,2776314,2782395,2874968,2880909
  Eastern Europe,  Eastern and South-Eastern Asia,226719,260006,125639,143071,101080,116935
  Eastern Europe,  Latin America and the Caribbean,15579,23807,9125,13291,6454,10516
  Eastern Europe,  Oceania (excluding Australia and New Zealand),766,773,334,342,432,431
  Eastern Europe,  Australia and New Zealand,4131,5705,2363,3374,1768,2331
  Eastern Europe,  Europe and Northern America,11341361,12223867,5083806,5598807,6257555,6625060
  Eastern Europe,  Developed regions,11350292,12235818,5088556,5605386,6261736,6630432
  Eastern Europe,  Less developed regions,8022841,8102649,4115012,4158168,3907829,3944481
  Eastern Europe," Less developed regions, excluding least developed countries",7986426,8070611,4088304,4134156,3898122,3936455
  Eastern Europe," Less developed regions, excluding China",7934335,8004617,4066022,4104203,3868313,3900414
  Eastern Europe,  Least developed countries,36415,32038,26708,24012,9707,8026
  Eastern Europe,  Land-locked Developing Countries (LLDC),7688795,7881833,3874558,3984251,3814237,3897582
  Eastern Europe,  Small island developing States (SIDS),6280,7591,3649,4437,2631,3154
  Eastern Europe,  High-income countries,1597511,2017115,788236,1037865,809275,979250
  Eastern Europe,  Middle-income countries,17186437,17752691,8057598,8384014,9128839,9368677
  Eastern Europe, Upper-middle-income countries,10529120,10712602,4843424,4941499,5685696,5771103
  Eastern Europe, Lower-middle-income countries,6657317,7040089,3214174,3442515,3443143,3597574
  Eastern Europe,  Low-income countries,588909,568517,357552,341590,231357,226927
  Eastern Europe, AFRICA,33057,47212,23773,33757,9284,13455
  Eastern Europe,  Eastern Africa,4638,5891,3107,3892,1531,1999
  Eastern Europe,  Middle Africa,3228,4335,2363,3048,865,1287
  Eastern Europe,  Northern Africa,16475,23714,12232,17411,4243,6303
  Eastern Europe,  Southern Africa,1927,2785,1092,1590,835,1195
  Eastern Europe,  Western Africa,6789,10487,4979,7816,1810,2671
  Eastern Europe, ASIA,7978239,8037103,4084167,4113983,3894072,3923120
  Eastern Europe,  Central Asia,5596606,5608308,2736063,2742150,2860543,2866158
  Eastern Europe,  Eastern Asia,138542,156229,75450,84949,63092,71280
  Eastern Europe,  South-Eastern Asia,88177,103777,50189,58122,37988,45655
  Eastern Europe,  Southern Asia,54676,54996,40251,40245,14425,14751
  Eastern Europe,  Western Asia,2100238,2113793,1182214,1188517,918024,925276
  Eastern Europe, EUROPE,11293059,12157908,5058114,5562518,6234945,6595390
  Eastern Europe,  Eastern Europe,10256237,10787095,4538845,4845557,5717392,5941538
  Eastern Europe,  Northern Europe,453951,546407,209710,263785,244241,282622
  Eastern Europe,  Southern Europe,206512,326399,116348,187296,90164,139103
  Eastern Europe,  Western Europe,376359,498007,193211,265880,183148,232127
  Eastern Europe, LATIN AMERICA AND THE CARIBBEAN,15579,23807,9125,13291,6454,10516
  Eastern Europe,  Caribbean,4564,5294,2770,3205,1794,2089
  Eastern Europe,  Central America,2207,4316,1281,2344,926,1972
  Eastern Europe,  South America,8808,14197,5074,7742,3734,6455
  Eastern Europe, NORTHERN AMERICA,48302,65959,25692,36289,22610,29670
  Eastern Europe, OCEANIA ,4897,6478,2697,3716,2200,2762
  Eastern Europe,  Australia and New Zealand,4131,5705,2363,3374,1768,2331
  Eastern Europe,  Melanesia,48,59,30,36,18,23
  Eastern Europe,  Micronesia,70,58,31,24,39,34
  Eastern Europe,  Polynesia*,648,656,273,282,375,374
  Eastern Europe,   Burundi,163,177,131,141,32,36
  Eastern Europe,   Comoros,89,100,45,53,44,47
  Eastern Europe,   Djibouti,8,15,5,13,3,2
  Eastern Europe,   Eritrea,71,152,30,102,41,50
  Eastern Europe,   Ethiopia,655,849,473,582,182,267
  Eastern Europe,   Kenya,749,1028,457,619,292,409
  Eastern Europe,   Madagascar,161,195,101,117,60,78
  Eastern Europe,   Malawi,45,52,29,37,16,15
  Eastern Europe,   Mauritius*,172,235,104,141,68,94
  Eastern Europe,   Mayotte*,0,0,0,0,0,0
  Eastern Europe,   Mozambique,208,251,146,179,62,72
  Eastern Europe,   Réunion*,0,0,0,0,0,0
  Eastern Europe,   Rwanda,79,106,49,66,30,40
  Eastern Europe,   Seychelles,17,20,8,8,9,12
  Eastern Europe,   Somalia,682,675,544,561,138,114
  Eastern Europe,   South Sudan,0,0,0,0,0,0
  Eastern Europe,   Uganda,232,347,122,186,110,161
  Eastern Europe,   United Republic of Tanzania*,381,451,253,303,128,148
  Eastern Europe,   Zambia,626,755,444,515,182,240
  Eastern Europe,   Zimbabwe,300,483,166,269,134,214
  Eastern Europe,   Angola,862,996,680,776,182,220
  Eastern Europe,   Cameroon,776,1238,614,925,162,313
  Eastern Europe,   Central African Republic,100,132,63,84,37,48
  Eastern Europe,   Chad,305,325,196,220,109,105
  Eastern Europe,   Congo,879,1020,628,725,251,295
  Eastern Europe,   Democratic Republic of the Congo,155,258,97,147,58,111
  Eastern Europe,   Equatorial Guinea,126,288,71,133,55,155
  Eastern Europe,   Gabon,21,74,10,36,11,38
  Eastern Europe,   Sao Tome and Principe,4,4,4,2,0,2
  Eastern Europe,   Algeria,3357,4466,2475,3321,882,1145
  Eastern Europe,   Egypt,4008,6227,2964,4553,1044,1674
  Eastern Europe,   Libya,1380,1702,882,1128,498,574
  Eastern Europe,   Morocco,3934,5664,2832,3981,1102,1683
  Eastern Europe,   Sudan,664,773,562,646,102,127
  Eastern Europe,   Tunisia,3100,4853,2509,3775,591,1078
  Eastern Europe,   Western Sahara,32,29,8,7,24,22
  Eastern Europe,   Botswana,155,103,87,51,68,52
  Eastern Europe,   Eswatini,5,10,2,3,3,7
  Eastern Europe,   Lesotho,9,4,6,1,3,3
  Eastern Europe,   Namibia,171,194,97,104,74,90
  Eastern Europe,   South Africa,1587,2474,900,1431,687,1043
  Eastern Europe,   Benin,180,242,131,174,49,68
  Eastern Europe,   Burkina Faso,487,550,224,280,263,270
  Eastern Europe,   Cabo Verde,73,166,43,85,30,81
  Eastern Europe,   Côte d'Ivoire,287,504,232,406,55,98
  Eastern Europe,   Gambia,40,189,29,163,11,26
  Eastern Europe,   Ghana,754,1427,572,1072,182,355
  Eastern Europe,   Guinea,438,711,344,568,94,143
  Eastern Europe,   Guinea-Bissau,179,321,121,231,58,90
  Eastern Europe,   Liberia,53,56,39,43,14,13
  Eastern Europe,   Mali,210,631,184,576,26,55
  Eastern Europe,   Mauritania,33,219,30,172,3,47
  Eastern Europe,   Niger,49,64,44,62,5,2
  Eastern Europe,   Nigeria,3627,4691,2693,3462,934,1229
  Eastern Europe,   Saint Helena*,3,30,1,15,2,15
  Eastern Europe,   Senegal,293,515,223,387,70,128
  Eastern Europe,   Sierra Leone,54,101,50,74,4,27
  Eastern Europe,   Togo,29,70,19,46,10,24
  Eastern Europe,   Kazakhstan,2870173,2876106,1320012,1323012,1550161,1553094
  Eastern Europe,   Kyrgyzstan,624547,625372,302634,303151,321913,322221
  Eastern Europe,   Tajikistan,502026,502484,293077,293292,208949,209192
  Eastern Europe,   Turkmenistan,214231,214707,101981,102250,112250,112457
  Eastern Europe,   Uzbekistan,1385629,1389639,718359,720445,667270,669194
  Eastern Europe,   China*,88446,97974,48954,53929,39492,44045
  Eastern Europe,"   China, Hong Kong SAR*",60,58,36,36,24,22
  Eastern Europe,"   China, Macao SAR*",0,0,0,0,0,0
  Eastern Europe,"   China, Taiwan Province of China*",0,0,0,0,0,0
  Eastern Europe,   Dem. People's Republic of Korea,10765,10766,8258,8253,2507,2513
  Eastern Europe,   Japan,4800,6246,2387,3205,2413,3041
  Eastern Europe,   Mongolia,27321,31617,11800,14191,15521,17426
  Eastern Europe,   Republic of Korea,7150,9568,4015,5335,3135,4233
  Eastern Europe,   Brunei Darussalam,4,2,4,2,0,0
  Eastern Europe,   Cambodia,254,330,170,197,84,133
  Eastern Europe,   Indonesia,749,1497,378,804,371,693
  Eastern Europe,   Lao People's Democratic Republic,200,266,145,176,55,90
  Eastern Europe,   Malaysia*,2066,2091,1115,1140,951,951
  Eastern Europe,   Myanmar,773,815,696,702,77,113
  Eastern Europe,   Philippines,1275,3491,298,976,977,2515
  Eastern Europe,   Singapore,221,389,112,197,109,192
  Eastern Europe,   Thailand,2052,3510,336,630,1716,2880
  Eastern Europe,   Timor-Leste,1,1,0,0,1,1
  Eastern Europe,   Viet Nam,80582,91385,46935,53298,33647,38087
  Eastern Europe,   Afghanistan,23750,13406,17518,10141,6232,3265
  Eastern Europe,   Bangladesh,1414,2280,1051,1840,363,440
  Eastern Europe,   Bhutan,28,44,16,23,12,21
  Eastern Europe,   India,13712,19572,10209,14423,3503,5149
  Eastern Europe,   Iran (Islamic Republic of),8617,11708,6143,7782,2474,3926
  Eastern Europe,   Maldives,55,64,25,32,30,32
  Eastern Europe,   Nepal,491,2348,383,1906,108,442
  Eastern Europe,   Pakistan,5711,3803,4373,2892,1338,911
  Eastern Europe,   Sri Lanka,898,1771,533,1206,365,565
  Eastern Europe,   Armenia,585989,587967,329790,331039,256199,256928
  Eastern Europe,   Azerbaijan*,867177,869294,480826,482181,386351,387113
  Eastern Europe,   Bahrain,64,123,34,70,30,53
  Eastern Europe,   Cyprus*,2613,4609,1421,2531,1192,2078
  Eastern Europe,   Georgia*,525805,527505,282400,283430,243405,244075
  Eastern Europe,   Iraq,10933,6827,7991,4884,2942,1943
  Eastern Europe,   Israel,13110,17346,7594,10429,5516,6917
  Eastern Europe,   Jordan,5722,6682,5254,5972,468,710
  Eastern Europe,   Kuwait,809,1291,560,890,249,401
  Eastern Europe,   Lebanon,4909,6121,4152,5034,757,1087
  Eastern Europe,   Oman,81,163,49,107,32,56
  Eastern Europe,   Qatar,145,332,84,193,61,139
  Eastern Europe,   Saudi Arabia,1085,1678,749,1149,336,529
  Eastern Europe,   State of Palestine*,2402,2778,2199,2459,203,319
  Eastern Europe,   Syrian Arab Republic,45968,33222,34053,23529,11915,9693
  Eastern Europe,   Turkey,31052,43896,23423,32013,7629,11883
  Eastern Europe,   United Arab Emirates,1052,2354,598,1366,454,988
  Eastern Europe,   Yemen,1322,1605,1037,1241,285,364
  Eastern Europe,   Belarus,1092189,1123516,459568,478242,632621,645274
  Eastern Europe,   Bulgaria,32685,41077,18129,23616,14556,17461
  Eastern Europe,   Czechia,106616,110896,48696,50636,57920,60260
  Eastern Europe,   Hungary,43613,47913,21409,24013,22204,23900
  Eastern Europe,   Poland,63045,68687,29758,33066,33287,35621
  Eastern Europe,   Republic of Moldova*,576120,754012,290959,392772,285161,361240
  Eastern Europe,   Romania,216285,246534,103415,125137,112870,121397
  Eastern Europe,   Russian Federation,4102189,4180963,1704636,1740003,2397553,2440960
  Eastern Europe,   Slovakia,112476,139288,57270,72442,55206,66846
  Eastern Europe,   Ukraine*,3911019,4074209,1805005,1905630,2106014,2168579
  Eastern Europe,   Channel Islands*,0,0,0,0,0,0
  Eastern Europe,   Denmark*,2778,5545,1653,3227,1125,2318
  Eastern Europe,   Estonia,72862,73273,33626,33840,39236,39433
  Eastern Europe,   Faroe Islands*,5,3,2,1,3,2
  Eastern Europe,   Finland*,5893,6786,2772,3271,3121,3515
  Eastern Europe,   Iceland,770,1108,380,578,390,530
  Eastern Europe,   Ireland,11186,18592,5916,10351,5270,8241
  Eastern Europe,   Isle of Man*,5,24,3,16,2,8
  Eastern Europe,   Latvia,121834,123150,55415,56173,66419,66977
  Eastern Europe,   Lithuania,163773,181271,68837,79648,94936,101623
  Eastern Europe,   Norway*,4840,7509,2246,3679,2594,3830
  Eastern Europe,   Sweden,4804,7141,2676,4139,2128,3002
  Eastern Europe,   United Kingdom*,65201,122005,36184,68862,29017,53143
  Eastern Europe,   Albania,1987,3694,1188,2441,799,1253
  Eastern Europe,   Andorra,42,17,23,10,19,7
  Eastern Europe,   Bosnia and Herzegovina,7193,9500,3989,5661,3204,3839
  Eastern Europe,   Croatia,5612,7273,3323,4525,2289,2748
  Eastern Europe,   Gibraltar*,11,19,4,7,7,12
  Eastern Europe,   Greece,18796,26360,10400,15326,8396,11034
  Eastern Europe,   Holy See*,4,2,3,1,1,1
  Eastern Europe,   Italy,66709,116990,38692,67942,28017,49048
  Eastern Europe,   Malta,257,557,141,306,116,251
  Eastern Europe,   Montenegro,551,701,393,476,158,225
  Eastern Europe,   North Macedonia,7288,9211,4580,6170,2708,3041
  Eastern Europe,   Portugal,2669,5497,1580,3224,1089,2273
  Eastern Europe,   San Marino,64,59,22,19,42,40
  Eastern Europe,   Serbia*,49349,61889,27900,36001,21449,25888
  Eastern Europe,   Slovenia,1629,2110,1011,1323,618,787
  Eastern Europe,   Spain*,44351,82520,23099,43864,21252,38656
  Eastern Europe,   Austria,22740,32136,12908,18321,9832,13815
  Eastern Europe,   Belgium,11355,19008,6150,10691,5205,8317
  Eastern Europe,   France*,46024,73501,22442,38731,23582,34770
  Eastern Europe,   Germany,279273,347406,141646,182571,137627,164835
  Eastern Europe,   Liechtenstein,14,16,9,8,5,8
  Eastern Europe,   Luxembourg,603,1148,287,577,316,571
  Eastern Europe,   Monaco,94,126,48,66,46,60
  Eastern Europe,   Netherlands*,10468,15623,6498,9783,3970,5840
  Eastern Europe,   Switzerland,5788,9043,3223,5132,2565,3911
  Eastern Europe,   Anguilla*,236,80,170,60,66,20
  Eastern Europe,   Antigua and Barbuda,9,4,5,3,4,1
  Eastern Europe,   Aruba*,7,6,5,4,2,2
  Eastern Europe,   Bahamas,12,14,5,8,7,6
  Eastern Europe,   Barbados,8,10,3,4,5,6
  Eastern Europe,"   Bonaire, Sint Eustatius and Saba*",0,0,0,0,0,0
  Eastern Europe,   British Virgin Islands*,60,61,37,36,23,25
  Eastern Europe,   Cayman Islands*,8,8,4,1,4,7
  Eastern Europe,   Cuba,3883,4396,2361,2718,1522,1678
  Eastern Europe,   Curaçao*,0,0,0,0,0,0
  Eastern Europe,   Dominica,10,17,7,7,3,10
  Eastern Europe,   Dominican Republic,186,462,87,232,99,230
  Eastern Europe,   Grenada,7,9,5,6,2,3
  Eastern Europe,   Guadeloupe*,0,0,0,0,0,0
  Eastern Europe,   Haiti,19,49,12,23,7,26
  Eastern Europe,   Jamaica,73,96,42,55,31,41
  Eastern Europe,   Martinique*,0,0,0,0,0,0
  Eastern Europe,   Montserrat*,0,0,0,0,0,0
  Eastern Europe,   Puerto Rico*,0,0,0,0,0,0
  Eastern Europe,   Saint Barthélemy*,0,0,0,0,0,0
  Eastern Europe,   Saint Kitts and Nevis,1,0,1,0,0,0
  Eastern Europe,   Saint Lucia,10,7,6,5,4,2
  Eastern Europe,   Saint Martin (French part)*,0,0,0,0,0,0
  Eastern Europe,   Saint Vincent and the Grenadines,5,1,2,0,3,1
  Eastern Europe,   Sint Maarten (Dutch part)*,0,0,0,0,0,0
  Eastern Europe,   Trinidad and Tobago,27,73,15,42,12,31
  Eastern Europe,   Turks and Caicos Islands*,3,1,3,1,0,0
  Eastern Europe,   United States Virgin Islands*,0,0,0,0,0,0
  Eastern Europe,   Belize,7,8,4,7,3,1
  Eastern Europe,   Costa Rica,195,431,124,265,71,166
  Eastern Europe,   El Salvador,64,145,37,77,27,68
  Eastern Europe,   Guatemala,72,178,38,103,34,75
  Eastern Europe,   Honduras,46,166,24,59,22,107
  Eastern Europe,   Mexico,1528,2793,853,1569,675,1224
  Eastern Europe,   Nicaragua,141,391,106,136,35,255
  Eastern Europe,   Panama,154,204,95,128,59,76
  Eastern Europe,   Argentina,1395,2058,772,1183,623,875
  Eastern Europe,   Bolivia (Plurinational State of),306,526,207,337,99,189
  Eastern Europe,   Brazil,3129,4404,1753,2281,1376,2123
  Eastern Europe,   Chile,491,854,284,474,207,380
  Eastern Europe,   Colombia,899,1424,517,782,382,642
  Eastern Europe,   Ecuador,552,961,362,529,190,432
  Eastern Europe,   Falkland Islands (Malvinas)*,0,1,0,0,0,1
  Eastern Europe,   French Guiana*,0,0,0,0,0,0
  Eastern Europe,   Guyana,42,55,29,38,13,17
  Eastern Europe,   Paraguay,99,246,51,92,48,154
  Eastern Europe,   Peru,927,1338,593,840,334,498
  Eastern Europe,   Suriname,21,36,14,27,7,9
  Eastern Europe,   Uruguay,369,608,177,311,192,297
  Eastern Europe,   Venezuela (Bolivarian Republic of),578,1686,315,848,263,838
  Eastern Europe,   Bermuda*,6,4,2,1,4,3
  Eastern Europe,   Canada,7704,10654,4135,6028,3569,4626
  Eastern Europe,   Greenland*,7,5,6,4,1,1
  Eastern Europe,   Saint Pierre and Miquelon*,0,0,0,0,0,0
  Eastern Europe,   United States of America*,40585,55296,21549,30256,19036,25040
  Eastern Europe,   Australia*,3485,4766,1954,2779,1531,1987
  Eastern Europe,   New Zealand*,646,939,409,595,237,344
  Eastern Europe,   Fiji,10,15,7,10,3,5
  Eastern Europe,   New Caledonia*,3,3,2,1,1,2
  Eastern Europe,   Papua New Guinea,14,24,8,14,6,10
  Eastern Europe,   Solomon Islands,3,2,2,1,1,1
  Eastern Europe,   Vanuatu,18,15,11,10,7,5
  Eastern Europe,   Guam*,0,0,0,0,0,0
  Eastern Europe,   Kiribati,13,9,5,2,8,7
  Eastern Europe,   Marshall Islands,1,0,1,0,0,0
  Eastern Europe,   Micronesia (Fed. States of),1,0,1,0,0,0
  Eastern Europe,   Nauru,5,1,3,1,2,0
  Eastern Europe,   Northern Mariana Islands*,50,48,21,21,29,27
  Eastern Europe,   Palau,0,0,0,0,0,0
  Eastern Europe,   American Samoa*,43,41,22,22,21,19
  Eastern Europe,   Cook Islands*,0,0,0,0,0,0
  Eastern Europe,   French Polynesia*,3,8,2,3,1,5
  Eastern Europe,   Niue*,0,0,0,0,0,0
  Eastern Europe,   Samoa,11,6,3,1,8,5
  Eastern Europe,   Tokelau*,0,0,0,0,0,0
  Eastern Europe,   Tonga,5,17,2,11,3,6
  Eastern Europe,   Tuvalu,585,582,244,243,341,339
  Eastern Europe,   Wallis and Futuna Islands*,1,2,0,2,1,0
   Belarus,WORLD,1082905,1067090,495961,488713,586944,578377
   Belarus,  Sub-Saharan Africa,25,23,24,23,1,0
   Belarus,  Northern Africa and Western Asia,28427,27995,16588,16342,11839,11653
   Belarus,  Central and Southern Asia,101548,100052,49312,48591,52236,51461
   Belarus,  Eastern and South-Eastern Asia,623,608,248,244,375,364
   Belarus,  Latin America and the Caribbean,268,258,106,104,162,154
   Belarus,  Oceania (excluding Australia and New Zealand),0,0,0,0,0,0
   Belarus,  Australia and New Zealand,28,26,12,12,16,14
   Belarus,  Europe and Northern America,951675,937824,429458,423187,522217,514637
   Belarus,  Developed regions,951703,937850,429470,423199,522233,514651
   Belarus,  Less developed regions,130891,128936,66278,65304,64613,63632
   Belarus," Less developed regions, excluding least developed countries",130551,128605,66035,65064,64516,63541
   Belarus," Less developed regions, excluding China",130891,128936,66278,65304,64613,63632
   Belarus,  Least developed countries,340,331,243,240,97,91
   Belarus,  Land-locked Developing Countries (LLDC),128426,126534,64558,63614,63868,62920
   Belarus,  Small island developing States (SIDS),44,42,41,41,3,1
   Belarus,  High-income countries,36370,35799,11141,10980,25229,24819
   Belarus,  Middle-income countries,1040062,1024923,481357,474321,558705,550602
   Belarus, Upper-middle-income countries,786016,774600,358011,352778,428005,421822
   Belarus, Lower-middle-income countries,254046,250323,123346,121543,130700,128780
   Belarus,  Low-income countries,6162,6064,3250,3202,2912,2862
   Belarus, AFRICA,78,74,68,67,10,7
   Belarus,  Eastern Africa,25,23,24,23,1,0
   Belarus,  Middle Africa,0,0,0,0,0,0
   Belarus,  Northern Africa,53,51,44,44,9,7
   Belarus,  Southern Africa,0,0,0,0,0,0
   Belarus,  Western Africa,0,0,0,0,0,0
   Belarus, ASIA,130545,128604,66104,65133,64441,63471
   Belarus,  Central Asia,101122,99637,48995,48278,52127,51359
   Belarus,  Eastern Asia,257,249,76,75,181,174
   Belarus,  South-Eastern Asia,366,359,172,169,194,190
   Belarus,  Southern Asia,426,415,317,313,109,102
   Belarus,  Western Asia,28374,27944,16544,16298,11830,11646
   Belarus, EUROPE,951433,937588,429363,423093,522070,514495
   Belarus,  Eastern Europe,916731,903416,418912,412792,497819,490624
   Belarus,  Northern Europe,34310,33797,10270,10121,24040,23676
   Belarus,  Southern Europe,202,193,94,93,108,100
   Belarus,  Western Europe,190,182,87,87,103,95
   Belarus, LATIN AMERICA AND THE CARIBBEAN,268,258,106,104,162,154
   Belarus,  Caribbean,44,42,41,41,3,1
   Belarus,  Central America,0,0,0,0,0,0
   Belarus,  South America,224,216,65,63,159,153
   Belarus, NORTHERN AMERICA,242,236,95,94,147,142
   Belarus, OCEANIA ,28,26,12,12,16,14
   Belarus,  Australia and New Zealand,28,26,12,12,16,14
   Belarus,  Melanesia,0,0,0,0,0,0
   Belarus,  Micronesia,0,0,0,0,0,0
   Belarus,  Polynesia*,0,0,0,0,0,0
   Belarus,   Afghanistan,282,277,192,190,90,87
   Belarus,   Algeria,53,51,44,44,9,7
   Belarus,   Azerbaijan*,13493,13294,7781,7667,5712,5627
   Belarus,   Argentina,102,99,35,34,67,65
   Belarus,   Australia*,28,26,12,12,16,14
   Belarus,   Austria,59,57,18,18,41,39
   Belarus,   Armenia,5728,5643,3434,3384,2294,2259
   Belarus,   Belgium,36,34,21,21,15,13
   Belarus,   Brazil,94,91,26,25,68,66
   Belarus,   Bulgaria,61,59,31,31,30,28
   Belarus,   Canada,155,152,58,58,97,94
   Belarus,   Cuba,44,42,41,41,3,1
   Belarus,   Czechia,96,93,29,28,67,65
   Belarus,   Denmark*,199,195,118,117,81,78
   Belarus,   Ethiopia,25,23,24,23,1,0
   Belarus,   Estonia,3243,3194,1104,1087,2139,2107
   Belarus,   Finland*,2111,2079,979,965,1132,1114
   Belarus,   Georgia*,8507,8381,4911,4839,3596,3542
   Belarus,   Germany,66,64,35,35,31,29
   Belarus,   Greece,108,105,35,34,73,71
   Belarus,   Hungary,342,335,128,125,214,210
   Belarus,   India,48,46,39,39,9,7
   Belarus,   Iran (Islamic Republic of),49,47,39,39,10,8
   Belarus,   Ireland,24,22,8,8,16,14
   Belarus,   Israel,387,380,179,176,208,204
   Belarus,   Italy,24,22,21,21,3,1
   Belarus,   Kazakhstan,69957,68934,33739,33246,36218,35688
   Belarus,   Jordan,30,28,29,28,1,0
   Belarus,   Dem. People's Republic of Korea,60,58,19,19,41,39
   Belarus,   Republic of Korea,29,27,14,14,15,13
   Belarus,   Kyrgyzstan,5234,5156,2532,2495,2702,2661
   Belarus,   Lebanon,65,63,65,63,0,0
   Belarus,   Latvia,10486,10332,3087,3043,7399,7289
   Belarus,   Lithuania,17385,17130,4592,4525,12793,12605
   Belarus,   Mongolia,168,164,43,42,125,122
   Belarus,   Republic of Moldova*,7608,7496,4089,4030,3519,3466
   Belarus,   Norway*,61,59,34,34,27,25
   Belarus,   Pakistan,47,45,47,45,0,0
   Belarus,   Poland,478,470,221,218,257,252
   Belarus,   Romania,23,21,10,10,13,11
   Belarus,   Russian Federation,682362,672481,305167,300709,377195,371772
   Belarus,   Serbia*,35,33,22,22,13,11
   Belarus,   Slovakia,27,25,9,9,18,16
   Belarus,   Viet Nam,366,359,172,169,194,190
   Belarus,   Spain*,35,33,16,16,19,17
   Belarus,   Sweden,340,333,177,174,163,159
   Belarus,   Switzerland,29,27,13,13,16,14
   Belarus,   Syrian Arab Republic,83,80,83,80,0,0
   Belarus,   Tajikistan,5679,5595,2905,2863,2774,2732
   Belarus,   United Arab Emirates,23,21,11,11,12,10
   Belarus,   Turkey,25,23,24,23,1,0
   Belarus,   Turkmenistan,5464,5382,2667,2627,2797,2755
   Belarus,   Ukraine*,225734,222436,109228,107632,116506,114804
   Belarus,   United Kingdom*,461,453,171,168,290,285
   Belarus,   United States of America*,87,84,37,36,50,48
   Belarus,   Uruguay,28,26,4,4,24,22
   Belarus,   Uzbekistan,14788,14570,7152,7047,7636,7523
   Belarus,   Yemen,33,31,27,27,6,4
   Belarus,Other,311,304,213,210,98,94
   Bulgaria,WORLD,123803,184363,60058,91585,63745,92778
   Bulgaria,  Sub-Saharan Africa,713,1116,433,675,280,441
   Bulgaria,  Northern Africa and Western Asia,35508,43987,23013,27198,12495,16789
   Bulgaria,  Central and Southern Asia,7179,6298,4089,2906,3090,3392
   Bulgaria,  Eastern and South-Eastern Asia,2218,3189,1085,1503,1133,1686
   Bulgaria,  Latin America and the Caribbean,909,1238,483,667,426,571
   Bulgaria,  Oceania (excluding Australia and New Zealand),34,25,20,14,14,11
   Bulgaria,  Australia and New Zealand,242,358,135,201,107,157
   Bulgaria,  Europe and Northern America,76602,127595,30560,58057,46042,69538
   Bulgaria,  Developed regions,77003,128173,30763,58357,46240,69816
   Bulgaria,  Less developed regions,46402,55633,29055,32864,17347,22769
   Bulgaria," Less developed regions, excluding least developed countries",42074,54135,25988,31928,16086,22207
   Bulgaria," Less developed regions, excluding China",45319,54083,28530,32122,16789,21961
   Bulgaria,  Least developed countries,4328,1498,3067,936,1261,562
   Bulgaria,  Land-locked Developing Countries (LLDC),13749,16231,6760,7734,6989,8497
   Bulgaria,  Small island developing States (SIDS),493,583,281,335,212,248
   Bulgaria,  High-income countries,43218,73954,21496,38913,21722,35041
   Bulgaria,  Middle-income countries,60772,90965,25354,40672,35418,50293
   Bulgaria, Upper-middle-income countries,48939,71163,21335,32625,27604,38538
   Bulgaria, Lower-middle-income countries,11833,19802,4019,8047,7814,11755
   Bulgaria,  Low-income countries,19384,18857,12948,11614,6436,7243
   Bulgaria, AFRICA,1711,2582,1042,1631,669,951
   Bulgaria,  Eastern Africa,197,271,122,166,75,105
   Bulgaria,  Middle Africa,59,90,35,51,24,39
   Bulgaria,  Northern Africa,998,1466,609,956,389,510
   Bulgaria,  Southern Africa,218,370,105,188,113,182
   Bulgaria,  Western Africa,239,385,171,270,68,115
   Bulgaria, ASIA,43907,52008,27578,30651,16329,21357
   Bulgaria,  Central Asia,2530,3956,794,1402,1736,2554
   Bulgaria,  Eastern Asia,1490,2138,694,1000,796,1138
   Bulgaria,  South-Eastern Asia,728,1051,391,503,337,548
   Bulgaria,  Southern Asia,4649,2342,3295,1504,1354,838
   Bulgaria,  Western Asia,34510,42521,22404,26242,12106,16279
   Bulgaria, EUROPE,73986,123386,29233,55773,44753,67613
   Bulgaria,  Eastern Europe,37452,56101,10138,18988,27314,37113
   Bulgaria,  Northern Europe,7296,14717,3745,7671,3551,7046
   Bulgaria,  Southern Europe,19399,29921,10187,16979,9212,12942
   Bulgaria,  Western Europe,9839,22647,5163,12135,4676,10512
   Bulgaria, LATIN AMERICA AND THE CARIBBEAN,909,1238,483,667,426,571
   Bulgaria,  Caribbean,408,477,236,283,172,194
   Bulgaria,  Central America,112,169,71,102,41,67
   Bulgaria,  South America,389,592,176,282,213,310
   Bulgaria, NORTHERN AMERICA,2616,4209,1327,2284,1289,1925
   Bulgaria, OCEANIA ,276,383,155,215,121,168
   Bulgaria,  Australia and New Zealand,242,358,135,201,107,157
   Bulgaria,  Melanesia,18,16,13,11,5,5
   Bulgaria,  Micronesia,7,4,5,2,2,2
   Bulgaria,  Polynesia*,9,5,2,1,7,4
   Bulgaria,   Afghanistan,3438,426,2563,298,875,128
   Bulgaria,   Albania,990,1351,520,777,470,574
   Bulgaria,   Algeria,347,460,194,283,153,177
   Bulgaria,   Andorra,0,0,0,0,0,0
   Bulgaria,   Angola,8,15,2,5,6,10
   Bulgaria,   Anguilla*,29,30,19,22,10,8
   Bulgaria,   Antigua and Barbuda,5,4,4,3,1,1
   Bulgaria,   Argentina,99,127,44,65,55,62
   Bulgaria,   Armenia,1371,1802,576,809,795,993
   Bulgaria,   Aruba*,5,3,4,2,1,1
   Bulgaria,   Australia*,200,295,110,164,90,131
   Bulgaria,   Austria,804,1938,441,1064,363,874
   Bulgaria,   Azerbaijan*,1652,1930,688,862,964,1068
   Bulgaria,   Bahamas,4,3,0,0,4,3
   Bulgaria,   Bahrain,14,28,5,14,9,14
   Bulgaria,   Bangladesh,478,539,235,288,243,251
   Bulgaria,   Barbados,4,3,1,0,3,3
   Bulgaria,   Belarus,704,1110,148,300,556,810
   Bulgaria,   Belgium,1297,2606,662,1377,635,1229
   Bulgaria,   Belize,2,0,0,0,2,0
   Bulgaria,   Benin,24,27,13,16,11,11
   Bulgaria,   Bermuda*,1,1,0,0,1,1
   Bulgaria,   Bhutan,21,23,12,14,9,9
   Bulgaria,   Bolivia (Plurinational State of),16,22,9,12,7,10
   Bulgaria,   Bosnia and Herzegovina,102,164,65,111,37,53
   Bulgaria,   Botswana,23,26,13,16,10,10
   Bulgaria,   Brazil,120,210,44,89,76,121
   Bulgaria,   British Virgin Islands*,59,60,36,35,23,25
   Bulgaria,   Brunei Darussalam,1,1,1,1,0,0
   Bulgaria,   Burkina Faso,11,13,7,9,4,4
   Bulgaria,   Burundi,15,18,7,10,8,8
   Bulgaria,   Cabo Verde,6,5,4,3,2,2
   Bulgaria,   Cambodia,11,13,0,0,11,13
   Bulgaria,   Cameroon,13,24,11,18,2,6
   Bulgaria,   Canada,484,753,246,402,238,351
   Bulgaria,   Cayman Islands*,3,3,2,1,1,2
   Bulgaria,   Chad,5,4,4,3,1,1
   Bulgaria,   Chile,20,27,12,16,8,11
   Bulgaria,   China*,1083,1550,525,742,558,808
   Bulgaria,   Colombia,36,68,19,32,17,36
   Bulgaria,   Congo,10,26,4,11,6,15
   Bulgaria,   Costa Rica,7,8,7,6,0,2
   Bulgaria,   Côte d'Ivoire,12,15,7,9,5,6
   Bulgaria,   Croatia,95,125,54,73,41,52
   Bulgaria,   Cuba,241,301,142,186,99,115
   Bulgaria,   Cyprus*,883,1479,461,804,422,675
   Bulgaria,   Czechia,1039,1533,425,688,614,845
   Bulgaria,   Dem. People's Republic of Korea,29,37,10,14,19,23
   Bulgaria,   Democratic Republic of the Congo,13,13,11,11,2,2
   Bulgaria,   Denmark*,201,555,123,314,78,241
   Bulgaria,   Djibouti,3,2,3,2,0,0
   Bulgaria,   Dominica,0,0,0,0,0,0
   Bulgaria,   Dominican Republic,41,56,15,25,26,31
   Bulgaria,   Ecuador,15,28,2,8,13,20
   Bulgaria,   Egypt,210,358,154,262,56,96
   Bulgaria,   El Salvador,8,11,5,8,3,3
   Bulgaria,   Eritrea,3,13,2,12,1,1
   Bulgaria,   Estonia,64,103,19,34,45,69
   Bulgaria,   Eswatini,2,1,0,0,2,1
   Bulgaria,   Ethiopia,50,63,37,44,13,19
   Bulgaria,   Fiji,1,0,1,0,0,0
   Bulgaria,   Finland*,129,211,64,107,65,104
   Bulgaria,   France*,1560,3021,821,1668,739,1353
   Bulgaria,   Gabon,10,8,3,3,7,5
   Bulgaria,   Gambia,8,9,3,4,5,5
   Bulgaria,   Georgia*,354,492,145,221,209,271
   Bulgaria,   Germany,4846,12588,2517,6655,2329,5933
   Bulgaria,   Ghana,15,29,7,19,8,10
   Bulgaria,   Gibraltar*,6,9,2,2,4,7
   Bulgaria,   Greece,6276,8061,3329,4507,2947,3554
   Bulgaria,   Greenland*,2,1,2,1,0,0
   Bulgaria,   Guatemala,4,4,2,1,2,3
   Bulgaria,   Guinea,9,9,8,8,1,1
   Bulgaria,   Guinea-Bissau,4,3,2,1,2,2
   Bulgaria,   Guyana,4,3,3,2,1,1
   Bulgaria,   Haiti,5,4,4,3,1,1
   Bulgaria,   Holy See*,1,0,1,0,0,0
   Bulgaria,   Honduras,2,4,1,0,1,4
   Bulgaria,   Hungary,312,391,124,174,188,217
   Bulgaria,   Iceland,15,29,7,14,8,15
   Bulgaria,   India,251,553,166,363,85,190
   Bulgaria,   Indonesia,38,63,11,14,27,49
   Bulgaria,   Iran (Islamic Republic of),303,475,216,334,87,141
   Bulgaria,   Iraq,4850,1389,3548,971,1302,418
   Bulgaria,   Ireland,214,385,111,209,103,176
   Bulgaria,   Isle of Man*,2,18,0,12,2,6
   Bulgaria,   Israel,486,824,296,518,190,306
   Bulgaria,   Italy,2479,3994,1463,2401,1016,1593
   Bulgaria,   Jamaica,5,5,2,1,3,4
   Bulgaria,   Japan,159,220,68,99,91,121
   Bulgaria,   Jordan,201,293,148,213,53,80
   Bulgaria,   Kazakhstan,1327,2308,399,815,928,1493
   Bulgaria,   Kenya,16,28,6,12,10,16
   Bulgaria,   Kiribati,4,3,2,1,2,2
   Bulgaria,   Kuwait,100,227,66,155,34,72
   Bulgaria,   Kyrgyzstan,145,237,41,90,104,147
   Bulgaria,   Lao People's Democratic Republic,1,0,0,0,1,0
   Bulgaria,   Latvia,148,218,31,52,117,166
   Bulgaria,   Lebanon,662,1026,478,736,184,290
   Bulgaria,   Liberia,5,6,4,4,1,2
   Bulgaria,   Libya,210,294,107,170,103,124
   Bulgaria,   Liechtenstein,2,1,1,0,1,1
   Bulgaria,   Lithuania,118,158,22,44,96,114
   Bulgaria,   Luxembourg,64,109,28,56,36,53
   Bulgaria,   Madagascar,2,1,2,1,0,0
   Bulgaria,   Malawi,1,2,1,2,0,0
   Bulgaria,   Malaysia*,3,20,2,14,1,6
   Bulgaria,   Maldives,1,0,0,0,1,0
   Bulgaria,   Mali,5,3,3,1,2,2
   Bulgaria,   Malta,63,165,32,91,31,74
   Bulgaria,   Marshall Islands,1,0,1,0,0,0
   Bulgaria,   Mauritania,2,2,2,2,0,0
   Bulgaria,   Mauritius*,4,5,2,1,2,4
   Bulgaria,   Mexico,54,97,25,49,29,48
   Bulgaria,   Monaco,8,12,3,6,5,6
   Bulgaria,   Mongolia,79,101,27,37,52,64
   Bulgaria,   Montenegro,24,41,12,23,12,18
   Bulgaria,   Morocco,93,156,48,89,45,67
   Bulgaria,   Mozambique,31,38,17,22,14,16
   Bulgaria,   Namibia,5,8,2,4,3,4
   Bulgaria,   Nauru,2,1,2,1,0,0
   Bulgaria,   Nepal,8,16,8,11,0,5
   Bulgaria,   Netherlands*,911,1772,499,977,412,795
   Bulgaria,   New Zealand*,42,63,25,37,17,26
   Bulgaria,   Nicaragua,28,38,25,33,3,5
   Bulgaria,   Niger,1,0,1,0,0,0
   Bulgaria,   Nigeria,124,246,102,183,22,63
   Bulgaria,   North Macedonia,2402,4614,1287,2934,1115,1680
   Bulgaria,   Norway*,230,545,114,283,116,262
   Bulgaria,   Oman,4,9,4,9,0,0
   Bulgaria,   Pakistan,137,290,85,182,52,108
   Bulgaria,   Panama,7,7,6,5,1,2
   Bulgaria,   Papua New Guinea,2,1,2,1,0,0
   Bulgaria,   Paraguay,2,3,2,2,0,1
   Bulgaria,   Peru,26,33,15,18,11,15
   Bulgaria,   Philippines,72,155,5,19,67,136
   Bulgaria,   Poland,1444,1946,437,683,1007,1263
   Bulgaria,   Portugal,339,569,159,285,180,284
   Bulgaria,   Qatar,29,58,20,40,9,18
   Bulgaria,   Republic of Korea,140,230,64,108,76,122
   Bulgaria,   Republic of Moldova*,2070,3144,693,1232,1377,1912
   Bulgaria,   Romania,4039,3519,1501,1445,2538,2074
   Bulgaria,   Russian Federation,21381,32789,5327,10489,16054,22300
   Bulgaria,   Rwanda,2,1,1,0,1,1
   Bulgaria,   Samoa,5,5,1,1,4,4
   Bulgaria,   San Marino,6,4,1,0,5,4
   Bulgaria,   Saudi Arabia,56,139,37,97,19,42
   Bulgaria,   Senegal,11,14,7,10,4,4
   Bulgaria,   Serbia*,1944,3245,918,1756,1026,1489
   Bulgaria,   Seychelles,0,1,0,0,0,1
   Bulgaria,   Sierra Leone,1,1,1,1,0,0
   Bulgaria,   Singapore,15,33,8,15,7,18
   Bulgaria,   Slovakia,299,394,71,121,228,273
   Bulgaria,   Slovenia,83,129,43,76,40,53
   Bulgaria,   Somalia,16,23,8,12,8,11
   Bulgaria,   South Africa,188,335,90,168,98,167
   Bulgaria,   Spain*,4589,7450,2301,3943,2288,3507
   Bulgaria,   Sri Lanka,12,20,10,14,2,6
   Bulgaria,   State of Palestine*,37,83,23,52,14,31
   Bulgaria,   Sudan,41,48,33,40,8,8
   Bulgaria,   Suriname,1,2,1,2,0,0
   Bulgaria,   Sweden,274,514,139,264,135,250
   Bulgaria,   Switzerland,347,600,191,332,156,268
   Bulgaria,   Syrian Arab Republic,15502,17848,10126,10976,5376,6872
   Bulgaria,   Tajikistan,133,169,54,66,79,103
   Bulgaria,   Thailand,30,57,2,9,28,48
   Bulgaria,   Togo,1,3,0,0,1,3
   Bulgaria,   Tokelau*,0,0,0,0,0,0
   Bulgaria,   Tonga,1,0,0,0,1,0
   Bulgaria,   Trinidad and Tobago,4,4,4,4,0,0
   Bulgaria,   Tunisia,97,150,73,112,24,38
   Bulgaria,   Turkey,8130,14454,5682,9507,2448,4947
   Bulgaria,   Turkmenistan,250,317,82,116,168,201
   Bulgaria,   Turks and Caicos Islands*,3,1,3,1,0,0
   Bulgaria,   Tuvalu,2,0,1,0,1,0
   Bulgaria,   Uganda,7,9,5,6,2,3
   Bulgaria,   Ukraine*,6164,11275,1412,3856,4752,7419
   Bulgaria,   United Arab Emirates,133,347,67,192,66,155
   Bulgaria,   United Kingdom*,5901,11981,3115,6338,2786,5643
   Bulgaria,   United Republic of Tanzania*,10,13,9,12,1,1
   Bulgaria,   United States of America*,2129,3454,1079,1881,1050,1573
   Bulgaria,   Uruguay,16,17,11,12,5,5
   Bulgaria,   Uzbekistan,675,925,218,315,457,610
   Bulgaria,   Vanuatu,15,15,10,10,5,5
   Bulgaria,   Venezuela (Bolivarian Republic of),34,52,14,24,20,28
   Bulgaria,   Viet Nam,557,709,362,431,195,278
   Bulgaria,   Wallis and Futuna Islands*,1,0,0,0,1,0
   Bulgaria,   Yemen,46,93,34,66,12,27
   Bulgaria,   Zambia,10,13,5,7,5,6
   Bulgaria,   Zimbabwe,27,41,17,23,10,18
   Bulgaria,Other,398,557,240,364,158,193
   Czechia,WORLD,416454,540921,239228,312941,177226,227980
   Czechia,  Sub-Saharan Africa,2604,3424,1954,2498,650,926
   Czechia,  Northern Africa and Western Asia,11660,16641,8236,11685,3424,4956
   Czechia,  Central and Southern Asia,13620,21169,8108,13347,5512,7822
   Czechia,  Eastern and South-Eastern Asia,60056,73036,32671,38582,27385,34454
   Czechia,  Latin America and the Caribbean,2795,5003,1719,2976,1076,2027
   Czechia,  Oceania (excluding Australia and New Zealand),18,23,11,16,7,7
   Czechia,  Australia and New Zealand,731,948,488,661,243,287
   Czechia,  Europe and Northern America,320732,416361,183219,240471,137513,175890
   Czechia,  Developed regions,322982,419073,184474,242000,138508,177073
   Czechia,  Less developed regions,89234,117532,51932,68236,37302,49296
   Czechia," Less developed regions, excluding least developed countries",87135,113567,50448,65171,36687,48396
   Czechia," Less developed regions, excluding China",84427,110912,49401,64720,35026,46192
   Czechia,  Least developed countries,2099,3965,1484,3065,615,900
   Czechia,  Land-locked Developing Countries (LLDC),27509,39190,15176,22345,12333,16845
   Czechia,  Small island developing States (SIDS),712,925,465,579,247,346
   Czechia,  High-income countries,165738,213820,100109,129525,65629,84295
   Czechia,  Middle-income countries,244119,319744,134715,178697,109404,141047
   Czechia, Upper-middle-income countries,75735,101059,39308,54034,36427,47025
   Czechia, Lower-middle-income countries,168384,218685,95407,124663,72977,94022
   Czechia,  Low-income countries,2359,3041,1582,2014,777,1027
   Czechia, AFRICA,5343,7226,4363,5728,980,1498
   Czechia,  Eastern Africa,504,688,332,439,172,249
   Czechia,  Middle Africa,428,457,328,349,100,108
   Czechia,  Northern Africa,2739,3802,2409,3230,330,572
   Czechia,  Southern Africa,461,620,282,358,179,262
   Czechia,  Western Africa,1211,1659,1012,1352,199,307
   Czechia, ASIA,82597,107044,46606,60384,35991,46660
   Czechia,  Central Asia,9956,12591,5460,6950,4496,5641
   Czechia,  Eastern Asia,12374,18770,5867,9278,6507,9492
   Czechia,  South-Eastern Asia,47682,54266,26804,29304,20878,24962
   Czechia,  Southern Asia,3664,8578,2648,6397,1016,2181
   Czechia,  Western Asia,8921,12839,5827,8455,3094,4384
   Czechia, EUROPE,314751,407228,179499,235201,135252,172027
   Czechia,  Eastern Europe,268366,346740,144045,189258,124321,157482
   Czechia,  Northern Europe,7938,10474,5756,7619,2182,2855
   Czechia,  Southern Europe,13718,20632,10057,15133,3661,5499
   Czechia,  Western Europe,24729,29382,19641,23191,5088,6191
   Czechia, LATIN AMERICA AND THE CARIBBEAN,2795,5003,1719,2976,1076,2027
   Czechia,  Caribbean,540,638,353,400,187,238
   Czechia,  Central America,625,1252,391,738,234,514
   Czechia,  South America,1630,3113,975,1838,655,1275
   Czechia, NORTHERN AMERICA,5981,9133,3720,5270,2261,3863
   Czechia, OCEANIA ,749,971,499,677,250,294
   Czechia,  Australia and New Zealand,731,948,488,661,243,287
   Czechia,  Melanesia,11,20,9,16,2,4
   Czechia,  Micronesia,1,0,0,0,1,0
   Czechia,  Polynesia*,6,3,2,0,4,3
   Czechia,   Afghanistan,418,484,268,333,150,151
   Czechia,   Albania,309,487,209,299,100,188
   Czechia,   Algeria,686,805,583,675,103,130
   Czechia,   Andorra,0,0,0,0,0,0
   Czechia,   Angola,168,161,140,138,28,23
   Czechia,   Antigua and Barbuda,0,0,0,0,0,0
   Czechia,   Argentina,199,366,116,234,83,132
   Czechia,   Armenia,1865,2096,1018,1151,847,945
   Czechia,   Aruba*,0,0,0,0,0,0
   Czechia,   Australia*,551,701,347,464,204,237
   Czechia,   Austria,2618,3002,2210,2531,408,471
   Czechia,   Azerbaijan*,1142,1596,663,972,479,624
   Czechia,   Bahamas,2,1,1,0,1,1
   Czechia,   Bahrain,14,25,9,19,5,6
   Czechia,   Bangladesh,183,718,160,666,23,52
   Czechia,   Barbados,1,1,1,1,0,0
   Czechia,   Belarus,4097,5864,1710,2851,2387,3013
   Czechia,   Belgium,613,819,468,621,145,198
   Czechia,   Belize,0,1,0,1,0,0
   Czechia,   Benin,43,39,31,27,12,12
   Czechia,   Bermuda*,4,2,2,1,2,1
   Czechia,   Bhutan,2,3,1,1,1,2
   Czechia,   Bolivia (Plurinational State of),78,99,54,67,24,32
   Czechia,   Bosnia and Herzegovina,2504,3178,1661,2239,843,939
   Czechia,   Botswana,97,30,62,14,35,16
   Czechia,   Brazil,462,1150,280,672,182,478
   Czechia,   Brunei Darussalam,1,0,1,0,0,0
   Czechia,   Bulgaria,9276,15166,5821,9637,3455,5529
   Czechia,   Burkina Faso,17,17,11,12,6,5
   Czechia,   Burundi,5,5,3,4,2,1
   Czechia,   Cabo Verde,11,17,8,10,3,7
   Czechia,   Cambodia,40,60,18,23,22,37
   Czechia,   Cameroon,99,131,83,102,16,29
   Czechia,   Canada,766,1015,453,606,313,409
   Czechia,   Cayman Islands*,1,0,1,0,0,0
   Czechia,   Central African Republic,0,0,0,0,0,0
   Czechia,   Chad,6,4,5,3,1,1
   Czechia,   Chile,122,244,75,145,47,99
   Czechia,   China*,4807,6620,2531,3516,2276,3104
   Czechia,"   China, Hong Kong SAR*",0,0,0,0,0,0
   Czechia,   Colombia,250,424,134,230,116,194
   Czechia,   Comoros,0,0,0,0,0,0
   Czechia,   Congo,62,60,42,42,20,18
   Czechia,   Costa Rica,54,158,32,88,22,70
   Czechia,   Côte d'Ivoire,87,107,77,89,10,18
   Czechia,   Croatia,1632,1898,1123,1277,509,621
   Czechia,   Cuba,431,489,288,313,143,176
   Czechia,   Cyprus*,106,137,84,104,22,33
   Czechia,   Dem. People's Republic of Korea,13,3,8,0,5,3
   Czechia,   Democratic Republic of the Congo,88,91,53,59,35,32
   Czechia,   Denmark*,308,423,229,312,79,111
   Czechia,   Djibouti,3,1,1,0,2,1
   Czechia,   Dominica,2,2,2,2,0,0
   Czechia,   Dominican Republic,58,93,32,51,26,42
   Czechia,   Ecuador,93,116,57,68,36,48
   Czechia,   Egypt,728,1145,654,976,74,169
   Czechia,   El Salvador,26,45,18,24,8,21
   Czechia,   Equatorial Guinea,0,0,0,0,0,0
   Czechia,   Eritrea,9,8,6,4,3,4
   Czechia,   Estonia,175,256,72,113,103,143
   Czechia,   Eswatini,0,0,0,0,0,0
   Czechia,   Ethiopia,105,122,72,78,33,44
   Czechia,   Fiji,5,6,4,5,1,1
   Czechia,   Finland*,298,412,172,246,126,166
   Czechia,   France*,2791,3817,1977,2726,814,1091
   Czechia,   French Polynesia*,1,2,0,0,1,2
   Czechia,   Gabon,3,10,3,5,0,5
   Czechia,   Gambia,16,13,14,13,2,0
   Czechia,   Georgia*,1070,1453,616,903,454,550
   Czechia,   Germany,15567,17983,12755,14642,2812,3341
   Czechia,   Ghana,197,426,163,342,34,84
   Czechia,   Gibraltar*,3,2,1,0,2,2
   Czechia,   Greece,724,1248,512,899,212,349
   Czechia,   Greenland*,2,1,1,0,1,1
   Czechia,   Grenada,1,0,1,0,0,0
   Czechia,   Guatemala,35,51,18,29,17,22
   Czechia,   Guinea,78,79,58,61,20,18
   Czechia,   Guinea-Bissau,21,22,18,19,3,3
   Czechia,   Guyana,5,5,5,5,0,0
   Czechia,   Haiti,7,10,4,6,3,4
   Czechia,   Honduras,21,40,12,18,9,22
   Czechia,   Hungary,1202,1695,708,1019,494,676
   Czechia,   Iceland,30,43,22,32,8,11
   Czechia,   India,1707,4315,1242,3167,465,1148
   Czechia,   Indonesia,179,333,69,158,110,175
   Czechia,   Iran (Islamic Republic of),502,896,322,510,180,386
   Czechia,   Iraq,519,657,355,453,164,204
   Czechia,   Ireland,584,689,456,536,128,153
   Czechia,   Israel,510,796,364,530,146,266
   Czechia,   Italy,3364,4893,2880,4117,484,776
   Czechia,   Jamaica,22,25,14,18,8,7
   Czechia,   Japan,1519,1764,767,868,752,896
   Czechia,   Jordan,169,223,134,170,35,53
   Czechia,   Kazakhstan,6563,8015,3369,4081,3194,3934
   Czechia,   Kenya,93,137,64,85,29,52
   Czechia,   Kiribati,1,0,0,0,1,0
   Czechia,   Kuwait,103,128,79,90,24,38
   Czechia,   Kyrgyzstan,810,1262,400,728,410,534
   Czechia,   Lao People's Democratic Republic,25,35,12,17,13,18
   Czechia,   Latvia,450,679,209,330,241,349
   Czechia,   Lebanon,345,433,274,330,71,103
   Czechia,   Lesotho,2,0,2,0,0,0
   Czechia,   Liberia,10,12,8,8,2,4
   Czechia,   Libya,188,205,145,149,43,56
   Czechia,   Liechtenstein,1,0,1,0,0,0
   Czechia,   Lithuania,610,748,284,353,326,395
   Czechia,   Luxembourg,22,26,16,20,6,6
   Czechia,   Madagascar,24,27,15,18,9,9
   Czechia,   Malawi,5,7,5,6,0,1
   Czechia,   Malaysia*,356,219,147,95,209,124
   Czechia,   Maldives,2,5,2,5,0,0
   Czechia,   Mali,27,28,19,20,8,8
   Czechia,   Malta,22,32,15,24,7,8
   Czechia,   Mauritania,7,5,7,5,0,0
   Czechia,   Mauritius*,32,54,20,36,12,18
   Czechia,   Mexico,432,888,271,530,161,358
   Czechia,   Monaco,6,6,5,4,1,2
   Czechia,   Mongolia,4607,7831,1817,3556,2790,4275
   Czechia,   Montenegro,91,148,56,82,35,66
   Czechia,   Morocco,303,449,253,357,50,92
   Czechia,   Mozambique,12,20,10,17,2,3
   Czechia,   Myanmar,130,146,75,82,55,64
   Czechia,   Namibia,24,36,14,16,10,20
   Czechia,   Nauru,0,0,0,0,0,0
   Czechia,   Nepal,182,1286,134,1055,48,231
   Czechia,   Netherlands*,2593,3045,1839,2172,754,873
   Czechia,   New Zealand*,180,247,141,197,39,50
   Czechia,   Nicaragua,13,22,9,12,4,10
   Czechia,   Niger,4,4,4,4,0,0
   Czechia,   Nigeria,604,771,514,635,90,136
   Czechia,   North Macedonia,1925,2572,1454,1891,471,681
   Czechia,   Norway*,168,238,124,173,44,65
   Czechia,   Oman,2,34,1,32,1,2
   Czechia,   Pakistan,533,662,412,501,121,161
   Czechia,   Panama,44,47,31,36,13,11
   Czechia,   Papua New Guinea,5,14,4,11,1,3
   Czechia,   Paraguay,27,23,20,17,7,6
   Czechia,   Peru,234,319,149,201,85,118
   Czechia,   Philippines,509,1590,106,498,403,1092
   Czechia,   Poland,18796,21694,9503,11305,9293,10389
   Czechia,   Portugal,310,507,220,354,90,153
   Czechia,   Qatar,4,7,2,2,2,5
   Czechia,   Republic of Korea,1428,2552,744,1338,684,1214
   Czechia,   Republic of Moldova*,6849,10102,3986,6033,2863,4069
   Czechia,   Romania,5446,9659,3678,6847,1768,2812
   Czechia,   Russian Federation,32735,37471,14606,16506,18129,20965
   Czechia,   Rwanda,8,19,6,12,2,7
   Czechia,   Saint Kitts and Nevis,0,0,0,0,0,0
   Czechia,   Saint Lucia,7,4,4,2,3,2
   Czechia,   Saint Vincent and the Grenadines,1,0,1,0,0,0
   Czechia,   Samoa,3,0,1,0,2,0
   Czechia,   San Marino,1,0,0,0,1,0
   Czechia,   Sao Tome and Principe,2,0,2,0,0,0
   Czechia,   Saudi Arabia,208,299,161,215,47,84
   Czechia,   Senegal,59,76,56,69,3,7
   Czechia,   Serbia*,1534,3665,1020,2561,514,1104
   Czechia,   Seychelles,3,5,1,2,2,3
   Czechia,   Sierra Leone,16,23,14,22,2,1
   Czechia,   Singapore,53,115,31,56,22,59
   Czechia,   Slovakia,89301,113773,48510,61914,40791,51859
   Czechia,   Slovenia,337,478,225,306,112,172
   Czechia,   Somalia,28,17,15,10,13,7
   Czechia,   South Africa,338,554,204,328,134,226
   Czechia,   Spain*,962,1524,681,1084,281,440
   Czechia,   Sri Lanka,135,209,107,159,28,50
   Czechia,   State of Palestine*,100,119,81,83,19,36
   Czechia,   Sudan,58,63,48,47,10,16
   Czechia,   Suriname,7,13,3,9,4,4
   Czechia,   Sweden,464,576,325,423,139,153
   Czechia,   Switzerland,518,684,370,475,148,209
   Czechia,   Syrian Arab Republic,922,1358,634,898,288,460
   Czechia,   Tajikistan,255,348,155,205,100,143
   Czechia,   Thailand,864,1418,79,134,785,1284
   Czechia,   Timor-Leste,0,0,0,0,0,0
   Czechia,   Togo,14,20,10,16,4,4
   Czechia,   Tonga,2,1,1,0,1,1
   Czechia,   Trinidad and Tobago,7,13,4,7,3,6
   Czechia,   Tunisia,776,1135,726,1026,50,109
   Czechia,   Turkey,1617,3077,1202,2257,415,820
   Czechia,   Turkmenistan,162,189,68,82,94,107
   Czechia,   Tuvalu,0,0,0,0,0,0
   Czechia,   Uganda,35,47,19,24,16,23
   Czechia,   Ukraine*,100664,131316,55523,73146,45141,58170
   Czechia,   United Arab Emirates,67,211,50,131,17,80
   Czechia,   United Kingdom*,4851,6410,3863,5101,988,1309
   Czechia,   United Republic of Tanzania*,20,30,14,18,6,12
   Czechia,   United States of America*,5209,8115,3264,4663,1945,3452
   Czechia,   Uruguay,31,45,21,26,10,19
   Czechia,   Uzbekistan,2166,2777,1468,1854,698,923
   Czechia,   Vanuatu,1,0,1,0,0,0
   Czechia,   Venezuela (Bolivarian Republic of),122,309,61,164,61,145
   Czechia,   Viet Nam,45525,50350,26266,28241,19259,22109
   Czechia,   Western Sahara,0,0,0,0,0,0
   Czechia,   Yemen,158,190,100,115,58,75
   Czechia,   Zambia,62,73,45,53,17,20
   Czechia,   Zimbabwe,60,116,36,72,24,44
   Czechia,Other,4238,4316,2822,2705,1416,1611
   Hungary,WORLD,475508,584567,235719,303065,239789,281502
   Hungary,  Sub-Saharan Africa,3730,5150,2470,3404,1260,1746
   Hungary,  Northern Africa and Western Asia,31371,19322,22337,13001,9034,6321
   Hungary,  Central and Southern Asia,17148,11971,11628,7369,5520,4602
   Hungary,  Eastern and South-Eastern Asia,21958,31719,10412,15679,11546,16040
   Hungary,  Latin America and the Caribbean,4150,5448,2271,2829,1879,2619
   Hungary,  Oceania (excluding Australia and New Zealand),18,13,6,5,12,8
   Hungary,  Australia and New Zealand,1081,1492,565,817,516,675
   Hungary,  Europe and Northern America,377556,478919,179800,245067,197756,233852
   Hungary,  Developed regions,380060,482480,181135,247047,198925,235433
   Hungary,  Less developed regions,76952,71554,48354,41124,28598,30430
   Hungary," Less developed regions, excluding least developed countries",65619,67009,40365,37923,25254,29086
   Hungary," Less developed regions, excluding China",63085,53906,41394,32213,21691,21693
   Hungary,  Least developed countries,11333,4545,7989,3201,3344,1344
   Hungary,  Land-locked Developing Countries (LLDC),12220,7504,7716,4194,4504,3310
   Hungary,  Small island developing States (SIDS),835,1044,400,517,435,527
   Hungary,  High-income countries,302285,361438,144408,182266,157877,179172
   Hungary,  Middle-income countries,124723,186234,63205,101382,61518,84852
   Hungary, Upper-middle-income countries,70897,94084,37091,51523,33806,42561
   Hungary, Lower-middle-income countries,53826,92150,26114,49859,27712,42291
   Hungary,  Low-income countries,30003,6361,21875,4523,8128,1838
   Hungary, AFRICA,6728,9933,4515,6686,2213,3247
   Hungary,  Eastern Africa,1106,1465,771,1010,335,455
   Hungary,  Middle Africa,456,615,337,428,119,187
   Hungary,  Northern Africa,2998,4783,2045,3282,953,1501
   Hungary,  Southern Africa,358,644,197,342,161,302
   Hungary,  Western Africa,1810,2426,1165,1624,645,802
   Hungary, ASIA,67479,58229,42332,32767,25147,25462
   Hungary,  Central Asia,772,1315,262,507,510,808
   Hungary,  Eastern Asia,17328,23457,8580,11962,8748,11495
   Hungary,  South-Eastern Asia,4630,8262,1832,3717,2798,4545
   Hungary,  Southern Asia,16376,10656,11366,6862,5010,3794
   Hungary,  Western Asia,28373,14539,20292,9719,8081,4820
   Hungary, EUROPE,368054,466641,174896,238498,193158,228143
   Hungary,  Eastern Europe,258745,318172,117500,156657,141245,161515
   Hungary,  Northern Europe,12968,22779,6648,11970,6320,10809
   Hungary,  Southern Europe,47950,63202,25488,36297,22462,26905
   Hungary,  Western Europe,48391,62488,25260,33574,23131,28914
   Hungary, LATIN AMERICA AND THE CARIBBEAN,4150,5448,2271,2829,1879,2619
   Hungary,  Caribbean,629,755,290,362,339,393
   Hungary,  Central America,556,925,299,504,257,421
   Hungary,  South America,2965,3768,1682,1963,1283,1805
   Hungary, NORTHERN AMERICA,9502,12278,4904,6569,4598,5709
   Hungary, OCEANIA ,1099,1505,571,822,528,683
   Hungary,  Australia and New Zealand,1081,1492,565,817,516,675
   Hungary,  Melanesia,12,10,4,5,8,5
   Hungary,  Micronesia,4,0,2,0,2,0
   Hungary,  Polynesia*,2,3,0,0,2,3
   Hungary,   Afghanistan,9411,1816,6602,1263,2809,553
   Hungary,   Albania,228,503,129,358,99,145
   Hungary,   Algeria,684,929,487,693,197,236
   Hungary,   Andorra,1,0,0,0,1,0
   Hungary,   Angola,78,116,49,68,29,48
   Hungary,   Antigua and Barbuda,1,0,0,0,1,0
   Hungary,   Argentina,368,432,208,244,160,188
   Hungary,   Armenia,173,225,79,111,94,114
   Hungary,   Aruba*,1,2,1,2,0,0
   Hungary,   Australia*,906,1246,466,680,440,566
   Hungary,   Austria,8694,11188,4695,6084,3999,5104
   Hungary,   Azerbaijan*,201,617,105,414,96,203
   Hungary,   Bahamas,6,7,4,5,2,2
   Hungary,   Bahrain,14,37,8,19,6,18
   Hungary,   Bangladesh,67,244,53,196,14,48
   Hungary,   Barbados,2,3,0,0,2,3
   Hungary,   Belarus,199,266,66,92,133,174
   Hungary,   Belgium,1853,2574,961,1391,892,1183
   Hungary,   Belize,3,2,2,1,1,1
   Hungary,   Benin,9,33,7,24,2,9
   Hungary,   Bermuda*,1,1,0,0,1,1
   Hungary,   Bhutan,1,12,1,5,0,7
   Hungary,   Bolivia (Plurinational State of),46,55,31,38,15,17
   Hungary,   Bosnia and Herzegovina,234,438,142,293,92,145
   Hungary,   Botswana,3,12,3,8,0,4
   Hungary,   Brazil,1621,1321,964,692,657,629
   Hungary,   Brunei Darussalam,2,1,2,1,0,0
   Hungary,   Bulgaria,1294,1421,575,699,719,722
   Hungary,   Burkina Faso,5,12,2,7,3,5
   Hungary,   Burundi,5,12,5,7,0,5
   Hungary,   Cabo Verde,5,19,3,11,2,8
   Hungary,   Cambodia,53,88,32,44,21,44
   Hungary,   Cameroon,249,322,190,237,59,85
   Hungary,   Canada,2228,2914,1160,1578,1068,1336
   Hungary,   Cayman Islands*,1,2,0,0,1,2
   Hungary,   Central African Republic,6,14,5,9,1,5
   Hungary,   Chad,1,5,1,5,0,0
   Hungary,   Chile,132,214,67,112,65,102
   Hungary,   China*,13867,17648,6960,8911,6907,8737
   Hungary,   Colombia,202,335,100,164,102,171
   Hungary,   Comoros,1,2,1,2,0,0
   Hungary,   Congo,77,76,60,62,17,14
   Hungary,   Costa Rica,44,98,23,53,21,45
   Hungary,   Côte d'Ivoire,35,59,26,46,9,13
   Hungary,   Croatia,1921,2282,889,1162,1032,1120
   Hungary,   Cuba,539,618,246,295,293,323
   Hungary,   Cyprus*,276,307,148,169,128,138
   Hungary,   Czechia,1455,1487,560,662,895,825
   Hungary,   Dem. People's Republic of Korea,16,17,5,4,11,13
   Hungary,   Democratic Republic of the Congo,36,70,26,40,10,30
   Hungary,   Denmark*,435,643,267,377,168,266
   Hungary,   Djibouti,2,3,1,2,1,1
   Hungary,   Dominica,1,2,1,2,0,0
   Hungary,   Dominican Republic,33,59,17,27,16,32
   Hungary,   Ecuador,107,219,63,125,44,94
   Hungary,   Egypt,1264,2220,829,1462,435,758
   Hungary,   El Salvador,15,21,5,10,10,11
   Hungary,   Equatorial Guinea,2,5,2,4,0,1
   Hungary,   Eritrea,29,40,17,25,12,15
   Hungary,   Estonia,148,160,40,44,108,116
   Hungary,   Eswatini,1,2,1,0,0,2
   Hungary,   Ethiopia,127,199,81,134,46,65
   Hungary,   Falkland Islands (Malvinas)*,0,1,0,0,0,1
   Hungary,   Faroe Islands*,1,0,1,0,0,0
   Hungary,   Fiji,4,4,2,3,2,1
   Hungary,   Finland*,721,922,338,455,383,467
   Hungary,   France*,3896,4839,2007,2641,1889,2198
   Hungary,   Gabon,7,7,4,3,3,4
   Hungary,   Gambia,11,13,8,8,3,5
   Hungary,   Georgia*,191,361,89,168,102,193
   Hungary,   Germany,28219,35636,14419,18816,13800,16820
   Hungary,   Ghana,116,283,74,178,42,105
   Hungary,   Greece,1140,1361,553,713,587,648
   Hungary,   Greenland*,0,1,0,1,0,0
   Hungary,   Grenada,3,3,2,1,1,2
   Hungary,   Guatemala,16,32,9,18,7,14
   Hungary,   Guinea,38,60,32,51,6,9
   Hungary,   Guinea-Bissau,3,10,3,8,0,2
   Hungary,   Guyana,8,9,6,5,2,4
   Hungary,   Haiti,4,8,1,2,3,6
   Hungary,   Honduras,10,9,7,3,3,6
   Hungary,   Iceland,125,148,56,66,69,82
   Hungary,   India,1110,3217,707,2170,403,1047
   Hungary,   Indonesia,211,567,79,332,132,235
   Hungary,   Iran (Islamic Republic of),1997,4125,1201,2325,796,1800
   Hungary,   Iraq,2661,1465,1888,999,773,466
   Hungary,   Ireland,1120,2046,572,1077,548,969
   Hungary,   Israel,1556,1898,908,1139,648,759
   Hungary,   Italy,4428,6187,2787,3926,1641,2261
   Hungary,   Jamaica,25,32,13,16,12,16
   Hungary,   Japan,1423,2069,770,1163,653,906
   Hungary,   Jordan,481,868,379,641,102,227
   Hungary,   Kazakhstan,483,837,164,302,319,535
   Hungary,   Kenya,95,254,46,144,49,110
   Hungary,   Kiribati,1,0,1,0,0,0
   Hungary,   Kuwait,243,380,156,247,87,133
   Hungary,   Kyrgyzstan,126,247,27,88,99,159
   Hungary,   Lao People's Democratic Republic,46,104,27,54,19,50
   Hungary,   Latvia,165,194,49,70,116,124
   Hungary,   Lebanon,369,521,269,363,100,158
   Hungary,   Lesotho,3,1,3,1,0,0
   Hungary,   Liberia,33,21,23,19,10,2
   Hungary,   Libya,406,395,247,264,159,131
   Hungary,   Liechtenstein,4,3,3,2,1,1
   Hungary,   Lithuania,181,264,77,97,104,167
   Hungary,   Luxembourg,167,285,91,154,76,131
   Hungary,   Madagascar,32,44,16,24,16,20
   Hungary,   Malawi,3,3,1,3,2,0
   Hungary,   Malaysia*,93,156,41,61,52,95
   Hungary,   Mali,20,26,16,21,4,5
   Hungary,   Malta,76,159,41,78,35,81
   Hungary,   Mauritania,5,5,5,5,0,0
   Hungary,   Mauritius*,56,74,28,38,28,36
   Hungary,   Mexico,420,708,229,390,191,318
   Hungary,   Monaco,5,7,3,3,2,4
   Hungary,   Mongolia,862,1792,226,799,636,993
   Hungary,   Montenegro,44,91,27,57,17,34
   Hungary,   Morocco,203,441,136,292,67,149
   Hungary,   Mozambique,20,29,11,16,9,13
   Hungary,   Myanmar,13,31,8,6,5,25
   Hungary,   Namibia,19,25,8,10,11,15
   Hungary,   Nauru,3,0,1,0,2,0
   Hungary,   Nepal,52,113,30,74,22,39
   Hungary,   Netherlands*,3076,4264,1753,2458,1323,1806
   Hungary,   New Caledonia*,3,2,2,1,1,1
   Hungary,   New Zealand*,175,246,99,137,76,109
   Hungary,   Nicaragua,20,26,11,14,9,12
   Hungary,   Niger,7,8,4,6,3,2
   Hungary,   Nigeria,1447,1769,901,1162,546,607
   Hungary,   North Macedonia,149,301,85,193,64,108
   Hungary,   Norway*,1158,1479,436,579,722,900
   Hungary,   Oman,20,36,12,18,8,18
   Hungary,   Pakistan,3677,1055,2735,780,942,275
   Hungary,   Panama,28,29,13,15,15,14
   Hungary,   Papua New Guinea,4,4,0,1,4,3
   Hungary,   Paraguay,15,19,6,9,9,10
   Hungary,   Peru,188,267,92,141,96,126
   Hungary,   Philippines,282,533,68,149,214,384
   Hungary,   Poland,3018,3383,1032,1245,1986,2138
   Hungary,   Portugal,435,630,257,379,178,251
   Hungary,   Qatar,53,119,31,70,22,49
   Hungary,   Republic of Korea,1160,1931,619,1085,541,846
   Hungary,   Republic of Moldova*,208,594,81,388,127,206
   Hungary,   Romania,190203,214514,89405,106398,100798,108116
   Hungary,   Russian Federation,3462,4583,1288,1787,2174,2796
   Hungary,   Rwanda,18,23,10,10,8,13
   Hungary,   Saint Kitts and Nevis,0,0,0,0,0,0
   Hungary,   Saint Lucia,2,2,2,2,0,0
   Hungary,   Saint Vincent and the Grenadines,3,1,1,0,2,1
   Hungary,   Samoa,2,1,0,0,2,1
   Hungary,   San Marino,5,3,4,2,1,1
   Hungary,   Saudi Arabia,373,451,256,298,117,153
   Hungary,   Senegal,34,51,25,35,9,16
   Hungary,   Serbia*,37115,48194,19457,27521,17658,20673
   Hungary,   Seychelles,7,8,3,3,4,5
   Hungary,   Sierra Leone,31,30,30,24,1,6
   Hungary,   Singapore,77,102,40,56,37,46
   Hungary,   Slovakia,19717,20980,7142,8311,12575,12669
   Hungary,   Slovenia,386,454,194,246,192,208
   Hungary,   Somalia,564,472,461,415,103,57
   Hungary,   South Africa,332,604,182,323,150,281
   Hungary,   Spain*,1788,2599,923,1369,865,1230
   Hungary,   Sri Lanka,61,74,37,49,24,25
   Hungary,   State of Palestine*,70,182,48,128,22,54
   Hungary,   Sudan,167,225,132,180,35,45
   Hungary,   Suriname,13,12,10,7,3,5
   Hungary,   Sweden,1500,1858,775,1027,725,831
   Hungary,   Switzerland,2477,3692,1328,2025,1149,1667
   Hungary,   Syrian Arab Republic,19083,2693,14167,1896,4916,797
   Hungary,   Tajikistan,15,17,6,12,9,5
   Hungary,   Thailand,762,1408,91,248,671,1160
   Hungary,   Togo,11,27,6,19,5,8
   Hungary,   Tonga,0,2,0,0,0,2
   Hungary,   Trinidad and Tobago,8,16,2,10,6,6
   Hungary,   Tunisia,273,573,213,391,60,182
   Hungary,   Turkey,2075,3391,1422,2414,653,977
   Hungary,   Turkmenistan,19,44,7,25,12,19
   Hungary,   Uganda,36,97,21,60,15,37
   Hungary,   Ukraine*,39189,70944,17351,37075,21838,33869
   Hungary,   United Arab Emirates,263,618,144,370,119,248
   Hungary,   United Kingdom*,7414,15065,4037,8178,3377,6887
   Hungary,   United Republic of Tanzania*,62,78,41,59,21,19
   Hungary,   United States of America*,7273,9362,3744,4990,3529,4372
   Hungary,   Uruguay,62,56,29,24,33,32
   Hungary,   Uzbekistan,129,170,58,80,71,90
   Hungary,   Vanuatu,1,0,0,0,1,0
   Hungary,   Venezuela (Bolivarian Republic of),203,828,106,402,97,426
   Hungary,   Viet Nam,3091,5272,1444,2766,1647,2506
   Hungary,   Western Sahara,1,0,1,0,0,0
   Hungary,   Yemen,271,370,183,255,88,115
   Hungary,   Zambia,16,30,8,15,8,15
   Hungary,   Zimbabwe,33,97,20,53,13,44
   Hungary,Other,18496,30533,6230,14894,12266,15639
   Poland,WORLD,611855,817254,256623,390449,355232,426805
   Poland,  Sub-Saharan Africa,1571,2084,1134,1555,437,529
   Poland,  Northern Africa and Western Asia,8280,11031,5869,8140,2411,2891
   Poland,  Central and Southern Asia,6922,9353,3572,5274,3350,4079
   Poland,  Eastern and South-Eastern Asia,5316,7089,2752,4012,2564,3077
   Poland,  Latin America and the Caribbean,1604,2124,1034,1438,570,686
   Poland,  Oceania (excluding Australia and New Zealand),0,0,0,0,0,0
   Poland,  Australia and New Zealand,1000,1334,584,837,416,497
   Poland,  Europe and Northern America,579993,774663,238665,364650,341328,410013
   Poland,  Developed regions,581496,776667,239442,365786,342054,410881
   Poland,  Less developed regions,23190,31011,14168,20120,9022,10891
   Poland," Less developed regions, excluding least developed countries",22166,29659,13383,19061,8783,10598
   Poland," Less developed regions, excluding China",22028,29461,13642,19333,8386,10128
   Poland,  Least developed countries,1024,1352,785,1059,239,293
   Poland,  Land-locked Developing Countries (LLDC),9245,12448,4692,6927,4553,5521
   Poland,  Small island developing States (SIDS),266,352,170,237,96,115
   Poland,  High-income countries,258950,345813,119670,178492,139280,167321
   Poland,  Middle-income countries,344501,460103,132993,206058,211508,254045
   Poland, Upper-middle-income countries,131959,176213,51861,79986,80098,96227
   Poland, Lower-middle-income countries,212542,283890,81132,126072,131410,157818
   Poland,  Low-income countries,1235,1762,947,1356,288,406
   Poland, AFRICA,3655,4859,2809,3840,846,1019
   Poland,  Eastern Africa,426,562,245,343,181,219
   Poland,  Middle Africa,194,257,142,194,52,63
   Poland,  Northern Africa,2084,2775,1675,2285,409,490
   Poland,  Southern Africa,375,500,214,308,161,192
   Poland,  Western Africa,576,765,533,710,43,55
   Poland, ASIA,18434,24698,10518,15141,7916,9557
   Poland,  Central Asia,5266,7152,2365,3613,2901,3539
   Poland,  Eastern Asia,2098,2796,880,1337,1218,1459
   Poland,  South-Eastern Asia,3218,4293,1872,2675,1346,1618
   Poland,  Southern Asia,1656,2201,1207,1661,449,540
   Poland,  Western Asia,6196,8256,4194,5855,2002,2401
   Poland, EUROPE,563574,752737,230322,352425,333252,400312
   Poland,  Eastern Europe,328507,438805,122530,191401,205977,247404
   Poland,  Northern Europe,97589,130331,43320,65129,54269,65202
   Poland,  Southern Europe,23588,31490,12509,18183,11079,13307
   Poland,  Western Europe,113890,152111,51963,77712,61927,74399
   Poland, LATIN AMERICA AND THE CARIBBEAN,1604,2124,1034,1438,570,686
   Poland,  Caribbean,241,319,155,216,86,103
   Poland,  Central America,274,363,177,246,97,117
   Poland,  South America,1089,1442,702,976,387,466
   Poland, NORTHERN AMERICA,16419,21926,8343,12225,8076,9701
   Poland, OCEANIA ,1000,1334,584,837,416,497
   Poland,  Australia and New Zealand,1000,1334,584,837,416,497
   Poland,  Melanesia,0,0,0,0,0,0
   Poland,  Micronesia,0,0,0,0,0,0
   Poland,  Polynesia*,0,0,0,0,0,0
   Poland,   Afghanistan,139,184,126,168,13,16
   Poland,   Albania,124,165,107,144,17,21
   Poland,   Algeria,574,766,473,645,101,121
   Poland,   Angola,55,72,50,65,5,7
   Poland,   Argentina,268,357,165,234,103,123
   Poland,   Armenia,2078,2775,1295,1836,783,939
   Poland,   Australia*,896,1196,524,751,372,445
   Poland,   Austria,3742,4997,1855,2730,1887,2267
   Poland,   Azerbaijan*,262,348,145,207,117,141
   Poland,   Bangladesh,97,128,84,112,13,16
   Poland,   Belarus,74999,100175,28286,44050,46713,56125
   Poland,   Belgium,5155,6884,2677,3908,2478,2976
   Poland,   Bolivia (Plurinational State of),47,61,37,49,10,12
   Poland,   Bosnia and Herzegovina,3433,4584,1382,2120,2051,2464
   Poland,   Brazil,256,340,148,210,108,130
   Poland,   Bulgaria,1707,2280,982,1410,725,870
   Poland,   Cambodia,25,33,20,26,5,7
   Poland,   Cameroon,35,47,31,42,4,5
   Poland,   Canada,2915,3891,1580,2289,1335,1602
   Poland,   Chile,57,75,34,47,23,28
   Poland,   China*,1162,1550,526,787,636,763
   Poland,   Colombia,121,161,59,86,62,75
   Poland,   Congo,104,138,61,87,43,51
   Poland,   Costa Rica,34,45,34,45,0,0
   Poland,   Croatia,775,1034,439,630,336,404
   Poland,   Cuba,222,294,149,207,73,87
   Poland,   Cyprus*,205,273,131,185,74,88
   Poland,   Czechia,4457,5952,2061,3075,2396,2877
   Poland,   Denmark*,881,1173,468,677,413,496
   Poland,   Dominican Republic,19,25,6,9,13,16
   Poland,   Ecuador,44,57,44,57,0,0
   Poland,   Egypt,446,594,331,455,115,139
   Poland,   Eritrea,29,39,5,9,24,30
   Poland,   Estonia,195,259,71,110,124,149
   Poland,   Ethiopia,42,55,30,40,12,15
   Poland,   Finland*,246,327,107,160,139,167
   Poland,   France*,25801,34461,11053,16743,14748,17718
   Poland,   Georgia*,321,428,144,215,177,213
   Poland,   Germany,75383,100688,34176,51179,41207,49509
   Poland,   Ghana,34,45,23,31,11,14
   Poland,   Greece,3060,4085,1693,2444,1367,1641
   Poland,   Guinea,54,71,46,61,8,10
   Poland,   Guyana,25,33,15,21,10,12
   Poland,   Hungary,1326,1770,629,933,697,837
   Poland,   Iceland,486,647,239,350,247,297
   Poland,   India,846,1128,563,789,283,339
   Poland,   Indonesia,110,146,93,125,17,21
   Poland,   Iran (Islamic Republic of),227,301,159,219,68,82
   Poland,   Iraq,419,559,317,437,102,122
   Poland,   Ireland,7498,10014,3867,5652,3631,4362
   Poland,   Israel,341,454,212,299,129,155
   Poland,   Italy,9812,13105,5383,7785,4429,5320
   Poland,   Japan,503,670,193,299,310,371
   Poland,   Jordan,134,178,119,160,15,18
   Poland,   Kazakhstan,4546,6071,2093,3125,2453,2946
   Poland,   Kenya,59,77,32,45,27,32
   Poland,   Kuwait,188,250,138,190,50,60
   Poland,   Kyrgyzstan,123,163,85,118,38,45
   Poland,   Latvia,1531,2043,599,924,932,1119
   Poland,   Lebanon,377,501,305,415,72,86
   Poland,   Libya,237,315,163,227,74,88
   Poland,   Lithuania,49829,66555,18356,28740,31473,37815
   Poland,   Luxembourg,227,301,84,130,143,171
   Poland,   Malaysia*,39,52,17,25,22,27
   Poland,   Mali,28,36,26,33,2,3
   Poland,   Mexico,209,278,128,181,81,97
   Poland,   Monaco,23,30,16,21,7,9
   Poland,   Mongolia,318,424,106,171,212,253
   Poland,   Montenegro,57,75,42,57,15,18
   Poland,   Morocco,313,416,262,355,51,61
   Poland,   Mozambique,25,33,25,33,0,0
   Poland,   Nepal,54,71,41,55,13,16
   Poland,   Netherlands*,2557,3413,1558,2213,999,1200
   Poland,   New Zealand*,104,138,60,86,44,52
   Poland,   Nigeria,375,500,370,493,5,7
   Poland,   North Macedonia,261,346,159,224,102,122
   Poland,   Norway*,1509,2014,732,1082,777,932
   Poland,   Pakistan,210,278,193,257,17,21
   Poland,   Panama,31,40,15,20,16,20
   Poland,   Peru,109,144,90,121,19,23
   Poland,   Philippines,191,254,36,69,155,185
   Poland,   Portugal,134,178,91,127,43,51
   Poland,   Qatar,24,31,11,15,13,16
   Poland,   Republic of Korea,115,152,55,80,60,72
   Poland,   Republic of Moldova*,547,728,253,376,294,352
   Poland,   Romania,2449,3270,1032,1569,1417,1701
   Poland,   Russian Federation,37682,50329,13054,20740,24628,29589
   Poland,   Saudi Arabia,171,227,90,131,81,96
   Poland,   Senegal,85,113,68,92,17,21
   Poland,   Serbia*,1021,1363,641,907,380,456
   Poland,   Slovakia,1279,1707,570,856,709,851
   Poland,   Slovenia,150,198,96,133,54,65
   Poland,   South Africa,375,500,214,308,161,192
   Poland,   Spain*,4761,6357,2476,3612,2285,2745
   Poland,   Sri Lanka,83,111,41,61,42,50
   Poland,   Sudan,110,146,90,122,20,24
   Poland,   Sweden,1290,1722,764,1090,526,632
   Poland,   Switzerland,1002,1337,544,788,458,549
   Poland,   Syrian Arab Republic,580,773,491,666,89,107
   Poland,   Tajikistan,56,198,15,91,41,107
   Poland,   Thailand,96,127,49,71,47,56
   Poland,   Tunisia,404,538,356,481,48,57
   Poland,   Turkey,862,1149,663,910,199,239
   Poland,   Turkmenistan,52,68,4,11,48,57
   Poland,   Uganda,61,80,25,37,36,43
   Poland,   Ukraine*,204061,272594,75663,118392,128398,154202
   Poland,   United Arab Emirates,123,163,65,93,58,70
   Poland,   United Kingdom*,34124,45577,18117,26344,16007,19233
   Poland,   United Republic of Tanzania*,68,90,44,61,24,29
   Poland,   United States of America*,13504,18035,6763,9936,6741,8099
   Poland,   Uruguay,91,120,46,66,45,54
   Poland,   Uzbekistan,489,652,168,268,321,384
   Poland,   Venezuela (Bolivarian Republic of),71,94,64,85,7,9
   Poland,   Viet Nam,2757,3681,1657,2359,1100,1322
   Poland,   Yemen,111,147,68,96,43,51
   Poland,   Zambia,41,54,37,49,4,5
   Poland,   Zimbabwe,101,134,47,69,54,65
   Poland,Other,7169,9576,3013,4543,4156,5033
   Republic of Moldova*,WORLD,106374,104438,43467,42743,62907,61695
   Republic of Moldova*,  Sub-Saharan Africa,0,0,0,0,0,0
   Republic of Moldova*,  Northern Africa and Western Asia,2344,2299,1401,1377,943,922
   Republic of Moldova*,  Central and Southern Asia,5156,5061,2270,2233,2886,2828
   Republic of Moldova*,  Eastern and South-Eastern Asia,69,67,27,27,42,40
   Republic of Moldova*,  Latin America and the Caribbean,0,0,0,0,0,0
   Republic of Moldova*,  Oceania (excluding Australia and New Zealand),0,0,0,0,0,0
   Republic of Moldova*,  Australia and New Zealand,0,0,0,0,0,0
   Republic of Moldova*,  Europe and Northern America,93693,91982,37156,36543,56537,55439
   Republic of Moldova*,  Developed regions,93693,91982,37156,36543,56537,55439
   Republic of Moldova*,  Less developed regions,7569,7427,3698,3637,3871,3790
   Republic of Moldova*," Less developed regions, excluding least developed countries",7569,7427,3698,3637,3871,3790
   Republic of Moldova*," Less developed regions, excluding China",7569,7427,3698,3637,3871,3790
   Republic of Moldova*,  Least developed countries,0,0,0,0,0,0
   Republic of Moldova*,  Land-locked Developing Countries (LLDC),5966,5855,2752,2707,3214,3148
   Republic of Moldova*,  Small island developing States (SIDS),0,0,0,0,0,0
   Republic of Moldova*,  High-income countries,7879,7731,4037,3969,3842,3762
   Republic of Moldova*,  Middle-income countries,93383,91678,36817,36211,56566,55467
   Republic of Moldova*, Upper-middle-income countries,49387,48484,19255,18939,30132,29545
   Republic of Moldova*, Lower-middle-income countries,43996,43194,17562,17272,26434,25922
   Republic of Moldova*,  Low-income countries,0,0,0,0,0,0
   Republic of Moldova*, AFRICA,0,0,0,0,0,0
   Republic of Moldova*,  Eastern Africa,0,0,0,0,0,0
   Republic of Moldova*,  Middle Africa,0,0,0,0,0,0
   Republic of Moldova*,  Northern Africa,0,0,0,0,0,0
   Republic of Moldova*,  Southern Africa,0,0,0,0,0,0
   Republic of Moldova*,  Western Africa,0,0,0,0,0,0
   Republic of Moldova*, ASIA,7569,7427,3698,3637,3871,3790
   Republic of Moldova*,  Central Asia,5156,5061,2270,2233,2886,2828
   Republic of Moldova*,  Eastern Asia,69,67,27,27,42,40
   Republic of Moldova*,  South-Eastern Asia,0,0,0,0,0,0
   Republic of Moldova*,  Southern Asia,0,0,0,0,0,0
   Republic of Moldova*,  Western Asia,2344,2299,1401,1377,943,922
   Republic of Moldova*, EUROPE,93693,91982,37156,36543,56537,55439
   Republic of Moldova*,  Eastern Europe,88559,86943,34476,33909,54083,53034
   Republic of Moldova*,  Northern Europe,0,0,0,0,0,0
   Republic of Moldova*,  Southern Europe,4420,4338,2327,2287,2093,2051
   Republic of Moldova*,  Western Europe,714,701,353,347,361,354
   Republic of Moldova*, LATIN AMERICA AND THE CARIBBEAN,0,0,0,0,0,0
   Republic of Moldova*,  Caribbean,0,0,0,0,0,0
   Republic of Moldova*,  Central America,0,0,0,0,0,0
   Republic of Moldova*,  South America,0,0,0,0,0,0
   Republic of Moldova*, NORTHERN AMERICA,0,0,0,0,0,0
   Republic of Moldova*, OCEANIA ,0,0,0,0,0,0
   Republic of Moldova*,  Australia and New Zealand,0,0,0,0,0,0
   Republic of Moldova*,  Melanesia,0,0,0,0,0,0
   Republic of Moldova*,  Micronesia,0,0,0,0,0,0
   Republic of Moldova*,  Polynesia*,0,0,0,0,0,0
   Republic of Moldova*,   Azerbaijan*,741,727,455,447,286,280
   Republic of Moldova*,   Belarus,2115,2076,763,751,1352,1325
   Republic of Moldova*,   Bulgaria,116,113,64,63,52,50
   Republic of Moldova*,   Czechia,185,181,93,92,92,89
   Republic of Moldova*,   Georgia*,607,595,330,324,277,271
   Republic of Moldova*,   Germany,714,701,353,347,361,354
   Republic of Moldova*,   Greece,452,443,265,260,187,183
   Republic of Moldova*,   Israel,400,392,228,224,172,168
   Republic of Moldova*,   Italy,3285,3225,1669,1641,1616,1584
   Republic of Moldova*,   Kazakhstan,4452,4370,1937,1905,2515,2465
   Republic of Moldova*,   Mongolia,69,67,27,27,42,40
   Republic of Moldova*,   Poland,133,130,64,63,69,67
   Republic of Moldova*,   Portugal,683,670,393,386,290,284
   Republic of Moldova*,   Romania,1915,1880,918,903,997,977
   Republic of Moldova*,   Russian Federation,40760,40018,15318,15067,25442,24951
   Republic of Moldova*,   Turkey,596,585,388,382,208,203
   Republic of Moldova*,   Ukraine*,43223,42436,17202,16917,26021,25519
   Republic of Moldova*,   Hungary,112,109,54,53,58,56
   Republic of Moldova*,   Uzbekistan,704,691,333,328,371,363
   Republic of Moldova*,Other,5112,5029,2613,2563,2499,2466
   Romania,WORLD,281048,705310,146758,386946,134290,318364
   Romania,  Sub-Saharan Africa,612,4346,337,2934,275,1412
   Romania,  Northern Africa and Western Asia,14042,27874,10508,19640,3534,8234
   Romania,  Central and Southern Asia,1867,5139,1511,3739,356,1400
   Romania,  Eastern and South-Eastern Asia,3955,10950,2282,6415,1673,4535
   Romania,  Latin America and the Caribbean,645,4340,325,1952,320,2388
   Romania,  Oceania (excluding Australia and New Zealand),3,33,2,19,1,14
   Romania,  Australia and New Zealand,89,440,47,238,42,202
   Romania,  Europe and Northern America,254745,632775,130243,341131,124502,291644
   Romania,  Developed regions,254868,633557,130305,341561,124563,291996
   Romania,  Less developed regions,21090,52340,14950,34507,6140,17833
   Romania," Less developed regions, excluding least developed countries",20694,48953,14655,31934,6039,17019
   Romania," Less developed regions, excluding China",17368,45796,12780,30925,4588,14871
   Romania,  Least developed countries,396,3387,295,2573,101,814
   Romania,  Land-locked Developing Countries (LLDC),116501,288707,58004,156851,58497,131856
   Romania,  Small island developing States (SIDS),293,1003,179,602,114,401
   Romania,  High-income countries,107463,287337,57766,154954,49697,132383
   Romania,  Middle-income countries,165545,393490,85193,217261,80352,176229
   Romania, Upper-middle-income countries,36391,51123,20612,27485,15779,23638
   Romania, Lower-middle-income countries,129154,342367,64581,189776,64573,152591
   Romania,  Low-income countries,2790,5035,2182,3835,608,1200
   Romania, AFRICA,2059,8836,1303,5896,756,2940
   Romania,  Eastern Africa,54,560,27,318,27,242
   Romania,  Middle Africa,110,950,50,557,60,393
   Romania,  Northern Africa,1447,4490,966,2962,481,1528
   Romania,  Southern Africa,4,109,0,72,4,37
   Romania,  Western Africa,444,2727,260,1987,184,740
   Romania, ASIA,18417,39473,13335,26832,5082,12641
   Romania,  Central Asia,114,804,54,457,60,347
   Romania,  Eastern Asia,3796,7295,2212,3966,1584,3329
   Romania,  South-Eastern Asia,159,3655,70,2449,89,1206
   Romania,  Southern Asia,1753,4335,1457,3282,296,1053
   Romania,  Western Asia,12595,23384,9542,16678,3053,6706
   Romania, EUROPE,251751,625780,128663,337399,123088,288381
   Romania,  Eastern Europe,149076,363714,71836,195764,77240,167950
   Romania,  Northern Europe,6661,41394,3547,21829,3114,19565
   Romania,  Southern Europe,80992,157329,45039,85616,35953,71713
   Romania,  Western Europe,15022,63343,8241,34190,6781,29153
   Romania, LATIN AMERICA AND THE CARIBBEAN,645,4340,325,1952,320,2388
   Romania,  Caribbean,237,579,160,352,77,227
   Romania,  Central America,180,1082,69,431,111,651
   Romania,  South America,228,2679,96,1169,132,1510
   Romania, NORTHERN AMERICA,2994,6995,1580,3732,1414,3263
   Romania, OCEANIA ,92,473,49,257,43,216
   Romania,  Australia and New Zealand,89,440,47,238,42,202
   Romania,  Melanesia,0,9,0,2,0,7
   Romania,  Micronesia,0,0,0,0,0,0
   Romania,  Polynesia*,3,24,2,17,1,7
   Romania,   Afghanistan,0,44,0,28,0,16
   Romania,   Albania,3,823,2,612,1,211
   Romania,   Algeria,130,554,60,330,70,224
   Romania,   Andorra,40,17,22,10,18,7
   Romania,   Angola,17,98,8,70,9,28
   Romania,   Anguilla*,158,3,114,1,44,2
   Romania,   Antigua and Barbuda,3,0,1,0,2,0
   Romania,   Argentina,24,337,12,171,12,166
   Romania,   Armenia,32,163,17,70,15,93
   Romania,   Australia*,73,342,41,188,32,154
   Romania,   Austria,509,3282,287,1747,222,1535
   Romania,   Azerbaijan*,11,134,6,83,5,51
   Romania,   Bahamas,0,3,0,3,0,0
   Romania,   Bahrain,8,19,3,11,5,8
   Romania,   Bangladesh,100,161,97,153,3,8
   Romania,   Barbados,0,2,0,2,0,0
   Romania,   Belarus,39,243,16,121,23,122
   Romania,   Belgium,1102,4593,570,2447,532,2146
   Romania,   Belize,0,3,0,3,0,0
   Romania,   Benin,1,41,1,27,0,14
   Romania,   Bhutan,4,6,2,3,2,3
   Romania,   Bolivia (Plurinational State of),20,191,6,100,14,91
   Romania,   Bosnia and Herzegovina,11,160,6,107,5,53
   Romania,   Botswana,0,7,0,4,0,3
   Romania,   Brazil,29,690,9,283,20,407
   Romania,   Bulgaria,10465,11846,4030,4841,6435,7005
   Romania,   Burkina Faso,6,64,6,56,0,8
   Romania,   Burundi,2,9,2,7,0,2
   Romania,   Cabo Verde,6,82,2,35,4,47
   Romania,   Cambodia,3,14,0,4,3,10
   Romania,   Cameroon,36,367,25,248,11,119
   Romania,   Canada,118,760,58,440,60,320
   Romania,   Cayman Islands*,1,2,0,0,1,2
   Romania,   Central African Republic,1,28,0,18,1,10
   Romania,   Chad,2,29,0,26,2,3
   Romania,   Chile,25,157,13,69,12,88
   Romania,   China*,3722,6544,2170,3582,1552,2962
   Romania,   Colombia,28,163,22,79,6,84
   Romania,   Comoros,0,12,0,7,0,5
   Romania,   Congo,23,119,13,75,10,44
   Romania,   Costa Rica,12,76,4,45,8,31
   Romania,   Côte d'Ivoire,34,206,32,172,2,34
   Romania,   Croatia,18,373,11,283,7,90
   Romania,   Cuba,42,275,27,199,15,76
   Romania,   Cyprus*,307,1528,162,802,145,726
   Romania,   Czechia,138,841,62,451,76,390
   Romania,   Dem. People's Republic of Korea,7,20,4,10,3,10
   Romania,   Democratic Republic of the Congo,10,76,2,32,8,44
   Romania,   Denmark*,263,2001,149,1090,114,911
   Romania,   Djibouti,0,9,0,9,0,0
   Romania,   Dominica,4,11,3,3,1,8
   Romania,   Dominican Republic,17,203,9,105,8,98
   Romania,   Ecuador,16,254,8,77,8,177
   Romania,   Egypt,105,592,80,421,25,171
   Romania,   El Salvador,13,67,7,34,6,33
   Romania,   Equatorial Guinea,20,181,2,62,18,119
   Romania,   Eritrea,1,52,0,52,1,0
   Romania,   Estonia,9,122,3,57,6,65
   Romania,   Eswatini,1,7,0,3,1,4
   Romania,   Ethiopia,3,78,2,33,1,45
   Romania,   Faroe Islands*,3,3,1,1,2,2
   Romania,   Fiji,0,5,0,2,0,3
   Romania,   Finland*,24,420,14,216,10,204
   Romania,   France*,6471,21756,3594,11830,2877,9926
   Romania,   French Polynesia*,1,6,1,3,0,3
   Romania,   Gabon,1,49,0,25,1,24
   Romania,   Gambia,2,150,1,134,1,16
   Romania,   Georgia*,57,254,20,152,37,102
   Romania,   Germany,6552,30498,3558,16264,2994,14234
   Romania,   Ghana,57,303,40,231,17,72
   Romania,   Gibraltar*,2,8,1,5,1,3
   Romania,   Greece,4653,8458,2616,4931,2037,3527
   Romania,   Grenada,1,5,1,5,0,0
   Romania,   Guatemala,14,86,7,51,7,35
   Romania,   Guinea,49,284,35,222,14,62
   Romania,   Guinea-Bissau,18,156,4,110,14,46
   Romania,   Guyana,0,5,0,5,0,0
   Romania,   Haiti,1,23,1,8,0,15
   Romania,   Honduras,11,109,2,34,9,75
   Romania,   Hungary,6420,10491,3038,4903,3382,5588
   Romania,   Iceland,7,102,4,51,3,51
   Romania,   India,78,544,54,374,24,170
   Romania,   Indonesia,13,177,8,52,5,125
   Romania,   Iran (Islamic Republic of),1261,1516,1051,1149,210,367
   Romania,   Iraq,1419,1558,1018,1091,401,467
   Romania,   Ireland,657,3769,320,1970,337,1799
   Romania,   Isle of Man*,0,3,0,1,0,2
   Romania,   Israel,1837,4901,1338,3411,499,1490
   Romania,   Italy,38580,79752,21202,44008,17378,35744
   Romania,   Jamaica,7,19,4,10,3,9
   Romania,   Japan,34,342,15,192,19,150
   Romania,   Jordan,120,435,95,342,25,93
   Romania,   Kazakhstan,85,412,40,210,45,202
   Romania,   Kenya,10,55,1,23,9,32
   Romania,   Kuwait,15,132,11,87,4,45
   Romania,   Kyrgyzstan,6,74,4,33,2,41
   Romania,   Lao People's Democratic Republic,0,2,0,0,0,2
   Romania,   Latvia,24,326,10,165,14,161
   Romania,   Lebanon,248,662,192,493,56,169
   Romania,   Liberia,2,15,2,11,0,4
   Romania,   Libya,10,138,4,87,6,51
   Romania,   Liechtenstein,0,5,0,2,0,3
   Romania,   Lithuania,12,354,3,180,9,174
   Romania,   Luxembourg,30,303,18,154,12,149
   Romania,   Madagascar,1,23,0,7,1,16
   Romania,   Malawi,1,7,0,4,1,3
   Romania,   Malaysia*,1,67,0,34,1,33
   Romania,   Maldives,6,15,4,8,2,7
   Romania,   Mali,57,467,54,435,3,32
   Romania,   Malta,15,104,8,58,7,46
   Romania,   Mauritania,19,207,16,160,3,47
   Romania,   Mauritius*,5,17,2,7,3,10
   Romania,   Mexico,116,462,41,217,75,245
   Romania,   Monaco,2,23,2,14,0,9
   Romania,   Mongolia,10,40,8,18,2,22
   Romania,   Montenegro,33,44,22,22,11,22
   Romania,   Morocco,129,1265,76,797,53,468
   Romania,   Mozambique,5,19,2,11,3,8
   Romania,   Myanmar,0,11,0,2,0,9
   Romania,   Namibia,1,6,0,2,1,4
   Romania,   Nepal,11,677,9,548,2,129
   Romania,   Netherlands*,198,1803,119,1101,79,702
   Romania,   New Caledonia*,0,1,0,0,0,1
   Romania,   New Zealand*,16,98,6,50,10,48
   Romania,   Nicaragua,9,235,6,23,3,212
   Romania,   Niger,1,19,1,19,0,0
   Romania,   Nigeria,170,468,59,211,111,257
   Romania,   North Macedonia,1536,242,857,106,679,136
   Romania,   Norway*,263,1378,144,711,119,667
   Romania,   Oman,0,30,0,16,0,14
   Romania,   Pakistan,289,625,238,438,51,187
   Romania,   Panama,5,44,2,24,3,20
   Romania,   Papua New Guinea,0,3,0,0,0,3
   Romania,   Paraguay,13,160,4,46,9,114
   Romania,   Peru,34,224,8,105,26,119
   Romania,   Philippines,40,751,11,161,29,590
   Romania,   Poland,170,1379,101,724,69,655
   Romania,   Portugal,364,2430,214,1368,150,1062
   Romania,   Qatar,7,87,5,49,2,38
   Romania,   Republic of Korea,23,349,15,164,8,185
   Romania,   Republic of Moldova*,114654,285364,56960,154703,57694,130661
   Romania,   Russian Federation,5269,9608,1725,3873,3544,5735
   Romania,   Rwanda,4,19,4,16,0,3
   Romania,   Saint Helena*,2,30,0,15,2,15
   Romania,   Saint Lucia,0,1,0,1,0,0
   Romania,   Saint Vincent and the Grenadines,1,0,0,0,1,0
   Romania,   San Marino,5,8,1,1,4,7
   Romania,   Sao Tome and Principe,0,3,0,1,0,2
   Romania,   Saudi Arabia,19,297,15,213,4,84
   Romania,   Senegal,16,171,4,114,12,57
   Romania,   Serbia*,5783,2926,4613,1664,1170,1262
   Romania,   Sierra Leone,4,46,3,26,1,20
   Romania,   Singapore,9,71,2,37,7,34
   Romania,   Slovakia,21,579,9,272,12,307
   Romania,   Slovenia,12,123,6,69,6,54
   Romania,   Somalia,1,89,1,64,0,25
   Romania,   South Africa,2,89,0,63,2,26
   Romania,   Spain*,29937,61861,15458,32372,14479,29489
   Romania,   Sri Lanka,4,747,2,581,2,166
   Romania,   State of Palestine*,72,239,60,174,12,65
   Romania,   Sudan,11,17,9,8,2,9
   Romania,   Suriname,0,9,0,9,0,0
   Romania,   Sweden,191,1323,90,712,101,611
   Romania,   Switzerland,158,1080,93,631,65,449
   Romania,   Syrian Arab Republic,2576,3138,2031,2396,545,742
   Romania,   Tajikistan,1,35,0,18,1,17
   Romania,   Thailand,12,178,1,49,11,129
   Romania,   Timor-Leste,1,1,0,0,1,1
   Romania,   Togo,0,18,0,9,0,9
   Romania,   Tonga,2,14,1,11,1,3
   Romania,   Trinidad and Tobago,2,32,0,15,2,17
   Romania,   Tunisia,1062,1924,737,1319,325,605
   Romania,   Turkey,5833,9206,4541,6933,1292,2273
   Romania,   Turkmenistan,7,154,3,112,4,42
   Romania,   Tuvalu,0,2,0,1,0,1
   Romania,   Uganda,3,23,2,8,1,15
   Romania,   Ukraine*,11900,43363,5895,25876,6005,17487
   Romania,   United Arab Emirates,13,514,12,288,1,226
   Romania,   United Kingdom*,5208,31593,2809,16675,2399,14918
   Romania,   United Republic of Tanzania*,3,25,1,10,2,15
   Romania,   United States of America*,2876,6235,1522,3292,1354,2943
   Romania,   Uruguay,8,207,5,117,3,90
   Romania,   Uzbekistan,15,129,7,84,8,45
   Romania,   Venezuela (Bolivarian Republic of),31,282,9,108,22,174
   Romania,   Viet Nam,80,2383,48,2110,32,273
   Romania,   Wallis and Futuna Islands*,0,2,0,2,0,0
   Romania,   Yemen,21,87,16,67,5,20
   Romania,   Zambia,15,105,10,53,5,52
   Romania,   Zimbabwe,0,18,0,7,0,11
   Romania,Other,5090,19413,1503,10878,3587,8535
   Russian Federation,WORLD,11643276,11636911,5715211,5712089,5928065,5924822
   Russian Federation,  Sub-Saharan Africa,6655,6587,4733,4733,1922,1854
   Russian Federation,  Northern Africa and Western Asia,1771268,1770260,981815,981282,789453,788978
   Russian Federation,  Central and Southern Asia,4965408,4962713,2439698,2438375,2525710,2524338
   Russian Federation,  Eastern and South-Eastern Asia,109411,109327,62446,62415,46965,46912
   Russian Federation,  Latin America and the Caribbean,4452,4419,2722,2721,1730,1698
   Russian Federation,  Oceania (excluding Australia and New Zealand),675,669,285,285,390,384
   Russian Federation,  Australia and New Zealand,629,625,344,344,285,281
   Russian Federation,  Europe and Northern America,4784153,4781552,2222798,2221571,2561355,2559981
   Russian Federation,  Developed regions,4785807,4783200,2223657,2222430,2562150,2560770
   Russian Federation,  Less developed regions,6856844,6852952,3491184,3489296,3365660,3363656
   Russian Federation," Less developed regions, excluding least developed countries",6845360,6841531,3482494,3480609,3362866,3360922
   Russian Federation," Less developed regions, excluding China",6800613,6796756,3459685,3457815,3340928,3338941
   Russian Federation,  Least developed countries,11484,11421,8690,8687,2794,2734
   Russian Federation,  Land-locked Developing Countries (LLDC),6568366,6564767,3320896,3319093,3247470,3245674
   Russian Federation,  Small island developing States (SIDS),3374,3351,1942,1941,1432,1410
   Russian Federation,  High-income countries,459414,459079,221665,221548,237749,237531
   Russian Federation,  Middle-income countries,10694820,10688965,5200801,5197961,5494019,5491004
   Russian Federation, Upper-middle-income countries,5340732,5337804,2608467,2607022,2732265,2730782
   Russian Federation, Lower-middle-income countries,5354088,5351161,2592334,2590939,2761754,2760222
   Russian Federation,  Low-income countries,488337,488032,292331,292173,196006,195859
   Russian Federation, AFRICA,10488,10406,7443,7443,3045,2963
   Russian Federation,  Eastern Africa,2177,2149,1495,1495,682,654
   Russian Federation,  Middle Africa,1772,1760,1360,1360,412,400
   Russian Federation,  Northern Africa,3833,3819,2710,2710,1123,1109
   Russian Federation,  Southern Africa,389,383,212,212,177,171
   Russian Federation,  Western Africa,2317,2295,1666,1666,651,629
   Russian Federation, ASIA,6842254,6838481,3481249,3479362,3361005,3359119
   Russian Federation,  Central Asia,4950593,4947920,2428742,2427425,2521851,2520495
   Russian Federation,  Eastern Asia,92745,92686,51901,51874,40844,40812
   Russian Federation,  South-Eastern Asia,16666,16641,10545,10541,6121,6100
   Russian Federation,  Southern Asia,14815,14793,10956,10950,3859,3843
   Russian Federation,  Western Asia,1767435,1766441,979105,978572,788330,787869
   Russian Federation, EUROPE,4779007,4776413,2219977,2218753,2559030,2557660
   Russian Federation,  Eastern Europe,4397474,4395138,2036780,2035653,2360694,2359485
   Russian Federation,  Northern Europe,224795,224656,104749,104693,120046,119963
   Russian Federation,  Southern Europe,7512,7488,4673,4673,2839,2815
   Russian Federation,  Western Europe,149226,149131,73775,73734,75451,75397
   Russian Federation, LATIN AMERICA AND THE CARIBBEAN,4452,4419,2722,2721,1730,1698
   Russian Federation,  Caribbean,2276,2271,1406,1405,870,866
   Russian Federation,  Central America,321,313,178,178,143,135
   Russian Federation,  South America,1855,1835,1138,1138,717,697
   Russian Federation, NORTHERN AMERICA,5146,5139,2821,2818,2325,2321
   Russian Federation, OCEANIA ,1304,1294,629,629,675,665
   Russian Federation,  Australia and New Zealand,629,625,344,344,285,281
   Russian Federation,  Melanesia,0,0,0,0,0,0
   Russian Federation,  Micronesia,50,48,21,21,29,27
   Russian Federation,  Polynesia*,625,621,264,264,361,357
   Russian Federation,   Afghanistan,5095,5090,3899,3896,1196,1194
   Russian Federation,   Albania,234,232,137,137,97,95
   Russian Federation,   Algeria,778,776,546,546,232,230
   Russian Federation,   American Samoa*,43,41,22,22,21,19
   Russian Federation,   Angola,511,509,410,410,101,99
   Russian Federation,   Azerbaijan*,767339,766918,425084,424851,342255,342067
   Russian Federation,   Argentina,252,250,155,155,97,95
   Russian Federation,   Australia*,543,541,296,296,247,245
   Russian Federation,   Austria,2953,2950,1401,1400,1552,1550
   Russian Federation,   Bangladesh,471,469,407,407,64,62
   Russian Federation,   Armenia,527287,526997,295875,295713,231412,231284
   Russian Federation,   Belgium,471,469,263,263,208,206
   Russian Federation,   Bolivia (Plurinational State of),84,82,58,58,26,24
   Russian Federation,   Bosnia and Herzegovina,515,513,452,452,63,61
   Russian Federation,   Botswana,28,26,9,9,19,17
   Russian Federation,   Brazil,433,431,235,235,198,196
   Russian Federation,   Bulgaria,5841,5836,3964,3961,1877,1875
   Russian Federation,   Myanmar,626,624,610,610,16,14
   Russian Federation,   Burundi,131,129,110,110,21,19
   Russian Federation,   Belarus,764279,763879,327520,327312,436759,436567
   Russian Federation,   Cambodia,114,112,95,95,19,17
   Russian Federation,   Cameroon,334,332,266,266,68,66
   Russian Federation,   Canada,558,556,316,316,242,240
   Russian Federation,   Cabo Verde,45,43,26,26,19,17
   Russian Federation,   Central African Republic,91,89,57,57,34,32
   Russian Federation,   Sri Lanka,588,586,330,330,258,256
   Russian Federation,   Chad,152,150,126,126,26,24
   Russian Federation,   Chile,107,105,66,66,41,39
   Russian Federation,   China*,56171,56138,31463,31445,24708,24693
   Russian Federation,   Colombia,206,204,142,142,64,62
   Russian Federation,   Comoros,88,86,44,44,44,42
   Russian Federation,   Congo,580,578,434,434,146,144
   Russian Federation,   Costa Rica,32,30,17,17,15,13
   Russian Federation,   Croatia,321,319,234,234,87,85
   Russian Federation,   Cuba,2227,2224,1369,1368,858,856
   Russian Federation,   Cyprus*,716,714,362,362,354,352
   Russian Federation,   Czechia,11257,11249,5611,5608,5646,5641
   Russian Federation,   Benin,94,92,71,71,23,21
   Russian Federation,   Denmark*,231,229,126,126,105,103
   Russian Federation,   Ecuador,241,239,166,166,75,73
   Russian Federation,   Equatorial Guinea,104,102,67,67,37,35
   Russian Federation,   Ethiopia,272,270,205,205,67,65
   Russian Federation,   Estonia,58751,58718,27173,27159,31578,31559
   Russian Federation,   Finland*,2210,2207,1012,1011,1198,1196
   Russian Federation,   France*,2567,2564,1428,1427,1139,1137
   Russian Federation,   Georgia*,450221,449973,241107,240975,209114,208998
   Russian Federation,   State of Palestine*,566,564,528,528,38,36
   Russian Federation,   Germany,142026,141947,70040,70001,71986,71946
   Russian Federation,   Ghana,316,314,251,251,65,63
   Russian Federation,   Greece,1952,1950,1113,1113,839,837
   Russian Federation,   Guinea,204,202,159,159,45,43
   Russian Federation,"   China, Hong Kong SAR*",60,58,36,36,24,22
   Russian Federation,   Hungary,16841,16831,8383,8378,8458,8453
   Russian Federation,   Iceland,44,42,21,21,23,21
   Russian Federation,   India,5701,5696,4254,4251,1447,1445
   Russian Federation,   Indonesia,163,161,100,100,63,61
   Russian Federation,   Iran (Islamic Republic of),2012,2010,1315,1315,697,695
   Russian Federation,   Iraq,986,984,800,800,186,184
   Russian Federation,   Ireland,175,173,89,89,86,84
   Russian Federation,   Israel,3649,3646,2005,2004,1644,1642
   Russian Federation,   Italy,1896,1894,1170,1170,726,724
   Russian Federation,   Côte d'Ivoire,110,108,83,83,27,25
   Russian Federation,   Japan,1025,1023,515,515,510,508
   Russian Federation,   Kazakhstan,2560269,2558907,1177958,1177323,1382311,1381584
   Russian Federation,   Jordan,816,814,672,672,144,142
   Russian Federation,   Kenya,451,449,297,297,154,152
   Russian Federation,   Dem. People's Republic of Korea,10624,10617,8203,8199,2421,2418
   Russian Federation,   Republic of Korea,3721,3718,2166,2165,1555,1553
   Russian Federation,   Kuwait,85,83,56,56,29,27
   Russian Federation,   Kyrgyzstan,591349,591025,287245,287089,304104,303936
   Russian Federation,   Lao People's Democratic Republic,122,120,104,104,18,16
   Russian Federation,   Lebanon,968,966,807,807,161,159
   Russian Federation,   Latvia,89389,89338,41590,41567,47799,47771
   Russian Federation,   Libya,270,268,170,170,100,98
   Russian Federation,   Lithuania,71078,71038,33200,33182,37878,37856
   Russian Federation,   Luxembourg,36,34,21,21,15,13
   Russian Federation,   Madagascar,84,82,58,58,26,24
   Russian Federation,   Malawi,29,27,17,17,12,10
   Russian Federation,   Malaysia*,1556,1554,896,896,660,658
   Russian Federation,   Maldives,45,43,18,18,27,25
   Russian Federation,   Mali,73,71,66,66,7,5
   Russian Federation,   Malta,54,52,29,29,25,23
   Russian Federation,   Mauritius*,64,62,46,46,18,16
   Russian Federation,   Mexico,204,202,97,97,107,105
   Russian Federation,   Monaco,45,43,15,15,30,28
   Russian Federation,   Mongolia,21144,21132,9518,9514,11626,11618
   Russian Federation,   Republic of Moldova*,294314,294152,155978,155894,138336,138258
   Russian Federation,   Montenegro,263,261,209,209,54,52
   Russian Federation,   Morocco,1101,1099,761,761,340,338
   Russian Federation,   Mozambique,111,109,77,77,34,32
   Russian Federation,   Oman,52,50,32,32,20,18
   Russian Federation,   Namibia,121,119,72,72,49,47
   Russian Federation,   Nepal,175,173,154,154,21,19
   Russian Federation,   Netherlands*,548,546,316,316,232,230
   Russian Federation,   New Zealand*,86,84,48,48,38,36
   Russian Federation,   Nicaragua,60,58,44,44,16,14
   Russian Federation,   Niger,30,28,28,28,2,0
   Russian Federation,   Nigeria,796,794,643,643,153,151
   Russian Federation,   Norway*,701,699,318,318,383,381
   Russian Federation,   Northern Mariana Islands*,50,48,21,21,29,27
   Russian Federation,   Pakistan,728,726,579,579,149,147
   Russian Federation,   Panama,25,23,20,20,5,3
   Russian Federation,   Paraguay,36,34,16,16,20,18
   Russian Federation,   Peru,277,275,199,199,78,76
   Russian Federation,   Philippines,147,145,61,61,86,84
   Russian Federation,   Poland,29207,29190,13864,13857,15343,15333
   Russian Federation,   Portugal,232,230,127,127,105,103
   Russian Federation,   Guinea-Bissau,131,129,93,93,38,36
   Russian Federation,   Qatar,26,24,14,14,12,10
   Russian Federation,   Romania,3911,3908,1715,1715,2196,2193
   Russian Federation,   Rwanda,45,43,27,27,18,16
   Russian Federation,   Anguilla*,49,47,37,37,12,10
   Russian Federation,   San Marino,46,44,16,16,30,28
   Russian Federation,   Saudi Arabia,219,217,155,155,64,62
   Russian Federation,   Senegal,73,71,51,51,22,20
   Russian Federation,   Singapore,50,48,24,24,26,24
   Russian Federation,   Slovakia,1832,1830,959,959,873,871
   Russian Federation,   Viet Nam,13671,13662,8553,8549,5118,5113
   Russian Federation,   Slovenia,350,348,231,231,119,117
   Russian Federation,   Somalia,59,57,51,51,8,6
   Russian Federation,   South Africa,240,238,131,131,109,107
   Russian Federation,   Zimbabwe,73,71,43,43,30,28
   Russian Federation,   Spain*,1394,1392,747,747,647,645
   Russian Federation,   Sudan,258,256,233,233,25,23
   Russian Federation,   Western Sahara,31,29,7,7,24,22
   Russian Federation,   Sweden,475,473,247,247,228,226
   Russian Federation,   Switzerland,580,578,291,291,289,287
   Russian Federation,   Syrian Arab Republic,3265,3262,2754,2753,511,509
   Russian Federation,   Tajikistan,466508,466252,275345,275195,191163,191057
   Russian Federation,   Thailand,217,215,102,102,115,113
   Russian Federation,   United Arab Emirates,355,353,205,205,150,148
   Russian Federation,   Tunisia,335,333,262,262,73,71
   Russian Federation,   Turkey,10237,10230,8068,8064,2169,2166
   Russian Federation,   Turkmenistan,185664,185561,88556,88507,97108,97054
   Russian Federation,   Tuvalu,582,580,242,242,340,338
   Russian Federation,   Uganda,82,80,47,47,35,33
   Russian Federation,   Ukraine*,3269992,3268263,1518786,1517969,1751206,1750294
   Russian Federation,   North Macedonia,255,253,208,208,47,45
   Russian Federation,   Egypt,1060,1058,731,731,329,327
   Russian Federation,   United Kingdom*,1741,1739,973,973,768,766
   Russian Federation,   United Republic of Tanzania*,217,215,143,143,74,72
   Russian Federation,   United States of America*,4588,4583,2505,2502,2083,2081
   Russian Federation,   Burkina Faso,445,443,195,195,250,248
   Russian Federation,   Uruguay,121,119,54,54,67,65
   Russian Federation,   Uzbekistan,1146803,1146175,599638,599311,547165,546864
   Russian Federation,   Venezuela (Bolivarian Republic of),98,96,47,47,51,49
   Russian Federation,   Yemen,648,646,581,581,67,65
   Russian Federation,   Zambia,471,469,330,330,141,139
   Russian Federation,Other,625,759,370,363,255,396
   Slovakia,WORLD,177624,197161,89011,100551,88613,96610
   Slovakia,  Sub-Saharan Africa,672,768,456,524,216,244
   Slovakia,  Northern Africa and Western Asia,2253,3013,1750,2273,503,740
   Slovakia,  Central and Southern Asia,913,1144,618,776,295,368
   Slovakia,  Eastern and South-Eastern Asia,4163,4757,2383,2672,1780,2085
   Slovakia,  Latin America and the Caribbean,756,977,465,604,291,373
   Slovakia,  Oceania (excluding Australia and New Zealand),18,10,10,3,8,7
   Slovakia,  Australia and New Zealand,331,482,188,264,143,218
   Slovakia,  Europe and Northern America,168407,185913,83079,93382,85328,92531
   Slovakia,  Developed regions,168875,186553,83326,93715,85549,92838
   Slovakia,  Less developed regions,8638,10511,5623,6783,3015,3728
   Slovakia," Less developed regions, excluding least developed countries",8039,9863,5204,6331,2835,3532
   Slovakia," Less developed regions, excluding China",7564,9255,5047,6110,2517,3145
   Slovakia,  Least developed countries,599,648,419,452,180,196
   Slovakia,  Land-locked Developing Countries (LLDC),1893,2222,1156,1364,737,858
   Slovakia,  Small island developing States (SIDS),263,291,171,185,92,106
   Slovakia,  High-income countries,151406,166284,75375,84105,76031,82179
   Slovakia,  Middle-income countries,25363,29942,13038,15790,12325,14152
   Slovakia, Upper-middle-income countries,11659,14117,6666,8159,4993,5958
   Slovakia, Lower-middle-income countries,13704,15825,6372,7631,7332,8194
   Slovakia,  Low-income countries,740,836,533,602,207,234
   Slovakia, AFRICA,1258,1531,981,1195,277,336
   Slovakia,  Eastern Africa,149,173,91,98,58,75
   Slovakia,  Middle Africa,209,206,111,109,98,97
   Slovakia,  Northern Africa,586,763,525,671,61,92
   Slovakia,  Southern Africa,122,159,82,110,40,49
   Slovakia,  Western Africa,192,230,172,207,20,23
   Slovakia, ASIA,6743,8151,4226,5050,2517,3101
   Slovakia,  Central Asia,340,408,161,193,179,215
   Slovakia,  Eastern Asia,1825,2103,1010,1157,815,946
   Slovakia,  South-Eastern Asia,2338,2654,1373,1515,965,1139
   Slovakia,  Southern Asia,573,736,457,583,116,153
   Slovakia,  Western Asia,1667,2250,1225,1602,442,648
   Slovakia, EUROPE,165743,182652,81664,91597,84079,91055
   Slovakia,  Eastern Europe,135480,140702,63022,66097,72458,74605
   Slovakia,  Northern Europe,8257,13221,4525,7149,3732,6072
   Slovakia,  Southern Europe,8731,11806,5974,8035,2757,3771
   Slovakia,  Western Europe,13275,16923,8143,10316,5132,6607
   Slovakia, LATIN AMERICA AND THE CARIBBEAN,756,977,465,604,291,373
   Slovakia,  Caribbean,189,213,129,146,60,67
   Slovakia,  Central America,139,212,96,145,43,67
   Slovakia,  South America,428,552,240,313,188,239
   Slovakia, NORTHERN AMERICA,2664,3261,1415,1785,1249,1476
   Slovakia, OCEANIA ,349,492,198,267,151,225
   Slovakia,  Australia and New Zealand,331,482,188,264,143,218
   Slovakia,  Melanesia,7,4,4,2,3,2
   Slovakia,  Micronesia,8,6,3,1,5,5
   Slovakia,  Polynesia*,3,0,3,0,0,0
   Slovakia,   Afghanistan,155,194,132,166,23,28
   Slovakia,   Albania,99,133,84,114,15,19
   Slovakia,   Algeria,105,125,88,105,17,20
   Slovakia,   Andorra,1,0,1,0,0,0
   Slovakia,   Angola,25,25,21,20,4,5
   Slovakia,   Argentina,83,90,37,46,46,44
   Slovakia,   Armenia,148,169,80,90,68,79
   Slovakia,   Aruba*,1,1,0,0,1,1
   Slovakia,   Australia*,288,419,158,224,130,195
   Slovakia,   Austria,3361,4722,2001,2747,1360,1975
   Slovakia,   Azerbaijan*,37,56,15,27,22,29
   Slovakia,   Bahrain,14,14,9,7,5,7
   Slovakia,   Bangladesh,18,21,15,18,3,3
   Slovakia,   Barbados,1,1,1,1,0,0
   Slovakia,   Belarus,223,262,70,86,153,176
   Slovakia,   Belgium,828,1029,528,663,300,366
   Slovakia,   Belize,2,2,2,2,0,0
   Slovakia,   Benin,9,10,8,9,1,1
   Slovakia,   Bolivia (Plurinational State of),15,16,12,13,3,3
   Slovakia,   Bosnia and Herzegovina,394,463,281,339,113,124
   Slovakia,   Botswana,4,2,0,0,4,2
   Slovakia,   Brazil,114,171,47,75,67,96
   Slovakia,   British Virgin Islands*,1,1,1,1,0,0
   Slovakia,   Bulgaria,2193,2596,1490,1782,703,814
   Slovakia,   Burkina Faso,3,1,3,1,0,0
   Slovakia,   Burundi,5,4,4,3,1,1
   Slovakia,   Cambodia,8,10,5,5,3,5
   Slovakia,   Cameroon,10,15,8,12,2,3
   Slovakia,   Canada,480,613,264,339,216,274
   Slovakia,   Cayman Islands*,2,1,1,0,1,1
   Slovakia,   Central African Republic,2,1,1,0,1,1
   Slovakia,   Chad,139,133,60,57,79,76
   Slovakia,   Chile,28,32,17,19,11,13
   Slovakia,   China*,1074,1256,576,673,498,583
   Slovakia,   Colombia,56,69,41,49,15,20
   Slovakia,   Congo,23,23,14,14,9,9
   Slovakia,   Costa Rica,12,16,7,11,5,5
   Slovakia,   Côte d'Ivoire,9,9,7,7,2,2
   Slovakia,   Croatia,850,1242,573,866,277,376
   Slovakia,   Cuba,137,153,99,109,38,44
   Slovakia,   Cyprus*,120,171,73,105,47,66
   Slovakia,   Czechia,87989,89560,39855,40032,48134,49528
   Slovakia,   Dem. People's Republic of Korea,16,14,9,7,7,7
   Slovakia,   Democratic Republic of the Congo,8,8,5,5,3,3
   Slovakia,   Denmark*,260,326,173,214,87,112
   Slovakia,   Dominica,3,2,1,0,2,2
   Slovakia,   Dominican Republic,18,26,8,15,10,11
   Slovakia,   Ecuador,36,48,22,28,14,20
   Slovakia,   Egypt,195,260,185,246,10,14
   Slovakia,   El Salvador,2,1,2,1,0,0
   Slovakia,   Estonia,55,69,18,23,37,46
   Slovakia,   Eswatini,1,0,1,0,0,0
   Slovakia,   Ethiopia,31,39,22,25,9,14
   Slovakia,   Faroe Islands*,1,0,0,0,1,0
   Slovakia,   Finland*,154,208,86,111,68,97
   Slovakia,   France*,2938,3043,1562,1696,1376,1347
   Slovakia,   French Polynesia*,1,0,1,0,0,0
   Slovakia,   Gambia,3,4,3,4,0,0
   Slovakia,   Georgia*,78,93,47,57,31,36
   Slovakia,   Germany,4817,6202,3208,4038,1609,2164
   Slovakia,   Ghana,19,27,14,20,5,7
   Slovakia,   Greece,431,649,284,425,147,224
   Slovakia,   Greenland*,3,2,3,2,0,0
   Slovakia,   Grenada,2,1,1,0,1,1
   Slovakia,   Guatemala,3,5,2,4,1,1
   Slovakia,   Guinea,6,6,6,6,0,0
   Slovakia,   Guinea-Bissau,2,1,1,0,1,1
   Slovakia,   Haiti,2,4,2,4,0,0
   Slovakia,   Holy See*,3,2,2,1,1,1
   Slovakia,   Honduras,2,4,2,4,0,0
   Slovakia,   Hungary,17058,16291,8345,8428,8713,7863
   Slovakia,   Iceland,63,97,31,44,32,53
   Slovakia,   India,155,194,113,147,42,47
   Slovakia,   Indonesia,35,50,18,23,17,27
   Slovakia,   Iran (Islamic Republic of),130,168,99,120,31,48
   Slovakia,   Iraq,79,215,65,133,14,82
   Slovakia,   Ireland,914,1494,493,810,421,684
   Slovakia,   Isle of Man*,3,3,3,3,0,0
   Slovakia,   Israel,192,242,134,166,58,76
   Slovakia,   Italy,2841,3918,2117,2873,724,1045
   Slovakia,   Jamaica,14,15,9,10,5,5
   Slovakia,   Japan,137,158,59,69,78,89
   Slovakia,   Jordan,57,68,47,53,10,15
   Slovakia,   Kazakhstan,246,290,118,134,128,156
   Slovakia,   Kenya,25,28,11,13,14,15
   Slovakia,   Kiribati,7,6,2,1,5,5
   Slovakia,   Kuwait,75,91,54,65,21,26
   Slovakia,   Kyrgyzstan,25,33,14,18,11,15
   Slovakia,   Lao People's Democratic Republic,6,5,2,1,4,4
   Slovakia,   Latvia,144,199,61,81,83,118
   Slovakia,   Lebanon,111,157,95,131,16,26
   Slovakia,   Lesotho,4,3,1,0,3,3
   Slovakia,   Liberia,3,2,2,1,1,1
   Slovakia,   Libya,59,87,46,61,13,26
   Slovakia,   Liechtenstein,7,7,4,4,3,3
   Slovakia,   Lithuania,142,199,58,77,84,122
   Slovakia,   Luxembourg,57,90,29,42,28,48
   Slovakia,   Madagascar,18,18,10,9,8,9
   Slovakia,   Malawi,6,6,5,5,1,1
   Slovakia,   Malaysia*,18,23,12,15,6,8
   Slovakia,   Maldives,1,1,1,1,0,0
   Slovakia,   Malta,27,45,16,26,11,19
   Slovakia,   Mauritius*,11,23,6,13,5,10
   Slovakia,   Mexico,93,158,62,105,31,53
   Slovakia,   Micronesia (Fed. States of),1,0,1,0,0,0
   Slovakia,   Monaco,5,5,4,3,1,2
   Slovakia,   Mongolia,64,66,28,27,36,39
   Slovakia,   Montenegro,39,41,25,26,14,15
   Slovakia,   Morocco,55,73,47,59,8,14
   Slovakia,   Mozambique,4,3,4,3,0,0
   Slovakia,   Myanmar,4,3,3,2,1,1
   Slovakia,   Namibia,1,0,1,0,0,0
   Slovakia,   Nepal,9,12,7,9,2,3
   Slovakia,   Netherlands*,585,780,414,546,171,234
   Slovakia,   New Zealand*,43,63,30,40,13,23
   Slovakia,   Nicaragua,11,12,11,10,0,2
   Slovakia,   Niger,6,5,6,5,0,0
   Slovakia,   Nigeria,111,143,104,135,7,8
   Slovakia,   North Macedonia,760,883,530,614,230,269
   Slovakia,   Norway*,750,1097,344,499,406,598
   Slovakia,   Oman,3,4,0,0,3,4
   Slovakia,   Pakistan,90,122,84,110,6,12
   Slovakia,   Panama,14,14,8,8,6,6
   Slovakia,   Papua New Guinea,3,2,2,1,1,1
   Slovakia,   Paraguay,6,7,3,2,3,5
   Slovakia,   Peru,59,76,40,55,19,21
   Slovakia,   Philippines,34,63,11,19,23,44
   Slovakia,   Poland,6721,7367,3119,3530,3602,3837
   Slovakia,   Portugal,172,283,119,198,53,85
   Slovakia,   Qatar,2,6,1,3,1,3
   Slovakia,   Republic of Korea,534,609,338,381,196,228
   Slovakia,   Republic of Moldova*,125,183,67,111,58,72
   Slovakia,   Romania,8299,9763,5156,6250,3143,3513
   Slovakia,   Russian Federation,2780,3098,975,1111,1805,1987
   Slovakia,   Rwanda,2,1,1,1,1,0
   Slovakia,   Saint Helena*,1,0,1,0,0,0
   Slovakia,   Saint Kitts and Nevis,1,0,1,0,0,0
   Slovakia,   Saint Lucia,1,0,0,0,1,0
   Slovakia,   Samoa,1,0,1,0,0,0
   Slovakia,   San Marino,1,0,0,0,1,0
   Slovakia,   Sao Tome and Principe,2,1,2,1,0,0
   Slovakia,   Saudi Arabia,39,48,35,40,4,8
   Slovakia,   Senegal,15,19,12,16,3,3
   Slovakia,   Serbia*,1917,2463,1229,1570,688,893
   Slovakia,   Seychelles,7,6,4,3,3,3
   Slovakia,   Sierra Leone,2,1,2,1,0,0
   Slovakia,   Singapore,17,20,7,9,10,11
   Slovakia,   Slovenia,311,380,216,262,95,118
   Slovakia,   Solomon Islands,3,2,2,1,1,1
   Slovakia,   Somalia,14,17,8,9,6,8
   Slovakia,   South Africa,112,154,79,110,33,44
   Slovakia,   Spain*,885,1304,497,721,388,583
   Slovakia,   Sri Lanka,15,24,6,12,9,12
   Slovakia,   State of Palestine*,44,54,38,48,6,6
   Slovakia,   Sudan,19,18,17,16,2,2
   Slovakia,   Sweden,270,342,159,202,111,140
   Slovakia,   Switzerland,677,1045,393,577,284,468
   Slovakia,   Syrian Arab Republic,237,289,191,228,46,61
   Slovakia,   Tajikistan,12,13,5,6,7,7
   Slovakia,   Thailand,71,107,12,17,59,90
   Slovakia,   Togo,3,2,3,2,0,0
   Slovakia,   Trinidad and Tobago,6,8,5,6,1,2
   Slovakia,   Tunisia,153,200,142,184,11,16
   Slovakia,   Turkey,322,405,269,339,53,66
   Slovakia,   Turkmenistan,11,13,5,4,6,9
   Slovakia,   Tuvalu,1,0,1,0,0,0
   Slovakia,   Uganda,8,11,3,4,5,7
   Slovakia,   Ukraine*,10092,11582,3945,4767,6147,6815
   Slovakia,   United Arab Emirates,75,127,44,76,31,51
   Slovakia,   United Kingdom*,5501,9187,3099,5085,2402,4102
   Slovakia,   United Republic of Tanzania*,1,0,1,0,0,0
   Slovakia,   United States of America*,2181,2646,1148,1444,1033,1202
   Slovakia,   Uruguay,12,18,7,8,5,10
   Slovakia,   Uzbekistan,46,59,19,31,27,28
   Slovakia,   Vanuatu,1,0,0,0,1,0
   Slovakia,   Venezuela (Bolivarian Republic of),19,25,14,18,5,7
   Slovakia,   Viet Nam,2145,2373,1303,1424,842,949
   Slovakia,   Yemen,34,41,28,34,6,7
   Slovakia,   Zambia,11,11,9,8,2,3
   Slovakia,   Zimbabwe,6,6,3,2,3,4
   Slovakia,Other,111,97,62,53,49,44
   Ukraine*,WORLD,4915142,4997387,2113924,2149298,2801218,2848089
   Ukraine*,  Sub-Saharan Africa,0,0,0,0,0,0
   Ukraine*,  Northern Africa and Western Asia,211560,215085,122929,124990,88631,90095
   Ukraine*,  Central and Southern Asia,531521,540404,255508,259785,276013,280619
   Ukraine*,  Eastern and South-Eastern Asia,18950,19264,11333,11522,7617,7742
   Ukraine*,  Latin America and the Caribbean,0,0,0,0,0,0
   Ukraine*,  Oceania (excluding Australia and New Zealand),0,0,0,0,0,0
   Ukraine*,  Australia and New Zealand,0,0,0,0,0,0
   Ukraine*,  Europe and Northern America,3733805,3796283,1548828,1574748,2184977,2221535
   Ukraine*,  Developed regions,3733805,3796283,1548828,1574748,2184977,2221535
   Ukraine*,  Less developed regions,762031,774753,389770,396297,372261,378456
   Ukraine*," Less developed regions, excluding least developed countries",757219,769862,386034,392498,371185,377364
   Ukraine*," Less developed regions, excluding China",755471,768085,385567,392024,369904,376061
   Ukraine*,  Least developed countries,4812,4891,3736,3799,1076,1092
   Ukraine*,  Land-locked Developing Countries (LLDC),804920,818375,392848,399422,412072,418953
   Ukraine*,  Small island developing States (SIDS),0,0,0,0,0,0
   Ukraine*,  High-income countries,64788,65860,32569,33113,32219,32747
   Ukraine*,  Middle-income countries,4393149,4466647,1884125,1915661,2509024,2550986
   Ukraine*, Upper-middle-income countries,3977405,4043955,1680818,1708948,2296587,2335007
   Ukraine*, Lower-middle-income countries,415744,422692,203307,206713,212437,215979
   Ukraine*,  Low-income countries,37899,38529,21904,22271,15995,16258
   Ukraine*, AFRICA,1737,1765,1249,1271,488,494
   Ukraine*,  Eastern Africa,0,0,0,0,0,0
   Ukraine*,  Middle Africa,0,0,0,0,0,0
   Ukraine*,  Northern Africa,1737,1765,1249,1271,488,494
   Ukraine*,  Southern Africa,0,0,0,0,0,0
   Ukraine*,  Western Africa,0,0,0,0,0,0
   Ukraine*, ASIA,760294,772988,388521,395026,371773,377962
   Ukraine*,  Central Asia,520757,529464,246960,251092,273797,278372
   Ukraine*,  Eastern Asia,6560,6668,4203,4273,2357,2395
   Ukraine*,  South-Eastern Asia,12390,12596,7130,7249,5260,5347
   Ukraine*,  Southern Asia,10764,10940,8548,8693,2216,2247
   Ukraine*,  Western Asia,209823,213320,121680,123719,88143,89601
   Ukraine*, EUROPE,3731067,3793501,1547341,1573236,2183726,2220265
   Ukraine*,  Eastern Europe,3675847,3737364,1519606,1545038,2156241,2192326
   Ukraine*,  Northern Europe,54137,55038,27150,27604,26987,27434
   Ukraine*,  Southern Europe,0,0,0,0,0,0
   Ukraine*,  Western Europe,1083,1099,585,594,498,505
   Ukraine*, LATIN AMERICA AND THE CARIBBEAN,0,0,0,0,0,0
   Ukraine*,  Caribbean,0,0,0,0,0,0
   Ukraine*,  Central America,0,0,0,0,0,0
   Ukraine*,  South America,0,0,0,0,0,0
   Ukraine*, NORTHERN AMERICA,2738,2782,1487,1512,1251,1270
   Ukraine*, OCEANIA ,0,0,0,0,0,0
   Ukraine*,  Australia and New Zealand,0,0,0,0,0,0
   Ukraine*,  Melanesia,0,0,0,0,0,0
   Ukraine*,  Micronesia,0,0,0,0,0,0
   Ukraine*,  Polynesia*,0,0,0,0,0,0
   Ukraine*,   Afghanistan,4812,4891,3736,3799,1076,1092
   Ukraine*,   Azerbaijan*,82299,83674,45884,46651,36415,37023
   Ukraine*,   Armenia,47307,48097,27416,27875,19891,20222
   Ukraine*,   Bulgaria,1732,1760,1172,1192,560,568
   Ukraine*,   Belarus,245534,249641,100989,102679,144545,146962
   Ukraine*,   China*,6560,6668,4203,4273,2357,2395
   Ukraine*,   Estonia,10222,10392,5126,5213,5096,5179
   Ukraine*,   Georgia*,64399,65475,34991,35576,29408,29899
   Ukraine*,   State of Palestine*,1513,1537,1421,1446,92,91
   Ukraine*,   Germany,1083,1099,585,594,498,505
   Ukraine*,   India,3816,3879,3071,3123,745,756
   Ukraine*,   Iran (Islamic Republic of),2136,2170,1741,1771,395,399
   Ukraine*,   Israel,3752,3813,1930,1962,1822,1851
   Ukraine*,   Kazakhstan,222245,225962,100195,101871,122050,124091
   Ukraine*,   Jordan,3714,3775,3631,3693,83,82
   Ukraine*,   Kyrgyzstan,26729,27175,12286,12492,14443,14683
   Ukraine*,   Lebanon,1764,1792,1667,1696,97,96
   Ukraine*,   Latvia,19497,19821,9779,9941,9718,9880
   Ukraine*,   Lithuania,24418,24825,12245,12450,12173,12375
   Ukraine*,   Republic of Moldova*,149745,152249,68852,70005,80893,82244
   Ukraine*,   Morocco,1737,1765,1249,1271,488,494
   Ukraine*,   Poland,3078,3128,1417,1441,1661,1687
   Ukraine*,   Russian Federation,3275758,3330586,1347176,1369721,1928582,1960865
   Ukraine*,   Viet Nam,12390,12596,7130,7249,5260,5347
   Ukraine*,   Syrian Arab Republic,3720,3781,3576,3636,144,145
   Ukraine*,   Tajikistan,29367,29857,14592,14836,14775,15021
   Ukraine*,   Turkey,1355,1376,1164,1184,191,192
   Ukraine*,   Turkmenistan,22602,22979,10589,10766,12013,12213
   Ukraine*,   United States of America*,2738,2782,1487,1512,1251,1270
   Ukraine*,   Uzbekistan,219814,223491,109298,111127,110516,112364
   Ukraine*,Other,419306,426351,175326,178253,243980,248098
  Northern Europe,WORLD,13191086,14973861,6347909,7257061,6843177,7716800
  Northern Europe,  Sub-Saharan Africa,1574603,1829908,744802,876151,829801,953757
  Northern Europe,  Northern Africa and Western Asia,1026032,1281913,573720,715583,452312,566330
  Northern Europe,  Central and Southern Asia,2247701,2398039,1195648,1261690,1052053,1136349
  Northern Europe,  Eastern and South-Eastern Asia,1050012,1185220,415288,464384,634724,720836
  Northern Europe,  Latin America and the Caribbean,541580,589887,234806,252972,306774,336915
  Northern Europe,  Oceania (excluding Australia and New Zealand),8905,9968,4458,4936,4447,5032
  Northern Europe,  Australia and New Zealand,220728,246328,111149,122206,109579,124122
  Northern Europe,  Europe and Northern America,6311494,7206366,2970903,3453875,3340591,3752491
  Northern Europe,  Developed regions,6583974,7511623,3100637,3596945,3483337,3914678
  Northern Europe,  Less developed regions,6397081,7236006,3150137,3554852,3246944,3681154
  Northern Europe," Less developed regions, excluding least developed countries",5293968,5946150,2592599,2904134,2701369,3042016
  Northern Europe," Less developed regions, excluding China",6010571,6810578,2977682,3360839,3032889,3449739
  Northern Europe,  Least developed countries,1103113,1289856,557538,650718,545575,639138
  Northern Europe,  Land-locked Developing Countries (LLDC),609857,700076,304141,351090,305716,348986
  Northern Europe,  Small island developing States (SIDS),418025,444420,182179,190635,235846,253785
  Northern Europe,  High-income countries,6233136,7132615,2990060,3456406,3243076,3676209
  Northern Europe,  Middle-income countries,5873430,6466266,2816065,3103403,3057365,3362863
  Northern Europe, Upper-middle-income countries,2617872,2912786,1181742,1342568,1436130,1570218
  Northern Europe, Lower-middle-income countries,3255558,3553480,1634323,1760835,1621235,1792645
  Northern Europe,  Low-income countries,859279,1131617,438249,584875,421030,546742
  Northern Europe, AFRICA,1742998,2030894,843933,993472,899065,1037422
  Northern Europe,  Eastern Africa,872893,1010801,401802,464967,471091,545834
  Northern Europe,  Middle Africa,63560,74790,30181,35257,33379,39533
  Northern Europe,  Northern Africa,168395,200986,99131,117321,69264,83665
  Northern Europe,  Southern Africa,229140,276484,106651,139081,122489,137403
  Northern Europe,  Western Africa,409010,467833,206168,236846,202842,230987
  Northern Europe, ASIA,4155350,4664186,2085525,2324336,2069825,2339850
  Northern Europe,  Central Asia,38968,42629,16952,19068,22016,23561
  Northern Europe,  Eastern Asia,491231,544672,212196,239061,279035,305611
  Northern Europe,  South-Eastern Asia,558781,640548,203092,225323,355689,415225
  Northern Europe,  Southern Asia,2208733,2355410,1178696,1242622,1030037,1112788
  Northern Europe,  Western Asia,857637,1080927,474589,598262,383048,482665
  Northern Europe, EUROPE,5907202,6791001,2781609,3266148,3125593,3524853
  Northern Europe,  Eastern Europe,2403221,2804341,1120800,1343355,1282421,1460986
  Northern Europe,  Northern Europe,1885586,2037623,881994,959564,1003592,1078059
  Northern Europe,  Southern Europe,788876,1036509,391505,547531,397371,488978
  Northern Europe,  Western Europe,829519,912528,387310,415698,442209,496830
  Northern Europe, LATIN AMERICA AND THE CARIBBEAN,541580,589887,234806,252972,306774,336915
  Northern Europe,  Caribbean,265394,271966,110896,110900,154498,161066
  Northern Europe,  Central America,28321,33792,12589,14958,15732,18834
  Northern Europe,  South America,247865,284129,111321,127114,136544,157015
  Northern Europe, NORTHERN AMERICA,404292,415365,189294,187727,214998,227638
  Northern Europe, OCEANIA ,229633,256296,115607,127142,114026,129154
  Northern Europe,  Australia and New Zealand,220728,246328,111149,122206,109579,124122
  Northern Europe,  Melanesia,7890,8868,3945,4382,3945,4486
  Northern Europe,  Micronesia,238,257,100,104,138,153
  Northern Europe,  Polynesia*,777,843,413,450,364,393
  Northern Europe,   Burundi,8151,9407,3675,4246,4476,5161
  Northern Europe,   Comoros,146,154,62,65,84,89
  Northern Europe,   Djibouti,773,999,338,427,435,572
  Northern Europe,   Eritrea,60621,88815,32258,49060,28363,39755
  Northern Europe,   Ethiopia,41085,51064,20229,25189,20856,25875
  Northern Europe,   Kenya,140673,150449,65585,69336,75088,81113
  Northern Europe,   Madagascar,1734,1947,647,711,1087,1236
  Northern Europe,   Malawi,17268,19529,8290,9288,8978,10241
  Northern Europe,   Mauritius*,43986,49702,21970,24620,22016,25082
  Northern Europe,   Mayotte*,0,0,0,0,0,0
  Northern Europe,   Mozambique,6248,7011,2817,3146,3431,3865
  Northern Europe,   Réunion*,14,15,12,14,2,1
  Northern Europe,   Rwanda,5988,6931,2690,3101,3298,3830
  Northern Europe,   Seychelles,3907,4398,1515,1676,2392,2722
  Northern Europe,   Somalia,236847,273990,101443,116540,135404,157450
  Northern Europe,   South Sudan,81,294,46,152,35,142
  Northern Europe,   Uganda,74418,85090,36010,40831,38408,44259
  Northern Europe,   United Republic of Tanzania*,44197,49815,21751,24298,22446,25517
  Northern Europe,   Zambia,31431,35663,14149,15912,17282,19751
  Northern Europe,   Zimbabwe,155325,175528,68315,76355,87010,99173
  Northern Europe,   Angola,14234,15992,6724,7482,7510,8510
  Northern Europe,   Cameroon,11678,13805,6043,7069,5635,6736
  Northern Europe,   Central African Republic,429,535,175,229,254,306
  Northern Europe,   Chad,428,558,281,352,147,206
  Northern Europe,   Congo,11294,12568,5090,5627,6204,6941
  Northern Europe,   Democratic Republic of the Congo,24247,29908,11383,13964,12864,15944
  Northern Europe,   Equatorial Guinea,282,331,103,115,179,216
  Northern Europe,   Gabon,342,393,150,167,192,226
  Northern Europe,   Sao Tome and Principe,626,700,232,252,394,448
  Northern Europe,   Algeria,27104,30934,18156,20606,8948,10328
  Northern Europe,   Egypt,42762,50977,24923,29622,17839,21355
  Northern Europe,   Libya,18391,22437,10741,12956,7650,9481
  Northern Europe,   Morocco,41899,49043,22268,25738,19631,23305
  Northern Europe,   Sudan,25536,32658,14491,18507,11045,14151
  Northern Europe,   Tunisia,12659,14907,8513,9866,4146,5041
  Northern Europe,   Western Sahara,44,30,39,26,5,4
  Northern Europe,   Botswana,3468,3912,1669,1867,1799,2045
  Northern Europe,   Eswatini,1490,1666,682,755,808,911
  Northern Europe,   Lesotho,800,899,318,357,482,542
  Northern Europe,   Namibia,2594,3015,1193,1362,1401,1653
  Northern Europe,   South Africa,220788,266992,102789,134740,117999,132252
  Northern Europe,   Benin,721,815,397,443,324,372
  Northern Europe,   Burkina Faso,425,494,249,291,176,203
  Northern Europe,   Cabo Verde,1723,1923,810,899,913,1024
  Northern Europe,   Côte d'Ivoire,8171,9325,4093,4612,4078,4713
  Northern Europe,   Gambia,15910,18439,8947,10477,6963,7962
  Northern Europe,   Ghana,124320,141349,64115,72390,60205,68959
  Northern Europe,   Guinea,2555,2976,1454,1674,1101,1302
  Northern Europe,   Guinea-Bissau,1890,2161,961,1098,929,1063
  Northern Europe,   Liberia,5193,5747,2773,3076,2420,2671
  Northern Europe,   Mali,571,682,329,395,242,287
  Northern Europe,   Mauritania,324,378,230,260,94,118
  Northern Europe,   Niger,428,502,235,279,193,223
  Northern Europe,   Nigeria,212629,244284,105560,122853,107069,121431
  Northern Europe,   Saint Helena*,3600,4058,1406,1562,2194,2496
  Northern Europe,   Senegal,2935,3537,1761,2155,1174,1382
  Northern Europe,   Sierra Leone,25569,28852,11661,13040,13908,15812
  Northern Europe,   Togo,2046,2311,1187,1342,859,969
  Northern Europe,   Kazakhstan,21038,21846,8860,9278,12178,12568
  Northern Europe,   Kyrgyzstan,3634,4094,1459,1658,2175,2436
  Northern Europe,   Tajikistan,2028,2280,952,1100,1076,1180
  Northern Europe,   Turkmenistan,1990,2031,804,804,1186,1227
  Northern Europe,   Uzbekistan,10278,12378,4877,6228,5401,6150
  Northern Europe,   China*,274660,299144,115887,130711,158773,168433
  Northern Europe,"   China, Hong Kong SAR*",111850,126284,56568,63302,55282,62982
  Northern Europe,"   China, Macao SAR*",0,0,0,0,0,0
  Northern Europe,"   China, Taiwan Province of China*",0,0,0,0,0,0
  Northern Europe,   Dem. People's Republic of Korea,10736,12085,4496,4992,6240,7093
  Northern Europe,   Japan,51752,58929,18585,20864,33167,38065
  Northern Europe,   Mongolia,4229,6383,1620,2599,2609,3784
  Northern Europe,   Republic of Korea,38004,41847,15040,16593,22964,25254
  Northern Europe,   Brunei Darussalam,4787,5397,2201,2451,2586,2946
  Northern Europe,   Cambodia,2591,3074,1038,1198,1553,1876
  Northern Europe,   Indonesia,15193,17715,5647,6527,9546,11188
  Northern Europe,   Lao People's Democratic Republic,1379,1547,504,543,875,1004
  Northern Europe,   Malaysia*,77520,87696,33614,37580,43906,50116
  Northern Europe,   Myanmar,20309,22376,9817,10679,10492,11697
  Northern Europe,   Philippines,193441,218318,65926,68867,127515,149451
  Northern Europe,   Singapore,50799,57622,23204,26045,27595,31577
  Northern Europe,   Thailand,112665,133112,24540,28968,88125,104144
  Northern Europe,   Timor-Leste,2493,2802,1677,1874,816,928
  Northern Europe,   Viet Nam,77604,90889,34924,40591,42680,50298
  Northern Europe,   Afghanistan,129468,143086,77767,89105,51701,53981
  Northern Europe,   Bangladesh,229971,262335,122944,136410,107027,125925
  Northern Europe,   Bhutan,1341,1388,709,738,632,650
  Northern Europe,   India,876368,933502,449745,472128,426623,461374
  Northern Europe,   Iran (Islamic Republic of),176437,207005,97704,114827,78733,92178
  Northern Europe,   Maldives,361,410,181,204,180,206
  Northern Europe,   Nepal,40617,49104,23395,27777,17222,21327
  Northern Europe,   Pakistan,587200,603396,318386,320120,268814,283276
  Northern Europe,   Sri Lanka,166970,155184,87865,81313,79105,73871
  Northern Europe,   Armenia,6755,7841,3418,3862,3337,3979
  Northern Europe,   Azerbaijan*,10012,11276,5171,5833,4841,5443
  Northern Europe,   Bahrain,6145,6949,3114,3493,3031,3456
  Northern Europe,   Cyprus*,76460,63115,35185,28412,41275,34703
  Northern Europe,   Georgia*,7823,8988,3938,4468,3885,4520
  Northern Europe,   Iraq,251523,283109,142513,160659,109010,122450
  Northern Europe,   Israel,23546,26686,12709,14254,10837,12432
  Northern Europe,   Jordan,10779,13372,6413,7782,4366,5590
  Northern Europe,   Kuwait,15081,18467,8601,10507,6480,7960
  Northern Europe,   Lebanon,54867,63071,30527,34926,24340,28145
  Northern Europe,   Oman,3230,3659,1821,2038,1409,1621
  Northern Europe,   Qatar,2444,3007,1412,1706,1032,1301
  Northern Europe,   Saudi Arabia,29203,36573,16380,20359,12823,16214
  Northern Europe,   State of Palestine*,8375,11722,4958,7039,3417,4683
  Northern Europe,   Syrian Arab Republic,139075,279828,81658,159306,57417,120522
  Northern Europe,   Turkey,180265,203288,99033,111569,81232,91719
  Northern Europe,   United Arab Emirates,12374,16242,6898,9007,5476,7235
  Northern Europe,   Yemen,19680,23734,10840,13042,8840,10692
  Northern Europe,   Belarus,101830,96867,36098,37561,65732,59306
  Northern Europe,   Bulgaria,91301,136377,45453,66676,45848,69701
  Northern Europe,   Czechia,54811,60793,22477,22454,32334,38339
  Northern Europe,   Hungary,115706,122727,60676,60369,55030,62358
  Northern Europe,   Poland,1153864,1249981,570333,624027,583531,625954
  Northern Europe,   Republic of Moldova*,11199,14376,5315,7206,5884,7170
  Northern Europe,   Romania,250802,498607,130508,262873,120294,235734
  Northern Europe,   Russian Federation,415845,394208,153944,147930,261901,246278
  Northern Europe,   Slovakia,95473,95499,45044,47036,50429,48463
  Northern Europe,   Ukraine*,112390,134906,50952,67223,61438,67683
  Northern Europe,   Channel Islands*,16342,17010,8249,8782,8093,8228
  Northern Europe,   Denmark*,101010,104215,49896,51766,51114,52449
  Northern Europe,   Estonia,77705,83817,34756,37675,42949,46142
  Northern Europe,   Faroe Islands*,13081,12620,5482,5269,7599,7351
  Northern Europe,   Finland*,182366,191532,69538,75758,112828,115774
  Northern Europe,   Iceland,23583,25407,11649,12316,11934,13091
  Northern Europe,   Ireland,403240,385916,178583,174116,224657,211800
  Northern Europe,   Isle of Man*,9738,10983,4718,5268,5020,5715
  Northern Europe,   Latvia,158958,151811,74662,73155,84296,78656
  Northern Europe,   Lithuania,254417,323908,121161,148579,133256,175329
  Northern Europe,   Norway*,82642,91071,34986,39334,47656,51737
  Northern Europe,   Sweden,127794,148124,60994,68810,66800,79314
  Northern Europe,   United Kingdom*,434710,491209,227320,258736,207390,232473
  Northern Europe,   Albania,13317,20271,8180,12217,5137,8054
  Northern Europe,   Andorra,71,80,38,40,33,40
  Northern Europe,   Bosnia and Herzegovina,95105,103445,46294,50742,48811,52703
  Northern Europe,   Croatia,18498,28898,9782,14686,8716,14212
  Northern Europe,   Gibraltar*,11043,12454,5340,5963,5703,6491
  Northern Europe,   Greece,74625,104802,40202,64530,34423,40272
  Northern Europe,   Holy See*,2,0,1,0,1,0
  Northern Europe,   Italy,185021,297348,97853,165681,87168,131667
  Northern Europe,   Malta,28001,30588,14374,15568,13627,15020
  Northern Europe,   Montenegro,2474,3251,1249,1636,1225,1615
  Northern Europe,   North Macedonia,14680,19109,7452,9782,7228,9327
  Northern Europe,   Portugal,155056,171693,71751,89595,83305,82098
  Northern Europe,   San Marino,12,10,4,3,8,7
  Northern Europe,   Serbia*,30369,44641,15238,22392,15131,22249
  Northern Europe,   Slovenia,5700,6458,3119,2750,2581,3708
  Northern Europe,   Spain*,154902,193461,70628,91946,84274,101515
  Northern Europe,   Austria,30758,32834,14249,15406,16509,17428
  Northern Europe,   Belgium,32602,42255,15891,20329,16711,21926
  Northern Europe,   France*,188328,216724,88276,97598,100052,119126
  Northern Europe,   Germany,443629,460173,203002,209032,240627,251141
  Northern Europe,   Liechtenstein,85,82,35,30,50,52
  Northern Europe,   Luxembourg,3337,4972,890,2542,2447,2430
  Northern Europe,   Monaco,451,501,253,278,198,223
  Northern Europe,   Netherlands*,99408,119532,51321,55177,48087,64355
  Northern Europe,   Switzerland,30921,35455,13393,15306,17528,20149
  Northern Europe,   Anguilla*,718,807,342,381,376,426
  Northern Europe,   Antigua and Barbuda,4457,5026,1984,2211,2473,2815
  Northern Europe,   Aruba*,864,959,382,414,482,545
  Northern Europe,   Bahamas,2274,2559,1063,1179,1211,1380
  Northern Europe,   Barbados,23789,26847,11407,12739,12382,14108
  Northern Europe,"   Bonaire, Sint Eustatius and Saba*",1,0,0,0,1,0
  Northern Europe,   British Virgin Islands*,367,409,157,170,210,239
  Northern Europe,   Cayman Islands*,1153,1295,495,548,658,747
  Northern Europe,   Cuba,6723,7797,3258,3816,3465,3981
  Northern Europe,   Curaçao*,1,0,0,0,1,0
  Northern Europe,   Dominica,7720,8717,3574,3997,4146,4720
  Northern Europe,   Dominican Republic,2934,3577,1356,1664,1578,1913
  Northern Europe,   Grenada,11214,12639,5123,5707,6091,6932
  Northern Europe,   Guadeloupe*,0,0,0,0,0,0
  Northern Europe,   Haiti,624,703,305,342,319,361
  Northern Europe,   Jamaica,139729,129790,55073,48371,84656,81419
  Northern Europe,   Martinique*,0,0,0,0,0,0
  Northern Europe,   Montserrat*,9635,10876,4109,4583,5526,6293
  Northern Europe,   Puerto Rico*,0,0,0,0,0,0
  Northern Europe,   Saint Barthélemy*,0,0,0,0,0,0
  Northern Europe,   Saint Kitts and Nevis,7097,8003,3251,3625,3846,4378
  Northern Europe,   Saint Lucia,10214,11522,4551,5075,5663,6447
  Northern Europe,   Saint Martin (French part)*,0,0,0,0,0,0
  Northern Europe,   Saint Vincent and the Grenadines,8500,9586,4042,4510,4458,5076
  Northern Europe,   Sint Maarten (Dutch part)*,0,0,0,0,0,0
  Northern Europe,   Trinidad and Tobago,27082,30522,10283,11412,16799,19110
  Northern Europe,   Turks and Caicos Islands*,137,151,66,72,71,79
  Northern Europe,   United States Virgin Islands*,161,181,75,84,86,97
  Northern Europe,   Belize,1544,1727,478,519,1066,1208
  Northern Europe,   Costa Rica,1554,1825,771,883,783,942
  Northern Europe,   El Salvador,3998,4946,1892,2317,2106,2629
  Northern Europe,   Guatemala,2555,2838,1203,1340,1352,1498
  Northern Europe,   Honduras,1325,1569,556,650,769,919
  Northern Europe,   Mexico,14562,17623,6514,7870,8048,9753
  Northern Europe,   Nicaragua,1604,1911,684,814,920,1097
  Northern Europe,   Panama,1179,1353,491,565,688,788
  Northern Europe,   Argentina,16245,19553,7497,9111,8748,10442
  Northern Europe,   Bolivia (Plurinational State of),8209,9214,3980,4408,4229,4806
  Northern Europe,   Brazil,66111,78873,28560,33971,37551,44902
  Northern Europe,   Chile,42889,46376,21170,22976,21719,23400
  Northern Europe,   Colombia,43632,49351,19798,22291,23834,27060
  Northern Europe,   Ecuador,10724,12219,5011,5668,5713,6551
  Northern Europe,   Falkland Islands (Malvinas)*,1196,1345,491,547,705,798
  Northern Europe,   French Guiana*,0,0,0,0,0,0
  Northern Europe,   Guyana,25250,28469,10310,11474,14940,16995
  Northern Europe,   Paraguay,1214,1369,516,570,698,799
  Northern Europe,   Peru,16898,19351,6859,7857,10039,11494
  Northern Europe,   Suriname,534,601,217,242,317,359
  Northern Europe,   Uruguay,4098,4484,2005,2208,2093,2276
  Northern Europe,   Venezuela (Bolivarian Republic of),10865,12924,4907,5791,5958,7133
  Northern Europe,   Bermuda*,4323,4868,2094,2338,2229,2530
  Northern Europe,   Canada,106605,120825,46789,52558,59816,68267
  Northern Europe,   Greenland*,16275,17387,6928,7412,9347,9975
  Northern Europe,   Saint Pierre and Miquelon*,0,0,0,0,0,0
  Northern Europe,   United States of America*,277089,272285,133483,125419,143606,146866
  Northern Europe,   Australia*,145173,160903,74233,80835,70940,80068
  Northern Europe,   New Zealand*,75555,85425,36916,41371,38639,44054
  Northern Europe,   Fiji,5817,6562,2963,3309,2854,3253
  Northern Europe,   New Caledonia*,165,179,85,90,80,89
  Northern Europe,   Papua New Guinea,1337,1504,637,705,700,799
  Northern Europe,   Solomon Islands,401,437,187,200,214,237
  Northern Europe,   Vanuatu,170,186,73,78,97,108
  Northern Europe,   Guam*,0,0,0,0,0,0
  Northern Europe,   Kiribati,209,229,88,93,121,136
  Northern Europe,   Marshall Islands,1,1,1,1,0,0
  Northern Europe,   Micronesia (Fed. States of),2,0,0,0,2,0
  Northern Europe,   Nauru,21,20,8,7,13,13
  Northern Europe,   Northern Mariana Islands*,0,0,0,0,0,0
  Northern Europe,   Palau,5,7,3,3,2,4
  Northern Europe,   American Samoa*,0,0,0,0,0,0
  Northern Europe,   Cook Islands*,0,0,0,0,0,0
  Northern Europe,   French Polynesia*,119,124,56,60,63,64
  Northern Europe,   Niue*,0,0,0,0,0,0
  Northern Europe,   Samoa,349,386,186,207,163,179
  Northern Europe,   Tokelau*,0,0,0,0,0,0
  Northern Europe,   Tonga,304,331,170,183,134,148
  Northern Europe,   Tuvalu,5,2,1,0,4,2
  Northern Europe,   Wallis and Futuna Islands*,0,0,0,0,0,0
   Channel Islands*,WORLD,82307,84087,39338,40190,42969,43897
   Channel Islands*,  Sub-Saharan Africa,0,0,0,0,0,0
   Channel Islands*,  Northern Africa and Western Asia,0,0,0,0,0,0
   Channel Islands*,  Central and Southern Asia,0,0,0,0,0,0
   Channel Islands*,  Eastern and South-Eastern Asia,0,0,0,0,0,0
   Channel Islands*,  Latin America and the Caribbean,0,0,0,0,0,0
   Channel Islands*,  Oceania (excluding Australia and New Zealand),0,0,0,0,0,0
   Channel Islands*,  Australia and New Zealand,0,0,0,0,0,0
   Channel Islands*,  Europe and Northern America,79174,80882,37839,38658,41335,42224
   Channel Islands*,  Developed regions,79174,80882,37839,38658,41335,42224
   Channel Islands*,  Less developed regions,0,0,0,0,0,0
   Channel Islands*," Less developed regions, excluding least developed countries",0,0,0,0,0,0
   Channel Islands*," Less developed regions, excluding China",0,0,0,0,0,0
   Channel Islands*,  Least developed countries,0,0,0,0,0,0
   Channel Islands*,  Land-locked Developing Countries (LLDC),0,0,0,0,0,0
   Channel Islands*,  Small island developing States (SIDS),0,0,0,0,0,0
   Channel Islands*,  High-income countries,79174,80882,37839,38658,41335,42224
   Channel Islands*,  Middle-income countries,0,0,0,0,0,0
   Channel Islands*, Upper-middle-income countries,0,0,0,0,0,0
   Channel Islands*, Lower-middle-income countries,0,0,0,0,0,0
   Channel Islands*,  Low-income countries,0,0,0,0,0,0
   Channel Islands*, AFRICA,0,0,0,0,0,0
   Channel Islands*,  Eastern Africa,0,0,0,0,0,0
   Channel Islands*,  Middle Africa,0,0,0,0,0,0
   Channel Islands*,  Northern Africa,0,0,0,0,0,0
   Channel Islands*,  Southern Africa,0,0,0,0,0,0
   Channel Islands*,  Western Africa,0,0,0,0,0,0
   Channel Islands*, ASIA,0,0,0,0,0,0
   Channel Islands*,  Central Asia,0,0,0,0,0,0
   Channel Islands*,  Eastern Asia,0,0,0,0,0,0
   Channel Islands*,  South-Eastern Asia,0,0,0,0,0,0
   Channel Islands*,  Southern Asia,0,0,0,0,0,0
   Channel Islands*,  Western Asia,0,0,0,0,0,0
   Channel Islands*, EUROPE,79174,80882,37839,38658,41335,42224
   Channel Islands*,  Eastern Europe,0,0,0,0,0,0
   Channel Islands*,  Northern Europe,63338,64707,30268,30923,33070,33784
   Channel Islands*,  Southern Europe,13856,14154,6623,6767,7233,7387
   Channel Islands*,  Western Europe,1980,2021,948,968,1032,1053
   Channel Islands*, LATIN AMERICA AND THE CARIBBEAN,0,0,0,0,0,0
   Channel Islands*,  Caribbean,0,0,0,0,0,0
   Channel Islands*,  Central America,0,0,0,0,0,0
   Channel Islands*,  South America,0,0,0,0,0,0
   Channel Islands*, NORTHERN AMERICA,0,0,0,0,0,0
   Channel Islands*, OCEANIA ,0,0,0,0,0,0
   Channel Islands*,  Australia and New Zealand,0,0,0,0,0,0
   Channel Islands*,  Melanesia,0,0,0,0,0,0
   Channel Islands*,  Micronesia,0,0,0,0,0,0
   Channel Islands*,  Polynesia*,0,0,0,0,0,0
   Channel Islands*,   France*,1980,2021,948,968,1032,1053
   Channel Islands*,   Ireland,3958,4042,1890,1931,2068,2111
   Channel Islands*,   Portugal,13856,14154,6623,6767,7233,7387
   Channel Islands*,   United Kingdom*,59380,60665,28378,28992,31002,31673
   Channel Islands*,Other,3133,3205,1499,1532,1634,1673
   Denmark*,WORLD,595876,717574,291431,354476,304445,363098
   Denmark*,  Sub-Saharan Africa,33649,38954,17471,20256,16178,18698
   Denmark*,  Northern Africa and Western Asia,95468,123409,52618,66974,42850,56435
   Denmark*,  Central and Southern Asia,63021,75611,33997,40432,29024,35179
   Denmark*,  Eastern and South-Eastern Asia,60291,68115,18985,21371,41306,46744
   Denmark*,  Latin America and the Caribbean,16071,20435,7104,9116,8967,11319
   Denmark*,  Oceania (excluding Australia and New Zealand),80,93,37,43,43,50
   Denmark*,  Australia and New Zealand,3697,4678,2005,2560,1692,2118
   Denmark*,  Europe and Northern America,310224,373537,152906,187718,157318,185819
   Denmark*,  Developed regions,315655,380364,155483,191001,160172,189363
   Denmark*,  Less developed regions,266846,324468,129640,157469,137206,166999
   Denmark*," Less developed regions, excluding least developed countries",222625,272221,106026,129635,116599,142586
   Denmark*," Less developed regions, excluding China",254858,309892,125200,151981,129658,157911
   Denmark*,  Least developed countries,44221,52247,23614,27834,20607,24413
   Denmark*,  Land-locked Developing Countries (LLDC),27281,32722,14229,16963,13052,15759
   Denmark*,  Small island developing States (SIDS),2542,3007,1159,1367,1383,1640
   Denmark*,  High-income countries,286136,342757,140454,171813,145682,170944
   Denmark*,  Middle-income countries,246670,284657,116719,134266,129951,150391
   Denmark*, Upper-middle-income countries,161088,182010,76841,86546,84247,95464
   Denmark*, Lower-middle-income countries,85582,102647,39878,47720,45704,54927
   Denmark*,  Low-income countries,49695,77418,27950,42391,21745,35027
   Denmark*, AFRICA,43543,49901,23092,26394,20451,23507
   Denmark*,  Eastern Africa,23049,26661,11696,13640,11353,13021
   Denmark*,  Middle Africa,2783,3241,1461,1642,1322,1599
   Denmark*,  Northern Africa,9894,10947,5621,6138,4273,4809
   Denmark*,  Southern Africa,2097,2587,1092,1339,1005,1248
   Denmark*,  Western Africa,5720,6465,3222,3635,2498,2830
   Denmark*, ASIA,208886,256188,99979,122639,108907,133549
   Denmark*,  Central Asia,605,706,232,247,373,459
   Denmark*,  Eastern Asia,22708,26137,8207,9552,14501,16585
   Denmark*,  South-Eastern Asia,37583,41978,10778,11819,26805,30159
   Denmark*,  Southern Asia,62416,74905,33765,40185,28651,34720
   Denmark*,  Western Asia,85574,112462,46997,60836,38577,51626
   Denmark*, EUROPE,279024,338207,138338,171347,140686,166860
   Denmark*,  Eastern Europe,82637,111788,42043,58668,40594,53120
   Denmark*,  Northern Europe,98815,112319,45458,53031,53357,59288
   Denmark*,  Southern Europe,42835,52753,23150,28577,19685,24176
   Denmark*,  Western Europe,54737,61347,27687,31071,27050,30276
   Denmark*, LATIN AMERICA AND THE CARIBBEAN,16071,20435,7104,9116,8967,11319
   Denmark*,  Caribbean,1222,1400,551,638,671,762
   Denmark*,  Central America,2085,2614,957,1179,1128,1435
   Denmark*,  South America,12764,16421,5596,7299,7168,9122
   Denmark*, NORTHERN AMERICA,31200,35330,14568,16371,16632,18959
   Denmark*, OCEANIA ,3777,4771,2042,2603,1735,2168
   Denmark*,  Australia and New Zealand,3697,4678,2005,2560,1692,2118
   Denmark*,  Melanesia,37,47,17,19,20,28
   Denmark*,  Micronesia,4,3,2,2,2,1
   Denmark*,  Polynesia*,39,43,18,22,21,21
   Denmark*,   Afghanistan,12293,13715,6817,7596,5476,6119
   Denmark*,   Albania,347,568,162,274,185,294
   Denmark*,   Algeria,913,1004,551,594,362,410
   Denmark*,   Andorra,2,5,1,2,1,3
   Denmark*,   Angola,164,169,81,79,83,90
   Denmark*,   Antigua and Barbuda,3,3,1,0,2,3
   Denmark*,   Argentina,1259,2361,639,1213,620,1148
   Denmark*,   Armenia,677,733,304,325,373,408
   Denmark*,   Aruba*,0,0,0,0,0,0
   Denmark*,   Australia*,2878,3707,1509,1991,1369,1716
   Denmark*,   Austria,1815,1984,875,949,940,1035
   Denmark*,   Azerbaijan*,314,394,133,169,181,225
   Denmark*,   Bahamas,17,20,6,7,11,13
   Denmark*,   Bahrain,95,109,50,58,45,51
   Denmark*,   Bangladesh,1320,1919,737,1074,583,845
   Denmark*,   Barbados,42,49,28,33,14,16
   Denmark*,   Belarus,696,820,221,250,475,570
   Denmark*,   Belgium,1974,2426,1012,1286,962,1140
   Denmark*,   Belize,8,6,3,1,5,5
   Denmark*,   Benin,52,52,28,29,24,23
   Denmark*,   Bermuda*,0,0,0,0,0,0
   Denmark*,   Bhutan,642,632,332,326,310,306
   Denmark*,   Bolivia (Plurinational State of),456,475,225,223,231,252
   Denmark*,   Bosnia and Herzegovina,17162,17182,8539,8528,8623,8654
   Denmark*,   Botswana,63,67,24,23,39,44
   Denmark*,   Brazil,3352,4605,1121,1624,2231,2981
   Denmark*,   Brunei Darussalam,7,8,4,5,3,3
   Denmark*,   Bulgaria,7183,10026,4107,5747,3076,4279
   Denmark*,   Burkina Faso,106,131,59,74,47,57
   Denmark*,   Burundi,511,539,214,235,297,304
   Denmark*,   Cabo Verde,31,35,16,16,15,19
   Denmark*,   Cambodia,234,288,98,122,136,166
   Denmark*,   Cameroon,717,846,438,473,279,373
   Denmark*,   Canada,3607,4008,1766,1958,1841,2050
   Denmark*,   Central African Republic,24,30,11,14,13,16
   Denmark*,   Chad,17,25,10,11,7,14
   Denmark*,   Chile,1520,2078,742,1046,778,1032
   Denmark*,   China*,11988,14576,4440,5488,7548,9088
   Denmark*,"   China, Hong Kong SAR*",0,0,0,0,0,0
   Denmark*,"   China, Macao SAR*",0,0,0,0,0,0
   Denmark*,   Colombia,3397,3660,1767,1904,1630,1756
   Denmark*,   Comoros,14,13,5,4,9,9
   Denmark*,   Congo,594,419,283,198,311,221
   Denmark*,   Costa Rica,164,196,96,106,68,90
   Denmark*,   Côte d'Ivoire,447,485,231,236,216,249
   Denmark*,   Croatia,1098,2244,562,1199,536,1045
   Denmark*,   Cuba,489,568,213,251,276,317
   Denmark*,   Cyprus*,207,280,96,130,111,150
   Denmark*,   Czechia,1288,1986,579,950,709,1036
   Denmark*,   Dem. People's Republic of Korea,375,406,173,183,202,223
   Denmark*,   Democratic Republic of the Congo,1254,1732,633,861,621,871
   Denmark*,   Djibouti,20,18,8,7,12,11
   Denmark*,   Dominica,13,15,5,5,8,10
   Denmark*,   Dominican Republic,158,208,55,79,103,129
   Denmark*,   Ecuador,592,650,257,290,335,360
   Denmark*,   Egypt,1731,1944,1160,1298,571,646
   Denmark*,   El Salvador,82,104,34,44,48,60
   Denmark*,   Equatorial Guinea,6,8,3,2,3,6
   Denmark*,   Eritrea,3389,5599,2033,3445,1356,2154
   Denmark*,   Estonia,1461,1485,466,454,995,1031
   Denmark*,   Eswatini,51,51,30,33,21,18
   Denmark*,   Ethiopia,2091,2296,1198,1275,893,1021
   Denmark*,   Faroe Islands*,11472,11057,4742,4555,6730,6502
   Denmark*,   Fiji,23,32,8,11,15,21
   Denmark*,   Finland*,3677,4104,1120,1278,2557,2826
   Denmark*,   France*,6673,8182,3649,4398,3024,3784
   Denmark*,   French Guiana*,0,0,0,0,0,0
   Denmark*,   French Polynesia*,0,0,0,0,0,0
   Denmark*,   Gabon,7,10,2,4,5,6
   Denmark*,   Gambia,643,684,349,378,294,306
   Denmark*,   Georgia*,208,251,85,98,123,153
   Denmark*,   Germany,34299,37111,16642,18037,17657,19074
   Denmark*,   Ghana,1917,2263,1091,1291,826,972
   Denmark*,   Greece,2540,3702,1593,2213,947,1489
   Denmark*,   Greenland*,15710,16794,6700,7186,9010,9608
   Denmark*,   Grenada,14,13,7,6,7,7
   Denmark*,   Guadeloupe*,0,0,0,0,0,0
   Denmark*,   Guatemala,236,254,118,128,118,126
   Denmark*,   Guinea,124,122,77,71,47,51
   Denmark*,   Guinea-Bissau,76,111,54,78,22,33
   Denmark*,   Guyana,99,100,31,33,68,67
   Denmark*,   Haiti,144,162,85,93,59,69
   Denmark*,   Honduras,128,155,52,64,76,91
   Denmark*,   Hungary,4550,5668,2242,2759,2308,2909
   Denmark*,   Iceland,7620,8479,3554,3928,4066,4551
   Denmark*,   India,10006,14638,5063,7540,4943,7098
   Denmark*,   Indonesia,1135,1294,442,497,693,797
   Denmark*,   Iran (Islamic Republic of),14600,17125,8402,9799,6198,7326
   Denmark*,   Iraq,20879,22040,11430,12063,9449,9977
   Denmark*,   Ireland,1602,2209,960,1461,642,748
   Denmark*,   Israel,1624,1753,1019,1075,605,678
   Denmark*,   Italy,7213,9887,4684,6209,2529,3678
   Denmark*,   Jamaica,164,168,76,76,88,92
   Denmark*,   Japan,1734,2149,572,723,1162,1426
   Denmark*,   Jordan,1204,1324,677,738,527,586
   Denmark*,   Kazakhstan,209,272,67,79,142,193
   Denmark*,   Kenya,1640,1900,676,753,964,1147
   Denmark*,   Kiribati,3,2,1,1,2,1
   Denmark*,   Kuwait,1334,1449,769,835,565,614
   Denmark*,   Kyrgyzstan,53,64,15,16,38,48
   Denmark*,   Lao People's Democratic Republic,66,71,19,16,47,55
   Denmark*,   Latvia,4518,5301,2006,2462,2512,2839
   Denmark*,   Lebanon,12321,13092,6660,7051,5661,6041
   Denmark*,   Lesotho,44,47,15,17,29,30
   Denmark*,   Liberia,158,163,69,72,89,91
   Denmark*,   Libya,248,309,153,185,95,124
   Denmark*,   Liechtenstein,19,24,6,9,13,15
   Denmark*,   Lithuania,9640,13429,4857,7037,4783,6392
   Denmark*,   Luxembourg,497,599,251,305,246,294
   Denmark*,   Madagascar,57,76,25,32,32,44
   Denmark*,   Malawi,82,89,40,43,42,46
   Denmark*,   Malaysia*,821,902,342,349,479,553
   Denmark*,   Maldives,0,8,0,0,0,8
   Denmark*,   Mali,48,53,27,32,21,21
   Denmark*,   Malta,103,136,67,71,36,65
   Denmark*,   Marshall Islands,0,0,0,0,0,0
   Denmark*,   Martinique*,0,0,0,0,0,0
   Denmark*,   Mauritania,26,30,13,14,13,16
   Denmark*,   Mauritius*,142,157,66,70,76,87
   Denmark*,   Mexico,1182,1576,539,705,643,871
   Denmark*,   Monaco,17,20,11,11,6,9
   Denmark*,   Mongolia,63,66,14,15,49,51
   Denmark*,   Montenegro,228,313,106,148,122,165
   Denmark*,   Morocco,5393,5885,2739,2926,2654,2959
   Denmark*,   Mozambique,217,240,81,90,136,150
   Denmark*,   Myanmar,1722,1764,947,945,775,819
   Denmark*,   Namibia,73,90,27,30,46,60
   Denmark*,   Nauru,1,1,1,1,0,0
   Denmark*,   Nepal,2644,4496,1503,2388,1141,2108
   Denmark*,   Netherlands*,6830,8085,3899,4583,2931,3502
   Denmark*,   New Zealand*,819,971,496,569,323,402
   Denmark*,   Nicaragua,198,222,82,88,116,134
   Denmark*,   Niger,14,16,9,12,5,4
   Denmark*,   Nigeria,1434,1637,848,963,586,674
   Denmark*,   North Macedonia,3061,3740,1642,2034,1419,1706
   Denmark*,   Norway*,19189,20581,7414,8020,11775,12561
   Denmark*,   Oman,33,33,18,16,15,17
   Denmark*,   Pakistan,13144,14318,7079,7503,6065,6815
   Denmark*,   Panama,87,101,33,43,54,58
   Denmark*,   Papua New Guinea,6,9,3,5,3,4
   Denmark*,   Paraguay,80,95,36,37,44,58
   Denmark*,   Peru,1044,1223,355,423,689,800
   Denmark*,   Philippines,10772,12121,1690,2017,9082,10104
   Denmark*,   Poland,34569,42528,17764,22772,16805,19756
   Denmark*,   Portugal,1927,2900,1084,1643,843,1257
   Denmark*,   Puerto Rico*,0,0,0,0,0,0
   Denmark*,   Qatar,109,169,45,74,64,95
   Denmark*,   Republic of Korea,8548,8940,3008,3143,5540,5797
   Denmark*,   Republic of Moldova*,481,980,211,488,270,492
   Denmark*,   Réunion*,0,0,0,0,0,0
   Denmark*,   Romania,18745,28985,10581,16641,8164,12344
   Denmark*,   Russian Federation,5872,6499,1788,2001,4084,4498
   Denmark*,   Rwanda,371,426,162,199,209,227
   Denmark*,   Saint Kitts and Nevis,2,2,1,2,1,0
   Denmark*,   Saint Lucia,11,12,5,7,6,5
   Denmark*,   Saint Vincent and the Grenadines,4,4,2,2,2,2
   Denmark*,   Samoa,19,22,7,10,12,12
   Denmark*,   San Marino,3,0,2,0,1,0
   Denmark*,   Sao Tome and Principe,0,2,0,0,0,2
   Denmark*,   Saudi Arabia,306,448,164,233,142,215
   Denmark*,   Senegal,177,192,103,108,74,84
   Denmark*,   Serbia*,2637,3674,1362,1883,1275,1791
   Denmark*,   Seychelles,21,20,9,5,12,15
   Denmark*,   Sierra Leone,327,341,159,167,168,174
   Denmark*,   Singapore,723,921,319,404,404,517
   Denmark*,   Slovakia,1789,2896,890,1498,899,1398
   Denmark*,   Slovenia,341,468,161,231,180,237
   Denmark*,   Solomon Islands,4,2,4,2,0,0
   Denmark*,   Somalia,11007,11361,5799,5905,5208,5456
   Denmark*,   South Africa,1866,2332,996,1236,870,1096
   Denmark*,   South Sudan,2,16,0,5,2,11
   Denmark*,   Spain*,6173,7934,3185,4142,2988,3792
   Denmark*,   Sri Lanka,7767,8054,3832,3959,3935,4095
   Denmark*,   State of Palestine*,0,0,0,0,0,0
   Denmark*,   Sudan,729,830,434,483,295,347
   Denmark*,   Suriname,31,32,18,17,13,15
   Denmark*,   Sweden,21806,24246,9414,10689,12392,13557
   Denmark*,   Switzerland,2613,2916,1342,1493,1271,1423
   Denmark*,   Syrian Arab Republic,13813,36184,8683,20178,5130,16006
   Denmark*,   Tajikistan,28,37,8,11,20,26
   Denmark*,   Thailand,12322,14225,2493,2868,9829,11357
   Denmark*,   Togo,140,150,89,94,51,56
   Denmark*,   Tonga,18,19,11,12,7,7
   Denmark*,   Trinidad and Tobago,161,176,67,77,94,99
   Denmark*,   Tunisia,880,975,584,652,296,323
   Denmark*,   Turkey,31881,33385,16572,17361,15309,16024
   Denmark*,   Turkmenistan,18,19,3,2,15,17
   Denmark*,   Tuvalu,2,2,0,0,2,2
   Denmark*,   Uganda,1485,1713,568,677,917,1036
   Denmark*,   Ukraine*,7464,11400,3660,5562,3804,5838
   Denmark*,   United Arab Emirates,399,647,208,355,191,292
   Denmark*,   United Kingdom*,17830,21428,10925,13147,6905,8281
   Denmark*,   United Republic of Tanzania*,1010,1078,418,446,592,632
   Denmark*,   United States of America*,11883,14528,6102,7227,5781,7301
   Denmark*,   Uruguay,231,231,115,115,116,116
   Denmark*,   Uzbekistan,297,314,139,139,158,175
   Denmark*,   Vanuatu,4,4,2,1,2,3
   Denmark*,   Venezuela (Bolivarian Republic of),703,911,290,374,413,537
   Denmark*,   Viet Nam,9781,10384,4424,4596,5357,5788
   Denmark*,   Yemen,170,171,84,77,86,94
   Denmark*,   Zambia,594,675,214,236,380,439
   Denmark*,   Zimbabwe,396,445,180,213,216,232
   Denmark*,Other,13375,12742,6308,6006,7067,6736
   Estonia,WORLD,194664,199277,80024,86767,114640,112510
   Estonia,  Sub-Saharan Africa,246,929,191,696,55,233
   Estonia,  Northern Africa and Western Asia,4338,5455,2502,3253,1836,2202
   Estonia,  Central and Southern Asia,6675,7827,3132,3962,3543,3865
   Estonia,  Eastern and South-Eastern Asia,728,1153,333,501,395,652
   Estonia,  Latin America and the Caribbean,327,737,204,476,123,261
   Estonia,  Oceania (excluding Australia and New Zealand),5,1,5,1,0,0
   Estonia,  Australia and New Zealand,114,250,88,171,26,79
   Estonia,  Europe and Northern America,182212,182898,73559,77689,108653,105209
   Estonia,  Developed regions,182411,183308,73695,77941,108716,105367
   Estonia,  Less developed regions,12234,15942,6319,8808,5915,7134
   Estonia," Less developed regions, excluding least developed countries",12061,15340,6175,8335,5886,7005
   Estonia," Less developed regions, excluding China",11886,15447,6142,8563,5744,6884
   Estonia,  Least developed countries,173,602,144,473,29,129
   Estonia,  Land-locked Developing Countries (LLDC),9313,9919,4499,4937,4814,4982
   Estonia,  Small island developing States (SIDS),54,83,26,51,28,32
   Estonia,  High-income countries,19322,28333,10836,16346,8486,11987
   Estonia,  Middle-income countries,174875,170199,68935,69986,105940,100213
   Estonia, Upper-middle-income countries,149604,140515,56457,54164,93147,86351
   Estonia, Lower-middle-income countries,25271,29684,12478,15822,12793,13862
   Estonia,  Low-income countries,446,718,243,417,203,301
   Estonia, AFRICA,395,1220,320,947,75,273
   Estonia,  Eastern Africa,41,83,28,62,13,21
   Estonia,  Middle Africa,28,100,23,72,5,28
   Estonia,  Northern Africa,149,291,129,251,20,40
   Estonia,  Southern Africa,32,63,22,42,10,21
   Estonia,  Western Africa,145,683,118,520,27,163
   Estonia, ASIA,11592,14144,5838,7465,5754,6679
   Estonia,  Central Asia,6087,6100,2652,2659,3435,3441
   Estonia,  Eastern Asia,556,803,269,380,287,423
   Estonia,  South-Eastern Asia,172,350,64,121,108,229
   Estonia,  Southern Asia,588,1727,480,1303,108,424
   Estonia,  Western Asia,4189,5164,2373,3002,1816,2162
   Estonia, EUROPE,181448,181508,73064,76830,108384,104678
   Estonia,  Eastern Europe,164920,157024,63890,62740,101030,94284
   Estonia,  Northern Europe,12275,17430,6643,10018,5632,7412
   Estonia,  Southern Europe,1355,2612,891,1564,464,1048
   Estonia,  Western Europe,2898,4442,1640,2508,1258,1934
   Estonia, LATIN AMERICA AND THE CARIBBEAN,327,737,204,476,123,261
   Estonia,  Caribbean,28,50,15,34,13,16
   Estonia,  Central America,84,180,51,115,33,65
   Estonia,  South America,215,507,138,327,77,180
   Estonia, NORTHERN AMERICA,764,1390,495,859,269,531
   Estonia, OCEANIA ,119,251,93,172,26,79
   Estonia,  Australia and New Zealand,114,250,88,171,26,79
   Estonia,  Melanesia,3,1,3,1,0,0
   Estonia,  Micronesia,1,0,1,0,0,0
   Estonia,  Polynesia*,1,0,1,0,0,0
   Estonia,   Afghanistan,26,65,20,46,6,19
   Estonia,   Albania,20,41,15,25,5,16
   Estonia,   Algeria,24,32,20,26,4,6
   Estonia,   Andorra,0,1,0,0,0,1
   Estonia,   Angola,5,3,4,2,1,1
   Estonia,   Antigua and Barbuda,2,7,2,5,0,2
   Estonia,   Argentina,27,54,18,38,9,16
   Estonia,   Armenia,687,746,399,417,288,329
   Estonia,   Australia*,98,221,75,150,23,71
   Estonia,   Austria,118,196,53,97,65,99
   Estonia,   Azerbaijan*,1484,1625,856,954,628,671
   Estonia,   Bahrain,2,0,0,0,2,0
   Estonia,   Bangladesh,35,263,32,212,3,51
   Estonia,   Barbados,1,1,1,1,0,0
   Estonia,   Belarus,11119,10521,4309,4082,6810,6439
   Estonia,   Belgium,150,273,91,165,59,108
   Estonia,   Belize,0,0,0,0,0,0
   Estonia,   Benin,0,1,0,1,0,0
   Estonia,   Bhutan,0,3,0,0,0,3
   Estonia,   Bolivia (Plurinational State of),2,5,1,4,1,1
   Estonia,   Bosnia and Herzegovina,5,2,2,2,3,0
   Estonia,   Brazil,93,244,54,144,39,100
   Estonia,   Bulgaria,268,336,213,269,55,67
   Estonia,   Cabo Verde,2,0,1,0,1,0
   Estonia,   Cambodia,9,6,4,2,5,4
   Estonia,   Cameroon,16,80,13,57,3,23
   Estonia,   Canada,122,209,82,134,40,75
   Estonia,   Central African Republic,0,0,0,0,0,0
   Estonia,   Chile,13,28,12,25,1,3
   Estonia,   China*,348,495,177,245,171,250
   Estonia,"   China, Hong Kong SAR*",0,0,0,0,0,0
   Estonia,   Colombia,27,57,21,30,6,27
   Estonia,   Congo,4,5,3,4,1,1
   Estonia,   Costa Rica,3,12,3,8,0,4
   Estonia,   Côte d'Ivoire,5,6,5,6,0,0
   Estonia,   Croatia,28,47,13,24,15,23
   Estonia,   Cuba,16,32,8,20,8,12
   Estonia,   Cyprus*,20,47,13,33,7,14
   Estonia,   Czechia,190,302,81,140,109,162
   Estonia,   Dem. People's Republic of Korea,4,3,3,3,1,0
   Estonia,   Democratic Republic of the Congo,3,12,3,9,0,3
   Estonia,   Denmark*,168,225,137,165,31,60
   Estonia,   Dominican Republic,3,5,3,5,0,0
   Estonia,   Ecuador,11,24,7,20,4,4
   Estonia,   Egypt,68,161,61,138,7,23
   Estonia,   El Salvador,1,4,1,3,0,1
   Estonia,   Ethiopia,7,14,7,11,0,3
   Estonia,   Falkland Islands (Malvinas)*,1,0,0,0,1,0
   Estonia,   Faroe Islands*,1,0,0,0,1,0
   Estonia,   Fiji,1,0,1,0,0,0
   Estonia,   Finland*,3870,5928,2425,3649,1445,2279
   Estonia,   France*,536,960,322,574,214,386
   Estonia,   Gambia,2,2,2,2,0,0
   Estonia,   Georgia*,1642,1771,828,897,814,874
   Estonia,   Germany,1823,2507,970,1305,853,1202
   Estonia,   Ghana,12,59,8,48,4,11
   Estonia,   Gibraltar*,1,0,0,0,1,0
   Estonia,   Greece,77,171,50,105,27,66
   Estonia,   Guatemala,10,10,6,9,4,1
   Estonia,   Guinea,1,1,1,1,0,0
   Estonia,   Guyana,2,2,0,0,2,2
   Estonia,   Holy See*,1,0,0,0,1,0
   Estonia,   Honduras,2,12,2,7,0,5
   Estonia,   Hungary,201,246,96,124,105,122
   Estonia,   Iceland,22,42,19,33,3,9
   Estonia,   India,318,712,252,550,66,162
   Estonia,   Indonesia,12,40,7,16,5,24
   Estonia,   Iran (Islamic Republic of),75,216,56,141,19,75
   Estonia,   Iraq,12,63,10,41,2,22
   Estonia,   Ireland,87,330,59,183,28,147
   Estonia,   Israel,65,102,35,58,30,44
   Estonia,   Italy,626,1251,436,792,190,459
   Estonia,   Jamaica,2,3,1,3,1,0
   Estonia,   Japan,85,160,48,81,37,79
   Estonia,   Jordan,10,28,9,20,1,8
   Estonia,   Kazakhstan,3752,3754,1621,1629,2131,2125
   Estonia,   Kenya,7,22,5,12,2,10
   Estonia,   Kiribati,1,0,1,0,0,0
   Estonia,   Kuwait,9,12,7,11,2,1
   Estonia,   Kyrgyzstan,537,545,232,236,305,309
   Estonia,   Latvia,4703,6029,2131,3112,2572,2917
   Estonia,   Lebanon,18,41,16,35,2,6
   Estonia,   Libya,5,9,3,6,2,3
   Estonia,   Liechtenstein,1,0,1,0,0,0
   Estonia,   Lithuania,2028,2169,853,971,1175,1198
   Estonia,   Luxembourg,11,28,5,21,6,7
   Estonia,   Madagascar,1,1,0,1,1,0
   Estonia,   Malawi,1,0,1,0,0,0
   Estonia,   Malaysia*,8,17,6,12,2,5
   Estonia,   Malta,4,14,3,8,1,6
   Estonia,   Mauritania,2,1,0,0,2,1
   Estonia,   Mauritius*,4,10,1,6,3,4
   Estonia,   Mexico,65,132,38,81,27,51
   Estonia,   Monaco,0,0,0,0,0,0
   Estonia,   Mongolia,50,46,20,18,30,28
   Estonia,   Montenegro,0,8,0,7,0,1
   Estonia,   Morocco,25,37,21,32,4,5
   Estonia,   Mozambique,2,2,1,2,1,0
   Estonia,   Myanmar,2,1,2,1,0,0
   Estonia,   Namibia,1,4,1,1,0,3
   Estonia,   Nepal,41,145,39,112,2,33
   Estonia,   Netherlands*,201,342,149,256,52,86
   Estonia,   New Zealand*,16,29,13,21,3,8
   Estonia,   Nicaragua,2,3,1,1,1,2
   Estonia,   Nigeria,118,600,99,449,19,151
   Estonia,   North Macedonia,9,19,7,13,2,6
   Estonia,   Norway*,203,458,140,302,63,156
   Estonia,   Oman,0,3,0,2,0,1
   Estonia,   Pakistan,72,261,63,195,9,66
   Estonia,   Panama,1,7,0,6,1,1
   Estonia,   Papua New Guinea,2,1,2,1,0,0
   Estonia,   Paraguay,1,0,0,0,1,0
   Estonia,   Peru,20,39,12,27,8,12
   Estonia,   Philippines,56,106,17,31,39,75
   Estonia,   Poland,790,744,416,386,374,358
   Estonia,   Portugal,138,236,101,134,37,102
   Estonia,   Qatar,1,4,1,4,0,0
   Estonia,   Republic of Korea,69,99,21,33,48,66
   Estonia,   Republic of Moldova*,905,1125,489,680,416,445
   Estonia,   Réunion*,0,0,0,0,0,0
   Estonia,   Romania,369,306,314,241,55,65
   Estonia,   Russian Federation,129187,119097,47405,44348,81782,74749
   Estonia,   Rwanda,1,4,1,3,0,1
   Estonia,   Saint Kitts and Nevis,1,0,0,0,1,0
   Estonia,   Saudi Arabia,5,18,4,13,1,5
   Estonia,   Senegal,2,3,1,3,1,0
   Estonia,   Serbia*,22,52,16,29,6,23
   Estonia,   Sierra Leone,1,8,1,8,0,0
   Estonia,   Singapore,9,18,3,8,6,10
   Estonia,   Slovakia,121,177,54,96,67,81
   Estonia,   Slovenia,31,40,17,17,14,23
   Estonia,   Somalia,2,3,2,3,0,0
   Estonia,   South Africa,31,59,21,41,10,18
   Estonia,   Spain*,393,730,231,408,162,322
   Estonia,   Sri Lanka,21,62,18,47,3,15
   Estonia,   State of Palestine*,7,11,7,11,0,0
   Estonia,   Sudan,12,26,11,25,1,1
   Estonia,   Suriname,2,2,1,2,1,0
   Estonia,   Sweden,539,952,407,720,132,232
   Estonia,   Switzerland,58,136,49,90,9,46
   Estonia,   Syrian Arab Republic,10,174,9,99,1,75
   Estonia,   Tajikistan,362,373,175,182,187,191
   Estonia,   Thailand,44,109,3,27,41,82
   Estonia,   Togo,0,2,0,2,0,0
   Estonia,   Tonga,1,0,1,0,0,0
   Estonia,   Trinidad and Tobago,3,2,0,0,3,2
   Estonia,   Tunisia,15,26,13,24,2,2
   Estonia,   Turkey,205,468,169,371,36,97
   Estonia,   Turkmenistan,345,332,125,117,220,215
   Estonia,   Uganda,6,9,3,8,3,1
   Estonia,   Ukraine*,21770,24170,10513,12374,11257,11796
   Estonia,   United Arab Emirates,7,32,7,24,0,8
   Estonia,   United Kingdom*,654,1297,472,883,182,414
   Estonia,   United Republic of Tanzania*,4,5,3,4,1,1
   Estonia,   United States of America*,642,1181,413,725,229,456
   Estonia,   Uruguay,5,6,3,5,2,1
   Estonia,   Uzbekistan,1091,1096,499,495,592,601
   Estonia,   Venezuela (Bolivarian Republic of),11,46,9,32,2,14
   Estonia,   Viet Nam,32,53,22,24,10,29
   Estonia,   Yemen,5,19,3,12,2,7
   Estonia,   Zambia,2,3,2,3,0,0
   Estonia,   Zimbabwe,4,10,2,9,2,1
   Estonia,Other,19,27,10,18,9,9
   Faroe Islands*,WORLD,5485,6812,2783,3542,2702,3270
   Faroe Islands*,  Sub-Saharan Africa,89,106,48,59,41,47
   Faroe Islands*,  Northern Africa and Western Asia,11,17,8,13,3,4
   Faroe Islands*,  Central and Southern Asia,63,72,24,32,39,40
   Faroe Islands*,  Eastern and South-Eastern Asia,335,456,80,104,255,352
   Faroe Islands*,  Latin America and the Caribbean,56,86,24,34,32,52
   Faroe Islands*,  Oceania (excluding Australia and New Zealand),0,0,0,0,0,0
   Faroe Islands*,  Australia and New Zealand,0,0,0,0,0,0
   Faroe Islands*,  Europe and Northern America,4632,5638,2454,3090,2178,2548
   Faroe Islands*,  Developed regions,4632,5638,2454,3090,2178,2548
   Faroe Islands*,  Less developed regions,554,737,184,242,370,495
   Faroe Islands*," Less developed regions, excluding least developed countries",518,698,160,216,358,482
   Faroe Islands*," Less developed regions, excluding China",524,702,176,230,348,472
   Faroe Islands*,  Least developed countries,36,39,24,26,12,13
   Faroe Islands*,  Land-locked Developing Countries (LLDC),36,39,24,26,12,13
   Faroe Islands*,  Small island developing States (SIDS),0,0,0,0,0,0
   Faroe Islands*,  High-income countries,4591,5545,2437,3023,2154,2522
   Faroe Islands*,  Middle-income countries,559,791,177,283,382,508
   Faroe Islands*, Upper-middle-income countries,322,444,107,183,215,261
   Faroe Islands*, Lower-middle-income countries,237,347,70,100,167,247
   Faroe Islands*,  Low-income countries,36,39,24,26,12,13
   Faroe Islands*, AFRICA,100,123,56,72,44,51
   Faroe Islands*,  Eastern Africa,51,61,31,34,20,27
   Faroe Islands*,  Middle Africa,0,0,0,0,0,0
   Faroe Islands*,  Northern Africa,11,17,8,13,3,4
   Faroe Islands*,  Southern Africa,20,22,11,14,9,8
   Faroe Islands*,  Western Africa,18,23,6,11,12,12
   Faroe Islands*, ASIA,398,528,104,136,294,392
   Faroe Islands*,  Central Asia,0,0,0,0,0,0
   Faroe Islands*,  Eastern Asia,83,94,36,43,47,51
   Faroe Islands*,  South-Eastern Asia,252,362,44,61,208,301
   Faroe Islands*,  Southern Asia,63,72,24,32,39,40
   Faroe Islands*,  Western Asia,0,0,0,0,0,0
   Faroe Islands*, EUROPE,4428,5404,2375,3004,2053,2400
   Faroe Islands*,  Eastern Europe,177,450,102,346,75,104
   Faroe Islands*,  Northern Europe,4156,4842,2220,2597,1936,2245
   Faroe Islands*,  Southern Europe,73,83,40,47,33,36
   Faroe Islands*,  Western Europe,22,29,13,14,9,15
   Faroe Islands*, LATIN AMERICA AND THE CARIBBEAN,56,86,24,34,32,52
   Faroe Islands*,  Caribbean,0,0,0,0,0,0
   Faroe Islands*,  Central America,0,0,0,0,0,0
   Faroe Islands*,  South America,56,86,24,34,32,52
   Faroe Islands*, NORTHERN AMERICA,204,234,79,86,125,148
   Faroe Islands*, OCEANIA ,0,0,0,0,0,0
   Faroe Islands*,  Australia and New Zealand,0,0,0,0,0,0
   Faroe Islands*,  Melanesia,0,0,0,0,0,0
   Faroe Islands*,  Micronesia,0,0,0,0,0,0
   Faroe Islands*,  Polynesia*,0,0,0,0,0,0
   Faroe Islands*,   Brazil,11,31,4,11,7,20
   Faroe Islands*,   Bulgaria,13,61,10,57,3,4
   Faroe Islands*,   Canada,13,15,6,6,7,9
   Faroe Islands*,   China*,30,35,8,12,22,23
   Faroe Islands*,   Colombia,30,36,15,16,15,20
   Faroe Islands*,   Croatia,22,24,13,14,9,10
   Faroe Islands*,   Denmark*,3547,4150,1903,2215,1644,1935
   Faroe Islands*,   Ethiopia,36,39,24,26,12,13
   Faroe Islands*,   Germany,22,29,13,14,9,15
   Faroe Islands*,   Ghana,18,23,6,11,12,12
   Faroe Islands*,   Greenland*,150,174,54,59,96,115
   Faroe Islands*,   Iceland,242,256,132,141,110,115
   Faroe Islands*,   India,63,72,24,32,39,40
   Faroe Islands*,   Indonesia,10,11,1,1,9,10
   Faroe Islands*,   Kenya,15,22,7,8,8,14
   Faroe Islands*,   Republic of Korea,53,59,28,31,25,28
   Faroe Islands*,   Lithuania,13,30,4,24,9,6
   Faroe Islands*,   Norway*,178,200,88,100,90,100
   Faroe Islands*,   Peru,15,19,5,7,10,12
   Faroe Islands*,   Philippines,130,213,25,36,105,177
   Faroe Islands*,   Poland,72,129,52,103,20,26
   Faroe Islands*,   Romania,62,228,32,178,30,50
   Faroe Islands*,   Russian Federation,30,32,8,8,22,24
   Faroe Islands*,   Serbia*,51,59,27,33,24,26
   Faroe Islands*,   South Africa,20,22,11,14,9,8
   Faroe Islands*,   Sweden,76,83,45,51,31,32
   Faroe Islands*,   Thailand,112,138,18,24,94,114
   Faroe Islands*,   Tunisia,11,17,8,13,3,4
   Faroe Islands*,   United Kingdom*,100,123,48,66,52,57
   Faroe Islands*,   United States of America*,41,45,19,21,22,24
   Faroe Islands*,Other,299,437,145,210,154,227
   Finland*,WORLD,314856,386052,159315,198822,155541,187230
   Finland*,  Sub-Saharan Africa,23085,30641,13210,17557,9875,13084
   Finland*,  Northern Africa and Western Asia,36582,43247,23789,27862,12793,15385
   Finland*,  Central and Southern Asia,23075,33353,13883,20259,9192,13094
   Finland*,  Eastern and South-Eastern Asia,31079,41625,10774,14904,20305,26721
   Finland*,  Latin America and the Caribbean,5967,7978,3043,4090,2924,3888
   Finland*,  Oceania (excluding Australia and New Zealand),33,24,20,12,13,12
   Finland*,  Australia and New Zealand,1233,1499,785,971,448,528
   Finland*,  Europe and Northern America,133138,159793,70066,85730,63072,74063
   Finland*,  Developed regions,135575,162745,71311,87254,64264,75491
   Finland*,  Less developed regions,118617,155415,64259,84131,54358,71284
   Finland*," Less developed regions, excluding least developed countries",91112,117268,48719,62007,42393,55261
   Finland*," Less developed regions, excluding China",109548,143801,60559,79238,48989,64563
   Finland*,  Least developed countries,27505,38147,15540,22124,11965,16023
   Finland*,  Land-locked Developing Countries (LLDC),11106,16729,6333,9959,4773,6770
   Finland*,  Small island developing States (SIDS),1104,1333,629,760,475,573
   Finland*,  High-income countries,121722,143146,65188,78262,56534,64884
   Finland*,  Middle-income countries,110524,140379,58458,73530,52066,66849
   Finland*, Upper-middle-income countries,74032,87835,37399,43936,36633,43899
   Finland*, Lower-middle-income countries,36492,52544,21059,29594,15433,22950
   Finland*,  Low-income countries,21945,34635,11923,19593,10022,15042
   Finland*, AFRICA,28565,37924,17109,22644,11456,15280
   Finland*,  Eastern Africa,14517,19143,7601,10157,6916,8986
   Finland*,  Middle Africa,2784,3683,1476,1973,1308,1710
   Finland*,  Northern Africa,5480,7283,3899,5087,1581,2196
   Finland*,  Southern Africa,924,1203,543,698,381,505
   Finland*,  Western Africa,4860,6612,3590,4729,1270,1883
   Finland*, ASIA,85256,110942,44547,57938,40709,53004
   Finland*,  Central Asia,479,907,215,498,264,409
   Finland*,  Eastern Asia,10862,13844,4394,5737,6468,8107
   Finland*,  South-Eastern Asia,20217,27781,6380,9167,13837,18614
   Finland*,  Southern Asia,22596,32446,13668,19761,8928,12685
   Finland*,  Western Asia,31102,35964,19890,22775,11212,13189
   Finland*, EUROPE,127226,152693,66721,81675,60505,71018
   Finland*,  Eastern Europe,24329,33348,11805,16483,12524,16865
   Finland*,  Northern Europe,82697,94775,42497,50052,40200,44723
   Finland*,  Southern Europe,8117,10787,5168,6795,2949,3992
   Finland*,  Western Europe,12083,13783,7251,8345,4832,5438
   Finland*, LATIN AMERICA AND THE CARIBBEAN,5967,7978,3043,4090,2924,3888
   Finland*,  Caribbean,758,928,455,570,303,358
   Finland*,  Central America,1093,1466,601,797,492,669
   Finland*,  South America,4116,5584,1987,2723,2129,2861
   Finland*, NORTHERN AMERICA,5912,7100,3345,4055,2567,3045
   Finland*, OCEANIA ,1266,1523,805,983,461,540
   Finland*,  Australia and New Zealand,1233,1499,785,971,448,528
   Finland*,  Melanesia,25,22,15,12,10,10
   Finland*,  Micronesia,0,0,0,0,0,0
   Finland*,  Polynesia*,8,2,5,0,3,2
   Finland*,   Afghanistan,4623,7019,2521,4317,2102,2702
   Finland*,   Albania,336,706,250,485,86,221
   Finland*,   Algeria,781,1014,615,774,166,240
   Finland*,   Andorra,1,2,1,2,0,0
   Finland*,   Angola,412,441,245,262,167,179
   Finland*,   Antigua and Barbuda,1,1,0,0,1,1
   Finland*,   Argentina,369,460,220,281,149,179
   Finland*,   Armenia,89,115,38,52,51,63
   Finland*,   Aruba*,3,0,2,0,1,0
   Finland*,   Australia*,1035,1245,636,787,399,458
   Finland*,   Austria,567,660,307,363,260,297
   Finland*,   Azerbaijan*,119,178,52,86,67,92
   Finland*,   Bahamas,8,6,5,4,3,2
   Finland*,   Bahrain,20,20,16,13,4,7
   Finland*,   Bangladesh,1885,2983,1278,1956,607,1027
   Finland*,   Barbados,10,12,9,9,1,3
   Finland*,   Belarus,314,443,119,167,195,276
   Finland*,   Belgium,567,690,371,448,196,242
   Finland*,   Belize,1,0,1,0,0,0
   Finland*,   Benin,18,19,14,13,4,6
   Finland*,   Bermuda*,4,0,4,0,0,0
   Finland*,   Bhutan,3,2,1,0,2,2
   Finland*,   Bolivia (Plurinational State of),138,166,63,73,75,93
   Finland*,   Bosnia and Herzegovina,652,811,334,440,318,371
   Finland*,   Botswana,15,19,9,11,6,8
   Finland*,   Brazil,1221,1889,496,814,725,1075
   Finland*,   Brunei Darussalam,2,4,2,1,0,3
   Finland*,   Bulgaria,1863,2566,1000,1415,863,1151
   Finland*,   Burkina Faso,15,29,13,23,2,6
   Finland*,   Burundi,51,76,27,41,24,35
   Finland*,   Cabo Verde,11,13,8,9,3,4
   Finland*,   Cambodia,256,320,105,122,151,198
   Finland*,   Cameroon,759,1094,477,676,282,418
   Finland*,   Canada,1481,1655,797,903,684,752
   Finland*,   Central African Republic,3,7,2,5,1,2
   Finland*,   Chad,7,11,5,8,2,3
   Finland*,   Chile,408,542,203,286,205,256
   Finland*,   China*,9069,11614,3700,4893,5369,6721
   Finland*,   Colombia,985,1228,503,629,482,599
   Finland*,   Comoros,3,2,2,1,1,1
   Finland*,   Congo,114,125,62,73,52,52
   Finland*,   Costa Rica,61,73,41,48,20,25
   Finland*,   Côte d'Ivoire,122,146,90,104,32,42
   Finland*,   Croatia,213,293,113,167,100,126
   Finland*,   Cuba,445,551,271,351,174,200
   Finland*,   Cyprus*,157,203,112,140,45,63
   Finland*,   Czechia,204,332,93,156,111,176
   Finland*,   Dem. People's Republic of Korea,4,5,1,2,3,3
   Finland*,   Democratic Republic of the Congo,1465,1981,675,941,790,1040
   Finland*,   Denmark*,923,1122,562,694,361,428
   Finland*,   Djibouti,7,12,3,5,4,7
   Finland*,   Dominica,5,7,5,7,0,0
   Finland*,   Dominican Republic,157,205,85,113,72,92
   Finland*,   Ecuador,180,225,101,126,79,99
   Finland*,   Egypt,1058,1505,836,1154,222,351
   Finland*,   El Salvador,60,74,23,33,37,41
   Finland*,   Equatorial Guinea,14,10,6,3,8,7
   Finland*,   Eritrea,128,866,80,601,48,265
   Finland*,   Estonia,41006,47280,19853,23740,21153,23540
   Finland*,   Eswatini,14,10,8,5,6,5
   Finland*,   Ethiopia,1845,2456,1040,1391,805,1065
   Finland*,   Fiji,9,9,6,5,3,4
   Finland*,   France*,2268,2684,1429,1697,839,987
   Finland*,   French Polynesia*,1,0,1,0,0,0
   Finland*,   Gabon,10,14,4,5,6,9
   Finland*,   Gambia,648,902,516,733,132,169
   Finland*,   Georgia*,67,111,33,51,34,60
   Finland*,   Germany,6224,6834,3485,3866,2739,2968
   Finland*,   Ghana,1334,1820,912,1231,422,589
   Finland*,   Greece,1110,1674,766,1134,344,540
   Finland*,   Grenada,1,1,1,1,0,0
   Finland*,   Guatemala,71,85,44,50,27,35
   Finland*,   Guinea,85,111,68,87,17,24
   Finland*,   Guinea-Bissau,7,8,6,6,1,2
   Finland*,   Guyana,19,16,10,9,9,7
   Finland*,   Haiti,10,11,7,7,3,4
   Finland*,   Holy See*,1,0,1,0,0,0
   Finland*,   Honduras,59,92,25,37,34,55
   Finland*,   Hungary,2068,2376,1103,1222,965,1154
   Finland*,   Iceland,152,179,96,119,56,60
   Finland*,   India,5159,6954,3104,4095,2055,2859
   Finland*,   Indonesia,466,709,157,267,309,442
   Finland*,   Iran (Islamic Republic of),5589,7611,3140,4286,2449,3325
   Finland*,   Iraq,21027,18304,13175,11706,7852,6598
   Finland*,   Ireland,553,668,403,489,150,179
   Finland*,   Israel,715,793,503,545,212,248
   Finland*,   Italy,2316,3023,1616,2027,700,996
   Finland*,   Jamaica,75,86,46,56,29,30
   Finland*,   Japan,1204,1453,460,553,744,900
   Finland*,   Jordan,268,348,168,214,100,134
   Finland*,   Kazakhstan,246,344,100,138,146,206
   Finland*,   Kenya,1238,1562,581,721,657,841
   Finland*,   Kuwait,121,220,77,143,44,77
   Finland*,   Kyrgyzstan,43,84,16,41,27,43
   Finland*,   Lao People's Democratic Republic,42,56,3,4,39,52
   Finland*,   Latvia,1582,2436,695,1238,887,1198
   Finland*,   Lebanon,521,731,323,436,198,295
   Finland*,   Liberia,102,114,66,72,36,42
   Finland*,   Libya,192,249,124,169,68,80
   Finland*,   Lithuania,968,1366,420,657,548,709
   Finland*,   Luxembourg,92,105,43,54,49,51
   Finland*,   Madagascar,14,19,5,7,9,12
   Finland*,   Malawi,50,103,29,53,21,50
   Finland*,   Malaysia*,411,531,191,255,220,276
   Finland*,   Maldives,2,0,1,0,1,0
   Finland*,   Mali,14,23,10,19,4,4
   Finland*,   Malta,39,53,23,33,16,20
   Finland*,   Mauritania,22,37,18,24,4,13
   Finland*,   Mauritius*,45,49,25,26,20,23
   Finland*,   Mexico,719,995,409,561,310,434
   Finland*,   Monaco,7,9,5,5,2,4
   Finland*,   Mongolia,51,63,18,21,33,42
   Finland*,   Montenegro,4,15,2,8,2,7
   Finland*,   Morocco,1952,2528,1354,1720,598,808
   Finland*,   Mozambique,65,73,32,35,33,38
   Finland*,   Myanmar,1118,1216,577,627,541,589
   Finland*,   Namibia,90,152,36,62,54,90
   Finland*,   Nepal,2298,3595,1658,2388,640,1207
   Finland*,   Netherlands*,1381,1653,1025,1217,356,436
   Finland*,   New Zealand*,198,254,149,184,49,70
   Finland*,   Nicaragua,99,118,44,52,55,66
   Finland*,   Niger,21,21,15,15,6,6
   Finland*,   Nigeria,2093,2915,1564,2024,529,891
   Finland*,   North Macedonia,157,212,75,112,82,100
   Finland*,   Norway*,1607,1852,840,988,767,864
   Finland*,   Oman,10,16,4,7,6,9
   Finland*,   Pakistan,2129,3134,1469,2090,660,1044
   Finland*,   Palau,0,0,0,0,0,0
   Finland*,   Panama,23,29,14,16,9,13
   Finland*,   Papua New Guinea,10,11,6,6,4,5
   Finland*,   Paraguay,24,28,15,16,9,12
   Finland*,   Peru,471,613,210,277,261,336
   Finland*,   Philippines,3090,4892,913,1538,2177,3354
   Finland*,   Poland,3983,5018,2188,2781,1795,2237
   Finland*,   Portugal,521,598,352,398,169,200
   Finland*,   Qatar,16,27,12,18,4,9
   Finland*,   Republic of Korea,534,709,215,268,319,441
   Finland*,   Republic of Moldova*,157,345,71,178,86,167
   Finland*,   Romania,2478,3871,1345,2248,1133,1623
   Finland*,   Russian Federation,11542,15212,5105,6841,6437,8371
   Finland*,   Rwanda,436,524,218,263,218,261
   Finland*,   Saint Kitts and Nevis,1,0,1,0,0,0
   Finland*,   Saint Lucia,4,3,3,2,1,1
   Finland*,   Saint Vincent and the Grenadines,2,1,2,1,0,0
   Finland*,   Samoa,3,2,1,0,2,2
   Finland*,   San Marino,1,0,0,0,1,0
   Finland*,   Saudi Arabia,315,484,164,255,151,229
   Finland*,   Senegal,168,216,140,183,28,33
   Finland*,   Serbia*,149,252,81,130,68,122
   Finland*,   Seychelles,6,6,1,0,5,6
   Finland*,   Sierra Leone,125,145,92,109,33,36
   Finland*,   Singapore,194,266,79,113,115,153
   Finland*,   Slovakia,180,334,95,172,85,162
   Finland*,   Slovenia,50,102,26,53,24,49
   Finland*,   Solomon Islands,5,2,2,1,3,1
   Finland*,   Somalia,9666,12070,5026,6295,4640,5775
   Finland*,   South Africa,805,1022,490,620,315,402
   Finland*,   South Sudan,0,9,0,2,0,7
   Finland*,   Spain*,2567,3046,1528,1806,1039,1240
   Finland*,   Sri Lanka,908,1148,496,629,412,519
   Finland*,   State of Palestine*,49,67,33,44,16,23
   Finland*,   Sudan,872,1179,469,653,403,526
   Finland*,   Suriname,1,1,1,1,0,0
   Finland*,   Sweden,30578,33412,15795,17467,14783,15945
   Finland*,   Switzerland,977,1148,586,695,391,453
   Finland*,   Syrian Arab Republic,1326,6223,792,3524,534,2699
   Finland*,   Tajikistan,42,63,24,38,18,25
   Finland*,   Thailand,8884,11110,1827,2345,7057,8765
   Finland*,   Togo,75,93,58,77,17,16
   Finland*,   Tonga,2,0,2,0,0,0
   Finland*,   Trinidad and Tobago,35,44,18,19,17,25
   Finland*,   Tunisia,625,808,501,617,124,191
   Finland*,   Turkey,6082,7644,4269,5240,1813,2404
   Finland*,   Turkmenistan,21,34,8,11,13,23
   Finland*,   Turks and Caicos Islands*,1,0,0,0,1,0
   Finland*,   Tuvalu,2,0,1,0,1,0
   Finland*,   Uganda,183,271,88,121,95,150
   Finland*,   Ukraine*,1540,2851,686,1303,854,1548
   Finland*,   United Arab Emirates,137,257,81,153,56,104
   Finland*,   United Kingdom*,5328,6460,3833,4660,1495,1800
   Finland*,   United Republic of Tanzania*,508,561,305,338,203,223
   Finland*,   United States of America*,4427,5445,2544,3152,1883,2293
   Finland*,   Uruguay,99,126,57,71,42,55
   Finland*,   Uzbekistan,127,382,67,270,60,112
   Finland*,   Vanuatu,1,0,1,0,0,0
   Finland*,   Venezuela (Bolivarian Republic of),201,290,108,140,93,150
   Finland*,   Viet Nam,5754,8677,2526,3895,3228,4782
   Finland*,   Yemen,63,223,38,148,25,75
   Finland*,   Zambia,184,341,81,171,103,170
   Finland*,   Zimbabwe,88,143,58,86,30,57
   Finland*,Other,60664,67892,23745,27437,36919,40455
   Iceland,WORLD,39072,65424,19070,35716,20002,29708
   Iceland,  Sub-Saharan Africa,706,1075,327,525,379,550
   Iceland,  Northern Africa and Western Asia,587,1328,365,855,222,473
   Iceland,  Central and Southern Asia,720,1145,347,595,373,550
   Iceland,  Eastern and South-Eastern Asia,4296,5867,1424,2000,2872,3867
   Iceland,  Latin America and the Caribbean,977,1440,395,610,582,830
   Iceland,  Oceania (excluding Australia and New Zealand),4,2,1,1,3,1
   Iceland,  Australia and New Zealand,171,250,85,136,86,114
   Iceland,  Europe and Northern America,31323,53954,15979,30818,15344,23136
   Iceland,  Developed regions,31592,54322,16097,30988,15495,23334
   Iceland,  Less developed regions,7192,10739,2826,4552,4366,6187
   Iceland," Less developed regions, excluding least developed countries",6763,10038,2608,4162,4155,5876
   Iceland," Less developed regions, excluding China",6610,9992,2643,4283,3967,5709
   Iceland,  Least developed countries,429,701,218,390,211,311
   Iceland,  Land-locked Developing Countries (LLDC),403,737,177,354,226,383
   Iceland,  Small island developing States (SIDS),221,279,83,106,138,173
   Iceland,  High-income countries,30112,51641,15469,29629,14643,22012
   Iceland,  Middle-income countries,8406,12701,3320,5496,5086,7205
   Iceland, Upper-middle-income countries,4577,6951,1723,3007,2854,3944
   Iceland, Lower-middle-income countries,3829,5750,1597,2489,2232,3261
   Iceland,  Low-income countries,266,719,134,415,132,304
   Iceland, AFRICA,973,1504,504,818,469,686
   Iceland,  Eastern Africa,290,380,104,145,186,235
   Iceland,  Middle Africa,55,83,32,50,23,33
   Iceland,  Northern Africa,267,429,177,293,90,136
   Iceland,  Southern Africa,116,147,47,59,69,88
   Iceland,  Western Africa,245,465,144,271,101,194
   Iceland, ASIA,5336,7911,1959,3157,3377,4754
   Iceland,  Central Asia,35,57,10,16,25,41
   Iceland,  Eastern Asia,737,935,236,322,501,613
   Iceland,  South-Eastern Asia,3559,4932,1188,1678,2371,3254
   Iceland,  Southern Asia,685,1088,337,579,348,509
   Iceland,  Western Asia,320,899,188,562,132,337
   Iceland, EUROPE,28959,50900,14735,29232,14224,21668
   Iceland,  Eastern Europe,13015,26234,6816,15642,6199,10592
   Iceland,  Northern Europe,10523,15506,5228,8632,5295,6874
   Iceland,  Southern Europe,2398,4919,1361,3050,1037,1869
   Iceland,  Western Europe,3023,4241,1330,1908,1693,2333
   Iceland, LATIN AMERICA AND THE CARIBBEAN,977,1440,395,610,582,830
   Iceland,  Caribbean,136,169,51,61,85,108
   Iceland,  Central America,197,313,94,142,103,171
   Iceland,  South America,644,958,250,407,394,551
   Iceland, NORTHERN AMERICA,2364,3054,1244,1586,1120,1468
   Iceland, OCEANIA ,175,252,86,137,89,115
   Iceland,  Australia and New Zealand,171,250,85,136,86,114
   Iceland,  Melanesia,3,1,0,0,3,1
   Iceland,  Micronesia,0,0,0,0,0,0
   Iceland,  Polynesia*,1,1,1,1,0,0
   Iceland,   Afghanistan,13,108,7,66,6,42
   Iceland,   Albania,45,220,25,145,20,75
   Iceland,   Algeria,40,68,31,51,9,17
   Iceland,   Andorra,2,2,2,0,0,2
   Iceland,   Angola,34,50,21,36,13,14
   Iceland,   Antigua and Barbuda,1,0,0,0,1,0
   Iceland,   Argentina,46,83,30,51,16,32
   Iceland,   Armenia,8,10,3,4,5,6
   Iceland,   Aruba*,1,0,1,0,0,0
   Iceland,   Australia*,121,172,60,92,61,80
   Iceland,   Austria,126,163,58,69,68,94
   Iceland,   Azerbaijan*,13,19,4,9,9,10
   Iceland,   Bahamas,6,5,3,2,3,3
   Iceland,   Bahrain,1,0,1,0,0,0
   Iceland,   Bangladesh,4,12,4,7,0,5
   Iceland,   Barbados,1,0,1,0,0,0
   Iceland,   Belarus,41,68,10,23,31,45
   Iceland,   Belgium,120,206,58,108,62,98
   Iceland,   Belize,0,0,0,0,0,0
   Iceland,   Benin,1,1,1,0,0,1
   Iceland,   Bermuda*,3,2,2,1,1,1
   Iceland,   Bolivia (Plurinational State of),14,15,4,6,10,9
   Iceland,   Bosnia and Herzegovina,150,273,79,170,71,103
   Iceland,   Brazil,139,217,36,71,103,146
   Iceland,   Bulgaria,241,515,122,293,119,222
   Iceland,   Burkina Faso,1,0,1,0,0,0
   Iceland,   Cabo Verde,33,54,15,26,18,28
   Iceland,   Cambodia,1,1,0,0,1,1
   Iceland,   Cameroon,7,5,5,3,2,2
   Iceland,   Canada,277,366,130,170,147,196
   Iceland,   Chad,0,1,0,0,0,1
   Iceland,   Chile,77,87,46,47,31,40
   Iceland,   China*,582,747,183,269,399,478
   Iceland,   Colombia,189,257,68,107,121,150
   Iceland,   Congo,3,1,2,1,1,0
   Iceland,   Costa Rica,7,18,4,11,3,7
   Iceland,   Côte d'Ivoire,1,7,0,4,1,3
   Iceland,   Croatia,169,716,92,504,77,212
   Iceland,   Cuba,57,64,26,30,31,34
   Iceland,   Curaçao*,1,0,0,0,1,0
   Iceland,   Cyprus*,5,11,3,7,2,4
   Iceland,   Czechia,246,810,141,435,105,375
   Iceland,   Dem. People's Republic of Korea,0,0,0,0,0,0
   Iceland,   Democratic Republic of the Congo,2,2,2,2,0,0
   Iceland,   Denmark*,3283,3918,1619,1979,1664,1939
   Iceland,   Djibouti,0,0,0,0,0,0
   Iceland,   Dominica,2,2,1,0,1,2
   Iceland,   Dominican Republic,32,58,9,18,23,40
   Iceland,   Ecuador,32,55,12,24,20,31
   Iceland,   Egypt,29,45,21,33,8,12
   Iceland,   El Salvador,13,27,5,10,8,17
   Iceland,   Equatorial Guinea,9,24,2,8,7,16
   Iceland,   Eritrea,7,9,4,5,3,4
   Iceland,   Estonia,129,178,45,72,84,106
   Iceland,   Ethiopia,71,88,28,41,43,47
   Iceland,   Faroe Islands*,331,327,137,146,194,181
   Iceland,   Fiji,1,0,0,0,1,0
   Iceland,   Finland*,178,236,59,81,119,155
   Iceland,   France*,538,910,286,476,252,434
   Iceland,   Gabon,0,0,0,0,0,0
   Iceland,   Gambia,11,19,9,15,2,4
   Iceland,   Georgia*,22,52,8,28,14,24
   Iceland,   Germany,1649,2148,635,840,1014,1308
   Iceland,   Ghana,62,133,32,73,30,60
   Iceland,   Gibraltar*,0,0,0,0,0,0
   Iceland,   Greece,45,181,30,119,15,62
   Iceland,   Greenland*,65,82,28,33,37,49
   Iceland,   Guatemala,37,36,20,21,17,15
   Iceland,   Guinea,18,23,10,13,8,10
   Iceland,   Guinea-Bissau,1,2,1,2,0,0
   Iceland,   Guyana,20,23,6,9,14,14
   Iceland,   Haiti,12,13,3,4,9,9
   Iceland,   Honduras,35,60,16,23,19,37
   Iceland,   Hungary,218,505,109,275,109,230
   Iceland,   India,305,389,145,182,160,207
   Iceland,   Indonesia,129,158,44,56,85,102
   Iceland,   Iran (Islamic Republic of),63,166,40,105,23,61
   Iceland,   Iraq,57,236,35,147,22,89
   Iceland,   Ireland,105,150,62,89,43,61
   Iceland,   Israel,37,45,23,33,14,12
   Iceland,   Italy,260,525,149,324,111,201
   Iceland,   Jamaica,18,21,5,6,13,15
   Iceland,   Japan,98,118,33,34,65,84
   Iceland,   Jordan,13,27,6,11,7,16
   Iceland,   Kazakhstan,21,35,5,9,16,26
   Iceland,   Kenya,90,103,29,26,61,77
   Iceland,   Kuwait,2,3,2,1,0,2
   Iceland,   Kyrgyzstan,1,6,1,3,0,3
   Iceland,   Lao People's Democratic Republic,1,0,1,0,0,0
   Iceland,   Latvia,735,1922,352,1290,383,632
   Iceland,   Lebanon,30,50,20,34,10,16
   Iceland,   Liberia,1,6,0,4,1,2
   Iceland,   Libya,4,7,2,4,2,3
   Iceland,   Liechtenstein,1,0,0,0,1,0
   Iceland,   Lithuania,1499,3171,736,1988,763,1183
   Iceland,   Luxembourg,142,180,68,89,74,91
   Iceland,   Madagascar,2,2,2,2,0,0
   Iceland,   Malawi,4,1,3,0,1,1
   Iceland,   Malaysia*,35,48,16,20,19,28
   Iceland,   Mali,2,4,2,4,0,0
   Iceland,   Malta,8,9,5,6,3,3
   Iceland,   Mauritania,1,2,1,2,0,0
   Iceland,   Mauritius*,5,6,1,1,4,5
   Iceland,   Mexico,92,159,44,73,48,86
   Iceland,   Monaco,1,0,0,0,1,0
   Iceland,   Mongolia,20,21,8,8,12,13
   Iceland,   Montenegro,8,12,2,6,6,6
   Iceland,   Morocco,166,262,103,171,63,91
   Iceland,   Mozambique,23,30,8,13,15,17
   Iceland,   Myanmar,1,4,1,1,0,3
   Iceland,   Namibia,35,43,16,15,19,28
   Iceland,   Nepal,98,129,56,73,42,56
   Iceland,   Netherlands*,288,408,152,221,136,187
   Iceland,   New Zealand*,50,78,25,44,25,34
   Iceland,   Nicaragua,7,6,2,0,5,6
   Iceland,   Nigeria,72,155,46,88,26,67
   Iceland,   North Macedonia,40,84,21,43,19,41
   Iceland,   Norway*,1036,1390,486,671,550,719
   Iceland,   Oman,2,2,2,0,0,2
   Iceland,   Pakistan,38,94,21,69,17,25
   Iceland,   Panama,6,7,3,4,3,3
   Iceland,   Papua New Guinea,1,1,0,0,1,1
   Iceland,   Paraguay,4,2,3,0,1,2
   Iceland,   Peru,75,105,26,39,49,66
   Iceland,   Philippines,1565,2284,534,793,1031,1491
   Iceland,   Poland,10967,21102,5839,12718,5128,8384
   Iceland,   Portugal,576,1082,362,724,214,358
   Iceland,   Puerto Rico*,0,0,0,0,0,0
   Iceland,   Qatar,2,3,0,1,2,2
   Iceland,   Republic of Korea,37,49,12,11,25,38
   Iceland,   Republic of Moldova*,21,113,9,58,12,55
   Iceland,   Romania,400,1675,211,1145,189,530
   Iceland,   Russian Federation,364,492,131,185,233,307
   Iceland,   Rwanda,2,0,2,0,0,0
   Iceland,   Saint Vincent and the Grenadines,2,0,1,0,1,0
   Iceland,   San Marino,0,2,0,0,0,2
   Iceland,   Saudi Arabia,8,18,4,12,4,6
   Iceland,   Senegal,21,29,12,20,9,9
   Iceland,   Serbia*,523,752,256,404,267,348
   Iceland,   Sierra Leone,15,19,10,13,5,6
   Iceland,   Singapore,17,21,4,5,13,16
   Iceland,   Slovakia,243,517,154,336,89,181
   Iceland,   Slovenia,32,70,18,33,14,37
   Iceland,   Solomon Islands,1,0,0,0,1,0
   Iceland,   Somalia,2,32,1,23,1,9
   Iceland,   South Africa,81,104,31,44,50,60
   Iceland,   Spain*,540,991,320,572,220,419
   Iceland,   Sri Lanka,164,190,64,77,100,113
   Iceland,   State of Palestine*,6,27,2,22,4,5
   Iceland,   Sudan,0,6,0,6,0,0
   Iceland,   Sweden,1920,2357,949,1191,971,1166
   Iceland,   Switzerland,158,226,73,105,85,121
   Iceland,   Syrian Arab Republic,35,280,26,174,9,106
   Iceland,   Tajikistan,2,2,0,0,2,2
   Iceland,   Thailand,1196,1500,312,400,884,1100
   Iceland,   Timor-Leste,1,0,1,0,0,0
   Iceland,   Togo,5,11,4,7,1,4
   Iceland,   Tonga,1,1,1,1,0,0
   Iceland,   Trinidad and Tobago,3,6,1,1,2,5
   Iceland,   Tunisia,28,41,20,28,8,13
   Iceland,   Turkey,73,104,45,69,28,35
   Iceland,   Turkmenistan,1,1,0,0,1,1
   Iceland,   Uganda,37,60,11,20,26,40
   Iceland,   Ukraine*,274,437,90,174,184,263
   Iceland,   United Arab Emirates,6,11,4,9,2,2
   Iceland,   United Kingdom*,1307,1857,783,1125,524,732
   Iceland,   United Republic of Tanzania*,28,24,11,8,17,16
   Iceland,   United States of America*,2019,2604,1084,1382,935,1222
   Iceland,   Uruguay,9,11,6,8,3,3
   Iceland,   Uzbekistan,10,13,4,4,6,9
   Iceland,   Venezuela (Bolivarian Republic of),39,103,13,45,26,58
   Iceland,   Viet Nam,613,916,275,403,338,513
   Iceland,   Yemen,0,1,0,1,0,0
   Iceland,   Zambia,8,12,1,2,7,10
   Iceland,   Zimbabwe,11,13,3,4,8,9
   Iceland,Other,288,363,147,176,141,187
   Ireland,WORLD,759256,871256,376338,434756,382918,436500
   Ireland,  Sub-Saharan Africa,44293,50699,20012,23080,24281,27619
   Ireland,  Northern Africa and Western Asia,6176,9394,3779,5755,2397,3639
   Ireland,  Central and Southern Asia,33599,38507,18429,21238,15170,17269
   Ireland,  Eastern and South-Eastern Asia,36881,42261,15514,17938,21367,24323
   Ireland,  Latin America and the Caribbean,12150,13855,6710,7690,5440,6165
   Ireland,  Oceania (excluding Australia and New Zealand),52,47,19,16,33,31
   Ireland,  Australia and New Zealand,8872,10172,4147,4791,4725,5381
   Ireland,  Europe and Northern America,617233,706321,307728,354248,309505,352073
   Ireland,  Developed regions,626634,717097,312045,359235,314589,357862
   Ireland,  Less developed regions,132622,154159,64293,75521,68329,78638
   Ireland," Less developed regions, excluding least developed countries",125423,145986,59917,70524,65506,75462
   Ireland," Less developed regions, excluding China",118052,137455,57405,67567,60647,69888
   Ireland,  Least developed countries,7199,8173,4376,4997,2823,3176
   Ireland,  Land-locked Developing Countries (LLDC),9910,11302,4787,5497,5123,5805
   Ireland,  Small island developing States (SIDS),4139,4680,2183,2484,1956,2196
   Ireland,  High-income countries,615010,703726,306501,352812,308509,350914
   Ireland,  Middle-income countries,140913,161417,68006,78443,72907,82974
   Ireland, Upper-middle-income countries,51766,59272,25695,29614,26071,29658
   Ireland, Lower-middle-income countries,89147,102145,42311,48829,46836,53316
   Ireland,  Low-income countries,3319,6104,1826,3499,1493,2605
   Ireland, AFRICA,46815,53580,21677,24989,25138,28591
   Ireland,  Eastern Africa,8415,9620,4176,4808,4239,4812
   Ireland,  Middle Africa,3419,3906,1638,1884,1781,2022
   Ireland,  Northern Africa,2522,2881,1665,1909,857,972
   Ireland,  Southern Africa,9161,10493,4273,4929,4888,5564
   Ireland,  Western Africa,23298,26680,9925,11459,13373,15221
   Ireland, ASIA,74134,87281,36057,43022,38077,44259
   Ireland,  Central Asia,408,461,177,202,231,259
   Ireland,  Eastern Asia,15741,18038,7298,8426,8443,9612
   Ireland,  South-Eastern Asia,21140,24223,8216,9512,12924,14711
   Ireland,  Southern Asia,33191,38046,18252,21036,14939,17010
   Ireland,  Western Asia,3654,6513,2114,3846,1540,2667
   Ireland, EUROPE,581162,664966,292062,336137,289100,328829
   Ireland,  Eastern Europe,191057,219069,102059,117680,88998,101389
   Ireland,  Northern Europe,334966,382701,166747,191564,168219,191137
   Ireland,  Southern Europe,21504,24641,9620,11117,11884,13524
   Ireland,  Western Europe,33635,38555,13636,15776,19999,22779
   Ireland, LATIN AMERICA AND THE CARIBBEAN,12150,13855,6710,7690,5440,6165
   Ireland,  Caribbean,437,466,173,178,264,288
   Ireland,  Central America,514,573,181,202,333,371
   Ireland,  South America,11199,12816,6356,7310,4843,5506
   Ireland, NORTHERN AMERICA,36071,41355,15666,18111,20405,23244
   Ireland, OCEANIA ,8924,10219,4166,4807,4758,5412
   Ireland,  Australia and New Zealand,8872,10172,4147,4791,4725,5381
   Ireland,  Melanesia,37,34,14,12,23,22
   Ireland,  Micronesia,0,0,0,0,0,0
   Ireland,  Polynesia*,15,13,5,4,10,9
   Ireland,   Afghanistan,148,168,119,137,29,31
   Ireland,   Albania,297,340,173,200,124,140
   Ireland,   Algeria,588,673,416,477,172,196
   Ireland,   Andorra,2,1,0,0,2,1
   Ireland,   Angola,480,548,238,274,242,274
   Ireland,   Anguilla*,1,0,0,0,1,0
   Ireland,   Antigua and Barbuda,2,1,1,0,1,1
   Ireland,   Argentina,327,374,152,175,175,199
   Ireland,   Armenia,53,59,27,31,26,28
   Ireland,   Aruba*,7,6,3,2,4,4
   Ireland,   Australia*,6601,7568,3003,3470,3598,4098
   Ireland,   Austria,784,898,255,296,529,602
   Ireland,   Azerbaijan*,50,55,26,29,24,26
   Ireland,   Bahamas,27,28,15,15,12,13
   Ireland,   Bahrain,82,93,39,44,43,49
   Ireland,   Bangladesh,3232,3706,2276,2618,956,1088
   Ireland,   Barbados,18,18,8,8,10,10
   Ireland,   Belarus,611,698,261,300,350,398
   Ireland,   Belgium,1638,1877,730,843,908,1034
   Ireland,   Belize,2,1,0,0,2,1
   Ireland,   Benin,34,37,12,13,22,24
   Ireland,   Bermuda*,57,63,26,30,31,33
   Ireland,   Bhutan,7,6,5,4,2,2
   Ireland,   Bolivia (Plurinational State of),17,17,7,7,10,10
   Ireland,   Bosnia and Herzegovina,640,732,298,343,342,389
   Ireland,   Botswana,80,89,43,48,37,41
   Ireland,   Brazil,10292,11800,5979,6887,4313,4913
   Ireland,   British Virgin Islands*,1,0,0,0,1,0
   Ireland,   Brunei Darussalam,16,16,7,7,9,9
   Ireland,   Bulgaria,1974,2263,902,1042,1072,1221
   Ireland,   Burkina Faso,9,8,6,5,3,3
   Ireland,   Burundi,48,53,24,27,24,26
   Ireland,   Cabo Verde,4,3,3,2,1,1
   Ireland,   Cambodia,11,11,2,2,9,9
   Ireland,   Cameroon,346,395,143,165,203,230
   Ireland,   Canada,5323,6102,2186,2529,3137,3573
   Ireland,   Cayman Islands*,25,26,11,11,14,15
   Ireland,   Central African Republic,8,7,3,2,5,5
   Ireland,   Chad,10,9,7,6,3,3
   Ireland,   Chile,142,160,58,65,84,95
   Ireland,   China*,12683,14542,6138,7086,6545,7456
   Ireland,"   China, Hong Kong SAR*",1887,2162,750,868,1137,1294
   Ireland,   Congo,2519,2886,1221,1408,1298,1478
   Ireland,   Costa Rica,11,11,4,4,7,7
   Ireland,   Côte d'Ivoire,133,151,67,76,66,75
   Ireland,   Croatia,506,578,258,296,248,282
   Ireland,   Cuba,83,94,37,42,46,52
   Ireland,   Cyprus*,288,330,142,165,146,165
   Ireland,   Czechia,6081,6972,3259,3759,2822,3213
   Ireland,   Dem. People's Republic of Korea,131,148,51,58,80,90
   Ireland,   Democratic Republic of the Congo,52,58,24,28,28,30
   Ireland,   Denmark*,980,1122,402,465,578,657
   Ireland,   Djibouti,1,0,0,0,1,0
   Ireland,   Dominica,1,0,0,0,1,0
   Ireland,   Dominican Republic,10,9,6,5,4,4
   Ireland,   Ecuador,39,42,12,13,27,29
   Ireland,   Egypt,532,609,360,413,172,196
   Ireland,   El Salvador,27,28,11,11,16,17
   Ireland,   Eritrea,38,41,24,26,14,15
   Ireland,   Estonia,2744,3145,1123,1299,1621,1846
   Ireland,   Eswatini,21,22,9,9,12,13
   Ireland,   Ethiopia,154,175,68,77,86,98
   Ireland,   Falkland Islands (Malvinas)*,4,3,3,2,1,1
   Ireland,   Faroe Islands*,3,2,1,0,2,2
   Ireland,   Fiji,14,14,5,5,9,9
   Ireland,   Finland*,966,1107,217,254,749,853
   Ireland,   France*,11147,12780,4626,5351,6521,7429
   Ireland,   French Polynesia*,1,0,0,0,1,0
   Ireland,   Gabon,4,3,2,1,2,2
   Ireland,   Gambia,57,63,30,34,27,29
   Ireland,   Georgia*,255,290,138,158,117,132
   Ireland,   Germany,14368,16475,5432,6296,8936,10179
   Ireland,   Ghana,504,576,223,257,281,319
   Ireland,   Gibraltar*,39,42,18,20,21,22
   Ireland,   Greece,636,728,351,406,285,322
   Ireland,   Greenland*,1,0,1,0,0,0
   Ireland,   Grenada,14,14,7,7,7,7
   Ireland,   Guatemala,125,142,59,67,66,75
   Ireland,   Guinea,50,55,27,30,23,25
   Ireland,   Guinea-Bissau,1,0,0,0,1,0
   Ireland,   Guyana,29,30,11,11,18,19
   Ireland,   Haiti,4,3,1,0,3,3
   Ireland,   Honduras,12,12,4,4,8,8
   Ireland,   Hungary,8206,9409,4410,5085,3796,4324
   Ireland,   Iceland,38,41,17,19,21,22
   Ireland,   India,19764,22662,9540,11015,10224,11647
   Ireland,   Indonesia,128,145,45,51,83,94
   Ireland,   Iran (Islamic Republic of),445,508,291,334,154,174
   Ireland,   Iraq,453,518,275,316,178,202
   Ireland,   Israel,220,250,118,135,102,115
   Ireland,   Italy,7910,9070,3947,4556,3963,4514
   Ireland,   Jamaica,120,135,37,41,83,94
   Ireland,   Japan,529,604,170,196,359,408
   Ireland,   Jordan,111,124,61,68,50,56
   Ireland,   Kazakhstan,259,296,116,134,143,162
   Ireland,   Kenya,482,551,199,231,283,320
   Ireland,   Kuwait,201,228,118,134,83,94
   Ireland,   Kyrgyzstan,32,35,14,16,18,19
   Ireland,   Lao People's Democratic Republic,34,37,14,16,20,21
   Ireland,   Latvia,22126,25371,10126,11700,12000,13671
   Ireland,   Lebanon,133,151,75,86,58,65
   Ireland,   Lesotho,39,42,17,18,22,24
   Ireland,   Liberia,107,120,59,66,48,54
   Ireland,   Libya,439,501,248,285,191,216
   Ireland,   Liechtenstein,2,1,1,0,1,1
   Ireland,   Lithuania,38572,44229,18582,21455,19990,22774
   Ireland,   Luxembourg,156,177,81,92,75,85
   Ireland,   Madagascar,12,12,4,4,8,8
   Ireland,   Malawi,76,85,40,45,36,40
   Ireland,   Malaysia*,4186,4798,1997,2305,2189,2493
   Ireland,   Maldives,2,1,0,0,2,1
   Ireland,   Mali,29,30,13,13,16,17
   Ireland,   Malta,372,426,164,190,208,236
   Ireland,   Mauritania,8,7,5,4,3,3
   Ireland,   Mauritius*,3231,3705,1804,2081,1427,1624
   Ireland,   Mexico,305,347,90,103,215,244
   Ireland,   Monaco,7,6,5,4,2,2
   Ireland,   Mongolia,318,363,115,133,203,230
   Ireland,   Montserrat*,1,0,0,0,1,0
   Ireland,   Morocco,274,312,189,215,85,97
   Ireland,   Mozambique,39,42,19,21,20,21
   Ireland,   Myanmar,64,72,32,37,32,35
   Ireland,   Namibia,38,41,14,15,24,26
   Ireland,   Nepal,136,154,92,104,44,50
   Ireland,   Netherlands*,4980,5708,2293,2648,2687,3060
   Ireland,   New Caledonia*,7,6,3,2,4,4
   Ireland,   New Zealand*,2271,2604,1144,1321,1127,1283
   Ireland,   Nicaragua,16,16,7,7,9,9
   Ireland,   Niger,129,146,49,56,80,90
   Ireland,   Nigeria,21894,25104,9239,10687,12655,14417
   Ireland,   North Macedonia,655,751,372,431,283,320
   Ireland,   Norway*,305,347,141,161,164,186
   Ireland,   Oman,49,54,24,27,25,27
   Ireland,   Pakistan,9219,10570,5792,6667,3427,3903
   Ireland,   Panama,16,16,6,6,10,10
   Ireland,   Papua New Guinea,13,13,5,5,8,8
   Ireland,   Paraguay,27,28,8,8,19,20
   Ireland,   Peru,127,144,42,47,85,97
   Ireland,   Philippines,15312,17557,5637,6536,9675,11021
   Ireland,   Poland,127507,146211,69919,80601,57588,65610
   Ireland,   Portugal,2486,2848,1393,1604,1093,1244
   Ireland,   Qatar,35,38,17,19,18,19
   Ireland,   Republic of Korea,193,219,74,85,119,134
   Ireland,   Republic of Moldova*,3787,4340,1887,2176,1900,2164
   Ireland,   Romania,19919,22839,9264,10700,10655,12139
   Ireland,   Russian Federation,6570,7532,2960,3419,3610,4113
   Ireland,   Rwanda,80,89,31,34,49,55
   Ireland,   Saint Helena*,7,6,1,0,6,6
   Ireland,   Saint Kitts and Nevis,2,1,1,0,1,1
   Ireland,   Saint Lucia,7,6,5,4,2,2
   Ireland,   Saint Vincent and the Grenadines,2,1,1,0,1,1
   Ireland,   Samoa,13,13,4,4,9,9
   Ireland,   Saudi Arabia,429,490,215,247,214,243
   Ireland,   Senegal,22,23,10,10,12,13
   Ireland,   Seychelles,11,11,4,4,7,7
   Ireland,   Sierra Leone,196,223,114,131,82,92
   Ireland,   Singapore,216,246,99,114,117,132
   Ireland,   Slovakia,11838,13573,6824,7862,5014,5711
   Ireland,   Slovenia,210,239,107,123,103,116
   Ireland,   Solomon Islands,2,1,1,0,1,1
   Ireland,   Somalia,531,606,277,317,254,289
   Ireland,   South Africa,8983,10299,4190,4839,4793,5460
   Ireland,   Spain*,7751,8886,2539,2948,5212,5938
   Ireland,   Sri Lanka,238,271,137,157,101,114
   Ireland,   State of Palestine*,67,75,45,51,22,24
   Ireland,   Sudan,588,673,372,428,216,245
   Ireland,   Suriname,12,12,4,4,8,8
   Ireland,   Sweden,1868,2140,556,646,1312,1494
   Ireland,   Switzerland,553,633,213,246,340,387
   Ireland,   Syrian Arab Republic,507,2937,305,1776,202,1161
   Ireland,   Tajikistan,21,22,9,9,12,13
   Ireland,   Thailand,535,612,152,177,383,435
   Ireland,   Timor-Leste,3,2,1,0,2,2
   Ireland,   Togo,114,128,67,75,47,53
   Ireland,   Tonga,1,0,1,0,0,0
   Ireland,   Trinidad and Tobago,111,124,39,43,72,81
   Ireland,   Tunisia,100,113,79,91,21,22
   Ireland,   Turkey,489,559,369,424,120,135
   Ireland,   Turkmenistan,4,3,1,0,3,3
   Ireland,   Turks and Caicos Islands*,1,0,1,0,0,0
   Ireland,   Uganda,149,169,65,74,84,95
   Ireland,   Ukraine*,4564,5232,2373,2736,2191,2496
   Ireland,   United Arab Emirates,201,228,102,116,99,112
   Ireland,   United Kingdom*,267364,305197,135582,155565,131782,149632
   Ireland,   United Republic of Tanzania*,125,142,54,62,71,80
   Ireland,   United States of America*,30690,35190,13453,15552,17237,19638
   Ireland,   Uruguay,55,61,23,26,32,35
   Ireland,   Uzbekistan,92,105,37,43,55,62
   Ireland,   Vanuatu,1,0,0,0,1,0
   Ireland,   Venezuela (Bolivarian Republic of),128,145,57,65,71,80
   Ireland,   Viet Nam,635,727,230,267,405,460
   Ireland,   Western Sahara,1,0,1,0,0,0
   Ireland,   Yemen,31,34,18,20,13,14
   Ireland,   Zambia,340,388,156,179,184,209
   Ireland,   Zimbabwe,3098,3551,1407,1626,1691,1925
   Isle of Man*,WORLD,42238,43040,20596,20987,21642,22053
   Isle of Man*,  Sub-Saharan Africa,807,821,398,405,409,416
   Isle of Man*,  Northern Africa and Western Asia,0,0,0,0,0,0
   Isle of Man*,  Central and Southern Asia,0,0,0,0,0,0
   Isle of Man*,  Eastern and South-Eastern Asia,0,0,0,0,0,0
   Isle of Man*,  Latin America and the Caribbean,0,0,0,0,0,0
   Isle of Man*,  Oceania (excluding Australia and New Zealand),0,0,0,0,0,0
   Isle of Man*,  Australia and New Zealand,273,275,138,141,135,134
   Isle of Man*,  Europe and Northern America,35647,36322,17570,17907,18077,18415
   Isle of Man*,  Developed regions,35920,36597,17708,18048,18212,18549
   Isle of Man*,  Less developed regions,807,821,398,405,409,416
   Isle of Man*," Less developed regions, excluding least developed countries",807,821,398,405,409,416
   Isle of Man*," Less developed regions, excluding China",807,821,398,405,409,416
   Isle of Man*,  Least developed countries,0,0,0,0,0,0
   Isle of Man*,  Land-locked Developing Countries (LLDC),0,0,0,0,0,0
   Isle of Man*,  Small island developing States (SIDS),0,0,0,0,0,0
   Isle of Man*,  High-income countries,35920,36597,17708,18048,18212,18549
   Isle of Man*,  Middle-income countries,807,821,398,405,409,416
   Isle of Man*, Upper-middle-income countries,807,821,398,405,409,416
   Isle of Man*, Lower-middle-income countries,0,0,0,0,0,0
   Isle of Man*,  Low-income countries,0,0,0,0,0,0
   Isle of Man*, AFRICA,807,821,398,405,409,416
   Isle of Man*,  Eastern Africa,0,0,0,0,0,0
   Isle of Man*,  Middle Africa,0,0,0,0,0,0
   Isle of Man*,  Northern Africa,0,0,0,0,0,0
   Isle of Man*,  Southern Africa,807,821,398,405,409,416
   Isle of Man*,  Western Africa,0,0,0,0,0,0
   Isle of Man*, ASIA,0,0,0,0,0,0
   Isle of Man*,  Central Asia,0,0,0,0,0,0
   Isle of Man*,  Eastern Asia,0,0,0,0,0,0
   Isle of Man*,  South-Eastern Asia,0,0,0,0,0,0
   Isle of Man*,  Southern Asia,0,0,0,0,0,0
   Isle of Man*,  Western Asia,0,0,0,0,0,0
   Isle of Man*, EUROPE,35263,35934,17393,17726,17870,18208
   Isle of Man*,  Eastern Europe,0,0,0,0,0,0
   Isle of Man*,  Northern Europe,35263,35934,17393,17726,17870,18208
   Isle of Man*,  Southern Europe,0,0,0,0,0,0
   Isle of Man*,  Western Europe,0,0,0,0,0,0
   Isle of Man*, LATIN AMERICA AND THE CARIBBEAN,0,0,0,0,0,0
   Isle of Man*,  Caribbean,0,0,0,0,0,0
   Isle of Man*,  Central America,0,0,0,0,0,0
   Isle of Man*,  South America,0,0,0,0,0,0
   Isle of Man*, NORTHERN AMERICA,384,388,177,181,207,207
   Isle of Man*, OCEANIA ,273,275,138,141,135,134
   Isle of Man*,  Australia and New Zealand,273,275,138,141,135,134
   Isle of Man*,  Melanesia,0,0,0,0,0,0
   Isle of Man*,  Micronesia,0,0,0,0,0,0
   Isle of Man*,  Polynesia*,0,0,0,0,0,0
   Isle of Man*,   Australia*,188,190,91,93,97,97
   Isle of Man*,   Canada,157,158,76,77,81,81
   Isle of Man*,   Ireland,1540,1567,649,660,891,907
   Isle of Man*,   New Zealand*,85,85,47,48,38,37
   Isle of Man*,   South Africa,807,821,398,405,409,416
   Isle of Man*,   United Kingdom*,33553,34195,16647,16967,16906,17228
   Isle of Man*,   Channel Islands*,170,172,97,99,73,73
   Isle of Man*,   United States of America*,227,230,101,104,126,126
   Isle of Man*,Other,5511,5622,2490,2534,3021,3088
   Latvia,WORLD,265418,239422,104011,97022,161407,142400
   Latvia,  Sub-Saharan Africa,65,85,53,68,12,17
   Latvia,  Northern Africa and Western Asia,4348,4694,2536,2846,1812,1848
   Latvia,  Central and Southern Asia,10183,11937,4726,6402,5457,5535
   Latvia,  Eastern and South-Eastern Asia,571,765,352,427,219,338
   Latvia,  Latin America and the Caribbean,150,215,93,138,57,77
   Latvia,  Oceania (excluding Australia and New Zealand),0,0,0,0,0,0
   Latvia,  Australia and New Zealand,88,124,62,87,26,37
   Latvia,  Europe and Northern America,250006,221580,96184,87046,153822,134534
   Latvia,  Developed regions,250110,221731,96253,87146,153857,134585
   Latvia,  Less developed regions,15301,17669,7753,9868,7548,7801
   Latvia," Less developed regions, excluding least developed countries",15230,17540,7694,9774,7536,7766
   Latvia," Less developed regions, excluding China",15033,17300,7601,9660,7432,7640
   Latvia,  Least developed countries,71,129,59,94,12,35
   Latvia,  Land-locked Developing Countries (LLDC),14413,14678,6978,7401,7435,7277
   Latvia,  Small island developing States (SIDS),60,55,36,34,24,21
   Latvia,  High-income countries,29359,28840,13134,13447,16225,15393
   Latvia,  Middle-income countries,235440,209856,90556,83179,144884,126677
   Latvia, Upper-middle-income countries,196262,170352,72335,63420,123927,106932
   Latvia, Lower-middle-income countries,39178,39504,18221,19759,20957,19745
   Latvia,  Low-income countries,611,704,315,388,296,316
   Latvia, AFRICA,138,220,110,177,28,43
   Latvia,  Eastern Africa,19,22,16,19,3,3
   Latvia,  Middle Africa,4,8,3,8,1,0
   Latvia,  Northern Africa,73,135,57,109,16,26
   Latvia,  Southern Africa,15,23,9,14,6,9
   Latvia,  Western Africa,27,32,25,27,2,5
   Latvia, ASIA,15029,17261,7557,9566,7472,7695
   Latvia,  Central Asia,9917,10094,4508,4844,5409,5250
   Latvia,  Eastern Asia,434,542,228,285,206,257
   Latvia,  South-Eastern Asia,137,223,124,142,13,81
   Latvia,  Southern Asia,266,1843,218,1558,48,285
   Latvia,  Western Asia,4275,4559,2479,2737,1796,1822
   Latvia, EUROPE,249459,220860,95874,86613,153585,134247
   Latvia,  Eastern Europe,222158,194319,83764,74369,138394,119950
   Latvia,  Northern Europe,23751,22862,10237,10202,13514,12660
   Latvia,  Southern Europe,544,745,366,515,178,230
   Latvia,  Western Europe,3006,2934,1507,1527,1499,1407
   Latvia, LATIN AMERICA AND THE CARIBBEAN,150,215,93,138,57,77
   Latvia,  Caribbean,53,50,31,31,22,19
   Latvia,  Central America,16,27,13,20,3,7
   Latvia,  South America,81,138,49,87,32,51
   Latvia, NORTHERN AMERICA,547,720,310,433,237,287
   Latvia, OCEANIA ,88,124,62,87,26,37
   Latvia,  Australia and New Zealand,88,124,62,87,26,37
   Latvia,  Melanesia,0,0,0,0,0,0
   Latvia,  Micronesia,0,0,0,0,0,0
   Latvia,  Polynesia*,0,0,0,0,0,0
   Latvia,   Afghanistan,27,46,21,26,6,20
   Latvia,   Albania,9,12,5,6,4,6
   Latvia,   Algeria,15,18,12,14,3,4
   Latvia,   Andorra,0,0,0,0,0,0
   Latvia,   Angola,2,0,1,0,1,0
   Latvia,   Anguilla*,0,0,0,0,0,0
   Latvia,   Antigua and Barbuda,1,0,0,0,1,0
   Latvia,   Argentina,12,22,4,14,8,8
   Latvia,   Armenia,693,708,425,414,268,294
   Latvia,   Aruba*,1,0,1,0,0,0
   Latvia,   Australia*,83,111,59,77,24,34
   Latvia,   Austria,90,101,52,62,38,39
   Latvia,   Azerbaijan*,1922,1953,1099,1164,823,789
   Latvia,   Bahrain,1,0,1,0,0,0
   Latvia,   Bangladesh,5,15,4,11,1,4
   Latvia,   Barbados,2,2,0,0,2,2
   Latvia,   Belarus,48588,42251,16745,14448,31843,27803
   Latvia,   Belgium,111,123,60,66,51,57
   Latvia,   Benin,2,1,2,1,0,0
   Latvia,   Bolivia (Plurinational State of),0,1,0,1,0,0
   Latvia,   Bosnia and Herzegovina,7,9,6,9,1,0
   Latvia,   Botswana,1,0,0,0,1,0
   Latvia,   Brazil,21,46,15,33,6,13
   Latvia,   Bulgaria,157,112,102,82,55,30
   Latvia,   Burundi,1,0,1,0,0,0
   Latvia,   Cabo Verde,0,0,0,0,0,0
   Latvia,   Cameroon,1,4,1,4,0,0
   Latvia,   Canada,120,177,65,102,55,75
   Latvia,   Central African Republic,0,0,0,0,0,0
   Latvia,   Chile,5,7,4,7,1,0
   Latvia,   China*,268,369,152,208,116,161
   Latvia,   Colombia,6,13,2,6,4,7
   Latvia,   Congo,0,0,0,0,0,0
   Latvia,   Costa Rica,2,0,1,0,1,0
   Latvia,   Côte d'Ivoire,3,1,2,1,1,0
   Latvia,   Croatia,7,8,5,6,2,2
   Latvia,   Cuba,46,46,29,29,17,17
   Latvia,   Cyprus*,44,59,26,33,18,26
   Latvia,   Czechia,137,159,48,57,89,102
   Latvia,   Dem. People's Republic of Korea,11,10,6,5,5,5
   Latvia,   Democratic Republic of the Congo,0,4,0,4,0,0
   Latvia,   Denmark*,203,238,160,187,43,51
   Latvia,   Dominican Republic,1,0,0,0,1,0
   Latvia,   Ecuador,2,3,0,0,2,3
   Latvia,   Egypt,37,80,28,64,9,16
   Latvia,   Eritrea,0,5,0,5,0,0
   Latvia,   Estonia,3081,2847,1403,1308,1678,1539
   Latvia,   Faroe Islands*,2,1,1,1,1,0
   Latvia,   Finland*,170,151,95,88,75,63
   Latvia,   France*,181,279,106,166,75,113
   Latvia,   Gabon,1,0,1,0,0,0
   Latvia,   Gambia,0,1,0,1,0,0
   Latvia,   Georgia*,1317,1285,720,719,597,566
   Latvia,   Germany,2424,2163,1160,1049,1264,1114
   Latvia,   Ghana,5,7,5,7,0,0
   Latvia,   Greece,42,51,24,33,18,18
   Latvia,   Greenland*,1,0,0,0,1,0
   Latvia,   Guatemala,1,1,1,1,0,0
   Latvia,   Hungary,193,183,87,84,106,99
   Latvia,   Iceland,29,53,18,33,11,20
   Latvia,   India,131,1290,118,1125,13,165
   Latvia,   Indonesia,3,3,2,3,1,0
   Latvia,   Iran (Islamic Republic of),35,46,22,32,13,14
   Latvia,   Iraq,33,52,17,31,16,21
   Latvia,   Ireland,731,936,418,544,313,392
   Latvia,   Israel,78,108,46,65,32,43
   Latvia,   Italy,249,328,175,240,74,88
   Latvia,   Jamaica,1,2,1,2,0,0
   Latvia,   Japan,16,27,7,13,9,14
   Latvia,   Jordan,4,4,4,4,0,0
   Latvia,   Kazakhstan,5931,5651,2659,2561,3272,3090
   Latvia,   Kenya,3,4,2,4,1,0
   Latvia,   Kuwait,3,5,3,5,0,0
   Latvia,   Kyrgyzstan,809,757,353,331,456,426
   Latvia,   Lebanon,29,39,26,34,3,5
   Latvia,   Libya,3,4,1,2,2,2
   Latvia,   Liechtenstein,1,0,1,0,0,0
   Latvia,   Lithuania,16668,14209,6447,5430,10221,8779
   Latvia,   Luxembourg,7,10,2,5,5,5
   Latvia,   Madagascar,0,0,0,0,0,0
   Latvia,   Malawi,0,0,0,0,0,0
   Latvia,   Malaysia*,7,8,5,5,2,3
   Latvia,   Mali,2,0,2,0,0,0
   Latvia,   Malta,6,23,5,13,1,10
   Latvia,   Mauritania,1,0,1,0,0,0
   Latvia,   Mauritius*,2,4,1,2,1,2
   Latvia,   Mexico,13,26,11,19,2,7
   Latvia,   Monaco,1,0,1,0,0,0
   Latvia,   Mongolia,109,103,42,39,67,64
   Latvia,   Montenegro,0,1,0,1,0,0
   Latvia,   Morocco,12,24,11,20,1,4
   Latvia,   Mozambique,1,0,1,0,0,0
   Latvia,   Namibia,1,0,0,0,1,0
   Latvia,   Nepal,16,45,14,35,2,10
   Latvia,   Netherlands*,135,161,92,112,43,49
   Latvia,   New Zealand*,5,13,3,10,2,3
   Latvia,   Nicaragua,0,0,0,0,0,0
   Latvia,   Nigeria,13,22,12,17,1,5
   Latvia,   North Macedonia,12,17,8,12,4,5
   Latvia,   Norway*,325,443,184,267,141,176
   Latvia,   Pakistan,24,228,21,204,3,24
   Latvia,   Palau,0,0,0,0,0,0
   Latvia,   Paraguay,3,0,2,0,1,0
   Latvia,   Peru,7,9,5,6,2,3
   Latvia,   Philippines,108,99,106,91,2,8
   Latvia,   Poland,832,767,372,342,460,425
   Latvia,   Portugal,48,42,31,31,17,11
   Latvia,   Qatar,1,5,0,2,1,3
   Latvia,   Republic of Korea,30,33,21,20,9,13
   Latvia,   Republic of Moldova*,1705,1707,851,863,854,844
   Latvia,   Romania,68,71,36,39,32,32
   Latvia,   Russian Federation,136376,116771,49869,43087,86507,73684
   Latvia,   Rwanda,1,1,1,1,0,0
   Latvia,   Saudi Arabia,5,13,3,10,2,3
   Latvia,   Serbia*,10,22,8,16,2,6
   Latvia,   Sierra Leone,1,0,1,0,0,0
   Latvia,   Singapore,4,1,3,1,1,0
   Latvia,   Slovakia,22,36,13,22,9,14
   Latvia,   Slovenia,6,12,3,6,3,6
   Latvia,   Somalia,5,3,4,3,1,0
   Latvia,   South Africa,13,23,9,14,4,9
   Latvia,   South Sudan,0,0,0,0,0,0
   Latvia,   Spain*,148,220,96,142,52,78
   Latvia,   Sri Lanka,28,173,18,125,10,48
   Latvia,   State of Palestine*,2,3,2,3,0,0
   Latvia,   Sudan,3,5,2,5,1,0
   Latvia,   Sweden,324,272,193,182,131,90
   Latvia,   Switzerland,56,97,33,67,23,30
   Latvia,   Syrian Arab Republic,22,63,18,48,4,15
   Latvia,   Tajikistan,536,565,257,290,279,275
   Latvia,   Thailand,8,29,3,5,5,24
   Latvia,   Togo,0,0,0,0,0,0
   Latvia,   Trinidad and Tobago,1,0,0,0,1,0
   Latvia,   Tunisia,2,4,2,4,0,0
   Latvia,   Turkey,108,229,83,181,25,48
   Latvia,   Turkmenistan,589,552,278,253,311,299
   Latvia,   Uganda,0,1,0,0,0,1
   Latvia,   Ukraine*,34080,32262,15641,15345,18439,16917
   Latvia,   United Arab Emirates,12,33,5,24,7,9
   Latvia,   United Kingdom*,2218,3712,1318,2162,900,1550
   Latvia,   United Republic of Tanzania*,2,2,2,2,0,0
   Latvia,   United States of America*,426,543,245,331,181,212
   Latvia,   Uruguay,3,3,2,1,1,2
   Latvia,   Uzbekistan,2052,2569,961,1409,1091,1160
   Latvia,   Venezuela (Bolivarian Republic of),22,34,15,19,7,15
   Latvia,   Viet Nam,7,83,5,37,2,46
   Latvia,   Western Sahara,1,0,1,0,0,0
   Latvia,   Yemen,1,0,1,0,0,0
   Latvia,   Zambia,1,0,1,0,0,0
   Latvia,   Zimbabwe,3,2,3,2,0,0
   Latvia,Other,7,22,5,8,2,14
   Lithuania,WORLD,136021,145184,57508,73148,78513,72036
   Lithuania,  Sub-Saharan Africa,87,145,60,98,27,47
   Lithuania,  Northern Africa and Western Asia,2449,2775,1558,1639,891,1136
   Lithuania,  Central and Southern Asia,6639,6768,3027,3359,3612,3409
   Lithuania,  Eastern and South-Eastern Asia,203,437,70,175,133,262
   Lithuania,  Latin America and the Caribbean,217,274,107,156,110,118
   Lithuania,  Oceania (excluding Australia and New Zealand),1,0,0,0,1,0
   Lithuania,  Australia and New Zealand,49,68,36,54,13,14
   Lithuania,  Europe and Northern America,126368,134704,52643,67659,73725,67045
   Lithuania,  Developed regions,126443,134795,52690,67723,73753,67072
   Lithuania,  Less developed regions,9570,10376,4811,5417,4759,4959
   Lithuania," Less developed regions, excluding least developed countries",9490,10213,4754,5302,4736,4911
   Lithuania," Less developed regions, excluding China",9517,10185,4811,5369,4706,4816
   Lithuania,  Least developed countries,80,163,57,115,23,48
   Lithuania,  Land-locked Developing Countries (LLDC),8509,8154,4125,4290,4384,3864
   Lithuania,  Small island developing States (SIDS),39,29,25,16,14,13
   Lithuania,  High-income countries,21479,27909,10525,14837,10954,13072
   Lithuania,  Middle-income countries,114118,116370,46753,57834,67365,58536
   Lithuania, Upper-middle-income countries,99524,92664,39676,41273,59848,51391
   Lithuania, Lower-middle-income countries,14594,23706,7077,16561,7517,7145
   Lithuania,  Low-income countries,416,892,223,469,193,423
   Lithuania, AFRICA,171,271,119,195,52,76
   Lithuania,  Eastern Africa,27,57,15,37,12,20
   Lithuania,  Middle Africa,16,41,10,29,6,12
   Lithuania,  Northern Africa,84,126,59,97,25,29
   Lithuania,  Southern Africa,11,26,6,16,5,10
   Lithuania,  Western Africa,33,21,29,16,4,5
   Lithuania, ASIA,9207,9854,4596,5076,4611,4778
   Lithuania,  Central Asia,6376,5972,2810,2802,3566,3170
   Lithuania,  Eastern Asia,148,286,37,87,111,199
   Lithuania,  South-Eastern Asia,55,151,33,88,22,63
   Lithuania,  Southern Asia,263,796,217,557,46,239
   Lithuania,  Western Asia,2365,2649,1499,1542,866,1107
   Lithuania, EUROPE,125785,134078,52369,67340,73416,66738
   Lithuania,  Eastern Europe,107712,109764,43382,54362,64330,55402
   Lithuania,  Northern Europe,14486,19098,6947,9749,7539,9349
   Lithuania,  Southern Europe,1137,1821,717,1207,420,614
   Lithuania,  Western Europe,2450,3395,1323,2022,1127,1373
   Lithuania, LATIN AMERICA AND THE CARIBBEAN,217,274,107,156,110,118
   Lithuania,  Caribbean,21,15,11,6,10,9
   Lithuania,  Central America,19,35,17,35,2,0
   Lithuania,  South America,177,224,79,115,98,109
   Lithuania, NORTHERN AMERICA,583,626,274,319,309,307
   Lithuania, OCEANIA ,50,68,36,54,14,14
   Lithuania,  Australia and New Zealand,49,68,36,54,13,14
   Lithuania,  Melanesia,0,0,0,0,0,0
   Lithuania,  Micronesia,0,0,0,0,0,0
   Lithuania,  Polynesia*,1,0,0,0,1,0
   Lithuania,   Afghanistan,20,41,16,22,4,19
   Lithuania,   Albania,4,28,3,14,1,14
   Lithuania,   Algeria,8,11,5,8,3,3
   Lithuania,   Angola,1,2,1,2,0,0
   Lithuania,   Argentina,53,65,24,37,29,28
   Lithuania,   Armenia,579,427,383,272,196,155
   Lithuania,   Aruba*,2,1,1,1,1,0
   Lithuania,   Australia*,41,57,32,48,9,9
   Lithuania,   Austria,60,80,34,48,26,32
   Lithuania,   Azerbaijan*,878,690,562,428,316,262
   Lithuania,   Bahamas,1,0,1,0,0,0
   Lithuania,   Bahrain,2,5,1,1,1,4
   Lithuania,   Bangladesh,5,44,5,41,0,3
   Lithuania,   Belarus,33613,33813,12041,15369,21572,18444
   Lithuania,   Belgium,181,272,108,180,73,92
   Lithuania,   Belize,1,0,1,0,0,0
   Lithuania,   Benin,1,0,1,0,0,0
   Lithuania,   Bolivia (Plurinational State of),3,1,3,1,0,0
   Lithuania,   Bosnia and Herzegovina,3,2,3,2,0,0
   Lithuania,   Brazil,61,77,21,36,40,41
   Lithuania,   Bulgaria,74,140,54,101,20,39
   Lithuania,   Cambodia,5,4,2,0,3,4
   Lithuania,   Cameroon,7,30,4,22,3,8
   Lithuania,   Canada,29,38,13,22,16,16
   Lithuania,   Chile,6,4,4,2,2,2
   Lithuania,   China*,53,191,0,48,53,143
   Lithuania,   Colombia,10,19,5,7,5,12
   Lithuania,   Congo,5,6,3,4,2,2
   Lithuania,   Côte d'Ivoire,0,1,0,1,0,0
   Lithuania,   Croatia,7,35,3,27,4,8
   Lithuania,   Cuba,16,14,8,5,8,9
   Lithuania,   Cyprus*,33,51,19,30,14,21
   Lithuania,   Czechia,87,120,39,62,48,58
   Lithuania,   Dem. People's Republic of Korea,7,6,2,1,5,5
   Lithuania,   Democratic Republic of the Congo,3,3,2,1,1,2
   Lithuania,   Denmark*,377,605,220,376,157,229
   Lithuania,   Dominica,1,0,1,0,0,0
   Lithuania,   Ecuador,1,5,1,3,0,2
   Lithuania,   Egypt,54,86,38,67,16,19
   Lithuania,   Eritrea,5,30,2,21,3,9
   Lithuania,   Estonia,816,822,366,381,450,441
   Lithuania,   Ethiopia,1,2,1,2,0,0
   Lithuania,   Finland*,108,164,67,100,41,64
   Lithuania,   France*,334,519,178,334,156,185
   Lithuania,   Gambia,1,0,1,0,0,0
   Lithuania,   Georgia*,656,488,389,247,267,241
   Lithuania,   Germany,1628,2090,842,1162,786,928
   Lithuania,   Ghana,4,8,3,8,1,0
   Lithuania,   Greece,55,103,37,73,18,30
   Lithuania,   Guinea,2,1,2,1,0,0
   Lithuania,   Guyana,0,1,0,1,0,0
   Lithuania,   Honduras,2,1,2,1,0,0
   Lithuania,   Hungary,101,140,48,77,53,63
   Lithuania,   Iceland,54,57,24,25,30,32
   Lithuania,   India,11,567,11,434,0,133
   Lithuania,   Indonesia,2,10,0,1,2,9
   Lithuania,   Iran (Islamic Republic of),121,60,91,38,30,22
   Lithuania,   Iraq,16,55,13,35,3,20
   Lithuania,   Ireland,1465,1790,759,948,706,842
   Lithuania,   Israel,18,146,0,72,18,74
   Lithuania,   Italy,355,643,248,473,107,170
   Lithuania,   Jamaica,1,0,0,0,1,0
   Lithuania,   Japan,26,23,11,10,15,13
   Lithuania,   Jordan,2,8,0,3,2,5
   Lithuania,   Kazakhstan,4477,4248,1958,1981,2519,2267
   Lithuania,   Kenya,5,8,1,5,4,3
   Lithuania,   Kuwait,11,5,8,3,3,2
   Lithuania,   Kyrgyzstan,380,347,162,166,218,181
   Lithuania,   Lao People's Democratic Republic,0,3,0,3,0,0
   Lithuania,   Latvia,5630,5722,2407,2593,3223,3129
   Lithuania,   Lebanon,31,14,23,5,8,9
   Lithuania,   Liberia,6,5,3,2,3,3
   Lithuania,   Libya,5,5,5,5,0,0
   Lithuania,   Luxembourg,18,24,15,18,3,6
   Lithuania,   Madagascar,2,6,1,1,1,5
   Lithuania,   Malawi,1,0,0,0,1,0
   Lithuania,   Malaysia*,1,11,1,7,0,4
   Lithuania,   Maldives,0,1,0,1,0,0
   Lithuania,   Mali,2,1,2,1,0,0
   Lithuania,   Malta,9,19,7,11,2,8
   Lithuania,   Mauritania,1,0,1,0,0,0
   Lithuania,   Mauritius*,3,2,3,2,0,0
   Lithuania,   Mexico,16,33,14,33,2,0
   Lithuania,   Monaco,2,0,2,0,0,0
   Lithuania,   Mongolia,62,53,24,21,38,32
   Lithuania,   Morocco,3,14,3,9,0,5
   Lithuania,   Mozambique,0,1,0,1,0,0
   Lithuania,   Namibia,3,1,2,1,1,0
   Lithuania,   Nepal,12,15,9,13,3,2
   Lithuania,   Netherlands*,166,310,107,217,59,93
   Lithuania,   New Zealand*,8,11,4,6,4,5
   Lithuania,   Nicaragua,0,1,0,1,0,0
   Lithuania,   Nigeria,15,5,15,3,0,2
   Lithuania,   North Macedonia,4,7,2,1,2,6
   Lithuania,   Norway*,1418,2763,745,1515,673,1248
   Lithuania,   Oman,1,5,0,3,1,2
   Lithuania,   Pakistan,91,7,85,3,6,4
   Lithuania,   Paraguay,3,0,2,0,1,0
   Lithuania,   Peru,5,11,1,5,4,6
   Lithuania,   Philippines,0,58,0,42,0,16
   Lithuania,   Poland,2167,1900,848,846,1319,1054
   Lithuania,   Portugal,65,128,48,97,17,31
   Lithuania,   Qatar,2,8,0,1,2,7
   Lithuania,   Republic of Korea,0,13,0,7,0,6
   Lithuania,   Republic of Moldova*,563,936,308,720,255,216
   Lithuania,   Romania,211,360,190,311,21,49
   Lithuania,   Russian Federation,58511,51718,23913,22285,34598,29433
   Lithuania,   Rwanda,2,1,1,1,1,0
   Lithuania,   Samoa,1,0,0,0,1,0
   Lithuania,   Saudi Arabia,8,14,8,3,0,11
   Lithuania,   Serbia*,2,13,0,13,2,0
   Lithuania,   Singapore,10,5,8,5,2,0
   Lithuania,   Slovakia,38,71,18,37,20,34
   Lithuania,   Slovenia,3,10,2,8,1,2
   Lithuania,   Somalia,2,1,2,1,0,0
   Lithuania,   South Africa,8,25,4,15,4,10
   Lithuania,   Spain*,630,833,364,488,266,345
   Lithuania,   Sri Lanka,3,61,0,5,3,56
   Lithuania,   State of Palestine*,9,8,6,6,3,2
   Lithuania,   Sudan,2,2,1,2,1,0
   Lithuania,   Suriname,1,0,1,0,0,0
   Lithuania,   Sweden,312,555,174,318,138,237
   Lithuania,   Switzerland,61,100,37,63,24,37
   Lithuania,   Syrian Arab Republic,20,431,17,235,3,196
   Lithuania,   Tajikistan,338,361,168,177,170,184
   Lithuania,   Thailand,2,20,2,7,0,13
   Lithuania,   Togo,1,0,1,0,0,0
   Lithuania,   Tunisia,12,8,7,6,5,2
   Lithuania,   Turkey,64,233,50,161,14,72
   Lithuania,   Turkmenistan,236,207,90,89,146,118
   Lithuania,   Uganda,1,0,1,0,0,0
   Lithuania,   Ukraine*,12347,20566,5923,14554,6424,6012
   Lithuania,   United Arab Emirates,35,61,20,37,15,24
   Lithuania,   United Kingdom*,4306,6620,2185,3493,2121,3127
   Lithuania,   United Republic of Tanzania*,3,1,2,0,1,1
   Lithuania,   United States of America*,554,588,261,297,293,291
   Lithuania,   Uruguay,25,17,9,6,16,11
   Lithuania,   Uzbekistan,945,809,432,389,513,420
   Lithuania,   Venezuela (Bolivarian Republic of),9,24,8,17,1,7
   Lithuania,   Viet Nam,35,40,20,23,15,17
   Lithuania,   Zambia,1,0,0,0,1,0
   Lithuania,   Zimbabwe,1,5,1,3,0,2
   Lithuania,Other,8,13,7,8,1,5
   Norway*,WORLD,746375,852238,389370,439206,357005,413032
   Norway*,  Sub-Saharan Africa,70883,85280,37760,45288,33123,39992
   Norway*,  Northern Africa and Western Asia,68673,94543,39896,54177,28777,40366
   Norway*,  Central and Southern Asia,74203,87036,39876,47015,34327,40021
   Norway*,  Eastern and South-Eastern Asia,80173,91842,25093,27868,55080,63974
   Norway*,  Latin America and the Caribbean,27771,31040,12638,13813,15133,17227
   Norway*,  Oceania (excluding Australia and New Zealand),97,83,51,39,46,44
   Norway*,  Australia and New Zealand,2836,3092,1719,1883,1117,1209
   Norway*,  Europe and Northern America,411405,448382,226929,243389,184476,204993
   Norway*,  Developed regions,415622,453014,229110,245773,186512,207241
   Norway*,  Less developed regions,320419,388284,154852,187699,165567,200585
   Norway*," Less developed regions, excluding least developed countries",235635,283250,108419,129779,127216,153471
   Norway*," Less developed regions, excluding China",308222,374705,150511,182891,157711,191814
   Norway*,  Least developed countries,84784,105034,46433,57920,38351,47114
   Norway*,  Land-locked Developing Countries (LLDC),33820,42395,18154,23192,15666,19203
   Norway*,  Small island developing States (SIDS),4189,4630,1808,1955,2381,2675
   Norway*,  High-income countries,384203,412549,216473,229213,167730,183336
   Norway*,  Middle-income countries,262557,302609,117144,132880,145413,169729
   Norway*, Upper-middle-income countries,152549,176842,67338,76936,85211,99906
   Norway*, Lower-middle-income countries,110008,125767,49806,55944,60202,69823
   Norway*,  Low-income countries,89231,126103,50307,71350,38924,54753
   Norway*, AFRICA,83534,100834,45322,54412,38212,46422
   Norway*,  Eastern Africa,57643,70242,30601,37296,27042,32946
   Norway*,  Middle Africa,3649,4448,1845,2195,1804,2253
   Norway*,  Northern Africa,12651,15554,7562,9124,5089,6430
   Norway*,  Southern Africa,1679,1986,884,1055,795,931
   Norway*,  Western Africa,7912,8604,4430,4742,3482,3862
   Norway*, ASIA,210398,257867,97303,119936,113095,137931
   Norway*,  Central Asia,1795,2077,688,802,1107,1275
   Norway*,  Eastern Asia,21174,23141,7852,8537,13322,14604
   Norway*,  South-Eastern Asia,58999,68701,17241,19331,41758,49370
   Norway*,  Southern Asia,72408,84959,39188,46213,33220,38746
   Norway*,  Western Asia,56022,78989,32334,45053,23688,33936
   Norway*, EUROPE,390570,426082,216781,232565,173789,193517
   Norway*,  Eastern Europe,141040,159572,81788,89831,59252,69741
   Norway*,  Northern Europe,160822,165175,87525,88932,73297,76243
   Norway*,  Southern Europe,40163,51057,21505,27299,18658,23758
   Norway*,  Western Europe,48545,50278,25963,26503,22582,23775
   Norway*, LATIN AMERICA AND THE CARIBBEAN,27771,31040,12638,13813,15133,17227
   Norway*,  Caribbean,2441,2793,980,1123,1461,1670
   Norway*,  Central America,2529,3001,1160,1364,1369,1637
   Norway*,  South America,22801,25246,10498,11326,12303,13920
   Norway*, NORTHERN AMERICA,20835,22300,10148,10824,10687,11476
   Norway*, OCEANIA ,2933,3175,1770,1922,1163,1253
   Norway*,  Australia and New Zealand,2836,3092,1719,1883,1117,1209
   Norway*,  Melanesia,67,65,36,33,31,32
   Norway*,  Micronesia,5,3,3,1,2,2
   Norway*,  Polynesia*,25,15,12,5,13,10
   Norway*,   Afghanistan,13124,17242,7990,10934,5134,6308
   Norway*,   Albania,969,2174,564,1239,405,935
   Norway*,   Algeria,1210,1283,771,815,439,468
   Norway*,   Andorra,12,12,7,5,5,7
   Norway*,   Angola,490,496,244,229,246,267
   Norway*,   Antigua and Barbuda,4,4,3,2,1,2
   Norway*,   Argentina,1086,1246,554,647,532,599
   Norway*,   Armenia,301,333,127,142,174,191
   Norway*,   Aruba*,19,16,15,12,4,4
   Norway*,   Australia*,2206,2457,1346,1498,860,959
   Norway*,   Austria,1578,1688,822,871,756,817
   Norway*,   Azerbaijan*,521,557,228,242,293,315
   Norway*,   Bahamas,21,23,11,11,10,12
   Norway*,   Bahrain,32,34,16,16,16,18
   Norway*,   Bangladesh,997,1331,543,715,454,616
   Norway*,   Barbados,23,24,16,15,7,9
   Norway*,   Belarus,1020,1211,315,365,705,846
   Norway*,   Belgium,1660,1890,863,995,797,895
   Norway*,   Belize,12,13,8,9,4,4
   Norway*,   Benin,28,27,15,12,13,15
   Norway*,   Bermuda*,11,9,4,3,7,6
   Norway*,   Bhutan,365,373,159,165,206,208
   Norway*,   Bolivia (Plurinational State of),535,583,282,299,253,284
   Norway*,"   Bonaire, Sint Eustatius and Saba*",1,0,0,0,1,0
   Norway*,   Bosnia and Herzegovina,13201,13946,6485,6844,6716,7102
   Norway*,   Botswana,118,118,56,55,62,63
   Norway*,   Brazil,5152,6256,1663,1917,3489,4339
   Norway*,   British Virgin Islands*,5,4,4,3,1,1
   Norway*,   Brunei Darussalam,34,34,20,20,14,14
   Norway*,   Bulgaria,5696,7293,3151,3986,2545,3307
   Norway*,   Burkina Faso,31,32,25,24,6,8
   Norway*,   Burundi,1014,1123,474,532,540,591
   Norway*,   Cabo Verde,405,406,223,220,182,186
   Norway*,   Cambodia,405,472,162,171,243,301
   Norway*,   Cameroon,677,814,365,449,312,365
   Norway*,   Canada,3028,3354,1449,1592,1579,1762
   Norway*,   Cayman Islands*,5,3,3,1,2,2
   Norway*,   Central African Republic,19,26,10,11,9,15
   Norway*,   Chad,24,31,19,21,5,10
   Norway*,   Chile,6585,6698,3410,3440,3175,3258
   Norway*,   China*,12197,13579,4341,4808,7856,8771
   Norway*,"   China, Hong Kong SAR*",0,0,0,0,0,0
   Norway*,"   China, Macao SAR*",0,0,0,0,0,0
   Norway*,   Colombia,5636,6186,2942,3210,2694,2976
   Norway*,   Comoros,6,4,1,0,5,4
   Norway*,   Congo,222,254,108,118,114,136
   Norway*,   Costa Rica,277,320,143,156,134,164
   Norway*,   Côte d'Ivoire,336,369,189,196,147,173
   Norway*,   Croatia,3390,4897,1821,2666,1569,2231
   Norway*,   Cuba,966,1103,346,411,620,692
   Norway*,   Cyprus*,196,210,137,130,59,80
   Norway*,   Czechia,2139,2225,1099,1108,1040,1117
   Norway*,   Dem. People's Republic of Korea,37,36,19,19,18,17
   Norway*,   Democratic Republic of the Congo,2186,2798,1085,1357,1101,1441
   Norway*,   Denmark*,25312,24842,13182,12931,12130,11911
   Norway*,   Djibouti,58,61,19,21,39,40
   Norway*,   Dominica,16,22,7,11,9,11
   Norway*,   Dominican Republic,791,963,304,382,487,581
   Norway*,   Ecuador,759,833,381,408,378,425
   Norway*,   Egypt,1071,1355,729,916,342,439
   Norway*,   El Salvador,202,225,99,117,103,108
   Norway*,   Equatorial Guinea,12,13,4,4,8,9
   Norway*,   Eritrea,15150,22974,8791,13364,6359,9610
   Norway*,   Estonia,5013,4742,2941,2567,2072,2175
   Norway*,   Eswatini,15,19,10,12,5,7
   Norway*,   Ethiopia,7900,9493,4046,4805,3854,4688
   Norway*,   Falkland Islands (Malvinas)*,1,0,0,0,1,0
   Norway*,   Faroe Islands*,883,796,451,400,432,396
   Norway*,   Fiji,41,41,23,24,18,17
   Norway*,   Finland*,6779,7182,2717,2824,4062,4358
   Norway*,   France*,6305,6676,3558,3696,2747,2980
   Norway*,   French Polynesia*,13,7,7,4,6,3
   Norway*,   Gabon,9,11,5,3,4,8
   Norway*,   Gambia,1151,1252,671,721,480,531
   Norway*,   Georgia*,312,338,139,157,173,181
   Norway*,   Germany,28005,28327,14815,14653,13190,13674
   Norway*,   Ghana,1879,2094,1035,1117,844,977
   Norway*,   Gibraltar*,8,7,5,4,3,3
   Norway*,   Greece,2279,3352,1392,1944,887,1408
   Norway*,   Greenland*,296,280,126,113,170,167
   Norway*,   Grenada,19,16,10,7,9,9
   Norway*,   Guatemala,445,472,221,235,224,237
   Norway*,   Guinea,273,298,139,151,134,147
   Norway*,   Guinea-Bissau,64,68,43,47,21,21
   Norway*,   Guyana,88,91,32,30,56,61
   Norway*,   Haiti,40,51,24,27,16,24
   Norway*,   Honduras,118,133,50,55,68,78
   Norway*,   Hungary,3902,4306,2124,2225,1778,2081
   Norway*,   Iceland,8221,7786,4323,3967,3898,3819
   Norway*,   India,11845,14726,6220,7710,5625,7016
   Norway*,   Indonesia,1526,1711,585,621,941,1090
   Norway*,   Iran (Islamic Republic of),16043,18379,8614,9745,7429,8634
   Norway*,   Iraq,22006,23557,12345,13130,9661,10427
   Norway*,   Ireland,1103,1159,677,702,426,457
   Norway*,   Isle of Man*,6,0,5,0,1,0
   Norway*,   Israel,787,889,436,497,351,392
   Norway*,   Italy,3976,5040,2511,3138,1465,1902
   Norway*,   Jamaica,161,183,75,81,86,102
   Norway*,   Japan,1381,1540,462,501,919,1039
   Norway*,   Jordan,428,611,221,319,207,292
   Norway*,   Kazakhstan,931,973,339,342,592,631
   Norway*,   Kenya,1964,2309,797,929,1167,1380
   Norway*,   Kiribati,2,2,2,1,0,1
   Norway*,   Kuwait,399,491,235,292,164,199
   Norway*,   Kyrgyzstan,192,236,55,67,137,169
   Norway*,   Lao People's Democratic Republic,99,130,23,29,76,101
   Norway*,   Latvia,9541,10589,5562,6022,3979,4567
   Norway*,   Lebanon,1846,2784,1022,1479,824,1305
   Norway*,   Lesotho,14,9,7,3,7,6
   Norway*,   Liberia,922,955,443,465,479,490
   Norway*,   Libya,539,760,319,460,220,300
   Norway*,   Liechtenstein,27,20,16,12,11,8
   Norway*,   Lithuania,35565,39856,21000,22910,14565,16946
   Norway*,   Luxembourg,140,149,89,93,51,56
   Norway*,   Madagascar,471,492,221,226,250,266
   Norway*,   Malawi,119,112,54,52,65,60
   Norway*,   Malaysia*,836,934,349,372,487,562
   Norway*,   Maldives,5,4,3,3,2,1
   Norway*,   Mali,53,57,32,35,21,22
   Norway*,   Malta,99,105,48,51,51,54
   Norway*,   Mauritania,60,69,55,62,5,7
   Norway*,   Mauritius*,187,196,80,79,107,117
   Norway*,   Mayotte*,0,0,0,0,0,0
   Norway*,   Mexico,1224,1530,532,663,692,867
   Norway*,   Micronesia (Fed. States of),1,0,0,0,1,0
   Norway*,   Monaco,14,13,6,5,8,8
   Norway*,   Mongolia,146,154,34,39,112,115
   Norway*,   Montenegro,404,486,200,233,204,253
   Norway*,   Montserrat*,2,4,0,3,2,1
   Norway*,   Morocco,5522,6199,3069,3315,2453,2884
   Norway*,   Mozambique,191,193,83,89,108,104
   Norway*,   Myanmar,3109,3258,1575,1634,1534,1624
   Norway*,   Namibia,82,99,31,38,51,61
   Norway*,   Nepal,1559,2233,910,1212,649,1021
   Norway*,   Netherlands*,8590,9088,4708,4985,3882,4103
   Norway*,   New Caledonia*,10,8,7,6,3,2
   Norway*,   New Zealand*,630,635,373,385,257,250
   Norway*,   Nicaragua,191,223,84,99,107,124
   Norway*,   Niger,48,56,37,41,11,15
   Norway*,   Nigeria,1776,1977,1036,1125,740,852
   Norway*,   North Macedonia,2467,2932,1307,1543,1160,1389
   Norway*,   Oman,54,45,38,28,16,17
   Norway*,   Pakistan,19283,21140,9992,10853,9291,10287
   Norway*,   Palau,2,1,1,0,1,1
   Norway*,   Panama,60,85,23,30,37,55
   Norway*,   Papua New Guinea,8,12,3,3,5,9
   Norway*,   Paraguay,149,174,57,66,92,108
   Norway*,   Peru,1476,1669,574,634,902,1035
   Norway*,   Philippines,20512,24388,4670,5655,15842,18733
   Norway*,   Poland,90350,100479,58750,63466,31600,37013
   Norway*,   Portugal,2854,3536,1651,2080,1203,1456
   Norway*,   Puerto Rico*,0,0,0,0,0,0
   Norway*,   Qatar,68,91,35,47,33,44
   Norway*,   Republic of Korea,7413,7832,2996,3170,4417,4662
   Norway*,   Republic of Moldova*,773,1228,347,571,426,657
   Norway*,   Romania,12003,14872,6579,8124,5424,6748
   Norway*,   Russian Federation,17119,18486,5882,6095,11237,12391
   Norway*,   Rwanda,612,662,280,292,332,370
   Norway*,   Saint Helena*,4,3,1,0,3,3
   Norway*,   Saint Kitts and Nevis,3,2,1,0,2,2
   Norway*,   Saint Lucia,14,13,6,5,8,8
   Norway*,   Saint Vincent and the Grenadines,5,4,4,3,1,1
   Norway*,   Samoa,6,3,3,0,3,3
   Norway*,   San Marino,4,4,1,2,3,2
   Norway*,   Sao Tome and Principe,10,5,5,3,5,2
   Norway*,   Saudi Arabia,627,964,329,510,298,454
   Norway*,   Senegal,253,310,160,201,93,109
   Norway*,   Serbia*,3883,6778,1951,3360,1932,3418
   Norway*,   Seychelles,12,13,7,6,5,7
   Norway*,   Sierra Leone,514,518,264,265,250,253
   Norway*,   Singapore,764,866,325,359,439,507
   Norway*,   Slovakia,3815,3779,2447,2279,1368,1500
   Norway*,   Slovenia,378,438,190,227,188,211
   Norway*,   Solomon Islands,6,4,1,0,5,4
   Norway*,   Somalia,27009,29034,14347,15190,12662,13844
   Norway*,   South Africa,1450,1741,780,947,670,794
   Norway*,   South Sudan,65,178,37,102,28,76
   Norway*,   Spain*,6239,7350,3372,3963,2867,3387
   Norway*,   Sri Lanka,9187,9531,4757,4876,4430,4655
   Norway*,   State of Palestine*,3305,3423,1992,2039,1313,1384
   Norway*,   Sudan,3264,4794,1957,2854,1307,1940
   Norway*,   Suriname,41,37,17,13,24,24
   Norway*,   Sweden,49068,48283,24856,24440,24212,23843
   Norway*,   Switzerland,2226,2427,1086,1193,1140,1234
   Norway*,   Syrian Arab Republic,13249,31197,8396,18531,4853,12666
   Norway*,   Tajikistan,108,121,47,51,61,70
   Norway*,   Thailand,18017,22304,3350,4107,14667,18197
   Norway*,   Timor-Leste,15,8,13,5,2,3
   Norway*,   Togo,115,113,62,60,53,53
   Norway*,   Tonga,5,5,2,1,3,4
   Norway*,   Trinidad and Tobago,345,356,150,148,195,208
   Norway*,   Tunisia,1003,1133,680,738,323,395
   Norway*,   Turkey,11106,12238,6215,6814,4891,5424
   Norway*,   Turkmenistan,76,87,37,36,39,51
   Norway*,   Turks and Caicos Islands*,1,2,1,1,0,1
   Norway*,   Tuvalu,1,0,0,0,1,0
   Norway*,   Uganda,1126,1586,524,737,602,849
   Norway*,   Ukraine*,4223,5693,1094,1612,3129,4081
   Norway*,   United Arab Emirates,433,616,236,333,197,283
   Norway*,   United Kingdom*,19331,19940,11811,12169,7520,7771
   Norway*,   United Republic of Tanzania*,931,935,449,446,482,489
   Norway*,   United States of America*,17500,18657,8569,9116,8931,9541
   Norway*,   Uruguay,234,248,117,128,117,120
   Norway*,   Uzbekistan,488,660,210,306,278,354
   Norway*,   Vanuatu,2,0,2,0,0,0
   Norway*,   Venezuela (Bolivarian Republic of),1059,1225,469,534,590,691
   Norway*,   Viet Nam,13682,14596,6169,6358,7513,8238
   Norway*,   Western Sahara,42,30,37,26,5,4
   Norway*,   Yemen,352,611,187,347,165,264
   Norway*,   Zambia,537,558,243,262,294,296
   Norway*,   Zimbabwe,291,319,148,164,143,155
   Norway*,Other,10334,10940,5408,5734,4926,5206
   Sweden,WORLD,1602522,2003908,786870,1008006,815652,995902
   Sweden,  Sub-Saharan Africa,136401,186769,69837,97194,66564,89575
   Sweden,  Northern Africa and Western Asia,347597,499226,192622,277225,154975,222001
   Sweden,  Central and Southern Asia,171708,212924,93868,119606,77840,93318
   Sweden,  Eastern and South-Eastern Asia,114437,141247,37405,47477,77032,93770
   Sweden,  Latin America and the Caribbean,76708,88690,37090,43162,39618,45528
   Sweden,  Oceania (excluding Australia and New Zealand),162,173,70,70,92,103
   Sweden,  Australia and New Zealand,4752,6207,3089,3996,1663,2211
   Sweden,  Europe and Northern America,668068,782963,312973,377577,355095,405386
   Sweden,  Developed regions,675876,792787,316968,382654,358908,410133
   Sweden,  Less developed regions,843957,1125412,429986,583653,413971,541759
   Sweden," Less developed regions, excluding least developed countries",655790,885049,328847,451503,326943,433546
   Sweden," Less developed regions, excluding China",815943,1090645,418902,569541,397041,521104
   Sweden,  Least developed countries,188167,240363,101139,132150,87028,108213
   Sweden,  Land-locked Developing Countries (LLDC),103958,121978,56637,68181,47321,53797
   Sweden,  Small island developing States (SIDS),6150,7382,3070,3723,3080,3659
   Sweden,  High-income countries,612214,707788,289014,344328,323200,363460
   Sweden,  Middle-income countries,631367,797976,305939,392313,325428,405663
   Sweden, Upper-middle-income countries,489215,597024,235637,291379,253578,305645
   Sweden, Lower-middle-income countries,142152,200952,70302,100934,71850,100018
   Sweden,  Low-income countries,276252,412435,152001,229666,124251,182769
   Sweden, AFRICA,163256,225476,85749,119695,77507,105781
   Sweden,  Eastern Africa,111696,153386,55767,78211,55929,75175
   Sweden,  Middle Africa,5994,8700,3125,4447,2869,4253
   Sweden,  Northern Africa,26855,38707,15912,22501,10943,16206
   Sweden,  Southern Africa,2587,3599,1440,2015,1147,1584
   Sweden,  Western Africa,16124,21084,9505,12521,6619,8563
   Sweden, ASIA,606887,814690,307983,421807,298904,392883
   Sweden,  Central Asia,6509,8635,2983,4018,3526,4617
   Sweden,  Eastern Asia,43675,54323,16953,21693,26722,32630
   Sweden,  South-Eastern Asia,70762,86924,20452,25784,50310,61140
   Sweden,  Southern Asia,165199,204289,90885,115588,74314,88701
   Sweden,  Western Asia,320742,460519,176710,254724,144032,205795
   Sweden, EUROPE,645954,756236,301516,363749,344438,392487
   Sweden,  Eastern Europe,156287,195252,68085,89337,88202,105915
   Sweden,  Northern Europe,289503,308172,130054,142126,159449,166046
   Sweden,  Southern Europe,123169,162987,64750,86465,58419,76522
   Sweden,  Western Europe,76995,89825,38627,45821,38368,44004
   Sweden, LATIN AMERICA AND THE CARIBBEAN,76708,88690,37090,43162,39618,45528
   Sweden,  Caribbean,4240,5059,2259,2696,1981,2363
   Sweden,  Central America,7653,9328,3659,4461,3994,4867
   Sweden,  South America,64815,74303,31172,36005,33643,38298
   Sweden, NORTHERN AMERICA,22114,26727,11457,13828,10657,12899
   Sweden, OCEANIA ,4914,6380,3159,4066,1755,2314
   Sweden,  Australia and New Zealand,4752,6207,3089,3996,1663,2211
   Sweden,  Melanesia,95,102,47,46,48,56
   Sweden,  Micronesia,11,11,6,4,5,7
   Sweden,  Polynesia*,56,60,17,20,39,40
   Sweden,   Afghanistan,53678,53306,32202,34479,21476,18827
   Sweden,   Albania,2023,5724,1145,3276,878,2448
   Sweden,   Algeria,2811,3451,1791,2180,1020,1271
   Sweden,   Andorra,4,4,0,1,4,3
   Sweden,   Angola,710,812,331,391,379,421
   Sweden,   Antigua and Barbuda,8,5,6,4,2,1
   Sweden,   Argentina,2979,3503,1535,1836,1444,1667
   Sweden,   Armenia,2358,3233,1122,1548,1236,1685
   Sweden,   Australia*,3690,4940,2354,3127,1336,1813
   Sweden,   Austria,5553,5901,3019,3158,2534,2743
   Sweden,   Azerbaijan*,2697,3534,1283,1718,1414,1816
   Sweden,   Bahamas,28,35,21,24,7,11
   Sweden,   Bahrain,84,113,49,72,35,41
   Sweden,   Bangladesh,6839,10263,4024,5989,2815,4274
   Sweden,   Barbados,106,119,75,82,31,37
   Sweden,   Belarus,2606,3407,985,1348,1621,2059
   Sweden,   Belgium,2267,3073,1215,1684,1052,1389
   Sweden,   Belize,17,13,9,6,8,7
   Sweden,   Benin,85,114,61,80,24,34
   Sweden,   Bermuda*,16,19,7,12,9,7
   Sweden,   Bhutan,25,36,18,25,7,11
   Sweden,   Bolivia (Plurinational State of),4196,4739,2120,2374,2076,2365
   Sweden,   Bosnia and Herzegovina,54799,60912,26827,30255,27972,30657
   Sweden,   Botswana,102,134,40,58,62,76
   Sweden,   Brazil,6633,9533,2375,3710,4258,5823
   Sweden,   British Virgin Islands*,3,2,2,0,1,2
   Sweden,   Brunei Darussalam,8,9,5,4,3,5
   Sweden,   Bulgaria,7964,9869,4062,5042,3902,4827
   Sweden,   Burkina Faso,80,89,44,52,36,37
   Sweden,   Burundi,2746,3351,1281,1567,1465,1784
   Sweden,   Cabo Verde,356,419,167,207,189,212
   Sweden,   Cambodia,557,717,219,284,338,433
   Sweden,   Cameroon,1320,1703,806,983,514,720
   Sweden,   Canada,3379,4205,1662,2074,1717,2131
   Sweden,   Central African Republic,103,161,53,91,50,70
   Sweden,   Chad,63,136,43,84,20,52
   Sweden,   Chile,26990,28709,13499,14495,13491,14214
   Sweden,   China*,28014,34767,11084,14112,16930,20655
   Sweden,"   China, Hong Kong SAR*",0,0,0,0,0,0
   Sweden,   Colombia,11201,12894,5580,6482,5621,6412
   Sweden,   Comoros,5,2,3,2,2,0
   Sweden,   Congo,764,894,380,445,384,449
   Sweden,   Costa Rica,397,483,194,232,203,251
   Sweden,   Côte d'Ivoire,889,1124,478,601,411,523
   Sweden,   Croatia,7124,11446,3582,6100,3542,5346
   Sweden,   Cuba,2538,2992,1345,1586,1193,1406
   Sweden,   Cyprus*,674,871,382,481,292,390
   Sweden,   Czechia,1627,2309,747,1079,880,1230
   Sweden,   Dem. People's Republic of Korea,80,86,46,47,34,39
   Sweden,   Democratic Republic of the Congo,2958,4895,1472,2405,1486,2490
   Sweden,   Denmark*,40533,41033,21399,21781,19134,19252
   Sweden,   Djibouti,286,457,134,200,152,257
   Sweden,   Dominica,41,46,20,26,21,20
   Sweden,   Dominican Republic,678,883,328,426,350,457
   Sweden,   Ecuador,2251,2643,1152,1335,1099,1308
   Sweden,   Egypt,5551,8361,3569,5239,1982,3122
   Sweden,   El Salvador,2758,3200,1387,1606,1371,1594
   Sweden,   Equatorial Guinea,42,54,19,23,23,31
   Sweden,   Eritrea,26801,43380,14126,24087,12675,19293
   Sweden,   Estonia,9822,10351,4074,4583,5748,5768
   Sweden,   Eswatini,28,30,13,14,15,16
   Sweden,   Ethiopia,15444,21223,7715,10752,7729,10471
   Sweden,   Fiji,59,69,26,27,33,42
   Sweden,   Finland*,151599,151661,59654,59828,91945,91833
   Sweden,   France*,8614,11443,4969,6617,3645,4826
   Sweden,   Gabon,23,33,13,18,10,15
   Sweden,   Gambia,4523,5501,2606,3260,1917,2241
   Sweden,   Georgia*,1193,1975,580,975,613,1000
   Sweden,   Germany,47214,52446,21976,24937,25238,27509
   Sweden,   Ghana,2446,3271,1410,1905,1036,1366
   Sweden,   Gibraltar*,6,4,2,0,4,4
   Sweden,   Greece,14517,19399,8421,11000,6096,8399
   Sweden,   Grenada,40,39,29,29,11,10
   Sweden,   Guatemala,775,875,399,458,376,417
   Sweden,   Guinea,485,655,312,405,173,250
   Sweden,   Guinea-Bissau,130,155,77,93,53,62
   Sweden,   Guyana,119,132,40,47,79,85
   Sweden,   Haiti,138,154,66,79,72,75
   Sweden,   Honduras,353,410,175,204,178,206
   Sweden,   Hungary,15490,17227,7584,8437,7906,8790
   Sweden,   Iceland,5103,6144,2536,3015,2567,3129
   Sweden,   India,20976,36133,10632,19306,10344,16827
   Sweden,   Indonesia,2269,2897,961,1236,1308,1661
   Sweden,   Iran (Islamic Republic of),65462,79363,33879,41945,31583,37418
   Sweden,   Iraq,124520,147715,66408,79637,58112,68078
   Sweden,   Ireland,2365,2914,1602,1975,763,939
   Sweden,   Israel,2462,2803,1472,1639,990,1164
   Sweden,   Italy,9581,13527,6066,8283,3515,5244
   Sweden,   Jamaica,329,420,204,259,125,161
   Sweden,   Japan,3056,3617,906,1081,2150,2536
   Sweden,   Jordan,3514,5001,2062,2807,1452,2194
   Sweden,   Kazakhstan,1771,2391,733,1004,1038,1387
   Sweden,   Kenya,3384,4616,1414,1948,1970,2668
   Sweden,   Kiribati,4,3,2,0,2,3
   Sweden,   Kuwait,1981,3618,1139,2088,842,1530
   Sweden,   Kyrgyzstan,900,1245,379,524,521,721
   Sweden,   Lao People's Democratic Republic,479,509,192,194,287,315
   Sweden,   Latvia,6244,8434,2661,4080,3583,4354
   Sweden,   Lebanon,24582,28836,13585,15926,10997,12910
   Sweden,   Lesotho,53,69,23,34,30,35
   Sweden,   Liberia,902,1006,444,504,458,502
   Sweden,   Libya,2069,3790,1472,2410,597,1380
   Sweden,   Liechtenstein,3,4,2,1,1,3
   Sweden,   Lithuania,10035,15107,5037,8057,4998,7050
   Sweden,   Luxembourg,295,386,140,184,155,202
   Sweden,   Madagascar,108,137,35,47,73,90
   Sweden,   Malawi,70,104,27,50,43,54
   Sweden,   Malaysia*,1461,1711,636,728,825,983
   Sweden,   Maldives,21,24,10,13,11,11
   Sweden,   Mali,129,187,74,105,55,82
   Sweden,   Malta,158,203,83,108,75,95
   Sweden,   Marshall Islands,1,1,1,1,0,0
   Sweden,   Mauritania,61,75,50,58,11,17
   Sweden,   Mauritius*,177,208,71,83,106,125
   Sweden,   Mexico,2327,3099,1041,1398,1286,1701
   Sweden,   Micronesia (Fed. States of),1,0,0,0,1,0
   Sweden,   Monaco,41,47,22,27,19,20
   Sweden,   Mongolia,2254,4212,922,1835,1332,2377
   Sweden,   Montenegro,799,1254,428,663,371,591
   Sweden,   Morocco,8638,11306,4371,5681,4267,5625
   Sweden,   Mozambique,312,338,129,144,183,194
   Sweden,   Myanmar,1442,1556,744,803,698,753
   Sweden,   Namibia,120,158,69,86,51,72
   Sweden,   Nauru,2,1,1,0,1,1
   Sweden,   Nepal,844,1080,531,630,313,450
   Sweden,   Netherlands*,9741,12402,5552,7029,4189,5373
   Sweden,   New Zealand*,1062,1267,735,869,327,398
   Sweden,   Nicaragua,741,929,330,417,411,512
   Sweden,   Niger,42,68,30,49,12,19
   Sweden,   Nigeria,4168,6096,2699,3829,1469,2267
   Sweden,   North Macedonia,5815,8571,3006,4466,2809,4105
   Sweden,   Norway*,40463,42813,17753,19300,22710,23513
   Sweden,   Oman,49,80,24,39,25,41
   Sweden,   Pakistan,10698,16597,6693,9891,4005,6706
   Sweden,   Palau,3,6,2,3,1,3
   Sweden,   Panama,285,319,124,140,161,179
   Sweden,   Papua New Guinea,31,29,18,16,13,13
   Sweden,   Paraguay,191,216,70,81,121,135
   Sweden,   Peru,7077,8093,3226,3724,3851,4369
   Sweden,   Philippines,11458,14878,2517,3363,8941,11515
   Sweden,   Poland,78146,95128,34317,44730,43829,50398
   Sweden,   Portugal,3307,4253,1773,2296,1534,1957
   Sweden,   Qatar,131,315,70,157,61,158
   Sweden,   Republic of Korea,10271,11641,3995,4618,6276,7023
   Sweden,   Republic of Moldova*,705,1232,255,484,450,748
   Sweden,   Romania,23594,31831,11364,16046,12230,15785
   Sweden,   Russian Federation,18201,22166,6073,7681,12128,14485
   Sweden,   Rwanda,516,748,255,369,261,379
   Sweden,   Saint Kitts and Nevis,1,0,1,0,0,0
   Sweden,   Saint Lucia,34,40,22,24,12,16
   Sweden,   Saint Vincent and the Grenadines,15,18,11,13,4,5
   Sweden,   Samoa,23,27,9,12,14,15
   Sweden,   San Marino,4,4,1,1,3,3
   Sweden,   Sao Tome and Principe,11,12,8,7,3,5
   Sweden,   Saudi Arabia,2862,6316,1535,3437,1327,2879
   Sweden,   Senegal,719,989,455,643,264,346
   Sweden,   Serbia*,14812,23696,7785,12338,7027,11358
   Sweden,   Seychelles,66,70,19,19,47,51
   Sweden,   Sierra Leone,772,941,407,504,365,437
   Sweden,   Singapore,705,921,264,364,441,557
   Sweden,   Slovakia,1422,1907,643,882,779,1025
   Sweden,   Slovenia,1137,1411,569,708,568,703
   Sweden,   Solomon Islands,4,3,3,2,1,1
   Sweden,   Somalia,55339,70432,27430,34886,27909,35546
   Sweden,   South Africa,2284,3208,1295,1823,989,1385
   Sweden,   South Sudan,14,91,9,43,5,48
   Sweden,   Spain*,9083,12579,5062,6970,4021,5609
   Sweden,   Sri Lanka,6656,7487,2896,3310,3760,4177
   Sweden,   State of Palestine*,4930,8108,2871,4863,2059,3245
   Sweden,   Sudan,3162,6065,1708,3364,1454,2701
   Sweden,   Suriname,37,57,15,29,22,28
   Sweden,   Switzerland,3267,4123,1732,2184,1535,1939
   Sweden,   Syrian Arab Republic,101949,190882,58485,107850,43464,83032
   Sweden,   Tajikistan,289,398,130,193,159,205
   Sweden,   Thailand,36472,43476,7682,9466,28790,34010
   Sweden,   Timor-Leste,4,5,2,3,2,2
   Sweden,   Togo,337,394,191,226,146,168
   Sweden,   Tonga,33,33,8,8,25,25
   Sweden,   Trinidad and Tobago,281,306,129,144,152,162
   Sweden,   Tunisia,4624,5734,3001,3627,1623,2107
   Sweden,   Turkey,44141,51223,24168,28201,19973,23022
   Sweden,   Turkmenistan,223,258,80,92,143,166
   Sweden,   Uganda,3806,4948,1857,2430,1949,2518
   Sweden,   Ukraine*,6532,10176,2055,3608,4477,6568
   Sweden,   United Arab Emirates,1339,3292,728,1785,611,1507
   Sweden,   United Kingdom*,23339,29715,15338,19507,8001,10208
   Sweden,   United Republic of Tanzania*,1611,1945,793,953,818,992
   Sweden,   United States of America*,18719,22503,9788,11742,8931,10761
   Sweden,   Uruguay,2078,2249,1054,1157,1024,1092
   Sweden,   Uzbekistan,3326,4343,1661,2205,1665,2138
   Sweden,   Vanuatu,1,1,0,1,1,0
   Sweden,   Venezuela (Bolivarian Republic of),1063,1535,506,735,557,800
   Sweden,   Viet Nam,15907,20245,7230,9339,8677,10906
   Sweden,   Yemen,1276,2604,747,1501,529,1103
   Sweden,   Zambia,493,646,206,275,287,371
   Sweden,   Zimbabwe,518,690,263,356,255,334
   Sweden,Other,82689,85709,39916,41699,42773,44010
   United Kingdom*,WORLD,8406996,9359587,4021255,4464423,4385741,4895164
   United Kingdom*,  Sub-Saharan Africa,1264292,1434404,585435,670925,678857,763479
   United Kingdom*,  Northern Africa and Western Asia,459803,497825,254047,274984,205756,222841
   United Kingdom*,  Central and Southern Asia,1857815,1922859,984339,998790,873476,924069
   United Kingdom*,  Eastern and South-Eastern Asia,721018,791452,305258,331619,415760,459833
   United Kingdom*,  Latin America and the Caribbean,401186,425137,167398,173687,233788,251450
   United Kingdom*,  Oceania (excluding Australia and New Zealand),8471,9545,4255,4754,4216,4791
   United Kingdom*,  Australia and New Zealand,198643,219713,98995,107416,99648,112297
   United Kingdom*,  Europe and Northern America,3462064,4019392,1604073,1882346,1857991,2137046
   United Kingdom*,  Developed regions,3704330,4288343,1718984,2007434,1985346,2280909
   United Kingdom*,  Less developed regions,4668962,5031984,2284816,2437087,2384146,2594897
   United Kingdom*," Less developed regions, excluding least developed countries",3918514,4187726,1918882,2032492,1999632,2155234
   United Kingdom*," Less developed regions, excluding China",4359571,4699633,2143334,2281111,2216237,2418522
   United Kingdom*,  Least developed countries,750448,844258,365934,404595,384514,439663
   United Kingdom*,  Land-locked Developing Countries (LLDC),391108,441423,188198,210290,202910,231133
   United Kingdom*,  Small island developing States (SIDS),399527,422942,173160,180139,226367,242803
   United Kingdom*,  High-income countries,3993894,4562902,1864482,2145990,2129412,2416912
   United Kingdom*,  Middle-income countries,3947194,4268490,1939660,2074788,2007534,2193702
   United Kingdom*, Upper-middle-income countries,1238126,1398056,568136,651705,669990,746351
   United Kingdom*, Lower-middle-income countries,2709068,2870434,1371524,1423083,1337544,1447351
   United Kingdom*,  Low-income countries,417062,471850,193303,216661,223759,255189
   United Kingdom*, AFRICA,1374701,1559020,649477,742724,725224,816296
   United Kingdom*,  Eastern Africa,657145,731146,291767,320558,365378,410588
   United Kingdom*,  Middle Africa,44828,50580,20568,22957,24260,27623
   United Kingdom*,  Northern Africa,110409,124616,64042,71799,46367,52817
   United Kingdom*,  Southern Africa,211691,255514,97926,128495,113765,127019
   United Kingdom*,  Western Africa,350628,397164,175174,198915,175454,198249
   United Kingdom*, ASIA,2928227,3087520,1479602,1533594,1448625,1553926
   United Kingdom*,  Central Asia,6757,7620,2677,2980,4080,4640
   United Kingdom*,  Eastern Asia,375113,406529,166686,183999,208427,222530
   United Kingdom*,  South-Eastern Asia,345905,384923,138572,147620,207333,237303
   United Kingdom*,  Southern Asia,1851058,1915239,981662,995810,869396,919429
   United Kingdom*,  Western Asia,349394,373209,190005,203185,159389,170024
   United Kingdom*, EUROPE,3178750,3743251,1472542,1761272,1706208,1981979
   United Kingdom*,  Eastern Europe,1299889,1597521,617066,763897,682823,833624
   United Kingdom*,  Northern Europe,754991,794102,330777,344012,424214,450090
   United Kingdom*,  Southern Europe,533725,709950,257314,374128,276411,335822
   United Kingdom*,  Western Europe,590145,641678,267385,279235,322760,362443
   United Kingdom*, LATIN AMERICA AND THE CARIBBEAN,401186,425137,167398,173687,233788,251450
   United Kingdom*,  Caribbean,256058,261036,106370,105563,149688,155473
   United Kingdom*,  Central America,14131,16255,5856,6643,8275,9612
   United Kingdom*,  South America,130997,147846,55172,61481,75825,86365
   United Kingdom*, NORTHERN AMERICA,283314,276141,131531,121074,151783,155067
   United Kingdom*, OCEANIA ,207114,229258,103250,112170,103864,117088
   United Kingdom*,  Australia and New Zealand,198643,219713,98995,107416,99648,112297
   United Kingdom*,  Melanesia,7623,8596,3813,4259,3810,4337
   United Kingdom*,  Micronesia,217,240,88,97,129,143
   United Kingdom*,  Polynesia*,631,709,354,398,277,311
   United Kingdom*,   Afghanistan,45516,51376,28054,31482,17462,19894
   United Kingdom*,   Albania,9267,10458,5838,6553,3429,3905
   United Kingdom*,   Algeria,20714,23380,13944,15667,6770,7713
   United Kingdom*,   Andorra,48,53,27,30,21,23
   United Kingdom*,   Angola,11936,13471,5558,6207,6378,7264
   United Kingdom*,   Anguilla*,717,807,342,381,375,426
   United Kingdom*,   Antigua and Barbuda,4435,5005,1971,2200,2464,2805
   United Kingdom*,   Argentina,10087,11385,4321,4819,5766,6566
   United Kingdom*,   Armenia,1310,1477,590,657,720,820
   United Kingdom*,   Aruba*,831,936,359,399,472,537
   United Kingdom*,   Australia*,128232,140235,65068,69502,63164,70733
   United Kingdom*,   Austria,20067,21163,8774,9493,11293,11670
   United Kingdom*,   Azerbaijan*,2014,2271,928,1034,1086,1237
   United Kingdom*,   Bahamas,2166,2442,1001,1116,1165,1326
   United Kingdom*,   Bahrain,5826,6575,2941,3289,2885,3286
   United Kingdom*,   Bangladesh,215649,241799,114041,123787,101608,118012
   United Kingdom*,   Barbados,23586,26622,11269,12591,12317,14031
   United Kingdom*,   Belarus,3222,3635,1092,1209,2130,2426
   United Kingdom*,   Belgium,23934,31425,11383,14554,12551,16871
   United Kingdom*,   Belize,1503,1694,456,503,1047,1191
   United Kingdom*,   Benin,500,563,263,294,237,269
   United Kingdom*,   Bermuda*,4232,4775,2051,2292,2181,2483
   United Kingdom*,   Bhutan,299,336,194,218,105,118
   United Kingdom*,   Bolivia (Plurinational State of),2848,3212,1275,1420,1573,1792
   United Kingdom*,   Bosnia and Herzegovina,8486,9576,3721,4149,4765,5427
   United Kingdom*,   Botswana,3089,3485,1497,1672,1592,1813
   United Kingdom*,   Brazil,39136,44175,16796,18724,22340,25451
   United Kingdom*,   British Virgin Islands*,358,403,151,167,207,236
   United Kingdom*,   Brunei Darussalam,4720,5326,2163,2414,2557,2912
   United Kingdom*,   Bulgaria,65868,103196,31730,48642,34138,54554
   United Kingdom*,   Burkina Faso,183,205,101,113,82,92
   United Kingdom*,   Burundi,3780,4265,1654,1844,2126,2421
   United Kingdom*,   Cabo Verde,881,993,377,419,504,574
   United Kingdom*,   Cambodia,1113,1255,446,495,667,760
   United Kingdom*,   Cameroon,7828,8834,3791,4237,4037,4597
   United Kingdom*,   Canada,89069,100538,38557,42991,50512,57547
   United Kingdom*,   Cayman Islands*,1123,1266,481,536,642,730
   United Kingdom*,   Central African Republic,272,304,96,106,176,198
   United Kingdom*,   Chad,307,345,197,222,110,123
   United Kingdom*,   Channel Islands*,16172,16838,8152,8683,8020,8155
   United Kingdom*,   Chile,7143,8063,3192,3563,3951,4500
   United Kingdom*,   China*,199428,208229,85664,93542,113764,114687
   United Kingdom*,"   China, Hong Kong SAR*",109963,124122,55818,62434,54145,61688
   United Kingdom*,   Colombia,22151,25001,8895,9900,13256,15101
   United Kingdom*,   Comoros,118,133,51,58,67,75
   United Kingdom*,   Congo,7069,7978,3028,3376,4041,4602
   United Kingdom*,   Costa Rica,632,712,285,318,347,394
   United Kingdom*,   Côte d'Ivoire,6235,7035,3031,3387,3204,3648
   United Kingdom*,   Croatia,5934,8610,3320,3683,2614,4927
   United Kingdom*,   Cuba,2067,2333,975,1091,1092,1242
   United Kingdom*,   Cyprus*,74836,61053,34255,27263,40581,33790
   United Kingdom*,   Czechia,42812,45578,16391,14708,26421,30870
   United Kingdom*,   Dem. People's Republic of Korea,10087,11385,4195,4674,5892,6711
   United Kingdom*,   Democratic Republic of the Congo,16324,18423,7487,8356,8837,10067
   United Kingdom*,   Denmark*,25684,26960,10312,10973,15372,15987
   United Kingdom*,   Djibouti,401,451,174,194,227,257
   United Kingdom*,   Dominica,7641,8625,3535,3948,4106,4677
   United Kingdom*,   Dominican Republic,1104,1246,566,636,538,610
   United Kingdom*,   Ecuador,6857,7739,3088,3449,3769,4290
   United Kingdom*,   Egypt,32631,36831,18121,20300,14510,16531
   United Kingdom*,   El Salvador,855,1284,332,493,523,791
   United Kingdom*,   Equatorial Guinea,199,222,69,75,130,147
   United Kingdom*,   Eritrea,15103,15911,7198,7506,7905,8405
   United Kingdom*,   Estonia,13633,12967,4485,3271,9148,9696
   United Kingdom*,   Eswatini,1361,1534,612,682,749,852
   United Kingdom*,   Ethiopia,13536,15278,6102,6809,7434,8469
   United Kingdom*,   Falkland Islands (Malvinas)*,1190,1342,488,545,702,797
   United Kingdom*,   Faroe Islands*,389,437,150,167,239,270
   United Kingdom*,   Fiji,5669,6397,2894,3237,2775,3160
   United Kingdom*,   Finland*,15019,20999,3184,7656,11835,13343
   United Kingdom*,   France*,149752,170270,68205,73321,81547,96949
   United Kingdom*,   French Polynesia*,104,117,48,56,56,61
   United Kingdom*,   Gabon,288,322,123,136,165,186
   United Kingdom*,   Gambia,8874,10015,4763,5333,4111,4682
   United Kingdom*,   Georgia*,2151,2427,1018,1138,1133,1289
   United Kingdom*,   Germany,305973,310043,137032,136873,168941,173170
   United Kingdom*,   Ghana,116139,131095,59390,66442,56749,64653
   United Kingdom*,   Gibraltar*,10989,12401,5315,5939,5674,6462
   United Kingdom*,   Greece,53324,75441,27538,47503,25786,27938
   United Kingdom*,   Greenland*,52,57,19,21,33,36
   United Kingdom*,   Grenada,11126,12556,5069,5657,6057,6899
   United Kingdom*,   Guatemala,855,963,335,371,520,592
   United Kingdom*,   Guinea,1517,1710,818,915,699,795
   United Kingdom*,   Guinea-Bissau,1611,1817,780,872,831,945
   United Kingdom*,   Guyana,24874,28074,10180,11334,14694,16740
   United Kingdom*,   Haiti,276,309,119,132,157,177
   United Kingdom*,   Honduras,616,694,230,255,386,439
   United Kingdom*,   Hungary,80777,82667,42873,40081,37904,42586
   United Kingdom*,   Iceland,2102,2370,930,1036,1172,1334
   United Kingdom*,   India,807790,835359,414636,420139,393154,415220
   United Kingdom*,   Indonesia,9513,10737,3403,3778,6110,6959
   United Kingdom*,   Iran (Islamic Republic of),74004,83531,43169,48402,30835,35129
   United Kingdom*,   Iraq,62520,70569,38805,43553,23715,27016
   United Kingdom*,   Ireland,389731,370151,171104,165134,218627,205017
   United Kingdom*,   Isle of Man*,9732,10983,4713,5268,5019,5715
   United Kingdom*,   Israel,17540,19797,9057,10135,8483,9662
   United Kingdom*,   Italy,152535,254054,78021,139639,74514,114415
   United Kingdom*,   Jamaica,138858,128772,54628,47847,84230,80925
   United Kingdom*,   Japan,43623,49238,15916,17672,27707,31566
   United Kingdom*,   Jordan,5225,5897,3205,3598,2020,2299
   United Kingdom*,   Kazakhstan,3441,3882,1262,1401,2179,2481
   United Kingdom*,   Kenya,131845,139352,61874,64699,69971,74653
   United Kingdom*,   Kiribati,199,222,82,91,117,131
   United Kingdom*,   Kuwait,11020,12436,6243,6995,4777,5441
   United Kingdom*,   Kyrgyzstan,687,775,232,258,455,517
   United Kingdom*,   Lao People's Democratic Republic,658,741,252,281,406,460
   United Kingdom*,   Latvia,103879,86007,48722,40658,55157,45349
   United Kingdom*,   Lebanon,15356,17333,8777,9840,6579,7493
   United Kingdom*,   Lesotho,650,732,256,285,394,447
   United Kingdom*,   Liberia,2995,3378,1689,1891,1306,1487
   United Kingdom*,   Libya,14887,16803,8414,9430,6473,7373
   United Kingdom*,   Liechtenstein,31,33,8,8,23,25
   United Kingdom*,   Lithuania,139429,190342,63225,80050,76204,110292
   United Kingdom*,   Luxembourg,1979,3314,196,1681,1783,1633
   United Kingdom*,   Madagascar,1067,1202,354,391,713,811
   United Kingdom*,   Malawi,16865,19035,8096,9045,8769,9990
   United Kingdom*,   Malaysia*,69754,78736,30071,33527,39683,45209
   United Kingdom*,   Maldives,331,372,167,187,164,185
   United Kingdom*,   Mali,292,327,167,186,125,141
   United Kingdom*,   Malta,27203,29600,13969,15077,13234,14523
   United Kingdom*,   Mauritania,142,157,86,96,56,61
   United Kingdom*,   Mauritius*,40190,45365,19918,22270,20272,23095
   United Kingdom*,   Mexico,8619,9726,3796,4234,4823,5492
   United Kingdom*,   Monaco,361,406,201,226,160,180
   United Kingdom*,   Mongolia,1156,1302,423,470,733,832
   United Kingdom*,   Montenegro,1031,1162,511,570,520,592
   United Kingdom*,   Montserrat*,9632,10872,4109,4580,5523,6292
   United Kingdom*,   Morocco,19914,22476,10408,11649,9506,10827
   United Kingdom*,   Mozambique,5398,6092,2463,2751,2935,3341
   United Kingdom*,   Myanmar,12851,14505,5939,6631,6912,7874
   United Kingdom*,   Namibia,2151,2427,997,1114,1154,1313
   United Kingdom*,   Nauru,18,18,6,6,12,12
   United Kingdom*,   Nepal,32969,37212,18583,20822,14386,16390
   United Kingdom*,   Netherlands*,67096,81375,33344,33909,33752,47466
   United Kingdom*,   New Caledonia*,148,165,75,82,73,83
   United Kingdom*,   New Zealand*,70411,79478,33927,37914,36484,41564
   United Kingdom*,   Nicaragua,350,393,134,149,216,244
   United Kingdom*,   Niger,174,195,95,106,79,89
   United Kingdom*,   Nigeria,181046,205773,90002,103668,91044,102105
   United Kingdom*,   North Macedonia,2460,2776,1012,1127,1448,1649
   United Kingdom*,   Norway*,17918,20224,7195,8010,10723,12214
   United Kingdom*,   Oman,3032,3421,1711,1916,1321,1505
   United Kingdom*,   Pakistan,532502,537047,287171,282645,245331,254402
   United Kingdom*,   Panama,701,789,288,320,413,469
   United Kingdom*,   Papua New Guinea,1266,1428,600,669,666,759
   United Kingdom*,   Paraguay,732,826,323,362,409,464
   United Kingdom*,   Peru,6581,7426,2403,2668,4178,4758
   United Kingdom*,   Philippines,130438,141722,49817,48765,80621,92957
   United Kingdom*,   Poland,804481,835975,379868,395282,424613,440693
   United Kingdom*,   Portugal,129278,141916,58333,73821,70945,68095
   United Kingdom*,   Qatar,2079,2347,1232,1383,847,964
   United Kingdom*,   Republic of Korea,10856,12253,4670,5207,6186,7046
   United Kingdom*,   Republic of Moldova*,2102,2370,887,988,1215,1382
   United Kingdom*,   Réunion*,14,15,12,14,2,1
   United Kingdom*,   Romania,172953,393569,90592,207200,82361,186369
   United Kingdom*,   Russian Federation,32073,36203,10810,11980,21263,24223
   United Kingdom*,   Rwanda,3967,4476,1739,1939,2228,2537
   United Kingdom*,   Saint Helena*,3589,4049,1404,1562,2185,2487
   United Kingdom*,   Saint Kitts and Nevis,7087,7998,3246,3623,3841,4375
   United Kingdom*,   Saint Lucia,10144,11448,4510,5033,5634,6415
   United Kingdom*,   Saint Vincent and the Grenadines,8470,9558,4021,4491,4449,5067
   United Kingdom*,   Samoa,284,319,162,181,122,138
   United Kingdom*,   Sao Tome and Principe,605,681,219,242,386,439
   United Kingdom*,   Saudi Arabia,24638,27808,13954,15639,10684,12169
   United Kingdom*,   Senegal,1573,1775,880,987,693,788
   United Kingdom*,   Serbia*,8280,9343,3752,4186,4528,5157
   United Kingdom*,   Seychelles,3791,4278,1475,1642,2316,2636
   United Kingdom*,   Sierra Leone,23618,26657,10613,11843,13005,14814
   United Kingdom*,   Singapore,48157,54357,22100,24672,26057,29685
   United Kingdom*,   Slovakia,76005,72209,33906,33852,42099,38357
   United Kingdom*,   Slovenia,3512,3668,2026,1344,1486,2324
   United Kingdom*,   Solomon Islands,379,425,176,195,203,230
   United Kingdom*,   Somalia,133284,150448,48555,53917,84729,96531
   United Kingdom*,   South Africa,204440,247336,94564,124742,109876,122594
   United Kingdom*,   Spain*,121378,150892,53931,70507,67447,80385
   United Kingdom*,   Sri Lanka,141998,128207,75647,68128,66351,60079
   United Kingdom*,   Sudan,16904,19078,9537,10687,7367,8391
   United Kingdom*,   Suriname,409,460,160,176,249,284
   United Kingdom*,   Sweden,21303,35824,8605,13106,12698,22718
   United Kingdom*,   Switzerland,20952,23649,8242,9170,12710,14479
   United Kingdom*,   Syrian Arab Republic,8144,11457,4927,6891,3217,4566
   United Kingdom*,   Tajikistan,302,338,134,149,168,189
   United Kingdom*,   Thailand,35073,39589,8698,9542,26375,30047
   United Kingdom*,   Timor-Leste,2470,2787,1660,1866,810,921
   United Kingdom*,   Togo,1259,1420,715,801,544,619
   United Kingdom*,   Tonga,243,273,144,161,99,112
   United Kingdom*,   Trinidad and Tobago,26142,29508,9879,10980,16263,18528
   United Kingdom*,   Tunisia,5359,6048,3618,4066,1741,1982
   United Kingdom*,   Turkey,86116,97205,47093,52747,39023,44458
   United Kingdom*,   Turkmenistan,477,538,182,204,295,334
   United Kingdom*,   Turks and Caicos Islands*,134,149,64,71,70,78
   United Kingdom*,   Uganda,67625,76333,32893,36764,34732,39569
   United Kingdom*,   Ukraine*,19596,22119,8917,9955,10679,12164
   United Kingdom*,   United Arab Emirates,9805,11065,5507,6171,4298,4894
   United Kingdom*,   United Republic of Tanzania*,39975,45122,19714,22039,20261,23083
   United Kingdom*,   United States of America*,189961,170771,90904,75770,99057,95001
   United Kingdom*,   United States Virgin Islands*,161,181,75,84,86,97
   United Kingdom*,   Uruguay,1359,1532,619,691,740,841
   United Kingdom*,   Uzbekistan,1850,2087,867,968,983,1119
   United Kingdom*,   Vanuatu,161,181,68,76,93,105
   United Kingdom*,   Venezuela (Bolivarian Republic of),7630,8611,3432,3830,4198,4781
   United Kingdom*,   Viet Nam,31158,35168,14023,15649,17135,19519
   United Kingdom*,   Yemen,17782,20071,9762,10936,8020,9135
   United Kingdom*,   Zambia,29271,33040,13245,14784,16026,18256
   United Kingdom*,   Zimbabwe,150915,170350,66250,73892,84665,96458
   United Kingdom*,Other,33704,39260,17455,19902,16249,19358
  Southern Europe,WORLD,15815457,17665688,7427084,8355064,8388373,9310624
  Southern Europe,  Sub-Saharan Africa,971534,1213104,545653,717809,425881,495295
  Southern Europe,  Northern Africa and Western Asia,1812693,2060227,1012113,1136430,800580,923797
  Southern Europe,  Central and Southern Asia,681169,851401,443710,534848,237459,316553
  Southern Europe,  Eastern and South-Eastern Asia,628387,720192,274907,313915,353480,406277
  Southern Europe,  Latin America and the Caribbean,2997487,3688480,1255255,1543175,1742232,2145305
  Southern Europe,  Oceania (excluding Australia and New Zealand),1717,1215,798,659,919,556
  Southern Europe,  Australia and New Zealand,58605,69575,26694,33531,31911,36044
  Southern Europe,  Europe and Northern America,8621005,9009737,3846324,4047745,4774681,4961992
  Southern Europe,  Developed regions,8694889,9097740,3877915,4087270,4816974,5010470
  Southern Europe,  Less developed regions,7077708,8516191,3527539,4240842,3550169,4275349
  Southern Europe," Less developed regions, excluding least developed countries",6282660,7492628,3033731,3591867,3248929,3900761
  Southern Europe," Less developed regions, excluding China",6702835,8081451,3346333,4033637,3356502,4047814
  Southern Europe,  Least developed countries,795048,1023563,493808,648975,301240,374588
  Southern Europe,  Land-locked Developing Countries (LLDC),797290,933259,344933,416833,452357,516426
  Southern Europe,  Small island developing States (SIDS),511474,603400,208375,252022,303099,351378
  Southern Europe,  High-income countries,5455973,5697665,2460701,2578735,2995272,3118930
  Southern Europe,  Middle-income countries,9969528,11393783,4735807,5427539,5233721,5966244
  Southern Europe, Upper-middle-income countries,6228956,7020324,2782003,3160666,3446953,3859658
  Southern Europe, Lower-middle-income countries,3740572,4373459,1953804,2266873,1786768,2106586
  Southern Europe,  Low-income countries,346700,522223,208794,321726,137906,200497
  Southern Europe, AFRICA,2473218,2870736,1413850,1655033,1059368,1215703
  Southern Europe,  Eastern Africa,170661,196293,79017,92179,91644,104114
  Southern Europe,  Middle Africa,235980,281276,106694,131680,129286,149596
  Southern Europe,  Northern Africa,1501684,1657632,868197,937224,633487,720408
  Southern Europe,  Southern Africa,27982,31366,12494,14650,15488,16716
  Southern Europe,  Western Africa,536911,704169,347448,479300,189463,224869
  Southern Europe, ASIA,1620565,1974188,862533,1047969,758032,926219
  Southern Europe,  Central Asia,49456,53359,19145,21758,30311,31601
  Southern Europe,  Eastern Asia,399600,465123,189951,218083,209649,247040
  Southern Europe,  South-Eastern Asia,228787,255069,84956,95832,143831,159237
  Southern Europe,  Southern Asia,631713,798042,424565,513090,207148,284952
  Southern Europe,  Western Asia,311009,402595,143916,199206,167093,203389
  Southern Europe, EUROPE,8433266,8793412,3762029,3947596,4671237,4845816
  Southern Europe,  Eastern Europe,3132684,3253702,1243506,1274619,1889178,1979083
  Southern Europe,  Northern Europe,570343,603637,266979,285895,303364,317742
  Southern Europe,  Southern Europe,3163927,3305291,1533347,1629061,1630580,1676230
  Southern Europe,  Western Europe,1566312,1630782,718197,758021,848115,872761
  Southern Europe, LATIN AMERICA AND THE CARIBBEAN,2997487,3688480,1255255,1543175,1742232,2145305
  Southern Europe,  Caribbean,372394,443198,143405,173733,228989,269465
  Southern Europe,  Central America,165953,273561,55924,88580,110029,184981
  Southern Europe,  South America,2459140,2971721,1055926,1280862,1403214,1690859
  Southern Europe, NORTHERN AMERICA,187739,216325,84295,100149,103444,116176
  Southern Europe, OCEANIA ,60322,70790,27492,34190,32830,36600
  Southern Europe,  Australia and New Zealand,58605,69575,26694,33531,31911,36044
  Southern Europe,  Melanesia,816,259,327,143,489,116
  Southern Europe,  Micronesia,322,357,209,226,113,131
  Southern Europe,  Polynesia*,579,599,262,290,317,309
  Southern Europe,   Burundi,1248,1493,550,670,698,823
  Southern Europe,   Comoros,102,98,68,70,34,28
  Southern Europe,   Djibouti,144,141,65,67,79,74
  Southern Europe,   Eritrea,14998,19978,8160,9901,6838,10077
  Southern Europe,   Ethiopia,36082,36730,15330,16026,20752,20704
  Southern Europe,   Kenya,5828,7077,2160,2542,3668,4535
  Southern Europe,   Madagascar,2966,3500,906,1057,2060,2443
  Southern Europe,   Malawi,692,803,273,321,419,482
  Southern Europe,   Mauritius*,9146,9046,3958,3890,5188,5156
  Southern Europe,   Mayotte*,0,0,0,0,0,0
  Southern Europe,   Mozambique,72920,83173,32725,38581,40195,44592
  Southern Europe,   Réunion*,0,0,0,0,0,0
  Southern Europe,   Rwanda,1162,1341,577,667,585,674
  Southern Europe,   Seychelles,992,1015,209,226,783,789
  Southern Europe,   Somalia,16412,22753,9920,13358,6492,9395
  Southern Europe,   South Sudan,29,41,18,29,11,12
  Southern Europe,   Uganda,1330,1594,572,698,758,896
  Southern Europe,   United Republic of Tanzania*,2414,2811,1082,1279,1332,1532
  Southern Europe,   Zambia,1360,1438,631,671,729,767
  Southern Europe,   Zimbabwe,2836,3261,1813,2126,1023,1135
  Southern Europe,   Angola,161627,186249,71863,85971,89764,100278
  Southern Europe,   Cameroon,17013,24251,9134,13348,7879,10903
  Southern Europe,   Central African Republic,811,907,431,514,380,393
  Southern Europe,   Chad,666,757,498,566,168,191
  Southern Europe,   Congo,7293,7989,3594,4043,3699,3946
  Southern Europe,   Democratic Republic of the Congo,9486,15717,5035,8338,4451,7379
  Southern Europe,   Equatorial Guinea,19679,22962,7522,8571,12157,14391
  Southern Europe,   Gabon,1223,1555,880,1074,343,481
  Southern Europe,   Sao Tome and Principe,18182,20889,7737,9255,10445,11634
  Southern Europe,   Algeria,79484,84939,50200,51502,29284,33437
  Southern Europe,   Egypt,144303,167574,96658,111537,47645,56037
  Southern Europe,   Libya,38897,40977,18927,20441,19970,20536
  Southern Europe,   Morocco,1128258,1244489,632673,679090,495585,565399
  Southern Europe,   Sudan,5358,5933,3702,4111,1656,1822
  Southern Europe,   Tunisia,105378,113713,66033,70539,39345,43174
  Southern Europe,   Western Sahara,6,7,4,4,2,3
  Southern Europe,   Botswana,55,60,28,36,27,24
  Southern Europe,   Eswatini,628,728,358,423,270,305
  Southern Europe,   Lesotho,24,30,12,15,12,15
  Southern Europe,   Namibia,221,264,107,123,114,141
  Southern Europe,   South Africa,27054,30284,11989,14053,15065,16231
  Southern Europe,   Benin,2969,3831,1828,2514,1141,1317
  Southern Europe,   Burkina Faso,12845,15270,8945,10844,3900,4426
  Southern Europe,   Cabo Verde,70048,80679,30149,35975,39899,44704
  Southern Europe,   Côte d'Ivoire,28252,40521,16760,27071,11492,13450
  Southern Europe,   Gambia,27166,42771,22610,37579,4556,5192
  Southern Europe,   Ghana,59074,69572,37993,46892,21081,22680
  Southern Europe,   Guinea,18307,29930,11356,22026,6951,7904
  Southern Europe,   Guinea-Bissau,34673,42609,20289,26276,14384,16333
  Southern Europe,   Liberia,2683,2901,2074,2204,609,697
  Southern Europe,   Mali,29961,40029,26527,35952,3434,4077
  Southern Europe,   Mauritania,9312,9832,6846,6869,2466,2963
  Southern Europe,   Niger,1323,1975,1029,1667,294,308
  Southern Europe,   Nigeria,92120,136812,47592,80367,44528,56445
  Southern Europe,   Saint Helena*,3,1,3,1,0,0
  Southern Europe,   Senegal,139870,176030,108121,135192,31749,40838
  Southern Europe,   Sierra Leone,2624,4071,1677,2913,947,1158
  Southern Europe,   Togo,5681,7335,3649,4958,2032,2377
  Southern Europe,   Kazakhstan,33887,36120,13713,15465,20174,20655
  Southern Europe,   Kyrgyzstan,2304,2968,563,737,1741,2231
  Southern Europe,   Tajikistan,385,484,120,150,265,334
  Southern Europe,   Turkmenistan,434,517,106,132,328,385
  Southern Europe,   Uzbekistan,12446,13270,4643,5274,7803,7996
  Southern Europe,   China*,372746,432306,180312,206140,192434,226166
  Southern Europe,"   China, Hong Kong SAR*",132,149,51,60,81,89
  Southern Europe,"   China, Macao SAR*",1995,2285,843,1005,1152,1280
  Southern Europe,"   China, Taiwan Province of China*",0,0,0,0,0,0
  Southern Europe,   Dem. People's Republic of Korea,332,350,151,172,181,178
  Southern Europe,   Japan,15279,18428,4897,5994,10382,12434
  Southern Europe,   Mongolia,721,889,233,284,488,605
  Southern Europe,   Republic of Korea,8395,10716,3464,4428,4931,6288
  Southern Europe,   Brunei Darussalam,55,63,26,26,29,37
  Southern Europe,   Cambodia,1436,1532,809,837,627,695
  Southern Europe,   Indonesia,5908,7265,1857,2357,4051,4908
  Southern Europe,   Lao People's Democratic Republic,481,544,223,244,258,300
  Southern Europe,   Malaysia*,1382,1731,584,710,798,1021
  Southern Europe,   Myanmar,564,649,224,257,340,392
  Southern Europe,   Philippines,195600,214075,74727,82570,120873,131505
  Southern Europe,   Singapore,1216,1528,422,549,794,979
  Southern Europe,   Thailand,12927,16843,2046,3609,10881,13234
  Southern Europe,   Timor-Leste,2031,2263,879,1001,1152,1262
  Southern Europe,   Viet Nam,7187,8576,3159,3672,4028,4904
  Southern Europe,   Afghanistan,21186,64633,17193,40523,3993,24110
  Southern Europe,   Bangladesh,126195,154639,94885,114926,31310,39713
  Southern Europe,   Bhutan,40,30,26,18,14,12
  Southern Europe,   India,191846,235081,117402,142038,74444,93043
  Southern Europe,   Iran (Islamic Republic of),23103,32257,13232,17420,9871,14837
  Southern Europe,   Maldives,36,38,28,29,8,9
  Southern Europe,   Nepal,5607,13399,3406,8482,2201,4917
  Southern Europe,   Pakistan,177128,200250,130335,136866,46793,63384
  Southern Europe,   Sri Lanka,86572,97715,48058,52788,38514,44927
  Southern Europe,   Armenia,25436,29632,11235,13665,14201,15967
  Southern Europe,   Azerbaijan*,1893,2389,717,944,1176,1445
  Southern Europe,   Bahrain,371,167,209,97,162,70
  Southern Europe,   Cyprus*,22809,23318,9618,10691,13191,12627
  Southern Europe,   Georgia*,106505,114122,39069,45502,67436,68620
  Southern Europe,   Iraq,10945,28160,6687,16656,4258,11504
  Southern Europe,   Israel,7810,9314,4751,5643,3059,3671
  Southern Europe,   Jordan,6282,7491,4544,5332,1738,2159
  Southern Europe,   Kuwait,1314,1794,818,1108,496,686
  Southern Europe,   Lebanon,12603,14852,7900,9408,4703,5444
  Southern Europe,   Oman,109,136,59,74,50,62
  Southern Europe,   Qatar,1649,1392,720,691,929,701
  Southern Europe,   Saudi Arabia,2290,2912,1288,1670,1002,1242
  Southern Europe,   State of Palestine*,6184,8271,3620,4474,2564,3797
  Southern Europe,   Syrian Arab Republic,23442,72385,13522,40204,9920,32181
  Southern Europe,   Turkey,80062,84076,38422,41811,41640,42265
  Southern Europe,   United Arab Emirates,855,1309,465,725,390,584
  Southern Europe,   Yemen,450,875,272,511,178,364
  Southern Europe,   Belarus,38015,21588,18277,5457,19738,16131
  Southern Europe,   Bulgaria,266836,268564,113941,115438,152895,153126
  Southern Europe,   Czechia,25716,28082,7605,8825,18111,19257
  Southern Europe,   Hungary,27777,32162,9256,11130,18521,21032
  Southern Europe,   Poland,197372,197173,62235,61062,135137,136111
  Southern Europe,   Republic of Moldova*,218265,249927,76534,89991,141731,159936
  Southern Europe,   Romania,1733400,1742712,767464,756166,965936,986546
  Southern Europe,   Russian Federation,227016,252815,68964,81217,158052,171598
  Southern Europe,   Slovakia,24194,26663,8121,8841,16073,17822
  Southern Europe,   Ukraine*,374093,434016,111109,136492,262984,297524
  Southern Europe,   Channel Islands*,1,0,0,0,1,0
  Southern Europe,   Denmark*,16598,17169,7705,8113,8893,9056
  Southern Europe,   Estonia,3582,4380,1008,1249,2574,3131
  Southern Europe,   Faroe Islands*,0,0,0,0,0,0
  Southern Europe,   Finland*,16351,17526,6379,6848,9972,10678
  Southern Europe,   Iceland,1394,1804,614,789,780,1015
  Southern Europe,   Ireland,21113,23261,10357,11542,10756,11719
  Southern Europe,   Isle of Man*,4,2,3,2,1,0
  Southern Europe,   Latvia,7929,9976,2340,3085,5589,6891
  Southern Europe,   Lithuania,22979,24006,9026,8798,13953,15208
  Southern Europe,   Norway*,18868,18221,9083,8827,9785,9394
  Southern Europe,   Sweden,34790,37979,14697,16778,20093,21201
  Southern Europe,   United Kingdom*,426734,449313,205767,219864,220967,229449
  Southern Europe,   Albania,954925,1007396,480793,517947,474132,489449
  Southern Europe,   Andorra,6381,8434,3061,3997,3320,4437
  Southern Europe,   Bosnia and Herzegovina,896645,920068,420008,441261,476637,478807
  Southern Europe,   Croatia,385708,389369,173837,175846,211871,213523
  Southern Europe,   Gibraltar*,4,2,3,2,1,0
  Southern Europe,   Greece,54270,54133,26395,26633,27875,27500
  Southern Europe,   Holy See*,298,166,106,65,192,101
  Southern Europe,   Italy,140390,191211,82489,111150,57901,80061
  Southern Europe,   Malta,2357,2599,711,851,1646,1748
  Southern Europe,   Montenegro,96453,97881,42865,43554,53588,54327
  Southern Europe,   North Macedonia,154888,155227,76714,76803,78174,78424
  Southern Europe,   Portugal,129473,126978,72281,69200,57192,57778
  Southern Europe,   San Marino,3280,1980,1097,803,2183,1177
  Southern Europe,   Serbia*,226836,230458,109834,113588,117002,116870
  Southern Europe,   Slovenia,40435,39606,15831,15520,24604,24086
  Southern Europe,   Spain*,71584,79783,27322,31841,44262,47942
  Southern Europe,   Austria,42909,46049,17299,19009,25610,27040
  Southern Europe,   Belgium,99297,108595,46060,51289,53237,57306
  Southern Europe,   France*,442073,475101,197893,216115,244180,258986
  Southern Europe,   Germany,616795,621021,284112,290479,332683,330542
  Southern Europe,   Liechtenstein,450,506,320,355,130,151
  Southern Europe,   Luxembourg,10448,11465,4845,5418,5603,6047
  Southern Europe,   Monaco,1574,1947,730,905,844,1042
  Southern Europe,   Netherlands*,70029,76948,33784,37612,36245,39336
  Southern Europe,   Switzerland,282737,289150,133154,136839,149583,152311
  Southern Europe,   Anguilla*,10,8,5,5,5,3
  Southern Europe,   Antigua and Barbuda,822,51,284,25,538,26
  Southern Europe,   Aruba*,6,0,4,0,2,0
  Southern Europe,   Bahamas,339,185,133,87,206,98
  Southern Europe,   Barbados,197,117,81,58,116,59
  Southern Europe,"   Bonaire, Sint Eustatius and Saba*",0,0,0,0,0,0
  Southern Europe,   British Virgin Islands*,0,0,0,0,0,0
  Southern Europe,   Cayman Islands*,0,0,0,0,0,0
  Southern Europe,   Cuba,166817,203238,67091,82937,99726,120301
  Southern Europe,   Curaçao*,0,0,0,0,0,0
  Southern Europe,   Dominica,1280,1516,401,469,879,1047
  Southern Europe,   Dominican Republic,199554,233842,73909,88222,125645,145620
  Southern Europe,   Grenada,638,851,313,412,325,439
  Southern Europe,   Guadeloupe*,0,0,0,0,0,0
  Southern Europe,   Haiti,1482,1885,683,910,799,975
  Southern Europe,   Jamaica,672,820,291,356,381,464
  Southern Europe,   Martinique*,0,0,0,0,0,0
  Southern Europe,   Montserrat*,78,78,34,37,44,41
  Southern Europe,   Puerto Rico*,0,0,0,0,0,0
  Southern Europe,   Saint Barthélemy*,0,0,0,0,0,0
  Southern Europe,   Saint Kitts and Nevis,5,4,2,1,3,3
  Southern Europe,   Saint Lucia,65,82,36,42,29,40
  Southern Europe,   Saint Martin (French part)*,0,0,0,0,0,0
  Southern Europe,   Saint Vincent and the Grenadines,25,18,8,5,17,13
  Southern Europe,   Sint Maarten (Dutch part)*,0,0,0,0,0,0
  Southern Europe,   Trinidad and Tobago,404,503,130,167,274,336
  Southern Europe,   Turks and Caicos Islands*,0,0,0,0,0,0
  Southern Europe,   United States Virgin Islands*,0,0,0,0,0,0
  Southern Europe,   Belize,96,85,42,42,54,43
  Southern Europe,   Costa Rica,4853,6205,2064,2627,2789,3578
  Southern Europe,   El Salvador,22347,29226,7732,10488,14615,18738
  Southern Europe,   Guatemala,9586,12395,3640,4609,5946,7786
  Southern Europe,   Honduras,43862,102694,11623,27594,32239,75100
  Southern Europe,   Mexico,57939,71596,23377,28389,34562,43207
  Southern Europe,   Nicaragua,21712,44331,5266,12087,16446,32244
  Southern Europe,   Panama,5558,7029,2180,2744,3378,4285
  Southern Europe,   Argentina,325123,360927,162118,179059,163005,181868
  Southern Europe,   Bolivia (Plurinational State of),166563,175821,64623,68214,101940,107607
  Southern Europe,   Brazil,335785,423698,123919,166176,211866,257522
  Southern Europe,   Chile,67421,75496,31434,34894,35987,40602
  Southern Europe,   Colombia,387345,493092,157729,200771,229616,292321
  Southern Europe,   Ecuador,501128,514049,228041,232336,273087,281713
  Southern Europe,   Falkland Islands (Malvinas)*,0,0,0,0,0,0
  Southern Europe,   French Guiana*,0,0,0,0,0,0
  Southern Europe,   Guyana,196,228,73,85,123,143
  Southern Europe,   Paraguay,61702,80952,17292,24682,44410,56270
  Southern Europe,   Peru,298401,343770,124903,143071,173498,200699
  Southern Europe,   Suriname,267,337,104,131,163,206
  Southern Europe,   Uruguay,81258,89299,40623,44256,40635,45043
  Southern Europe,   Venezuela (Bolivarian Republic of),233951,414052,105067,187187,128884,226865
  Southern Europe,   Bermuda*,8,5,5,4,3,1
  Southern Europe,   Canada,56757,63940,25629,29885,31128,34055
  Southern Europe,   Greenland*,2,0,1,0,1,0
  Southern Europe,   Saint Pierre and Miquelon*,0,0,0,0,0,0
  Southern Europe,   United States of America*,130972,152380,58660,70260,72312,82120
  Southern Europe,   Australia*,55914,66363,25419,31939,30495,34424
  Southern Europe,   New Zealand*,2691,3212,1275,1592,1416,1620
  Southern Europe,   Fiji,71,81,27,30,44,51
  Southern Europe,   New Caledonia*,0,0,0,0,0,0
  Southern Europe,   Papua New Guinea,650,80,229,38,421,42
  Southern Europe,   Solomon Islands,4,7,0,3,4,4
  Southern Europe,   Vanuatu,91,91,71,72,20,19
  Southern Europe,   Guam*,0,0,0,0,0,0
  Southern Europe,   Kiribati,5,3,2,0,3,3
  Southern Europe,   Marshall Islands,1,0,0,0,1,0
  Southern Europe,   Micronesia (Fed. States of),119,158,53,68,66,90
  Southern Europe,   Nauru,6,2,1,0,5,2
  Southern Europe,   Northern Mariana Islands*,0,0,0,0,0,0
  Southern Europe,   Palau,191,194,153,158,38,36
  Southern Europe,   American Samoa*,0,0,0,0,0,0
  Southern Europe,   Cook Islands*,0,0,0,0,0,0
  Southern Europe,   French Polynesia*,9,7,5,5,4,2
  Southern Europe,   Niue*,0,0,0,0,0,0
  Southern Europe,   Samoa,502,518,221,244,281,274
  Southern Europe,   Tokelau*,0,0,0,0,0,0
  Southern Europe,   Tonga,18,21,7,9,11,12
  Southern Europe,   Tuvalu,49,53,29,32,20,21
  Southern Europe,   Wallis and Futuna Islands*,1,0,0,0,1,0
   Albania,WORLD,52031,48810,26517,24908,25514,23902
   Albania,  Sub-Saharan Africa,0,0,0,0,0,0
   Albania,  Northern Africa and Western Asia,1961,1838,1345,1262,616,576
   Albania,  Central and Southern Asia,0,0,0,0,0,0
   Albania,  Eastern and South-Eastern Asia,0,0,0,0,0,0
   Albania,  Latin America and the Caribbean,0,0,0,0,0,0
   Albania,  Oceania (excluding Australia and New Zealand),0,0,0,0,0,0
   Albania,  Australia and New Zealand,0,0,0,0,0,0
   Albania,  Europe and Northern America,44305,41560,22428,21070,21877,20490
   Albania,  Developed regions,44305,41560,22428,21070,21877,20490
   Albania,  Less developed regions,1961,1838,1345,1262,616,576
   Albania," Less developed regions, excluding least developed countries",1961,1838,1345,1262,616,576
   Albania," Less developed regions, excluding China",1961,1838,1345,1262,616,576
   Albania,  Least developed countries,0,0,0,0,0,0
   Albania,  Land-locked Developing Countries (LLDC),534,499,262,246,272,253
   Albania,  Small island developing States (SIDS),0,0,0,0,0,0
   Albania,  High-income countries,43771,41061,22166,20824,21605,20237
   Albania,  Middle-income countries,2495,2337,1607,1508,888,829
   Albania, Upper-middle-income countries,2495,2337,1607,1508,888,829
   Albania, Lower-middle-income countries,0,0,0,0,0,0
   Albania,  Low-income countries,0,0,0,0,0,0
   Albania, AFRICA,0,0,0,0,0,0
   Albania,  Eastern Africa,0,0,0,0,0,0
   Albania,  Middle Africa,0,0,0,0,0,0
   Albania,  Northern Africa,0,0,0,0,0,0
   Albania,  Southern Africa,0,0,0,0,0,0
   Albania,  Western Africa,0,0,0,0,0,0
   Albania, ASIA,1961,1838,1345,1262,616,576
   Albania,  Central Asia,0,0,0,0,0,0
   Albania,  Eastern Asia,0,0,0,0,0,0
   Albania,  South-Eastern Asia,0,0,0,0,0,0
   Albania,  Southern Asia,0,0,0,0,0,0
   Albania,  Western Asia,1961,1838,1345,1262,616,576
   Albania, EUROPE,41026,38486,20207,18984,20819,19502
   Albania,  Eastern Europe,0,0,0,0,0,0
   Albania,  Northern Europe,0,0,0,0,0,0
   Albania,  Southern Europe,41026,38486,20207,18984,20819,19502
   Albania,  Western Europe,0,0,0,0,0,0
   Albania, LATIN AMERICA AND THE CARIBBEAN,0,0,0,0,0,0
   Albania,  Caribbean,0,0,0,0,0,0
   Albania,  Central America,0,0,0,0,0,0
   Albania,  South America,0,0,0,0,0,0
   Albania, NORTHERN AMERICA,3279,3074,2221,2086,1058,988
   Albania, OCEANIA ,0,0,0,0,0,0
   Albania,  Australia and New Zealand,0,0,0,0,0,0
   Albania,  Melanesia,0,0,0,0,0,0
   Albania,  Micronesia,0,0,0,0,0,0
   Albania,  Polynesia*,0,0,0,0,0,0
   Albania,   Canada,906,849,731,687,175,162
   Albania,   Greece,31596,29643,15163,14246,16433,15397
   Albania,   Italy,8896,8344,4782,4492,4114,3852
   Albania,   Turkey,1961,1838,1345,1262,616,576
   Albania,   North Macedonia,534,499,262,246,272,253
   Albania,   United States of America*,2373,2225,1490,1399,883,826
   Albania,Other,5765,5412,2744,2576,3021,2836
   Andorra,WORLD,42264,45574,21485,23333,20779,22241
   Andorra,  Sub-Saharan Africa,0,0,0,0,0,0
   Andorra,  Northern Africa and Western Asia,470,505,252,274,218,231
   Andorra,  Central and Southern Asia,0,0,0,0,0,0
   Andorra,  Eastern and South-Eastern Asia,425,457,231,251,194,206
   Andorra,  Latin America and the Caribbean,998,1071,519,564,479,507
   Andorra,  Oceania (excluding Australia and New Zealand),0,0,0,0,0,0
   Andorra,  Australia and New Zealand,65,69,65,69,0,0
   Andorra,  Europe and Northern America,37820,40774,19521,21195,18299,19579
   Andorra,  Developed regions,37885,40843,19586,21264,18299,19579
   Andorra,  Less developed regions,1893,2033,1002,1089,891,944
   Andorra," Less developed regions, excluding least developed countries",1893,2033,1002,1089,891,944
   Andorra," Less developed regions, excluding China",1893,2033,1002,1089,891,944
   Andorra,  Least developed countries,0,0,0,0,0,0
   Andorra,  Land-locked Developing Countries (LLDC),0,0,0,0,0,0
   Andorra,  Small island developing States (SIDS),0,0,0,0,0,0
   Andorra,  High-income countries,38201,41180,19756,21449,18445,19731
   Andorra,  Middle-income countries,1577,1696,832,904,745,792
   Andorra, Upper-middle-income countries,682,734,349,379,333,355
   Andorra, Lower-middle-income countries,895,962,483,525,412,437
   Andorra,  Low-income countries,0,0,0,0,0,0
   Andorra, AFRICA,470,505,252,274,218,231
   Andorra,  Eastern Africa,0,0,0,0,0,0
   Andorra,  Middle Africa,0,0,0,0,0,0
   Andorra,  Northern Africa,470,505,252,274,218,231
   Andorra,  Southern Africa,0,0,0,0,0,0
   Andorra,  Western Africa,0,0,0,0,0,0
   Andorra, ASIA,425,457,231,251,194,206
   Andorra,  Central Asia,0,0,0,0,0,0
   Andorra,  Eastern Asia,0,0,0,0,0,0
   Andorra,  South-Eastern Asia,425,457,231,251,194,206
   Andorra,  Southern Asia,0,0,0,0,0,0
   Andorra,  Western Asia,0,0,0,0,0,0
   Andorra, EUROPE,37715,40662,19462,21130,18253,19532
   Andorra,  Eastern Europe,0,0,0,0,0,0
   Andorra,  Northern Europe,1215,1305,729,786,486,519
   Andorra,  Southern Europe,31732,34222,16102,17491,15630,16731
   Andorra,  Western Europe,4768,5135,2631,2853,2137,2282
   Andorra, LATIN AMERICA AND THE CARIBBEAN,998,1071,519,564,479,507
   Andorra,  Caribbean,0,0,0,0,0,0
   Andorra,  Central America,0,0,0,0,0,0
   Andorra,  South America,998,1071,519,564,479,507
   Andorra, NORTHERN AMERICA,105,112,59,65,46,47
   Andorra, OCEANIA ,65,69,65,69,0,0
   Andorra,  Australia and New Zealand,65,69,65,69,0,0
   Andorra,  Melanesia,0,0,0,0,0,0
   Andorra,  Micronesia,0,0,0,0,0,0
   Andorra,  Polynesia*,0,0,0,0,0,0
   Andorra,   Argentina,682,734,349,379,333,355
   Andorra,   Australia*,65,69,65,69,0,0
   Andorra,   Belgium,215,230,119,129,96,101
   Andorra,   Chile,214,229,115,125,99,104
   Andorra,   Denmark*,112,119,112,119,0,0
   Andorra,   France*,3890,4194,2116,2296,1774,1898
   Andorra,   Germany,339,364,182,197,157,167
   Andorra,   Italy,458,492,243,264,215,228
   Andorra,   Morocco,470,505,252,274,218,231
   Andorra,   Netherlands*,244,262,134,146,110,116
   Andorra,   Philippines,425,457,231,251,194,206
   Andorra,   Portugal,10697,11534,5716,6204,4981,5330
   Andorra,   Spain*,20577,22196,10143,11023,10434,11173
   Andorra,   Sweden,49,51,49,51,0,0
   Andorra,   Switzerland,80,85,80,85,0,0
   Andorra,   United Kingdom*,1054,1135,568,616,486,519
   Andorra,   United States of America*,105,112,59,65,46,47
   Andorra,   Uruguay,102,108,55,60,47,48
   Andorra,Other,2486,2698,897,980,1589,1718
   Bosnia and Herzegovina,WORLD,38597,36042,18412,16880,20185,19162
   Bosnia and Herzegovina,  Sub-Saharan Africa,0,0,0,0,0,0
   Bosnia and Herzegovina,  Northern Africa and Western Asia,0,0,0,0,0,0
   Bosnia and Herzegovina,  Central and Southern Asia,0,0,0,0,0,0
   Bosnia and Herzegovina,  Eastern and South-Eastern Asia,0,0,0,0,0,0
   Bosnia and Herzegovina,  Latin America and the Caribbean,0,0,0,0,0,0
   Bosnia and Herzegovina,  Oceania (excluding Australia and New Zealand),0,0,0,0,0,0
   Bosnia and Herzegovina,  Australia and New Zealand,0,0,0,0,0,0
   Bosnia and Herzegovina,  Europe and Northern America,37621,35154,17965,16482,19656,18672
   Bosnia and Herzegovina,  Developed regions,37621,35154,17965,16482,19656,18672
   Bosnia and Herzegovina,  Less developed regions,0,0,0,0,0,0
   Bosnia and Herzegovina," Less developed regions, excluding least developed countries",0,0,0,0,0,0
   Bosnia and Herzegovina," Less developed regions, excluding China",0,0,0,0,0,0
   Bosnia and Herzegovina,  Least developed countries,0,0,0,0,0,0
   Bosnia and Herzegovina,  Land-locked Developing Countries (LLDC),3079,2875,1450,1329,1629,1546
   Bosnia and Herzegovina,  Small island developing States (SIDS),0,0,0,0,0,0
   Bosnia and Herzegovina,  High-income countries,19745,18457,9328,8555,10417,9902
   Bosnia and Herzegovina,  Middle-income countries,17876,16697,8637,7927,9239,8770
   Bosnia and Herzegovina, Upper-middle-income countries,17876,16697,8637,7927,9239,8770
   Bosnia and Herzegovina, Lower-middle-income countries,0,0,0,0,0,0
   Bosnia and Herzegovina,  Low-income countries,0,0,0,0,0,0
   Bosnia and Herzegovina, AFRICA,0,0,0,0,0,0
   Bosnia and Herzegovina,  Eastern Africa,0,0,0,0,0,0
   Bosnia and Herzegovina,  Middle Africa,0,0,0,0,0,0
   Bosnia and Herzegovina,  Northern Africa,0,0,0,0,0,0
   Bosnia and Herzegovina,  Southern Africa,0,0,0,0,0,0
   Bosnia and Herzegovina,  Western Africa,0,0,0,0,0,0
   Bosnia and Herzegovina, ASIA,0,0,0,0,0,0
   Bosnia and Herzegovina,  Central Asia,0,0,0,0,0,0
   Bosnia and Herzegovina,  Eastern Asia,0,0,0,0,0,0
   Bosnia and Herzegovina,  South-Eastern Asia,0,0,0,0,0,0
   Bosnia and Herzegovina,  Southern Asia,0,0,0,0,0,0
   Bosnia and Herzegovina,  Western Asia,0,0,0,0,0,0
   Bosnia and Herzegovina, EUROPE,37621,35154,17965,16482,19656,18672
   Bosnia and Herzegovina,  Eastern Europe,4132,3856,1854,1700,2278,2156
   Bosnia and Herzegovina,  Northern Europe,0,0,0,0,0,0
   Bosnia and Herzegovina,  Southern Europe,32552,30426,15666,14373,16886,16053
   Bosnia and Herzegovina,  Western Europe,937,872,445,409,492,463
   Bosnia and Herzegovina, LATIN AMERICA AND THE CARIBBEAN,0,0,0,0,0,0
   Bosnia and Herzegovina,  Caribbean,0,0,0,0,0,0
   Bosnia and Herzegovina,  Central America,0,0,0,0,0,0
   Bosnia and Herzegovina,  South America,0,0,0,0,0,0
   Bosnia and Herzegovina, NORTHERN AMERICA,0,0,0,0,0,0
   Bosnia and Herzegovina, OCEANIA ,0,0,0,0,0,0
   Bosnia and Herzegovina,  Australia and New Zealand,0,0,0,0,0,0
   Bosnia and Herzegovina,  Melanesia,0,0,0,0,0,0
   Bosnia and Herzegovina,  Micronesia,0,0,0,0,0,0
   Bosnia and Herzegovina,  Polynesia*,0,0,0,0,0,0
   Bosnia and Herzegovina,   Austria,209,194,100,92,109,102
   Bosnia and Herzegovina,   Croatia,12776,11956,6246,5733,6530,6223
   Bosnia and Herzegovina,   France*,174,162,82,76,92,86
   Bosnia and Herzegovina,   Germany,554,516,263,241,291,275
   Bosnia and Herzegovina,   Hungary,160,148,51,46,109,102
   Bosnia and Herzegovina,   Italy,116,106,49,43,67,63
   Bosnia and Herzegovina,   Montenegro,4398,4108,2145,1970,2253,2138
   Bosnia and Herzegovina,   Romania,406,379,87,79,319,300
   Bosnia and Herzegovina,   Russian Federation,177,164,43,38,134,126
   Bosnia and Herzegovina,   Serbia*,10222,9550,4999,4590,5223,4960
   Bosnia and Herzegovina,   Slovakia,3389,3165,1673,1537,1716,1628
   Bosnia and Herzegovina,   Slovenia,1961,1831,777,708,1184,1123
   Bosnia and Herzegovina,   North Macedonia,3079,2875,1450,1329,1629,1546
   Bosnia and Herzegovina,Other,976,888,447,398,529,490
   Croatia,WORLD,561093,528056,260473,245564,300620,282492
   Croatia,  Sub-Saharan Africa,278,256,138,128,140,128
   Croatia,  Northern Africa and Western Asia,1127,1037,737,682,390,355
   Croatia,  Central and Southern Asia,182,166,81,73,101,93
   Croatia,  Eastern and South-Eastern Asia,631,582,266,244,365,338
   Croatia,  Latin America and the Caribbean,776,717,300,278,476,439
   Croatia,  Oceania (excluding Australia and New Zealand),0,0,0,0,0,0
   Croatia,  Australia and New Zealand,1711,1606,809,761,902,845
   Croatia,  Europe and Northern America,551239,518774,255183,240600,296056,278174
   Croatia,  Developed regions,553006,520430,256006,241372,297000,279058
   Croatia,  Less developed regions,2938,2708,1508,1394,1430,1314
   Croatia," Less developed regions, excluding least developed countries",2826,2606,1432,1324,1394,1282
   Croatia," Less developed regions, excluding China",2492,2291,1289,1189,1203,1102
   Croatia,  Least developed countries,112,102,76,70,36,32
   Croatia,  Land-locked Developing Countries (LLDC),10314,9699,4984,4695,5330,5004
   Croatia,  Small island developing States (SIDS),0,0,0,0,0,0
   Croatia,  High-income countries,78164,73493,35380,33327,42784,40166
   Croatia,  Middle-income countries,477534,449418,221928,209248,255606,240170
   Croatia, Upper-middle-income countries,476038,448030,221444,208800,254594,239230
   Croatia, Lower-middle-income countries,1496,1388,484,448,1012,940
   Croatia,  Low-income countries,246,227,206,191,40,36
   Croatia, AFRICA,826,762,415,385,411,377
   Croatia,  Eastern Africa,46,42,27,25,19,17
   Croatia,  Middle Africa,0,0,0,0,0,0
   Croatia,  Northern Africa,548,506,277,257,271,249
   Croatia,  Southern Africa,203,189,94,89,109,100
   Croatia,  Western Africa,29,25,17,14,12,11
   Croatia, ASIA,1392,1279,807,742,585,537
   Croatia,  Central Asia,67,61,13,11,54,50
   Croatia,  Eastern Asia,529,490,242,223,287,267
   Croatia,  South-Eastern Asia,102,92,24,21,78,71
   Croatia,  Southern Asia,115,105,68,62,47,43
   Croatia,  Western Asia,579,531,460,425,119,106
   Croatia, EUROPE,548619,516312,253955,239444,294664,276868
   Croatia,  Eastern Europe,6455,6053,1576,1482,4879,4571
   Croatia,  Northern Europe,1678,1562,817,761,861,801
   Croatia,  Southern Europe,495580,466449,229123,216056,266457,250393
   Croatia,  Western Europe,44906,42248,22439,21145,22467,21103
   Croatia, LATIN AMERICA AND THE CARIBBEAN,776,717,300,278,476,439
   Croatia,  Caribbean,0,0,0,0,0,0
   Croatia,  Central America,39,36,16,15,23,21
   Croatia,  South America,737,681,284,263,453,418
   Croatia, NORTHERN AMERICA,2620,2462,1228,1156,1392,1306
   Croatia, OCEANIA ,1711,1606,809,761,902,845
   Croatia,  Australia and New Zealand,1711,1606,809,761,902,845
   Croatia,  Melanesia,0,0,0,0,0,0
   Croatia,  Micronesia,0,0,0,0,0,0
   Croatia,  Polynesia*,0,0,0,0,0,0
   Croatia,   Albania,173,160,76,70,97,90
   Croatia,   Algeria,56,50,27,24,29,26
   Croatia,   Argentina,200,186,76,71,124,115
   Croatia,   Australia*,1595,1499,754,710,841,789
   Croatia,   Austria,5148,4843,2598,2449,2550,2394
   Croatia,   Belarus,94,87,16,15,78,72
   Croatia,   Belgium,375,351,176,164,199,187
   Croatia,   Bolivia (Plurinational State of),32,29,19,17,13,12
   Croatia,   Bosnia and Herzegovina,404874,381100,190941,180053,213933,201047
   Croatia,   Brazil,193,180,67,63,126,117
   Croatia,   Bulgaria,305,285,98,91,207,194
   Croatia,   Canada,1004,943,477,449,527,494
   Croatia,   Chile,126,117,49,46,77,71
   Croatia,   China*,446,417,219,205,227,212
   Croatia,   Colombia,45,41,16,15,29,26
   Croatia,   Czechia,949,891,252,237,697,654
   Croatia,   Denmark*,102,95,52,48,50,47
   Croatia,   Egypt,247,232,113,107,134,125
   Croatia,   Estonia,20,17,7,5,13,12
   Croatia,   Finland*,39,36,14,13,25,23
   Croatia,   France*,1760,1655,842,793,918,862
   Croatia,   Germany,33774,31783,16910,15939,16864,15844
   Croatia,   Greece,147,136,71,66,76,70
   Croatia,   Hungary,1044,981,330,311,714,670
   Croatia,   India,67,61,41,37,26,24
   Croatia,   Indonesia,27,23,10,8,17,15
   Croatia,   Iran (Islamic Republic of),48,44,27,25,21,19
   Croatia,   Iraq,82,75,64,59,18,16
   Croatia,   Ireland,53,48,25,23,28,25
   Croatia,   Israel,55,49,37,33,18,16
   Croatia,   Italy,3140,2953,1604,1511,1536,1442
   Croatia,   Japan,56,50,14,11,42,39
   Croatia,   Jordan,68,62,60,55,8,7
   Croatia,   Kazakhstan,67,61,13,11,54,50
   Croatia,   Latvia,27,23,3,1,24,22
   Croatia,   Lebanon,65,60,50,47,15,13
   Croatia,   Libya,150,139,77,72,73,67
   Croatia,   Lithuania,26,23,5,4,21,19
   Croatia,   Luxembourg,31,27,12,10,19,17
   Croatia,   Mexico,39,36,16,15,23,21
   Croatia,   Montenegro,6181,5815,2886,2720,3295,3095
   Croatia,   Morocco,29,25,11,9,18,16
   Croatia,   Netherlands*,809,759,378,356,431,403
   Croatia,   New Zealand*,116,107,55,51,61,56
   Croatia,   Nigeria,29,25,17,14,12,11
   Croatia,   North Macedonia,10055,9462,4912,4631,5143,4831
   Croatia,   Norway*,113,104,57,53,56,51
   Croatia,   Peru,86,79,33,30,53,49
   Croatia,   Philippines,75,69,14,13,61,56
   Croatia,   Poland,737,691,148,140,589,551
   Croatia,   Portugal,50,46,27,25,23,21
   Croatia,   Republic of Korea,27,23,9,7,18,16
   Croatia,   Republic of Moldova*,114,105,13,11,101,94
   Croatia,   Romania,499,468,168,158,331,310
   Croatia,   Russian Federation,1311,1231,243,229,1068,1002
   Croatia,   Serbia*,51185,48170,21374,20157,29811,28013
   Croatia,   Slovakia,644,603,146,136,498,467
   Croatia,   Slovenia,19587,18432,7152,6748,12435,11684
   Croatia,   South Africa,203,189,94,89,109,100
   Croatia,   Spain*,188,175,80,75,108,100
   Croatia,   State of Palestine*,43,39,40,37,3,2
   Croatia,   Sudan,66,60,49,45,17,15
   Croatia,   Sweden,628,588,296,277,332,311
   Croatia,   Switzerland,3009,2830,1523,1434,1486,1396
   Croatia,   Syrian Arab Republic,180,167,157,146,23,21
   Croatia,   Turkey,86,79,52,48,34,31
   Croatia,   Ukraine*,758,711,162,154,596,557
   Croatia,   United Kingdom*,670,628,358,337,312,291
   Croatia,   United States of America*,1616,1519,751,707,865,812
   Croatia,   Venezuela (Bolivarian Republic of),55,49,24,21,31,28
   Croatia,   Zambia,46,42,27,25,19,17
   Croatia,Other,5149,4918,2959,2798,2190,2120
   Gibraltar*,WORLD,11065,11190,5591,5656,5474,5534
   Gibraltar*,  Sub-Saharan Africa,0,0,0,0,0,0
   Gibraltar*,  Northern Africa and Western Asia,996,1006,625,633,371,373
   Gibraltar*,  Central and Southern Asia,0,0,0,0,0,0
   Gibraltar*,  Eastern and South-Eastern Asia,0,0,0,0,0,0
   Gibraltar*,  Latin America and the Caribbean,0,0,0,0,0,0
   Gibraltar*,  Oceania (excluding Australia and New Zealand),0,0,0,0,0,0
   Gibraltar*,  Australia and New Zealand,0,0,0,0,0,0
   Gibraltar*,  Europe and Northern America,7745,7836,3779,3821,3966,4015
   Gibraltar*,  Developed regions,7745,7836,3779,3821,3966,4015
   Gibraltar*,  Less developed regions,996,1006,625,633,371,373
   Gibraltar*," Less developed regions, excluding least developed countries",996,1006,625,633,371,373
   Gibraltar*," Less developed regions, excluding China",996,1006,625,633,371,373
   Gibraltar*,  Least developed countries,0,0,0,0,0,0
   Gibraltar*,  Land-locked Developing Countries (LLDC),0,0,0,0,0,0
   Gibraltar*,  Small island developing States (SIDS),0,0,0,0,0,0
   Gibraltar*,  High-income countries,7745,7836,3779,3821,3966,4015
   Gibraltar*,  Middle-income countries,996,1006,625,633,371,373
   Gibraltar*, Upper-middle-income countries,0,0,0,0,0,0
   Gibraltar*, Lower-middle-income countries,996,1006,625,633,371,373
   Gibraltar*,  Low-income countries,0,0,0,0,0,0
   Gibraltar*, AFRICA,996,1006,625,633,371,373
   Gibraltar*,  Eastern Africa,0,0,0,0,0,0
   Gibraltar*,  Middle Africa,0,0,0,0,0,0
   Gibraltar*,  Northern Africa,996,1006,625,633,371,373
   Gibraltar*,  Southern Africa,0,0,0,0,0,0
   Gibraltar*,  Western Africa,0,0,0,0,0,0
   Gibraltar*, ASIA,0,0,0,0,0,0
   Gibraltar*,  Central Asia,0,0,0,0,0,0
   Gibraltar*,  Eastern Asia,0,0,0,0,0,0
   Gibraltar*,  South-Eastern Asia,0,0,0,0,0,0
   Gibraltar*,  Southern Asia,0,0,0,0,0,0
   Gibraltar*,  Western Asia,0,0,0,0,0,0
   Gibraltar*, EUROPE,7745,7836,3779,3821,3966,4015
   Gibraltar*,  Eastern Europe,0,0,0,0,0,0
   Gibraltar*,  Northern Europe,5673,5741,3012,3044,2661,2697
   Gibraltar*,  Southern Europe,2072,2095,767,777,1305,1318
   Gibraltar*,  Western Europe,0,0,0,0,0,0
   Gibraltar*, LATIN AMERICA AND THE CARIBBEAN,0,0,0,0,0,0
   Gibraltar*,  Caribbean,0,0,0,0,0,0
   Gibraltar*,  Central America,0,0,0,0,0,0
   Gibraltar*,  South America,0,0,0,0,0,0
   Gibraltar*, NORTHERN AMERICA,0,0,0,0,0,0
   Gibraltar*, OCEANIA ,0,0,0,0,0,0
   Gibraltar*,  Australia and New Zealand,0,0,0,0,0,0
   Gibraltar*,  Melanesia,0,0,0,0,0,0
   Gibraltar*,  Micronesia,0,0,0,0,0,0
   Gibraltar*,  Polynesia*,0,0,0,0,0,0
   Gibraltar*,   Morocco,996,1006,625,633,371,373
   Gibraltar*,   Spain*,2072,2095,767,777,1305,1318
   Gibraltar*,   United Kingdom*,5673,5741,3012,3044,2661,2697
   Gibraltar*,Other,2324,2348,1187,1202,1137,1146
   Greece,WORLD,1242924,1340456,570529,642639,672395,697817
   Greece,  Sub-Saharan Africa,19822,30114,9577,15251,10245,14863
   Greece,  Northern Africa and Western Asia,208129,260715,92104,125068,116025,135647
   Greece,  Central and Southern Asia,95759,109726,67276,57065,28483,52661
   Greece,  Eastern and South-Eastern Asia,14065,14429,4283,5064,9782,9365
   Greece,  Latin America and the Caribbean,7267,7384,2121,2502,5146,4882
   Greece,  Oceania (excluding Australia and New Zealand),725,730,430,455,295,275
   Greece,  Australia and New Zealand,20671,21129,8851,9840,11820,11289
   Greece,  Europe and Northern America,876486,896229,385887,427394,490599,468835
   Greece,  Developed regions,897664,917876,394841,437367,502823,480509
   Greece,  Less developed regions,345260,422580,175688,205272,169572,217308
   Greece," Less developed regions, excluding least developed countries",320767,356279,159096,171644,161671,184635
   Greece," Less developed regions, excluding China",341872,419118,173963,203398,167909,215720
   Greece,  Least developed countries,24493,66301,16592,33628,7901,32673
   Greece,  Land-locked Developing Countries (LLDC),72867,113904,29508,52833,43359,61071
   Greece,  Small island developing States (SIDS),2380,2379,909,1011,1471,1368
   Greece,  High-income countries,321703,328878,131006,146722,190697,182156
   Greece,  Middle-income countries,898623,907044,428588,443362,470035,463682
   Greece, Upper-middle-income countries,758196,790038,344986,387326,413210,402712
   Greece, Lower-middle-income countries,140427,117006,83602,56036,56825,60970
   Greece,  Low-income countries,22505,104441,10891,52508,11614,51933
   Greece, AFRICA,54326,64663,29290,35633,25036,29030
   Greece,  Eastern Africa,5779,9849,2460,4526,3319,5323
   Greece,  Middle Africa,2508,8200,1137,4100,1371,4100
   Greece,  Northern Africa,34504,34549,19713,20382,14791,14167
   Greece,  Southern Africa,6928,7074,2865,3200,4063,3874
   Greece,  Western Africa,4607,4991,3115,3425,1492,1566
   Greece, ASIA,283449,350321,143950,166815,139499,183506
   Greece,  Central Asia,35960,36752,15465,17181,20495,19571
   Greece,  Eastern Asia,4145,4231,1925,2116,2220,2115
   Greece,  South-Eastern Asia,9920,10198,2358,2948,7562,7250
   Greece,  Southern Asia,59799,72974,51811,39884,7988,33090
   Greece,  Western Asia,173625,226166,72391,104686,101234,121480
   Greece, EUROPE,841101,860065,371409,411196,469692,448869
   Greece,  Eastern Europe,226453,231467,75766,87543,150687,143924
   Greece,  Northern Europe,26901,27481,9673,11038,17228,16443
   Greece,  Southern Europe,451982,462350,228273,248409,223709,213941
   Greece,  Western Europe,135765,138767,57697,64206,78068,74561
   Greece, LATIN AMERICA AND THE CARIBBEAN,7267,7384,2121,2502,5146,4882
   Greece,  Caribbean,1151,1157,273,333,878,824
   Greece,  Central America,878,888,242,289,636,599
   Greece,  South America,5238,5339,1606,1880,3632,3459
   Greece, NORTHERN AMERICA,35385,36164,14478,16198,20907,19966
   Greece, OCEANIA ,21396,21859,9281,10295,12115,11564
   Greece,  Australia and New Zealand,20671,21129,8851,9840,11820,11289
   Greece,  Melanesia,73,71,69,69,4,2
   Greece,  Micronesia,186,189,151,157,35,32
   Greece,  Polynesia*,466,470,210,229,256,241
   Greece,   Afghanistan,5810,45293,2835,22835,2975,22458
   Greece,   Albania,436566,446614,222722,242083,213844,204531
   Greece,   Algeria,1099,407,932,205,167,202
   Greece,   American Samoa*,0,0,0,0,0,0
   Greece,   Andorra,3,1,2,1,1,0
   Greece,   Angola,8,11,4,7,4,4
   Greece,   Anguilla*,10,8,5,5,5,3
   Greece,   Antigua and Barbuda,29,29,16,18,13,11
   Greece,   Argentina,639,652,215,247,424,405
   Greece,   Armenia,14257,14571,5946,6632,8311,7939
   Greece,   Aruba*,0,0,0,0,0,0
   Greece,   Australia*,20182,20630,8690,9654,11492,10976
   Greece,   Austria,2247,2295,662,782,1585,1513
   Greece,   Azerbaijan*,504,515,184,210,320,305
   Greece,   Bahamas,21,20,10,11,11,9
   Greece,   Bahrain,22,21,14,15,8,6
   Greece,   Bangladesh,9791,2851,9172,1441,619,1410
   Greece,   Barbados,10,8,8,8,2,0
   Greece,   Belarus,1453,1485,326,409,1127,1076
   Greece,   Belgium,5112,5225,2005,2258,3107,2967
   Greece,   Belize,4,2,0,0,4,2
   Greece,   Benin,7,5,5,5,2,0
   Greece,   Bermuda*,7,5,4,4,3,1
   Greece,   Bhutan,1,0,1,0,0,0
   Greece,   Bolivia (Plurinational State of),22,21,10,11,12,10
   Greece,   Bosnia and Herzegovina,439,446,128,150,311,296
   Greece,   Botswana,7,5,3,3,4,2
   Greece,   Brazil,2211,2258,641,758,1570,1500
   Greece,   British Virgin Islands*,0,0,0,0,0,0
   Greece,   Bulgaria,72744,74359,24701,28470,48043,45889
   Greece,   Burkina Faso,24,35,12,18,12,17
   Greece,   Burundi,132,133,69,73,63,60
   Greece,   Cabo Verde,13,12,6,7,7,5
   Greece,   Cambodia,20,19,8,9,12,10
   Greece,   Cameroon,460,1545,233,783,227,762
   Greece,   Canada,12584,12862,5186,5796,7398,7066
   Greece,   Cayman Islands*,0,0,0,0,0,0
   Greece,   Central African Republic,392,399,189,207,203,192
   Greece,   Chad,17,16,7,8,10,8
   Greece,   Channel Islands*,1,0,0,0,1,0
   Greece,   Chile,366,372,123,141,243,231
   Greece,   China*,3388,3462,1725,1874,1663,1588
   Greece,"   China, Hong Kong SAR*",0,0,0,0,0,0
   Greece,   Colombia,397,404,83,104,314,300
   Greece,   Comoros,73,74,57,59,16,15
   Greece,   Congo,1410,1441,605,673,805,768
   Greece,   Cook Islands*,0,0,0,0,0,0
   Greece,   Costa Rica,37,37,5,7,32,30
   Greece,   Côte d'Ivoire,80,125,40,63,40,62
   Greece,   Croatia,427,435,117,140,310,295
   Greece,   Cuba,351,357,93,111,258,246
   Greece,   Cyprus*,21562,22039,9013,10053,12549,11986
   Greece,   Czechia,4420,4516,1612,1835,2808,2681
   Greece,   Dem. People's Republic of Korea,33,33,17,18,16,15
   Greece,   Democratic Republic of the Congo,208,4772,92,2412,116,2360
   Greece,   Denmark*,899,917,282,329,617,588
   Greece,   Djibouti,38,38,16,18,22,20
   Greece,   Dominica,17,16,0,0,17,16
   Greece,   Dominican Republic,564,575,82,116,482,459
   Greece,   Ecuador,83,85,15,22,68,63
   Greece,   Egypt,28209,28834,15367,16568,12842,12266
   Greece,   El Salvador,49,49,9,12,40,37
   Greece,   Equatorial Guinea,0,7,0,4,0,3
   Greece,   Eritrea,395,1333,193,674,202,659
   Greece,   Estonia,128,130,25,33,103,97
   Greece,   Eswatini,20,19,15,16,5,3
   Greece,   Ethiopia,2414,2466,702,832,1712,1634
   Greece,   Faroe Islands*,0,0,0,0,0,0
   Greece,   Fiji,0,0,0,0,0,0
   Greece,   Finland*,768,784,95,142,673,642
   Greece,   France*,6680,6826,2444,2780,4236,4046
   Greece,   French Guiana*,0,0,0,0,0,0
   Greece,   French Polynesia*,9,7,5,5,4,2
   Greece,   Gabon,7,5,2,2,5,3
   Greece,   Gambia,27,49,14,26,13,23
   Greece,   Georgia*,83218,85065,32424,36549,50794,48516
   Greece,   Germany,114110,116644,49846,55261,64264,61383
   Greece,   Ghana,595,608,427,448,168,160
   Greece,   Gibraltar*,4,2,3,2,1,0
   Greece,   Greenland*,2,0,1,0,1,0
   Greece,   Grenada,1,0,1,0,0,0
   Greece,   Guadeloupe*,0,0,0,0,0,0
   Greece,   Guam*,0,0,0,0,0,0
   Greece,   Guatemala,30,30,5,8,25,22
   Greece,   Guinea,54,176,27,90,27,86
   Greece,   Guinea-Bissau,2,0,1,0,1,0
   Greece,   Guyana,10,8,3,3,7,5
   Greece,   Haiti,37,37,15,17,22,20
   Greece,   Holy See*,0,0,0,0,0,0
   Greece,   Honduras,49,49,9,12,40,37
   Greece,   Hungary,1724,1761,530,621,1194,1140
   Greece,   Iceland,53,53,21,23,32,30
   Greece,   India,10130,10353,8096,8411,2034,1942
   Greece,   Indonesia,442,450,101,124,341,326
   Greece,   Iran (Islamic Republic of),1900,4684,1370,2364,530,2320
   Greece,   Iraq,4745,16897,2316,8518,2429,8379
   Greece,   Ireland,588,600,176,207,412,393
   Greece,   Isle of Man*,4,2,3,2,1,0
   Greece,   Israel,710,725,378,409,332,316
   Greece,   Italy,6289,6426,2504,2812,3785,3614
   Greece,   Jamaica,11,10,4,5,7,5
   Greece,   Japan,507,518,103,133,404,385
   Greece,   Jordan,810,827,598,625,212,202
   Greece,   Kazakhstan,26926,27523,11831,13106,15095,14417
   Greece,   Kenya,452,460,175,196,277,264
   Greece,   Kuwait,138,263,77,132,61,131
   Greece,   Kyrgyzstan,546,557,231,257,315,300
   Greece,   Lao People's Democratic Republic,40,40,19,21,21,19
   Greece,   Latvia,351,357,56,76,295,281
   Greece,   Lebanon,2047,2092,1145,1232,902,860
   Greece,   Lesotho,0,0,0,0,0,0
   Greece,   Liberia,30,30,17,19,13,11
   Greece,   Libya,639,652,372,399,267,253
   Greece,   Liechtenstein,9,7,3,3,6,4
   Greece,   Lithuania,543,554,61,95,482,459
   Greece,   Luxembourg,137,139,60,66,77,73
   Greece,   Madagascar,129,130,50,55,79,75
   Greece,   Malaysia*,61,61,26,29,35,32
   Greece,   Maldives,2,0,1,0,1,0
   Greece,   Mali,29,105,18,54,11,51
   Greece,   Malta,89,89,22,27,67,62
   Greece,   Marshall Islands,0,0,0,0,0,0
   Greece,   Mauritania,45,60,22,31,23,29
   Greece,   Mauritius*,37,37,5,7,32,30
   Greece,   Mexico,395,402,70,93,325,309
   Greece,   Monaco,44,43,22,23,22,20
   Greece,   Mongolia,7,5,4,4,3,1
   Greece,   Montserrat*,77,78,34,37,43,41
   Greece,   Morocco,2070,2114,1467,1539,603,575
   Greece,   Mozambique,63,63,24,27,39,36
   Greece,   Myanmar,24,95,12,49,12,46
   Greece,   Namibia,7,5,5,5,2,0
   Greece,   Nepal,49,66,37,34,12,32
   Greece,   Netherlands*,3737,3819,1209,1405,2528,2414
   Greece,   New Zealand*,489,499,161,186,328,313
   Greece,   Nicaragua,159,161,74,80,85,81
   Greece,   Niger,24,23,16,17,8,6
   Greece,   Nigeria,2851,2914,1804,1915,1047,999
   Greece,   North Macedonia,2164,2210,884,988,1280,1222
   Greece,   Northern Mariana Islands*,0,0,0,0,0,0
   Greece,   Norway*,515,525,162,190,353,335
   Greece,   Oman,4,2,2,2,2,0
   Greece,   Pakistan,31230,8823,29980,4435,1250,4388
   Greece,   Palau,186,189,151,157,35,32
   Greece,   Panama,155,158,70,77,85,81
   Greece,   Papua New Guinea,3,1,3,1,0,0
   Greece,   Paraguay,78,79,12,17,66,62
   Greece,   Peru,290,296,76,92,214,204
   Greece,   Philippines,8452,8638,1962,2440,6490,6198
   Greece,   Poland,15630,15975,5213,6026,10417,9949
   Greece,   Portugal,323,328,104,120,219,208
   Greece,   Puerto Rico*,0,0,0,0,0,0
   Greece,   Qatar,1100,1123,486,538,614,585
   Greece,   Republic of Korea,210,213,76,87,134,126
   Greece,   Republic of Moldova*,10027,10248,2683,3234,7344,7014
   Greece,   Réunion*,0,0,0,0,0,0
   Greece,   Romania,46098,47120,18825,21070,27273,26050
   Greece,   Russian Federation,54081,55281,18001,20819,36080,34462
   Greece,   Rwanda,96,97,75,78,21,19
   Greece,   Saint Helena*,3,1,3,1,0,0
   Greece,   Saint Kitts and Nevis,1,0,1,0,0,0
   Greece,   Saint Pierre and Miquelon*,0,0,0,0,0,0
   Greece,   Saint Vincent and the Grenadines,6,4,1,1,5,3
   Greece,   Samoa,447,455,199,218,248,237
   Greece,   San Marino,0,0,0,0,0,0
   Greece,   Sao Tome and Principe,6,4,5,4,1,0
   Greece,   Saudi Arabia,424,432,210,228,214,204
   Greece,   Senegal,638,651,583,600,55,51
   Greece,   Serbia*,4372,4467,1400,1629,2972,2838
   Greece,   Seychelles,24,23,2,3,22,20
   Greece,   Sierra Leone,174,176,114,119,60,57
   Greece,   Singapore,81,83,18,23,63,60
   Greece,   Slovakia,860,876,130,181,730,695
   Greece,   Slovenia,129,130,26,33,103,97
   Greece,   Solomon Islands,0,0,0,0,0,0
   Greece,   Somalia,739,3788,563,1920,176,1868
   Greece,   South Africa,6894,7045,2842,3176,4052,3869
   Greece,   Spain*,1177,1202,361,424,816,778
   Greece,   Sri Lanka,886,904,319,364,567,540
   Greece,   State of Palestine*,998,4286,913,2164,85,2122
   Greece,   Sudan,1850,1889,1082,1156,768,733
   Greece,   Suriname,8,6,2,2,6,4
   Greece,   Sweden,5408,5526,2076,2345,3332,3181
   Greece,   Switzerland,3689,3769,1446,1628,2243,2141
   Greece,   Syrian Arab Republic,9549,42861,4660,21609,4889,21252
   Greece,   Tajikistan,96,97,28,34,68,63
   Greece,   Thailand,376,383,28,52,348,331
   Greece,   Timor-Leste,215,217,88,96,127,121
   Greece,   Togo,11,21,6,12,5,9
   Greece,   Tokelau*,0,0,0,0,0,0
   Greece,   Trinidad and Tobago,16,15,3,4,13,11
   Greece,   Tunisia,634,647,491,511,143,136
   Greece,   Turkey,33420,34081,13963,15578,19457,18503
   Greece,   Turkmenistan,115,116,44,49,71,67
   Greece,   Tuvalu,10,8,6,6,4,2
   Greece,   Uganda,138,140,49,57,89,83
   Greece,   Ukraine*,19416,19846,3745,4878,15671,14968
   Greece,   United Arab Emirates,85,87,46,51,39,36
   Greece,   United Kingdom*,17643,18033,6716,7596,10927,10437
   Greece,   United Republic of Tanzania*,394,401,207,224,187,177
   Greece,   United States of America*,22792,23297,9287,10398,13505,12899
   Greece,   United States Virgin Islands*,0,0,0,0,0,0
   Greece,   Uruguay,111,112,41,46,70,66
   Greece,   Uzbekistan,8277,8459,3331,3735,4946,4724
   Greece,   Vanuatu,70,70,66,68,4,2
   Greece,   Venezuela (Bolivarian Republic of),1023,1046,385,437,638,609
   Greece,   Viet Nam,209,212,96,105,113,107
   Greece,   Wallis and Futuna Islands*,0,0,0,0,0,0
   Greece,   Western Sahara,3,6,2,4,1,2
   Greece,   Yemen,32,279,16,141,16,138
   Greece,   Zambia,237,241,98,109,139,132
   Greece,   Zimbabwe,418,425,175,194,243,231
   Holy See*,WORLD,790,809,376,372,414,437
   Holy See*,  Sub-Saharan Africa,0,0,0,0,0,0
   Holy See*,  Northern Africa and Western Asia,0,0,0,0,0,0
   Holy See*,  Central and Southern Asia,0,0,0,0,0,0
   Holy See*,  Eastern and South-Eastern Asia,0,0,0,0,0,0
   Holy See*,  Latin America and the Caribbean,0,0,0,0,0,0
   Holy See*,  Oceania (excluding Australia and New Zealand),0,0,0,0,0,0
   Holy See*,  Australia and New Zealand,0,0,0,0,0,0
   Holy See*,  Europe and Northern America,0,0,0,0,0,0
   Holy See*,  Developed regions,0,0,0,0,0,0
   Holy See*,  Less developed regions,0,0,0,0,0,0
   Holy See*," Less developed regions, excluding least developed countries",0,0,0,0,0,0
   Holy See*," Less developed regions, excluding China",0,0,0,0,0,0
   Holy See*,  Least developed countries,0,0,0,0,0,0
   Holy See*,  Land-locked Developing Countries (LLDC),0,0,0,0,0,0
   Holy See*,  Small island developing States (SIDS),0,0,0,0,0,0
   Holy See*,  High-income countries,0,0,0,0,0,0
   Holy See*,  Middle-income countries,0,0,0,0,0,0
   Holy See*, Upper-middle-income countries,0,0,0,0,0,0
   Holy See*, Lower-middle-income countries,0,0,0,0,0,0
   Holy See*,  Low-income countries,0,0,0,0,0,0
   Holy See*, AFRICA,0,0,0,0,0,0
   Holy See*,  Eastern Africa,0,0,0,0,0,0
   Holy See*,  Middle Africa,0,0,0,0,0,0
   Holy See*,  Northern Africa,0,0,0,0,0,0
   Holy See*,  Southern Africa,0,0,0,0,0,0
   Holy See*,  Western Africa,0,0,0,0,0,0
   Holy See*, ASIA,0,0,0,0,0,0
   Holy See*,  Central Asia,0,0,0,0,0,0
   Holy See*,  Eastern Asia,0,0,0,0,0,0
   Holy See*,  South-Eastern Asia,0,0,0,0,0,0
   Holy See*,  Southern Asia,0,0,0,0,0,0
   Holy See*,  Western Asia,0,0,0,0,0,0
   Holy See*, EUROPE,0,0,0,0,0,0
   Holy See*,  Eastern Europe,0,0,0,0,0,0
   Holy See*,  Northern Europe,0,0,0,0,0,0
   Holy See*,  Southern Europe,0,0,0,0,0,0
   Holy See*,  Western Europe,0,0,0,0,0,0
   Holy See*, LATIN AMERICA AND THE CARIBBEAN,0,0,0,0,0,0
   Holy See*,  Caribbean,0,0,0,0,0,0
   Holy See*,  Central America,0,0,0,0,0,0
   Holy See*,  South America,0,0,0,0,0,0
   Holy See*, NORTHERN AMERICA,0,0,0,0,0,0
   Holy See*, OCEANIA ,0,0,0,0,0,0
   Holy See*,  Australia and New Zealand,0,0,0,0,0,0
   Holy See*,  Melanesia,0,0,0,0,0,0
   Holy See*,  Micronesia,0,0,0,0,0,0
   Holy See*,  Polynesia*,0,0,0,0,0,0
   Holy See*,Other,790,809,376,372,414,437
   Italy,WORLD,5805328,6386998,2637798,2965914,3167530,3421084
   Italy,  Sub-Saharan Africa,383970,523749,231248,346286,152722,177463
   Italy,  Northern Africa and Western Asia,758986,823879,439859,471013,319127,352866
   Italy,  Central and Southern Asia,457898,573098,294152,372686,163746,200412
   Italy,  Eastern and South-Eastern Asia,376158,423481,165602,186719,210556,236762
   Italy,  Latin America and the Caribbean,599145,669633,220149,252829,378996,416804
   Italy,  Oceania (excluding Australia and New Zealand),772,200,263,69,509,131
   Italy,  Australia and New Zealand,20172,20831,8845,9202,11327,11629
   Italy,  Europe and Northern America,3207446,3350457,1277574,1326517,1929872,2023940
   Italy,  Developed regions,3235715,3380255,1288718,1338326,1946997,2041929
   Italy,  Less developed regions,2568832,3005073,1348974,1626995,1219858,1378078
   Italy," Less developed regions, excluding least developed countries",2227656,2559301,1109263,1298548,1118393,1260753
   Italy," Less developed regions, excluding China",2369215,2771735,1249426,1511867,1119789,1259868
   Italy,  Least developed countries,341176,445772,239711,328447,101465,117325
   Italy,  Land-locked Developing Countries (LLDC),348955,386955,152942,175057,196013,211898
   Italy,  Small island developing States (SIDS),96953,108455,28282,33546,68671,74909
   Italy,  High-income countries,2097553,2149291,838271,854453,1259282,1294838
   Italy,  Middle-income countries,3563644,4044010,1706600,1974343,1857044,2069667
   Italy, Upper-middle-income countries,1654767,1813907,721594,791469,933173,1022438
   Italy, Lower-middle-income countries,1908877,2230103,985006,1182874,923871,1047229
   Italy,  Low-income countries,143052,191861,92715,136460,50337,55401
   Italy, AFRICA,1075996,1272639,637776,778923,438220,493716
   Italy,  Eastern Africa,79992,83749,37519,38621,42473,45128
   Italy,  Middle Africa,23691,29221,11907,15208,11784,14013
   Italy,  Northern Africa,692026,748890,406528,432637,285498,316253
   Italy,  Southern Africa,5856,6056,2475,2601,3381,3455
   Italy,  Western Africa,274431,404723,179347,289856,95084,114867
   Italy, ASIA,901016,1071568,493085,597781,407931,473787
   Italy,  Central Asia,8382,10027,1417,1706,6965,8321
   Italy,  Eastern Asia,211904,247308,103424,119665,108480,127643
   Italy,  South-Eastern Asia,164254,176173,62178,67054,102076,109119
   Italy,  Southern Asia,449516,563071,292735,370980,156781,192091
   Italy,  Western Asia,66960,74989,33331,38376,33629,36613
   Italy, EUROPE,3132024,3271244,1244724,1291667,1887300,1979577
   Italy,  Eastern Europe,1720367,1797252,600314,613992,1120053,1183260
   Italy,  Northern Europe,89243,96098,33155,36802,56088,59296
   Italy,  Southern Europe,708263,763669,348109,376100,360154,387569
   Italy,  Western Europe,614151,614225,263146,264773,351005,349452
   Italy, LATIN AMERICA AND THE CARIBBEAN,599145,669633,220149,252829,378996,416804
   Italy,  Caribbean,78231,88468,21462,25181,56769,63287
   Italy,  Central America,29982,36290,9729,12425,20253,23865
   Italy,  South America,490932,544875,188958,215223,301974,329652
   Italy, NORTHERN AMERICA,75422,79213,32850,34850,42572,44363
   Italy, OCEANIA ,20944,21031,9108,9271,11836,11760
   Italy,  Australia and New Zealand,20172,20831,8845,9202,11327,11629
   Italy,  Melanesia,677,105,226,33,451,72
   Italy,  Micronesia,17,10,5,1,12,9
   Italy,  Polynesia*,78,85,32,35,46,50
   Italy,   Afghanistan,14893,18689,13985,17187,908,1502
   Italy,   Albania,444887,486187,227638,244913,217249,241274
   Italy,   Algeria,21908,22363,13832,13976,8076,8387
   Italy,   Andorra,106,44,29,14,77,30
   Italy,   Angola,1813,1917,842,892,971,1025
   Italy,   Antigua and Barbuda,793,22,268,7,525,15
   Italy,   Argentina,69876,72321,32012,33725,37864,38596
   Italy,   Armenia,1354,1847,495,690,859,1157
   Italy,   Australia*,19313,19897,8474,8779,10839,11118
   Italy,   Austria,15729,15672,4732,4887,10997,10785
   Italy,   Azerbaijan*,698,930,206,296,492,634
   Italy,   Bahamas,260,88,95,39,165,49
   Italy,   Bahrain,293,72,161,37,132,35
   Italy,   Bangladesh,105084,135468,77559,102065,27525,33403
   Italy,   Barbados,143,52,51,22,92,30
   Italy,   Belarus,31350,13321,16224,2842,15126,10479
   Italy,   Belgium,45287,45918,19411,19818,25876,26100
   Italy,   Belize,56,38,26,25,30,13
   Italy,   Benin,2529,3254,1517,2108,1012,1146
   Italy,   Bhutan,39,30,25,18,14,12
   Italy,   Bolivia (Plurinational State of),15605,15580,5632,5726,9973,9854
   Italy,   Bosnia and Herzegovina,11317,29487,2343,15120,8974,14367
   Italy,   Botswana,46,54,23,32,23,22
   Italy,   Brazil,99588,133398,33745,50050,65843,83348
   Italy,   Brunei Darussalam,33,36,15,13,18,23
   Italy,   Bulgaria,57017,61805,19430,21223,37587,40582
   Italy,   Burkina Faso,11670,13683,8104,9716,3566,3967
   Italy,   Burundi,1006,1216,429,532,577,684
   Italy,   Cabo Verde,6054,6366,1456,1603,4598,4763
   Italy,   Cambodia,1315,1385,768,788,547,597
   Italy,   Cameroon,11285,15613,5710,8321,5575,7292
   Italy,   Canada,24556,25202,10939,11278,13617,13924
   Italy,   Central African Republic,223,290,126,177,97,113
   Italy,   Chad,526,578,400,437,126,141
   Italy,   Chile,12093,12721,5011,5333,7082,7388
   Italy,   China*,199617,233338,99548,115128,100069,118210
   Italy,   Colombia,38713,41466,13506,14679,25207,26787
   Italy,   Comoros,29,24,11,11,18,13
   Italy,   Congo,3295,3163,1687,1636,1608,1527
   Italy,   Costa Rica,1473,1658,558,642,915,1016
   Italy,   Côte d'Ivoire,25082,36256,14556,24130,10526,12126
   Italy,   Croatia,23478,22130,9828,9158,13650,12972
   Italy,   Cuba,33612,38532,7766,9329,25846,29203
   Italy,   Cyprus*,602,440,259,181,343,259
   Italy,   Czechia,10365,9536,1873,1740,8492,7796
   Italy,   Dem. People's Republic of Korea,110,82,54,53,56,29
   Italy,   Democratic Republic of the Congo,5988,6874,2881,3375,3107,3499
   Italy,   Denmark*,3032,3186,1000,1125,2032,2061
   Italy,   Djibouti,85,77,34,30,51,47
   Italy,   Dominica,295,198,79,52,216,146
   Italy,   Dominican Republic,41853,48083,12741,15150,29112,32933
   Italy,   Ecuador,84195,83168,32488,32225,51707,50943
   Italy,   Egypt,108497,128857,76634,88721,31863,40136
   Italy,   El Salvador,13021,16672,4417,6164,8604,10508
   Italy,   Equatorial Guinea,119,176,50,82,69,94
   Italy,   Eritrea,13529,16375,7407,7952,6122,8423
   Italy,   Estonia,1403,1535,230,247,1173,1288
   Italy,   Eswatini,30,49,11,19,19,30
   Italy,   Ethiopia,29434,28171,12328,11889,17106,16282
   Italy,   Fiji,38,39,12,11,26,28
   Italy,   Finland*,2675,2819,538,625,2137,2194
   Italy,   France*,127459,128283,49779,50898,77680,77385
   Italy,   Gabon,371,529,193,264,178,265
   Italy,   Gambia,9992,23086,9168,22470,824,616
   Italy,   Georgia*,13336,15813,1787,2643,11549,13170
   Italy,   Germany,213522,211223,92367,91648,121155,119575
   Italy,   Ghana,46084,54680,28318,36597,17766,18083
   Italy,   Greece,16959,17196,8039,8292,8920,8904
   Italy,   Grenada,15,12,3,3,12,9
   Italy,   Guatemala,2114,2330,790,885,1324,1445
   Italy,   Guinea,4059,13677,2814,12090,1245,1587
   Italy,   Guinea-Bissau,862,2721,599,2412,263,309
   Italy,   Guyana,73,72,17,14,56,58
   Italy,   Haiti,712,871,266,365,446,506
   Italy,   Holy See*,298,166,106,65,192,101
   Italy,   Honduras,2475,3225,652,925,1823,2300
   Italy,   Hungary,12625,13413,3085,3358,9540,10055
   Italy,   Iceland,183,204,61,69,122,135
   Italy,   India,138591,167272,83611,99085,54980,68187
   Italy,   Indonesia,3150,3734,634,738,2516,2996
   Italy,   Iran (Islamic Republic of),14869,18529,8149,9821,6720,8708
   Italy,   Iraq,3899,7928,2900,6043,999,1885
   Italy,   Ireland,3513,3796,1470,1627,2043,2169
   Italy,   Israel,3690,4107,2172,2374,1518,1733
   Italy,   Jamaica,344,397,132,154,212,243
   Italy,   Japan,8097,8967,2299,2607,5798,6360
   Italy,   Jordan,2902,3058,2059,2100,843,958
   Italy,   Kazakhstan,4028,4810,644,772,3384,4038
   Italy,   Kenya,3650,4275,1442,1631,2208,2644
   Italy,   Kiribati,5,3,2,0,3,3
   Italy,   Kuwait,536,632,317,374,219,258
   Italy,   Kyrgyzstan,1418,1944,229,344,1189,1600
   Italy,   Lao People's Democratic Republic,250,251,114,108,136,143
   Italy,   Latvia,3214,3688,642,799,2572,2889
   Italy,   Lebanon,6920,7685,4333,4820,2587,2865
   Italy,   Lesotho,24,30,12,15,12,15
   Italy,   Liberia,1802,1725,1475,1412,327,313
   Italy,   Libya,34955,34542,16733,16778,18222,17764
   Italy,   Liechtenstein,113,110,56,50,57,60
   Italy,   Lithuania,5640,6317,1259,1442,4381,4875
   Italy,   Luxembourg,4700,4648,2099,2096,2601,2552
   Italy,   Madagascar,2334,2700,685,786,1649,1914
   Italy,   Malawi,168,194,74,80,94,114
   Italy,   Malaysia*,608,677,249,256,359,421
   Italy,   Maldives,33,35,26,26,7,9
   Italy,   Mali,12237,21057,11195,20236,1042,821
   Italy,   Malta,1852,1984,489,572,1363,1412
   Italy,   Marshall Islands,1,0,0,0,1,0
   Italy,   Mauritania,695,849,540,668,155,181
   Italy,   Mauritius*,8860,8680,3818,3707,5042,4973
   Italy,   Mexico,8533,9884,2603,3035,5930,6849
   Italy,   Monaco,1295,1589,597,736,698,853
   Italy,   Mongolia,291,314,83,90,208,224
   Italy,   Montenegro,2334,2240,1055,953,1279,1287
   Italy,   Morocco,422481,451960,233889,244128,188592,207832
   Italy,   Mozambique,1428,922,671,332,757,590
   Italy,   Myanmar,451,437,163,143,288,294
   Italy,   Namibia,85,89,43,43,42,46
   Italy,   Nauru,6,2,1,0,5,2
   Italy,   Nepal,1878,2437,1077,1416,801,1021
   Italy,   Netherlands*,12747,13214,4867,5095,7880,8119
   Italy,   New Zealand*,859,934,371,423,488,511
   Italy,   Nicaragua,1190,1381,373,444,817,937
   Italy,   Niger,968,1465,748,1251,220,214
   Italy,   Nigeria,58257,103462,27618,61302,30639,42160
   Italy,   North Macedonia,72425,68840,39711,37476,32714,31364
   Italy,   Norway*,1646,1825,602,698,1044,1127
   Italy,   Oman,53,68,23,30,30,38
   Italy,   Pakistan,89137,124800,60993,89557,28144,35243
   Italy,   Palau,5,5,2,1,3,4
   Italy,   Panama,1120,1102,310,305,810,797
   Italy,   Papua New Guinea,615,38,209,15,406,23
   Italy,   Paraguay,2642,2886,785,863,1857,2023
   Italy,   Peru,112799,116408,42545,44327,70254,72081
   Italy,   Philippines,142694,151520,56418,60650,86276,90870
   Italy,   Poland,114517,113874,26503,26086,88014,87788
   Italy,   Portugal,6201,6735,2082,2421,4119,4314
   Italy,   Qatar,457,147,173,72,284,75
   Italy,   Republic of Korea,3789,4607,1440,1787,2349,2820
   Italy,   Republic of Moldova*,170699,194480,54405,63356,116294,131124
   Italy,   Romania,1012177,1048862,413169,419319,599008,629543
   Italy,   Russian Federation,79001,82890,17434,19227,61567,63663
   Italy,   Rwanda,772,862,343,384,429,478
   Italy,   Saint Kitts and Nevis,4,4,1,1,3,3
   Italy,   Saint Lucia,20,23,11,10,9,13
   Italy,   Saint Vincent and the Grenadines,19,14,7,4,12,10
   Italy,   Samoa,55,63,22,26,33,37
   Italy,   San Marino,3242,1932,1077,779,2165,1153
   Italy,   Sao Tome and Principe,71,81,18,24,53,57
   Italy,   Saudi Arabia,968,1237,511,661,457,576
   Italy,   Senegal,87688,113444,67178,87625,20510,25819
   Italy,   Serbia*,89708,86911,44820,43214,44888,43697
   Italy,   Seychelles,928,940,188,199,740,741
   Italy,   Sierra Leone,1367,2451,818,1811,549,640
   Italy,   Singapore,551,641,180,211,371,430
   Italy,   Slovakia,10603,10611,2597,2404,8006,8207
   Italy,   Slovenia,4559,4693,1811,1815,2748,2878
   Italy,   Solomon Islands,3,7,0,3,3,4
   Italy,   Somalia,13484,14473,8209,8948,5275,5525
   Italy,   South Africa,5671,5834,2386,2492,3285,3342
   Italy,   South Sudan,29,41,18,29,11,12
   Italy,   Spain*,30897,35124,9081,11308,21816,23816
   Italy,   Sri Lanka,84992,95811,47310,51805,37682,44006
   Italy,   State of Palestine*,5009,1176,2564,900,2445,276
   Italy,   Sudan,2851,3039,2193,2311,658,728
   Italy,   Suriname,41,40,13,14,28,26
   Italy,   Sweden,6265,6228,1967,2044,4298,4184
   Italy,   Switzerland,193299,193568,89238,89545,104061,104023
   Italy,   Syrian Arab Republic,6105,8276,3888,5037,2217,3239
   Italy,   Tajikistan,202,264,47,54,155,210
   Italy,   Thailand,9827,11338,1309,1592,8518,9746
   Italy,   Timor-Leste,99,77,44,13,55,64
   Italy,   Togo,5085,6547,3243,4425,1842,2122
   Italy,   Tonga,18,21,7,9,11,12
   Italy,   Trinidad and Tobago,161,172,42,45,119,127
   Italy,   Tunisia,101334,108129,63247,66723,38087,41406
   Italy,   Turkey,19499,20513,11146,11539,8353,8974
   Italy,   Turkmenistan,225,283,35,47,190,236
   Italy,   Tuvalu,5,1,3,0,2,1
   Italy,   Uganda,950,1137,401,484,549,653
   Italy,   Ukraine*,222013,248460,45594,54437,176419,194023
   Italy,   United Arab Emirates,373,665,191,354,182,311
   Italy,   United Kingdom*,61672,66500,25386,28126,36286,38374
   Italy,   United Republic of Tanzania*,1590,1845,666,783,924,1062
   Italy,   United States of America*,50866,54011,21911,23572,28955,30439
   Italy,   Uruguay,7169,7383,3084,3200,4085,4183
   Italy,   Uzbekistan,2509,2726,462,489,2047,2237
   Italy,   Vanuatu,21,21,5,4,16,17
   Italy,   Venezuela (Bolivarian Republic of),48138,59432,20120,25067,28018,34365
   Italy,   Viet Nam,5276,6077,2284,2542,2992,3535
   Italy,   Yemen,266,395,146,225,120,170
   Italy,   Zambia,867,895,407,417,460,478
   Italy,   Zimbabwe,849,922,388,427,461,495
   Italy,Other,781,1670,106,593,675,1077
   Malta,WORLD,52642,114760,28332,66055,24310,48705
   Malta,  Sub-Saharan Africa,4236,9219,2345,5439,1891,3780
   Malta,  Northern Africa and Western Asia,5844,12697,3258,7536,2586,5161
   Malta,  Central and Southern Asia,719,1554,430,983,289,571
   Malta,  Eastern and South-Eastern Asia,1495,3242,503,1261,992,1981
   Malta,  Latin America and the Caribbean,202,431,104,239,98,192
   Malta,  Oceania (excluding Australia and New Zealand),0,0,0,0,0,0
   Malta,  Australia and New Zealand,6065,13218,3089,7258,2976,5960
   Malta,  Europe and Northern America,31699,69210,16919,39546,14780,29664
   Malta,  Developed regions,37826,82562,20025,46848,17801,35714
   Malta,  Less developed regions,12434,27009,6623,15414,5811,11595
   Malta," Less developed regions, excluding least developed countries",8900,19315,4780,11102,4120,8213
   Malta," Less developed regions, excluding China",11939,25933,6394,14869,5545,11064
   Malta,  Least developed countries,3534,7694,1843,4312,1691,3382
   Malta,  Land-locked Developing Countries (LLDC),728,1573,411,947,317,626
   Malta,  Small island developing States (SIDS),59,124,36,79,23,45
   Malta,  High-income countries,33950,74118,18227,42564,15723,31554
   Malta,  Middle-income countries,11299,24539,5827,13620,5472,10919
   Malta, Upper-middle-income countries,7322,15907,3747,8769,3575,7138
   Malta, Lower-middle-income countries,3977,8632,2080,4851,1897,3781
   Malta,  Low-income countries,5011,10914,2594,6078,2417,4836
   Malta, AFRICA,7642,16629,4206,9762,3436,6867
   Malta,  Eastern Africa,3380,7360,1743,4085,1637,3275
   Malta,  Middle Africa,0,0,0,0,0,0
   Malta,  Northern Africa,3406,7410,1861,4323,1545,3087
   Malta,  Southern Africa,241,523,131,304,110,219
   Malta,  Western Africa,615,1336,471,1050,144,286
   Malta, ASIA,4652,10083,2330,5457,2322,4626
   Malta,  Central Asia,27,56,8,20,19,36
   Malta,  Eastern Asia,557,1210,246,589,311,621
   Malta,  South-Eastern Asia,938,2032,257,672,681,1360
   Malta,  Southern Asia,692,1498,422,963,270,535
   Malta,  Western Asia,2438,5287,1397,3213,1041,2074
   Malta, EUROPE,27592,60261,14722,34422,12870,25839
   Malta,  Eastern Europe,4759,10352,1995,4824,2764,5528
   Malta,  Northern Europe,15931,34899,8493,19914,7438,14985
   Malta,  Southern Europe,3828,8323,2585,5844,1243,2479
   Malta,  Western Europe,3074,6687,1649,3840,1425,2847
   Malta, LATIN AMERICA AND THE CARIBBEAN,202,431,104,239,98,192
   Malta,  Caribbean,17,35,9,20,8,15
   Malta,  Central America,0,0,0,0,0,0
   Malta,  South America,185,396,95,219,90,177
   Malta, NORTHERN AMERICA,4107,8949,2197,5124,1910,3825
   Malta, OCEANIA ,6065,13218,3089,7258,2976,5960
   Malta,  Australia and New Zealand,6065,13218,3089,7258,2976,5960
   Malta,  Melanesia,0,0,0,0,0,0
   Malta,  Micronesia,0,0,0,0,0,0
   Malta,  Polynesia*,0,0,0,0,0,0
   Malta,   Albania,106,229,52,122,54,107
   Malta,   Algeria,72,155,53,119,19,36
   Malta,   Argentina,14,28,13,27,1,1
   Malta,   Armenia,38,81,17,41,21,40
   Malta,   Australia*,6006,13091,3053,7176,2953,5915
   Malta,   Austria,153,331,83,192,70,139
   Malta,   Bangladesh,11,22,6,13,5,9
   Malta,   Belarus,9,18,5,11,4,7
   Malta,   Belgium,230,500,141,323,89,177
   Malta,   Bosnia and Herzegovina,227,494,157,355,70,139
   Malta,   Brazil,133,287,67,156,66,131
   Malta,   Bulgaria,1253,2729,647,1516,606,1213
   Malta,   Canada,2440,5317,1285,3004,1155,2313
   Malta,   China*,495,1076,229,545,266,531
   Malta,   Croatia,101,217,63,142,38,75
   Malta,   Cyprus*,61,131,38,86,23,45
   Malta,   Czechia,112,242,42,103,70,139
   Malta,   Denmark*,181,393,111,254,70,139
   Malta,   Egypt,648,1410,460,1035,188,375
   Malta,   Eritrea,929,2023,473,1111,456,912
   Malta,   Ethiopia,475,1034,262,608,213,426
   Malta,   Finland*,109,234,43,103,66,131
   Malta,   France*,596,1296,313,730,283,566
   Malta,   Georgia*,55,116,28,63,27,53
   Malta,   Germany,1363,2969,692,1626,671,1343
   Malta,   Ghana,93,201,83,181,10,20
   Malta,   Greece,106,229,77,171,29,58
   Malta,   Hungary,199,431,79,191,120,240
   Malta,   India,364,791,251,565,113,226
   Malta,   Indonesia,30,63,16,36,14,27
   Malta,   Iran (Islamic Republic of),41,87,22,51,19,36
   Malta,   Iraq,114,246,80,175,34,71
   Malta,   Ireland,377,819,185,436,192,383
   Malta,   Israel,15,31,12,27,3,4
   Malta,   Italy,2166,4720,1529,3446,637,1274
   Malta,   Japan,62,134,17,44,45,90
   Malta,   Jordan,54,115,47,102,7,13
   Malta,   Kenya,45,96,18,43,27,53
   Malta,   Kuwait,79,170,55,123,24,47
   Malta,   Latvia,106,229,56,129,50,100
   Malta,   Lebanon,89,191,65,144,24,47
   Malta,   Libya,1745,3801,887,2083,858,1718
   Malta,   Lithuania,61,131,20,51,41,80
   Malta,   Malaysia*,54,115,23,54,31,61
   Malta,   Morocco,309,671,97,247,212,424
   Malta,   Netherlands*,589,1282,340,784,249,498
   Malta,   New Zealand*,59,127,36,82,23,45
   Malta,   Niger,51,110,50,109,1,1
   Malta,   Nigeria,471,1025,338,760,133,265
   Malta,   North Macedonia,41,87,30,66,11,21
   Malta,   Norway*,91,196,68,151,23,45
   Malta,   Pakistan,253,549,128,300,125,249
   Malta,   Peru,38,81,15,36,23,45
   Malta,   Philippines,664,1445,157,430,507,1015
   Malta,   Poland,344,749,132,325,212,424
   Malta,   Portugal,79,170,47,107,32,63
   Malta,   Republic of Moldova*,47,99,11,28,36,71
   Malta,   Romania,940,2046,448,1061,492,985
   Malta,   Russian Federation,1315,2865,457,1147,858,1718
   Malta,   Saudi Arabia,36,77,20,46,16,31
   Malta,   Serbia*,764,1663,501,1137,263,526
   Malta,   Singapore,42,89,27,59,15,30
   Malta,   Slovakia,141,305,50,124,91,181
   Malta,   Slovenia,29,61,17,38,12,23
   Malta,   Somalia,1882,4101,957,2248,925,1853
   Malta,   South Africa,241,523,131,304,110,219
   Malta,   Spain*,209,453,112,260,97,193
   Malta,   Sri Lanka,23,49,15,34,8,15
   Malta,   State of Palestine*,56,120,29,67,27,53
   Malta,   Sudan,186,404,95,223,91,181
   Malta,   Sweden,645,1403,397,907,248,496
   Malta,   Switzerland,143,309,80,185,63,124
   Malta,   Syrian Arab Republic,1488,3242,757,1779,731,1463
   Malta,   Thailand,148,320,34,93,114,227
   Malta,   Trinidad and Tobago,17,35,9,20,8,15
   Malta,   Tunisia,446,969,269,616,177,353
   Malta,   Turkey,318,692,224,505,94,187
   Malta,   Ukraine*,399,868,124,318,275,550
   Malta,   United Arab Emirates,35,75,25,55,10,20
   Malta,   United Kingdom*,14361,31494,7613,17883,6748,13611
   Malta,   United States of America*,1667,3632,912,2120,755,1512
   Malta,   Uzbekistan,27,56,8,20,19,36
   Malta,   Zimbabwe,49,106,33,75,16,31
   Malta,Other,2382,5189,1684,3793,698,1396
   Montenegro,WORLD,71719,70999,28178,27995,43541,43004
   Montenegro,  Sub-Saharan Africa,0,0,0,0,0,0
   Montenegro,  Northern Africa and Western Asia,87,86,4,5,83,81
   Montenegro,  Central and Southern Asia,0,0,0,0,0,0
   Montenegro,  Eastern and South-Eastern Asia,0,0,0,0,0,0
   Montenegro,  Latin America and the Caribbean,0,0,0,0,0,0
   Montenegro,  Oceania (excluding Australia and New Zealand),0,0,0,0,0,0
   Montenegro,  Australia and New Zealand,137,136,45,46,92,90
   Montenegro,  Europe and Northern America,70522,69803,27652,27463,42870,42340
   Montenegro,  Developed regions,70659,69939,27697,27509,42962,42430
   Montenegro,  Less developed regions,87,86,4,5,83,81
   Montenegro," Less developed regions, excluding least developed countries",87,86,4,5,83,81
   Montenegro," Less developed regions, excluding China",87,86,4,5,83,81
   Montenegro,  Least developed countries,0,0,0,0,0,0
   Montenegro,  Land-locked Developing Countries (LLDC),3317,3329,1372,1387,1945,1942
   Montenegro,  Small island developing States (SIDS),0,0,0,0,0,0
   Montenegro,  High-income countries,21714,21746,7848,7943,13866,13803
   Montenegro,  Middle-income countries,49032,48279,19853,19571,29179,28708
   Montenegro, Upper-middle-income countries,48882,48139,19757,19479,29125,28660
   Montenegro, Lower-middle-income countries,150,140,96,92,54,48
   Montenegro,  Low-income countries,0,0,0,0,0,0
   Montenegro, AFRICA,0,0,0,0,0,0
   Montenegro,  Eastern Africa,0,0,0,0,0,0
   Montenegro,  Middle Africa,0,0,0,0,0,0
   Montenegro,  Northern Africa,0,0,0,0,0,0
   Montenegro,  Southern Africa,0,0,0,0,0,0
   Montenegro,  Western Africa,0,0,0,0,0,0
   Montenegro, ASIA,87,86,4,5,83,81
   Montenegro,  Central Asia,0,0,0,0,0,0
   Montenegro,  Eastern Asia,0,0,0,0,0,0
   Montenegro,  South-Eastern Asia,0,0,0,0,0,0
   Montenegro,  Southern Asia,0,0,0,0,0,0
   Montenegro,  Western Asia,87,86,4,5,83,81
   Montenegro, EUROPE,70136,69418,27573,27381,42563,42037
   Montenegro,  Eastern Europe,1579,1565,822,828,757,737
   Montenegro,  Northern Europe,351,348,94,97,257,251
   Montenegro,  Southern Europe,65160,64457,25739,25523,39421,38934
   Montenegro,  Western Europe,3046,3048,918,933,2128,2115
   Montenegro, LATIN AMERICA AND THE CARIBBEAN,0,0,0,0,0,0
   Montenegro,  Caribbean,0,0,0,0,0,0
   Montenegro,  Central America,0,0,0,0,0,0
   Montenegro,  South America,0,0,0,0,0,0
   Montenegro, NORTHERN AMERICA,386,385,79,82,307,303
   Montenegro, OCEANIA ,137,136,45,46,92,90
   Montenegro,  Australia and New Zealand,137,136,45,46,92,90
   Montenegro,  Melanesia,0,0,0,0,0,0
   Montenegro,  Micronesia,0,0,0,0,0,0
   Montenegro,  Polynesia*,0,0,0,0,0,0
   Montenegro,   Albania,2754,2763,1143,1154,1611,1609
   Montenegro,   Australia*,137,136,45,46,92,90
   Montenegro,   Austria,257,256,80,81,177,175
   Montenegro,   Bosnia and Herzegovina,32042,32126,12819,12905,19223,19221
   Montenegro,   Bulgaria,78,77,64,65,14,12
   Montenegro,   Canada,69,68,10,11,59,57
   Montenegro,   Croatia,15486,15523,5766,5824,9720,9699
   Montenegro,   Czechia,120,119,69,70,51,49
   Montenegro,   Denmark*,97,96,19,20,78,76
   Montenegro,   France*,446,446,137,139,309,307
   Montenegro,   Germany,1876,1882,598,607,1278,1275
   Montenegro,   Greece,56,55,45,46,11,9
   Montenegro,   Hungary,47,46,32,33,15,13
   Montenegro,   Italy,209,208,61,62,148,146
   Montenegro,   Luxembourg,100,99,38,39,62,60
   Montenegro,   Netherlands*,155,154,32,33,123,121
   Montenegro,   Poland,98,97,71,72,27,25
   Montenegro,   Romania,105,104,48,49,57,55
   Montenegro,   Russian Federation,925,927,391,395,534,532
   Montenegro,   Serbia*,9679,8831,3964,3568,5715,5263
   Montenegro,   Slovakia,56,55,51,52,5,3
   Montenegro,   Slovenia,1617,1622,569,577,1048,1045
   Montenegro,   Sweden,151,150,58,59,93,91
   Montenegro,   Switzerland,212,211,33,34,179,177
   Montenegro,   Turkey,87,86,4,5,83,81
   Montenegro,   Ukraine*,150,140,96,92,54,48
   Montenegro,   North Macedonia,3317,3329,1372,1387,1945,1942
   Montenegro,   United Kingdom*,103,102,17,18,86,84
   Montenegro,   United States of America*,317,317,69,71,248,246
   Montenegro,Other,973,974,477,481,496,493
   North Macedonia,WORLD,130730,131311,54496,54740,76234,76571
   North Macedonia,  Sub-Saharan Africa,0,0,0,0,0,0
   North Macedonia,  Northern Africa and Western Asia,21886,21982,9517,9561,12369,12421
   North Macedonia,  Central and Southern Asia,0,0,0,0,0,0
   North Macedonia,  Eastern and South-Eastern Asia,0,0,0,0,0,0
   North Macedonia,  Latin America and the Caribbean,0,0,0,0,0,0
   North Macedonia,  Oceania (excluding Australia and New Zealand),0,0,0,0,0,0
   North Macedonia,  Australia and New Zealand,0,0,0,0,0,0
   North Macedonia,  Europe and Northern America,107316,107783,44348,44545,62968,63238
   North Macedonia,  Developed regions,107316,107783,44348,44545,62968,63238
   North Macedonia,  Less developed regions,21886,21982,9517,9561,12369,12421
   North Macedonia," Less developed regions, excluding least developed countries",21886,21982,9517,9561,12369,12421
   North Macedonia," Less developed regions, excluding China",21886,21982,9517,9561,12369,12421
   North Macedonia,  Least developed countries,0,0,0,0,0,0
   North Macedonia,  Land-locked Developing Countries (LLDC),0,0,0,0,0,0
   North Macedonia,  Small island developing States (SIDS),0,0,0,0,0,0
   North Macedonia,  High-income countries,2294,2290,959,962,1335,1328
   North Macedonia,  Middle-income countries,126908,127475,52906,53144,74002,74331
   North Macedonia, Upper-middle-income countries,124880,125441,52061,52295,72819,73146
   North Macedonia, Lower-middle-income countries,2028,2034,845,849,1183,1185
   North Macedonia,  Low-income countries,0,0,0,0,0,0
   North Macedonia, AFRICA,1964,1971,817,821,1147,1150
   North Macedonia,  Eastern Africa,0,0,0,0,0,0
   North Macedonia,  Middle Africa,0,0,0,0,0,0
   North Macedonia,  Northern Africa,1964,1971,817,821,1147,1150
   North Macedonia,  Southern Africa,0,0,0,0,0,0
   North Macedonia,  Western Africa,0,0,0,0,0,0
   North Macedonia, ASIA,19922,20011,8700,8740,11222,11271
   North Macedonia,  Central Asia,0,0,0,0,0,0
   North Macedonia,  Eastern Asia,0,0,0,0,0,0
   North Macedonia,  South-Eastern Asia,0,0,0,0,0,0
   North Macedonia,  Southern Asia,0,0,0,0,0,0
   North Macedonia,  Western Asia,19922,20011,8700,8740,11222,11271
   North Macedonia, EUROPE,107316,107783,44348,44545,62968,63238
   North Macedonia,  Eastern Europe,1644,1640,687,689,957,951
   North Macedonia,  Northern Europe,0,0,0,0,0,0
   North Macedonia,  Southern Europe,105630,106102,43643,43838,61987,62264
   North Macedonia,  Western Europe,42,41,18,18,24,23
   North Macedonia, LATIN AMERICA AND THE CARIBBEAN,0,0,0,0,0,0
   North Macedonia,  Caribbean,0,0,0,0,0,0
   North Macedonia,  Central America,0,0,0,0,0,0
   North Macedonia,  South America,0,0,0,0,0,0
   North Macedonia, NORTHERN AMERICA,0,0,0,0,0,0
   North Macedonia, OCEANIA ,0,0,0,0,0,0
   North Macedonia,  Australia and New Zealand,0,0,0,0,0,0
   North Macedonia,  Melanesia,0,0,0,0,0,0
   North Macedonia,  Micronesia,0,0,0,0,0,0
   North Macedonia,  Polynesia*,0,0,0,0,0,0
   North Macedonia,   Albania,67799,68113,27915,28040,39884,40073
   North Macedonia,   Bosnia and Herzegovina,8713,8750,3623,3639,5090,5111
   North Macedonia,   Bulgaria,1072,1075,446,448,626,627
   North Macedonia,   Croatia,1433,1438,596,599,837,839
   North Macedonia,   Czechia,53,52,23,23,30,29
   North Macedonia,   Germany,42,41,18,18,24,23
   North Macedonia,   Greece,233,232,98,98,135,134
   North Macedonia,   Hungary,81,80,35,35,46,45
   North Macedonia,   Italy,37,36,15,15,22,21
   North Macedonia,   Montenegro,9229,9269,3837,3854,5392,5415
   North Macedonia,   Poland,100,99,42,42,58,57
   North Macedonia,   Romania,23,22,10,10,13,12
   North Macedonia,   Russian Federation,215,214,88,88,127,126
   North Macedonia,   Serbia*,17930,18009,7452,7486,10478,10523
   North Macedonia,   Slovakia,36,35,15,15,21,20
   North Macedonia,   Slovenia,256,255,107,107,149,148
   North Macedonia,   Turkey,19922,20011,8700,8740,11222,11271
   North Macedonia,   Ukraine*,64,63,28,28,36,35
   North Macedonia,   Egypt,1964,1971,817,821,1147,1150
   North Macedonia,Other,1528,1546,631,634,897,912
   Portugal,WORLD,864814,1001963,398390,479936,466424,522027
   Portugal,  Sub-Saharan Africa,356578,409293,163662,194704,192916,214589
   Portugal,  Northern Africa and Western Asia,4851,7123,3455,4842,1396,2281
   Portugal,  Central and Southern Asia,13724,22325,8239,14008,5485,8317
   Portugal,  Eastern and South-Eastern Asia,15939,19625,7400,9801,8539,9824
   Portugal,  Latin America and the Caribbean,163927,188115,66990,80283,96937,107832
   Portugal,  Oceania (excluding Australia and New Zealand),0,0,0,0,0,0
   Portugal,  Australia and New Zealand,1246,1425,539,640,707,785
   Portugal,  Europe and Northern America,304988,349975,146489,173737,158499,176238
   Portugal,  Developed regions,306543,351752,147149,174521,159394,177231
   Portugal,  Less developed regions,554710,646129,249625,303494,305085,342635
   Portugal," Less developed regions, excluding least developed countries",268720,311770,118056,142922,150664,168848
   Portugal," Less developed regions, excluding China",542122,631695,243485,296227,298637,335468
   Portugal,  Least developed countries,285990,334359,131569,160572,154421,173787
   Portugal,  Land-locked Developing Countries (LLDC),25060,34747,14576,21109,10484,13638
   Portugal,  Small island developing States (SIDS),109327,125496,51117,60721,58210,64775
   Portugal,  High-income countries,231099,265051,105985,125971,125114,139080
   Portugal,  Middle-income countries,524167,610764,239767,291304,284400,319460
   Portugal, Upper-middle-income countries,201087,233813,84726,103234,116361,130579
   Portugal, Lower-middle-income countries,323080,376951,155041,188070,168039,188881
   Portugal,  Low-income countries,105987,122066,51022,60740,54965,61326
   Portugal, AFRICA,359361,412551,165627,197018,193734,215533
   Portugal,  Eastern Africa,72082,82682,32753,38957,39329,43725
   Portugal,  Middle Africa,177316,203678,78503,93707,98813,109971
   Portugal,  Northern Africa,2783,3258,1965,2314,818,944
   Portugal,  Southern Africa,11606,13311,5290,6291,6316,7020
   Portugal,  Western Africa,95574,109622,47116,55749,48458,53873
   Portugal, ASIA,31731,45815,17129,26337,14602,19478
   Portugal,  Central Asia,1751,2004,1047,1223,704,781
   Portugal,  Eastern Asia,13099,15014,6343,7507,6756,7507
   Portugal,  South-Eastern Asia,2840,4611,1057,2294,1783,2317
   Portugal,  Southern Asia,11973,20321,7192,12785,4781,7536
   Portugal,  Western Asia,2068,3865,1490,2528,578,1337
   Portugal, EUROPE,290756,333651,139995,166014,150761,167637
   Portugal,  Eastern Europe,102532,117614,54288,64031,48244,53583
   Portugal,  Northern Europe,22533,25833,10656,12637,11877,13196
   Portugal,  Southern Europe,19798,22834,8559,10258,11239,12576
   Portugal,  Western Europe,145893,167370,66492,79088,79401,88282
   Portugal, LATIN AMERICA AND THE CARIBBEAN,163927,188115,66990,80283,96937,107832
   Portugal,  Caribbean,1713,2039,354,476,1359,1563
   Portugal,  Central America,414,467,145,172,269,295
   Portugal,  South America,161800,185609,66491,79635,95309,105974
   Portugal, NORTHERN AMERICA,14232,16324,6494,7723,7738,8601
   Portugal, OCEANIA ,1246,1425,539,640,707,785
   Portugal,  Australia and New Zealand,1246,1425,539,640,707,785
   Portugal,  Melanesia,0,0,0,0,0,0
   Portugal,  Micronesia,0,0,0,0,0,0
   Portugal,  Polynesia*,0,0,0,0,0,0
   Portugal,   Albania,50,55,25,28,25,27
   Portugal,   Algeria,230,261,172,198,58,63
   Portugal,   Andorra,372,425,169,199,203,226
   Portugal,   Angola,156251,179524,69050,82459,87201,97065
   Portugal,   Argentina,1320,1512,598,710,722,802
   Portugal,   Armenia,100,112,63,72,37,40
   Portugal,   Australia*,1202,1377,523,622,679,755
   Portugal,   Austria,504,576,234,278,270,298
   Portugal,   Azerbaijan*,65,73,37,43,28,30
   Portugal,   Bangladesh,1470,1684,1073,1244,397,440
   Portugal,   Belarus,946,1084,443,527,503,557
   Portugal,   Belgium,3421,3924,1602,1904,1819,2020
   Portugal,   Benin,33,36,32,35,1,1
   Portugal,   Bolivia (Plurinational State of),213,242,31,40,182,202
   Portugal,   Bosnia and Herzegovina,42,46,7,8,35,38
   Portugal,   Brazil,134245,154017,54298,65118,79947,88899
   Portugal,   Bulgaria,5179,5940,2562,3031,2617,2909
   Portugal,   Cabo Verde,59532,68299,26858,31967,32674,36332
   Portugal,   Cameroon,73,82,48,55,25,27
   Portugal,   Canada,7275,8344,3275,3898,4000,4446
   Portugal,   Chile,194,221,88,104,106,117
   Portugal,   China*,10461,12000,5246,6202,5215,5798
   Portugal,"   China, Hong Kong SAR*",132,149,51,60,81,89
   Portugal,"   China, Macao SAR*",1995,2285,843,1005,1152,1280
   Portugal,   Colombia,644,736,205,249,439,487
   Portugal,   Congo,474,542,44,65,430,477
   Portugal,   Côte d'Ivoire,130,147,96,110,34,37
   Portugal,   Croatia,81,91,31,37,50,54
   Portugal,   Cuba,1621,1858,317,409,1304,1449
   Portugal,   Cyprus*,29,31,15,16,14,15
   Portugal,   Czechia,247,282,72,88,175,194
   Portugal,   Dem. People's Republic of Korea,73,82,28,33,45,49
   Portugal,   Democratic Republic of the Congo,1816,2080,1183,1378,633,702
   Portugal,   Denmark*,395,451,195,230,200,221
   Portugal,   Dominican Republic,66,153,22,51,44,102
   Portugal,   Ecuador,447,511,210,248,237,263
   Portugal,   Egypt,420,480,362,417,58,63
   Portugal,   El Salvador,85,96,5,8,80,88
   Portugal,   Equatorial Guinea,221,251,10,17,211,234
   Portugal,   Estonia,128,145,34,41,94,104
   Portugal,   Eswatini,578,660,332,388,246,272
   Portugal,   Ethiopia,30,32,19,20,11,12
   Portugal,   Finland*,334,381,123,147,211,234
   Portugal,   France*,90792,104164,40194,47901,50598,56263
   Portugal,   Gabon,566,647,549,629,17,18
   Portugal,   Gambia,114,128,94,107,20,21
   Portugal,   Georgia*,1070,1226,792,918,278,308
   Portugal,   Germany,26905,30866,12612,14973,14293,15893
   Portugal,   Ghana,192,218,140,161,52,57
   Portugal,   Greece,186,212,97,114,89,98
   Portugal,   Guatemala,30,32,13,14,17,18
   Portugal,   Guinea,4500,5160,2303,2718,2197,2442
   Portugal,   Guinea-Bissau,28422,32607,15528,18270,12894,14337
   Portugal,   Hungary,398,454,120,146,278,308
   Portugal,   Iceland,28,30,12,13,16,17
   Portugal,   India,7809,8957,4367,5131,3442,3826
   Portugal,   Indonesia,247,282,46,60,201,222
   Portugal,   Iran (Islamic Republic of),203,740,108,421,95,319
   Portugal,   Iraq,42,257,29,148,13,109
   Portugal,   Ireland,1561,1789,738,875,823,914
   Portugal,   Israel,339,387,304,349,35,38
   Portugal,   Italy,2726,3125,1546,1813,1180,1312
   Portugal,   Jamaica,26,28,15,16,11,12
   Portugal,   Japan,309,352,121,144,188,208
   Portugal,   Jordan,28,213,17,128,11,85
   Portugal,   Kazakhstan,872,998,447,526,425,472
   Portugal,   Kenya,101,113,48,55,53,58
   Portugal,   Latvia,206,234,45,57,161,177
   Portugal,   Lebanon,73,246,43,151,30,95
   Portugal,   Liberia,28,30,27,29,1,1
   Portugal,   Libya,28,106,23,60,5,46
   Portugal,   Liechtenstein,202,230,201,229,1,1
   Portugal,   Lithuania,364,416,121,147,243,269
   Portugal,   Luxembourg,3926,4502,1853,2198,2073,2304
   Portugal,   Madagascar,26,28,15,16,11,12
   Portugal,   Malawi,457,521,166,199,291,322
   Portugal,   Malaysia*,49,54,19,22,30,32
   Portugal,   Mali,113,127,104,118,9,9
   Portugal,   Malta,43,47,15,17,28,30
   Portugal,   Mauritania,40,44,32,36,8,8
   Portugal,   Mexico,264,301,112,133,152,168
   Portugal,   Montenegro,77,87,2,4,75,83
   Portugal,   Morocco,1968,2256,1301,1516,667,740
   Portugal,   Mozambique,70228,80570,31434,37434,38794,43136
   Portugal,   Nepal,530,6637,368,4462,162,2175
   Portugal,   Netherlands*,3960,4542,1956,2315,2004,2227
   Portugal,   New Zealand*,44,48,16,18,28,30
   Portugal,   Nigeria,265,302,170,197,95,105
   Portugal,   North Macedonia,272,310,131,155,141,155
   Portugal,   Norway*,331,378,155,183,176,195
   Portugal,   Pakistan,1935,2217,1261,1469,674,748
   Portugal,   Panama,35,38,15,17,20,21
   Portugal,   Paraguay,53,58,18,20,35,38
   Portugal,   Peru,285,324,110,130,175,194
   Portugal,   Philippines,474,542,78,103,396,439
   Portugal,   Poland,974,1116,246,308,728,808
   Portugal,   Republic of Korea,129,146,54,63,75,83
   Portugal,   Republic of Moldova*,19726,22630,11222,13175,8504,9455
   Portugal,   Romania,22763,26113,11323,13393,11440,12720
   Portugal,   Russian Federation,5674,6508,2142,2581,3532,3927
   Portugal,   Sao Tome and Principe,17915,20552,7619,9104,10296,11448
   Portugal,   Senegal,2078,2383,1636,1893,442,490
   Portugal,   Serbia*,51,200,23,81,28,119
   Portugal,   Sierra Leone,53,58,44,49,9,9
   Portugal,   Singapore,28,30,11,12,17,18
   Portugal,   Slovakia,92,103,17,20,75,83
   Portugal,   Slovenia,55,61,18,21,37,40
   Portugal,   South Africa,11028,12651,4958,5903,6070,6748
   Portugal,   Spain*,15843,18175,6495,7781,9348,10394
   Portugal,   Sri Lanka,26,86,15,58,11,28
   Portugal,   Sweden,803,920,345,412,458,508
   Portugal,   Switzerland,16183,18566,7840,9290,8343,9276
   Portugal,   Syrian Arab Republic,26,531,15,299,11,232
   Portugal,   Thailand,272,1676,131,1177,141,499
   Portugal,   Timor-Leste,1717,1969,747,892,970,1077
   Portugal,   Togo,74,83,52,59,22,24
   Portugal,   Tunisia,137,155,107,123,30,32
   Portugal,   Turkey,296,789,175,404,121,385
   Portugal,   Uganda,27,29,10,11,17,18
   Portugal,   Ukraine*,46533,53384,26141,30762,20392,22622
   Portugal,   United Kingdom*,18383,21089,8888,10532,9495,10557
   Portugal,   United Republic of Tanzania*,68,77,33,39,35,38
   Portugal,   United States of America*,6957,7980,3219,3825,3738,4155
   Portugal,   Uruguay,225,256,153,176,72,80
   Portugal,   Uzbekistan,879,1006,600,697,279,309
   Portugal,   Venezuela (Bolivarian Republic of),24174,27732,10780,12840,13394,14892
   Portugal,   Viet Nam,53,58,25,28,28,30
   Portugal,   Zimbabwe,1145,1312,1028,1183,117,129
   Portugal,Other,3561,4082,1616,1921,1945,2161
   San Marino,WORLD,5195,5543,2867,2991,2328,2552
   San Marino,  Sub-Saharan Africa,0,0,0,0,0,0
   San Marino,  Northern Africa and Western Asia,0,0,0,0,0,0
   San Marino,  Central and Southern Asia,0,0,0,0,0,0
   San Marino,  Eastern and South-Eastern Asia,0,0,0,0,0,0
   San Marino,  Latin America and the Caribbean,114,120,45,45,69,75
   San Marino,  Oceania (excluding Australia and New Zealand),0,0,0,0,0,0
   San Marino,  Australia and New Zealand,0,0,0,0,0,0
   San Marino,  Europe and Northern America,4793,5101,2705,2831,2088,2270
   San Marino,  Developed regions,4793,5101,2705,2831,2088,2270
   San Marino,  Less developed regions,114,120,45,45,69,75
   San Marino," Less developed regions, excluding least developed countries",114,120,45,45,69,75
   San Marino," Less developed regions, excluding China",114,120,45,45,69,75
   San Marino,  Least developed countries,0,0,0,0,0,0
   San Marino,  Land-locked Developing Countries (LLDC),0,0,0,0,0,0
   San Marino,  Small island developing States (SIDS),0,0,0,0,0,0
   San Marino,  High-income countries,4655,4956,2696,2813,1959,2143
   San Marino,  Middle-income countries,252,265,54,63,198,202
   San Marino, Upper-middle-income countries,187,197,54,52,133,145
   San Marino, Lower-middle-income countries,65,68,0,11,65,57
   San Marino,  Low-income countries,0,0,0,0,0,0
   San Marino, AFRICA,0,0,0,0,0,0
   San Marino,  Eastern Africa,0,0,0,0,0,0
   San Marino,  Middle Africa,0,0,0,0,0,0
   San Marino,  Northern Africa,0,0,0,0,0,0
   San Marino,  Southern Africa,0,0,0,0,0,0
   San Marino,  Western Africa,0,0,0,0,0,0
   San Marino, ASIA,0,0,0,0,0,0
   San Marino,  Central Asia,0,0,0,0,0,0
   San Marino,  Eastern Asia,0,0,0,0,0,0
   San Marino,  South-Eastern Asia,0,0,0,0,0,0
   San Marino,  Southern Asia,0,0,0,0,0,0
   San Marino,  Western Asia,0,0,0,0,0,0
   San Marino, EUROPE,4793,5101,2705,2831,2088,2270
   San Marino,  Eastern Europe,267,283,24,31,243,252
   San Marino,  Northern Europe,0,0,0,0,0,0
   San Marino,  Southern Europe,4497,4788,2671,2791,1826,1997
   San Marino,  Western Europe,29,30,10,9,19,21
   San Marino, LATIN AMERICA AND THE CARIBBEAN,114,120,45,45,69,75
   San Marino,  Caribbean,0,0,0,0,0,0
   San Marino,  Central America,0,0,0,0,0,0
   San Marino,  South America,114,120,45,45,69,75
   San Marino, NORTHERN AMERICA,0,0,0,0,0,0
   San Marino, OCEANIA ,0,0,0,0,0,0
   San Marino,  Australia and New Zealand,0,0,0,0,0,0
   San Marino,  Melanesia,0,0,0,0,0,0
   San Marino,  Micronesia,0,0,0,0,0,0
   San Marino,  Polynesia*,0,0,0,0,0,0
   San Marino,   Italy,4460,4749,2663,2784,1797,1965
   San Marino,   Albania,37,39,8,7,29,32
   San Marino,   Poland,31,32,3,2,28,30
   San Marino,   Romania,135,145,20,18,115,127
   San Marino,   Ukraine*,65,68,0,11,65,57
   San Marino,   Russian Federation,36,38,1,0,35,38
   San Marino,   France*,29,30,10,9,19,21
   San Marino,   Argentina,85,90,43,44,42,46
   San Marino,   Brazil,29,30,2,1,27,29
   San Marino,Other,288,322,117,115,171,207
   Serbia*,WORLD,807441,823011,355180,362493,452261,460518
   Serbia*,  Sub-Saharan Africa,255,253,121,122,134,131
   Serbia*,  Northern Africa and Western Asia,2063,2071,1235,1255,828,816
   Serbia*,  Central and Southern Asia,566,569,213,217,353,352
   Serbia*,  Eastern and South-Eastern Asia,1903,1932,1019,1039,884,893
   Serbia*,  Latin America and the Caribbean,275,270,109,110,166,160
   Serbia*,  Oceania (excluding Australia and New Zealand),0,0,0,0,0,0
   Serbia*,  Australia and New Zealand,699,709,375,382,324,327
   Serbia*,  Europe and Northern America,801016,816460,351788,359089,449228,457371
   Serbia*,  Developed regions,801754,817207,352180,359488,449574,457719
   Serbia*,  Less developed regions,5023,5057,2680,2726,2343,2331
   Serbia*," Less developed regions, excluding least developed countries",4966,5001,2654,2700,2312,2301
   Serbia*," Less developed regions, excluding China",3260,3261,1724,1750,1536,1511
   Serbia*,  Least developed countries,57,56,26,26,31,30
   Serbia*,  Land-locked Developing Countries (LLDC),47416,48317,18404,18822,29012,29495
   Serbia*,  Small island developing States (SIDS),29,28,15,15,14,13
   Serbia*,  High-income countries,342017,348552,153861,157020,188156,191532
   Serbia*,  Middle-income countries,464637,473589,200900,205094,263737,268495
   Serbia*, Upper-middle-income countries,462322,471251,200301,204485,262021,266766
   Serbia*, Lower-middle-income countries,2315,2338,599,609,1716,1729
   Serbia*,  Low-income countries,123,123,99,100,24,23
   Serbia*, AFRICA,832,832,462,468,370,364
   Serbia*,  Eastern Africa,85,83,38,38,47,45
   Serbia*,  Middle Africa,0,0,0,0,0,0
   Serbia*,  Northern Africa,577,579,341,346,236,233
   Serbia*,  Southern Africa,141,142,64,65,77,77
   Serbia*,  Western Africa,29,28,19,19,10,9
   Serbia*, ASIA,3955,3993,2126,2165,1829,1828
   Serbia*,  Central Asia,206,205,30,30,176,175
   Serbia*,  Eastern Asia,1828,1859,994,1014,834,845
   Serbia*,  South-Eastern Asia,75,73,25,25,50,48
   Serbia*,  Southern Asia,360,364,183,187,177,177
   Serbia*,  Western Asia,1486,1492,894,909,592,583
   Serbia*, EUROPE,799118,814529,350829,358111,448289,456418
   Serbia*,  Eastern Europe,12777,13009,2776,2841,10001,10168
   Serbia*,  Northern Europe,2273,2304,1150,1172,1123,1132
   Serbia*,  Southern Europe,751684,766218,330900,337769,420784,428449
   Serbia*,  Western Europe,32384,32998,16003,16329,16381,16669
   Serbia*, LATIN AMERICA AND THE CARIBBEAN,275,270,109,110,166,160
   Serbia*,  Caribbean,29,28,15,15,14,13
   Serbia*,  Central America,26,25,11,11,15,14
   Serbia*,  South America,220,217,83,84,137,133
   Serbia*, NORTHERN AMERICA,1898,1931,959,978,939,953
   Serbia*, OCEANIA ,699,709,375,382,324,327
   Serbia*,  Australia and New Zealand,699,709,375,382,324,327
   Serbia*,  Melanesia,0,0,0,0,0,0
   Serbia*,  Micronesia,0,0,0,0,0,0
   Serbia*,  Polynesia*,0,0,0,0,0,0
   Serbia*,   Albania,467,475,85,88,382,387
   Serbia*,   Algeria,53,52,33,33,20,19
   Serbia*,   Argentina,49,48,15,15,34,33
   Serbia*,   Australia*,675,686,361,368,314,318
   Serbia*,   Austria,6998,7132,3389,3458,3609,3674
   Serbia*,   Armenia,158,159,32,33,126,126
   Serbia*,   Belgium,217,220,122,125,95,95
   Serbia*,   Bosnia and Herzegovina,335992,342526,147578,150616,188414,191910
   Serbia*,   Brazil,85,85,32,33,53,52
   Serbia*,   Bulgaria,1134,1155,299,307,835,848
   Serbia*,   Belarus,134,135,16,17,118,118
   Serbia*,   Canada,612,622,323,329,289,293
   Serbia*,   China*,1763,1796,956,976,807,820
   Serbia*,   Croatia,283247,288708,127291,129913,155956,158795
   Serbia*,   Cuba,29,28,15,15,14,13
   Serbia*,   Cyprus*,173,174,93,94,80,80
   Serbia*,   Czechia,514,523,153,157,361,366
   Serbia*,   Denmark*,183,184,89,90,94,94
   Serbia*,   Finland*,34,33,15,15,19,18
   Serbia*,   France*,5388,5490,2560,2612,2828,2878
   Serbia*,   Georgia*,48,47,13,13,35,34
   Serbia*,   State of Palestine*,76,76,72,73,4,3
   Serbia*,   Germany,16083,16392,8019,8182,8064,8210
   Serbia*,   Ghana,29,28,19,19,10,9
   Serbia*,   Greece,914,930,450,458,464,472
   Serbia*,   Hungary,1800,1833,585,597,1215,1236
   Serbia*,   India,295,299,124,127,171,172
   Serbia*,   Indonesia,32,31,20,20,12,11
   Serbia*,   Iran (Islamic Republic of),65,65,59,60,6,5
   Serbia*,   Iraq,176,177,115,117,61,60
   Serbia*,   Ireland,52,51,27,27,25,24
   Serbia*,   Israel,109,109,56,57,53,52
   Serbia*,   Italy,1923,1958,1029,1049,894,909
   Serbia*,   Japan,39,38,17,17,22,21
   Serbia*,   Kazakhstan,97,97,18,18,79,79
   Serbia*,   Jordan,99,99,77,78,22,21
   Serbia*,   Republic of Korea,26,25,21,21,5,4
   Serbia*,   Kuwait,67,67,40,41,27,26
   Serbia*,   Lebanon,45,44,25,25,20,19
   Serbia*,   Libya,374,379,215,219,159,160
   Serbia*,   Lithuania,28,27,7,7,21,20
   Serbia*,   Luxembourg,90,90,54,55,36,35
   Serbia*,   Malta,53,52,27,27,26,25
   Serbia*,   Mexico,26,25,11,11,15,14
   Serbia*,   Republic of Moldova*,230,233,30,31,200,202
   Serbia*,   Montenegro,71224,72596,31311,31975,39913,40621
   Serbia*,   Morocco,33,32,12,12,21,20
   Serbia*,   Netherlands*,752,764,392,399,360,365
   Serbia*,   New Zealand*,24,23,14,14,10,9
   Serbia*,   Norway*,138,139,76,78,62,61
   Serbia*,   Peru,49,48,17,17,32,31
   Serbia*,   Philippines,43,42,5,5,38,37
   Serbia*,   Poland,664,675,80,82,584,593
   Serbia*,   Portugal,39,38,24,24,15,14
   Serbia*,   Romania,3607,3675,538,551,3069,3124
   Serbia*,   Russian Federation,2944,2999,769,786,2175,2213
   Serbia*,   Slovakia,476,484,127,130,349,354
   Serbia*,   Slovenia,10930,11139,4744,4841,6186,6298
   Serbia*,   South Africa,141,142,64,65,77,77
   Serbia*,   Zimbabwe,28,27,12,12,16,15
   Serbia*,   Spain*,158,159,87,88,71,71
   Serbia*,   Sweden,1191,1212,596,608,595,604
   Serbia*,   Switzerland,2856,2910,1467,1498,1389,1412
   Serbia*,   Syrian Arab Republic,123,123,99,100,24,23
   Serbia*,   United Arab Emirates,24,23,12,12,12,11
   Serbia*,   Tunisia,40,39,30,30,10,9
   Serbia*,   Turkey,388,394,260,266,128,128
   Serbia*,   Turkmenistan,29,28,6,6,23,22
   Serbia*,   Ukraine*,1274,1297,179,183,1095,1114
   Serbia*,   North Macedonia,46737,47637,18274,18690,28463,28947
   Serbia*,   Egypt,77,77,51,52,26,25
   Serbia*,   United Kingdom*,647,658,340,347,307,311
   Serbia*,   United States of America*,1286,1309,636,649,650,660
   Serbia*,   Uzbekistan,80,80,6,6,74,74
   Serbia*,   Venezuela (Bolivarian Republic of),37,36,19,19,18,17
   Serbia*,   Zambia,57,56,26,26,31,30
   Serbia*,Other,664,747,320,279,344,468
   Slovenia,WORLD,237616,277964,134460,162815,103156,115149
   Slovenia,  Sub-Saharan Africa,434,553,271,356,163,197
   Slovenia,  Northern Africa and Western Asia,741,1295,536,898,205,397
   Slovenia,  Central and Southern Asia,465,868,282,524,183,344
   Slovenia,  Eastern and South-Eastern Asia,1396,1877,583,759,813,1118
   Slovenia,  Latin America and the Caribbean,1088,1347,462,568,626,779
   Slovenia,  Oceania (excluding Australia and New Zealand),5,2,1,1,4,1
   Slovenia,  Australia and New Zealand,390,400,218,221,172,179
   Slovenia,  Europe and Northern America,233082,270685,132104,158760,100978,111925
   Slovenia,  Developed regions,233553,271183,132357,159025,101196,112158
   Slovenia,  Less developed regions,4048,5844,2100,3062,1948,2782
   Slovenia," Less developed regions, excluding least developed countries",3738,5470,1896,2795,1842,2675
   Slovenia," Less developed regions, excluding China",3185,4731,1631,2468,1554,2263
   Slovenia,  Least developed countries,310,374,204,267,106,107
   Slovenia,  Land-locked Developing Countries (LLDC),16305,20060,9658,11818,6647,8242
   Slovenia,  Small island developing States (SIDS),321,363,102,124,219,239
   Slovenia,  High-income countries,69663,70590,34458,35831,35205,34759
   Slovenia,  Middle-income countries,167604,205870,99776,125876,67828,79994
   Slovenia, Upper-middle-income countries,164665,201461,98645,124016,66020,77445
   Slovenia, Lower-middle-income countries,2939,4409,1131,1860,1808,2549
   Slovenia,  Low-income countries,329,566,221,380,108,186
   Slovenia, AFRICA,709,931,478,645,231,286
   Slovenia,  Eastern Africa,150,207,87,128,63,79
   Slovenia,  Middle Africa,71,38,48,26,23,12
   Slovenia,  Northern Africa,275,378,207,289,68,89
   Slovenia,  Southern Africa,52,86,24,45,28,41
   Slovenia,  Western Africa,161,222,112,157,49,65
   Slovenia, ASIA,2327,3662,1194,1892,1133,1770
   Slovenia,  Central Asia,147,326,51,133,96,193
   Slovenia,  Eastern Asia,974,1264,516,659,458,605
   Slovenia,  South-Eastern Asia,422,613,67,100,355,513
   Slovenia,  Southern Asia,318,542,231,391,87,151
   Slovenia,  Western Asia,466,917,329,609,137,308
   Slovenia, EUROPE,231990,269429,131521,158070,100469,111359
   Slovenia,  Eastern Europe,7814,10650,3109,4427,4705,6223
   Slovenia,  Northern Europe,1149,1413,599,760,550,653
   Slovenia,  Southern Europe,209789,243960,121165,145861,88624,98099
   Slovenia,  Western Europe,13238,13406,6648,7022,6590,6384
   Slovenia, LATIN AMERICA AND THE CARIBBEAN,1088,1347,462,568,626,779
   Slovenia,  Caribbean,269,307,76,90,193,217
   Slovenia,  Central America,85,110,48,48,37,62
   Slovenia,  South America,734,930,338,430,396,500
   Slovenia, NORTHERN AMERICA,1092,1256,583,690,509,566
   Slovenia, OCEANIA ,395,402,219,222,176,180
   Slovenia,  Australia and New Zealand,390,400,218,221,172,179
   Slovenia,  Melanesia,4,2,1,1,3,1
   Slovenia,  Micronesia,0,0,0,0,0,0
   Slovenia,  Polynesia*,1,0,0,0,1,0
   Slovenia,   Afghanistan,25,36,25,36,0,0
   Slovenia,   Albania,148,146,79,47,69,99
   Slovenia,   Algeria,28,40,22,30,6,10
   Slovenia,   Angola,2,2,1,0,1,2
   Slovenia,   Argentina,417,435,212,228,205,207
   Slovenia,   Armenia,13,17,4,7,9,10
   Slovenia,   Aruba*,6,0,4,0,2,0
   Slovenia,   Australia*,363,372,201,206,162,166
   Slovenia,   Austria,2820,2814,1358,1431,1462,1383
   Slovenia,   Azerbaijan*,10,40,7,21,3,19
   Slovenia,   Bahamas,0,0,0,0,0,0
   Slovenia,   Bangladesh,3,20,3,19,0,1
   Slovenia,   Barbados,1,1,0,0,1,1
   Slovenia,   Belarus,143,213,40,76,103,137
   Slovenia,   Belgium,310,331,157,179,153,152
   Slovenia,   Belize,2,1,2,0,0,1
   Slovenia,   Benin,2,0,1,0,1,0
   Slovenia,   Bermuda*,1,0,1,0,0,0
   Slovenia,   Bolivia (Plurinational State of),11,13,4,4,7,9
   Slovenia,   Bosnia and Herzegovina,100880,122235,61384,77056,39496,45179
   Slovenia,   Botswana,2,1,2,1,0,0
   Slovenia,   Brazil,114,199,37,71,77,128
   Slovenia,   Bulgaria,1179,1398,722,861,457,537
   Slovenia,   Burkina Faso,4,5,4,5,0,0
   Slovenia,   Burundi,3,3,3,2,0,1
   Slovenia,   Cabo Verde,4,3,3,2,1,1
   Slovenia,   Cambodia,6,3,1,0,5,3
   Slovenia,   Cameroon,17,21,16,18,1,3
   Slovenia,   Canada,389,390,203,210,186,180
   Slovenia,   Central African Republic,34,1,19,0,15,1
   Slovenia,   Chad,1,0,1,0,0,0
   Slovenia,   Chile,28,38,17,24,11,14
   Slovenia,   China*,863,1113,469,594,394,519
   Slovenia,   Colombia,41,68,12,23,29,45
   Slovenia,   Comoros,0,0,0,0,0,0
   Slovenia,   Congo,9,3,6,1,3,2
   Slovenia,   Costa Rica,4,5,2,3,2,2
   Slovenia,   Côte d'Ivoire,2,2,1,1,1,1
   Slovenia,   Croatia,46995,46599,23087,23227,23908,23372
   Slovenia,   Cuba,70,95,36,45,34,50
   Slovenia,   Cyprus*,16,10,7,5,9,5
   Slovenia,   Czechia,388,382,113,120,275,262
   Slovenia,   Dem. People's Republic of Korea,1,0,0,0,1,0
   Slovenia,   Democratic Republic of the Congo,6,11,3,7,3,4
   Slovenia,   Denmark*,58,69,30,36,28,33
   Slovenia,   Dominica,2,0,0,0,2,0
   Slovenia,   Dominican Republic,166,199,22,37,144,162
   Slovenia,   Ecuador,9,10,4,3,5,7
   Slovenia,   Egypt,113,142,86,115,27,27
   Slovenia,   El Salvador,0,1,0,0,0,1
   Slovenia,   Eritrea,8,64,6,57,2,7
   Slovenia,   Estonia,28,24,13,11,15,13
   Slovenia,   Ethiopia,16,15,11,8,5,7
   Slovenia,   Fiji,1,0,0,0,1,0
   Slovenia,   Finland*,33,39,12,18,21,21
   Slovenia,   France*,1167,1182,558,605,609,577
   Slovenia,   French Polynesia*,0,0,0,0,0,0
   Slovenia,   Gabon,1,0,1,0,0,0
   Slovenia,   Gambia,16,19,14,18,2,1
   Slovenia,   Georgia*,18,31,9,18,9,13
   Slovenia,   Germany,7586,7682,3842,4031,3744,3651
   Slovenia,   Ghana,38,59,21,35,17,24
   Slovenia,   Greece,91,127,47,72,44,55
   Slovenia,   Guatemala,1,1,0,0,1,1
   Slovenia,   Guinea,5,6,3,3,2,3
   Slovenia,   Guinea-Bissau,18,35,10,23,8,12
   Slovenia,   Guyana,2,0,1,0,1,0
   Slovenia,   Haiti,10,1,6,0,4,1
   Slovenia,   Honduras,5,2,3,1,2,1
   Slovenia,   Hungary,402,467,164,193,238,274
   Slovenia,   Iceland,8,4,2,0,6,4
   Slovenia,   India,143,234,102,173,41,61
   Slovenia,   Indonesia,43,68,14,24,29,44
   Slovenia,   Iran (Islamic Republic of),89,161,61,103,28,58
   Slovenia,   Iraq,58,113,42,73,16,40
   Slovenia,   Ireland,44,58,26,34,18,24
   Slovenia,   Israel,34,50,23,34,11,16
   Slovenia,   Italy,3646,4511,2029,2725,1617,1786
   Slovenia,   Jamaica,9,6,6,5,3,1
   Slovenia,   Japan,81,98,35,44,46,54
   Slovenia,   Jordan,60,67,49,52,11,15
   Slovenia,   Kazakhstan,100,207,39,87,61,120
   Slovenia,   Kenya,25,35,11,15,14,20
   Slovenia,   Kuwait,11,12,8,9,3,3
   Slovenia,   Kyrgyzstan,7,19,1,5,6,14
   Slovenia,   Lao People's Democratic Republic,3,2,1,0,2,2
   Slovenia,   Latvia,38,64,6,18,32,46
   Slovenia,   Lebanon,23,26,21,25,2,1
   Slovenia,   Liberia,4,12,4,8,0,4
   Slovenia,   Libya,40,56,24,36,16,20
   Slovenia,   Liechtenstein,11,6,7,4,4,2
   Slovenia,   Lithuania,33,46,6,6,27,40
   Slovenia,   Luxembourg,39,39,24,22,15,17
   Slovenia,   Madagascar,15,22,4,5,11,17
   Slovenia,   Malawi,2,2,2,2,0,0
   Slovenia,   Malaysia*,8,13,4,3,4,10
   Slovenia,   Maldives,1,3,1,3,0,0
   Slovenia,   Mali,6,6,2,4,4,2
   Slovenia,   Malta,8,7,4,4,4,3
   Slovenia,   Mauritania,0,0,0,0,0,0
   Slovenia,   Mauritius*,8,5,6,4,2,1
   Slovenia,   Mexico,69,94,40,43,29,51
   Slovenia,   Mongolia,4,5,2,1,2,4
   Slovenia,   Montenegro,2843,3541,1533,1950,1310,1591
   Slovenia,   Montserrat*,1,0,0,0,1,0
   Slovenia,   Morocco,22,36,16,24,6,12
   Slovenia,   Mozambique,4,3,2,1,2,2
   Slovenia,   Myanmar,2,1,0,0,2,1
   Slovenia,   Namibia,3,2,2,1,1,1
   Slovenia,   Nepal,14,27,9,17,5,10
   Slovenia,   Netherlands*,325,374,186,226,139,148
   Slovenia,   New Zealand*,27,28,17,15,10,13
   Slovenia,   Nicaragua,2,5,0,0,2,5
   Slovenia,   Niger,0,0,0,0,0,0
   Slovenia,   Nigeria,49,68,37,52,12,16
   Slovenia,   North Macedonia,15637,19133,9370,11414,6267,7719
   Slovenia,   Norway*,16,30,6,17,10,13
   Slovenia,   Oman,1,0,1,0,0,0
   Slovenia,   Pakistan,26,42,20,31,6,11
   Slovenia,   Panama,2,1,1,1,1,0
   Slovenia,   Papua New Guinea,2,2,1,1,1,1
   Slovenia,   Paraguay,3,3,3,3,0,0
   Slovenia,   Peru,52,61,26,27,26,34
   Slovenia,   Philippines,114,181,22,35,92,146
   Slovenia,   Poland,413,399,155,113,258,286
   Slovenia,   Portugal,52,64,28,39,24,25
   Slovenia,   Qatar,1,1,1,1,0,0
   Slovenia,   Republic of Korea,25,48,10,20,15,28
   Slovenia,   Republic of Moldova*,338,394,120,145,218,249
   Slovenia,   Romania,466,442,219,173,247,269
   Slovenia,   Russian Federation,2082,3572,809,1558,1273,2014
   Slovenia,   Rwanda,11,1,5,0,6,1
   Slovenia,   San Marino,1,0,1,0,0,0
   Slovenia,   Sao Tome and Principe,1,0,1,0,0,0
   Slovenia,   Saudi Arabia,17,26,13,21,4,5
   Slovenia,   Senegal,5,3,4,2,1,1
   Slovenia,   Serbia*,39025,47393,23407,29222,15618,18171
   Slovenia,   Sierra Leone,5,4,5,4,0,0
   Slovenia,   Singapore,11,7,0,1,11,6
   Slovenia,   Slovakia,600,577,230,188,370,389
   Slovenia,   Solomon Islands,1,0,0,0,1,0
   Slovenia,   Somalia,35,25,23,18,12,7
   Slovenia,   South Africa,47,83,20,43,27,40
   Slovenia,   Spain*,463,204,196,105,267,99
   Slovenia,   Sri Lanka,17,19,10,9,7,10
   Slovenia,   State of Palestine*,2,5,2,4,0,1
   Slovenia,   Sudan,16,17,12,13,4,4
   Slovenia,   Suriname,0,0,0,0,0,0
   Slovenia,   Sweden,332,339,177,179,155,160
   Slovenia,   Switzerland,980,978,516,524,464,454
   Slovenia,   Syrian Arab Republic,61,247,42,151,19,96
   Slovenia,   Tajikistan,3,11,1,4,2,7
   Slovenia,   Thailand,220,314,24,34,196,280
   Slovenia,   Togo,3,0,3,0,0,0
   Slovenia,   Trinidad and Tobago,4,5,2,3,2,2
   Slovenia,   Tunisia,53,86,45,71,8,15
   Slovenia,   Turkey,116,237,86,173,30,64
   Slovenia,   Turkmenistan,5,11,1,5,4,6
   Slovenia,   Uganda,4,6,2,2,2,4
   Slovenia,   Ukraine*,1803,2806,537,1000,1266,1806
   Slovenia,   United Arab Emirates,12,21,5,6,7,15
   Slovenia,   United Kingdom*,559,740,321,441,238,299
   Slovenia,   United Republic of Tanzania*,2,2,1,1,1,1
   Slovenia,   United States of America*,702,866,379,480,323,386
   Slovenia,   Uruguay,11,13,4,6,7,7
   Slovenia,   Uzbekistan,32,78,9,32,23,46
   Slovenia,   Venezuela (Bolivarian Republic of),46,90,18,41,28,49
   Slovenia,   Viet Nam,15,24,1,3,14,21
   Slovenia,   Wallis and Futuna Islands*,1,0,0,0,1,0
   Slovenia,   Western Sahara,3,1,2,0,1,1
   Slovenia,   Yemen,13,14,9,9,4,5
   Slovenia,   Zambia,5,6,4,3,1,3
   Slovenia,   Zimbabwe,12,18,7,10,5,8
   Slovenia,Other,15,937,3,728,12,209
   Spain*,WORLD,5891208,6842202,2884000,3272773,3007208,3569429
   Spain*,  Sub-Saharan Africa,205961,239667,138291,155523,67670,84144
   Spain*,  Northern Africa and Western Asia,805552,925993,459186,513401,346366,412592
   Spain*,  Central and Southern Asia,111856,143095,73037,89292,38819,53803
   Spain*,  Eastern and South-Eastern Asia,216375,254567,95020,108777,121355,145790
   Spain*,  Latin America and the Caribbean,2223695,2819392,964456,1205757,1259239,1613635
   Spain*,  Oceania (excluding Australia and New Zealand),215,283,104,134,111,149
   Spain*,  Australia and New Zealand,7449,10052,3858,5112,3591,4940
   Spain*,  Europe and Northern America,2304927,2429936,1141982,1184695,1162945,1245241
   Spain*,  Developed regions,2318504,2448259,1148131,1192801,1170373,1255458
   Spain*,  Less developed regions,3557526,4374726,1727803,2069890,1829723,2304836
   Spain*," Less developed regions, excluding least developed countries",3418150,4205821,1624016,1948237,1794134,2257584
   Spain*," Less developed regions, excluding China",3401813,4195622,1655883,1989274,1745930,2206348
   Spain*,  Least developed countries,139376,168905,103787,121653,35589,47252
   Spain*,  Land-locked Developing Countries (LLDC),268715,311301,111366,128590,157349,182711
   Spain*,  Small island developing States (SIDS),302405,366555,127914,156526,174491,210029
   Spain*,  High-income countries,2143699,2250166,1076981,1116480,1066718,1133686
   Spain*,  Middle-income countries,3662884,4480794,1747907,2080942,1914977,2399852
   Spain*, Upper-middle-income countries,2309557,2852372,1024095,1250927,1285462,1601445
   Spain*, Lower-middle-income countries,1353327,1628422,723812,830015,629515,798407
   Spain*,  Low-income countries,69447,92025,51046,65269,18401,26756
   Spain*, AFRICA,970096,1098247,573902,630471,396194,467776
   Spain*,  Eastern Africa,9147,12321,4390,5799,4757,6522
   Spain*,  Middle Africa,32394,40139,15099,18639,17295,21500
   Spain*,  Northern Africa,764135,858580,435611,474948,328524,383632
   Spain*,  Southern Africa,2955,3985,1551,2055,1404,1930
   Spain*,  Western Africa,161465,183222,117251,129030,44214,54192
   Spain*, ASIA,369648,465075,191632,236522,178016,228553
   Spain*,  Central Asia,2916,3928,1114,1454,1802,2474
   Spain*,  Eastern Asia,166564,193747,76261,86310,90303,107437
   Spain*,  South-Eastern Asia,49811,60820,18759,22467,31052,38353
   Spain*,  Southern Asia,108940,139167,71923,87838,37017,51329
   Spain*,  Western Asia,41417,67413,23575,38453,17842,28960
   Spain*, EUROPE,2255714,2363481,1118835,1153498,1136879,1209983
   Spain*,  Eastern Europe,1043905,1059961,500295,492231,543610,567730
   Spain*,  Northern Europe,403396,406653,198601,198884,204795,207769
   Spain*,  Southern Europe,240334,290912,139838,164987,100496,125925
   Spain*,  Western Europe,568079,605955,280101,297396,287978,308559
   Spain*, LATIN AMERICA AND THE CARIBBEAN,2223695,2819392,964456,1205757,1259239,1613635
   Spain*,  Caribbean,290984,351164,121216,147618,169768,203546
   Spain*,  Central America,134529,235745,45733,75620,88796,160125
   Spain*,  South America,1798182,2232483,797507,982519,1000675,1249964
   Spain*, NORTHERN AMERICA,49213,66455,23147,31197,26066,35258
   Spain*, OCEANIA ,7664,10335,3962,5246,3702,5089
   Spain*,  Australia and New Zealand,7449,10052,3858,5112,3591,4940
   Spain*,  Melanesia,62,81,31,40,31,41
   Spain*,  Micronesia,119,158,53,68,66,90
   Spain*,  Polynesia*,34,44,20,26,14,18
   Spain*,   Afghanistan,458,615,348,465,110,150
   Spain*,   Albania,1938,2615,1050,1395,888,1220
   Spain*,   Algeria,56038,61611,35129,36917,20909,24694
   Spain*,   Andorra,5900,7964,2861,3783,3039,4181
   Spain*,   Angola,3553,4795,1966,2613,1587,2182
   Spain*,   Argentina,251841,284921,128585,143613,123256,141308
   Spain*,   Armenia,9516,12845,4678,6190,4838,6655
   Spain*,   Australia*,6376,8606,3253,4309,3123,4297
   Spain*,   Austria,8844,11936,4063,5359,4781,6577
   Spain*,   Azerbaijan*,616,831,283,374,333,457
   Spain*,   Bahamas,58,77,28,37,30,40
   Spain*,   Bahrain,56,74,34,45,22,29
   Spain*,   Bangladesh,9836,14594,7072,10144,2764,4450
   Spain*,   Barbados,43,56,22,28,21,28
   Spain*,   Belarus,3886,5245,1207,1560,2679,3685
   Spain*,   Belgium,44130,51896,22327,26389,21803,25507
   Spain*,   Belize,34,44,14,17,20,27
   Spain*,   Benin,398,536,273,366,125,170
   Spain*,   Bolivia (Plurinational State of),150680,159936,58927,62416,91753,97520
   Spain*,   Bosnia and Herzegovina,2119,2858,1028,1359,1091,1499
   Spain*,   Brazil,99187,133244,35030,49926,64157,83318
   Spain*,   Brunei Darussalam,22,27,11,13,11,14
   Spain*,   Bulgaria,126875,119741,64972,59426,61903,60315
   Spain*,   Burkina Faso,1147,1547,825,1105,322,442
   Spain*,   Burundi,107,141,49,63,58,78
   Spain*,   Cabo Verde,4445,5999,1826,2396,2619,3603
   Spain*,   Cambodia,95,125,32,40,63,85
   Spain*,   Cameroon,5178,6990,3127,4171,2051,2819
   Spain*,   Canada,6922,9343,3200,4223,3722,5120
   Spain*,   Central African Republic,162,217,97,130,65,87
   Spain*,   Chad,122,163,90,121,32,42
   Spain*,   Chile,54400,61798,26031,29121,28369,32677
   Spain*,   China*,155713,179104,71920,80616,83793,98488
   Spain*,   Colombia,347505,450377,143907,185701,203598,264676
   Spain*,   Congo,2105,2840,1252,1668,853,1172
   Spain*,   Costa Rica,3339,4505,1499,1975,1840,2530
   Spain*,   Côte d'Ivoire,2958,3991,2067,2767,891,1224
   Spain*,   Croatia,1684,2272,812,1073,872,1199
   Spain*,   Cuba,131134,162368,58864,73028,72270,89340
   Spain*,   Cyprus*,366,493,193,256,173,237
   Spain*,   Czechia,8548,11539,3396,4452,5152,7087
   Spain*,   Dem. People's Republic of Korea,115,153,52,68,63,85
   Spain*,   Democratic Republic of the Congo,1468,1980,876,1166,592,814
   Spain*,   Denmark*,11539,11659,5815,5862,5724,5797
   Spain*,   Djibouti,21,26,15,19,6,7
   Spain*,   Dominica,966,1302,322,417,644,885
   Spain*,   Dominican Republic,156905,184832,61042,72868,95863,111964
   Spain*,   Ecuador,416394,430275,195324,199838,221070,230437
   Spain*,   Egypt,4128,5571,2768,3701,1360,1870
   Spain*,   El Salvador,9192,12408,3301,4304,5891,8104
   Spain*,   Equatorial Guinea,19339,22528,7462,8468,11877,14060
   Spain*,   Eritrea,137,183,81,107,56,76
   Spain*,   Estonia,1875,2529,699,912,1176,1617
   Spain*,   Ethiopia,3713,5012,2008,2669,1705,2343
   Spain*,   Fiji,32,42,15,19,17,23
   Spain*,   Finland*,12359,13200,5539,5785,6820,7415
   Spain*,   France*,203692,221373,98858,107276,104834,114097
   Spain*,   Gabon,278,374,135,179,143,195
   Spain*,   Gambia,17017,19489,13320,14958,3697,4531
   Spain*,   Georgia*,8760,11824,4016,5298,4744,6526
   Spain*,   Germany,200641,200659,98763,97756,101878,102903
   Spain*,   Ghana,12043,13778,8985,9451,3058,4327
   Spain*,   Greece,3982,5373,2308,3070,1674,2303
   Spain*,   Grenada,622,839,309,409,313,430
   Spain*,   Guatemala,7411,10002,2832,3702,4579,6300
   Spain*,   Guinea,9689,10911,6209,7125,3480,3786
   Spain*,   Guinea-Bissau,5369,7246,4151,5571,1218,1675
   Spain*,   Guyana,111,148,52,68,59,80
   Spain*,   Haiti,723,976,396,528,327,448
   Spain*,   Honduras,41333,99418,10959,26656,30374,72762
   Spain*,   Hungary,9297,12548,4245,5599,5052,6949
   Spain*,   Iceland,1122,1513,518,684,604,829
   Spain*,   India,34447,47114,20810,28509,13637,18605
   Spain*,   Indonesia,1937,2614,1016,1347,921,1267
   Spain*,   Iran (Islamic Republic of),5888,7947,3436,4575,2452,3372
   Spain*,   Iraq,1829,2467,1141,1523,688,944
   Spain*,   Ireland,14925,16100,7710,8313,7215,7787
   Spain*,   Israel,2858,3856,1769,2360,1089,1496
   Spain*,   Italy,106324,153583,64435,90134,41889,63449
   Spain*,   Jamaica,282,379,134,176,148,203
   Spain*,   Japan,6128,8271,2291,2994,3837,5277
   Spain*,   Jordan,2261,3050,1637,2192,624,858
   Spain*,   Kazakhstan,1797,2424,721,945,1076,1479
   Spain*,   Kenya,1555,2098,466,602,1089,1496
   Spain*,   Kuwait,483,650,321,429,162,221
   Spain*,   Kyrgyzstan,333,448,102,131,231,317
   Spain*,   Lao People's Democratic Republic,188,251,89,115,99,136
   Spain*,   Latvia,3987,5381,1532,2005,2455,3376
   Spain*,   Lebanon,3341,4508,2218,2964,1123,1544
   Spain*,   Liberia,819,1104,551,736,268,368
   Spain*,   Libya,966,1302,596,794,370,508
   Spain*,   Liechtenstein,115,153,53,69,62,84
   Spain*,   Lithuania,16284,16492,7547,7046,8737,9446
   Spain*,   Luxembourg,1425,1921,705,932,720,989
   Spain*,   Madagascar,462,620,152,195,310,425
   Spain*,   Malawi,65,86,31,40,34,46
   Spain*,   Malaysia*,602,811,263,346,339,465
   Spain*,   Mali,17576,18734,15208,15540,2368,3194
   Spain*,   Malta,312,420,154,204,158,216
   Spain*,   Mauritania,8532,8879,6252,6134,2280,2745
   Spain*,   Mauritius*,241,324,129,172,112,152
   Spain*,   Mexico,48613,60854,20525,25059,28088,35795
   Spain*,   Micronesia (Fed. States of),119,158,53,68,66,90
   Spain*,   Monaco,235,315,111,146,124,169
   Spain*,   Mongolia,419,565,144,189,275,376
   Spain*,   Montenegro,167,225,96,128,71,97
   Spain*,   Morocco,699880,785884,395003,430708,304877,355176
   Spain*,   Mozambique,1197,1615,594,787,603,828
   Spain*,   Myanmar,87,116,49,65,38,51
   Spain*,   Namibia,126,168,57,74,69,94
   Spain*,   Nepal,3136,4232,1915,2553,1221,1679
   Spain*,   Netherlands*,46711,51778,24290,26853,22421,24925
   Spain*,   New Zealand*,1073,1446,605,803,468,643
   Spain*,   Nicaragua,20361,42784,4819,11563,15542,31221
   Spain*,   Niger,280,377,215,290,65,87
   Spain*,   Nigeria,30198,29016,17608,16127,12590,12889
   Spain*,   North Macedonia,627,845,318,421,309,424
   Spain*,   Norway*,16018,15024,7957,7457,8061,7567
   Spain*,   Oman,51,66,33,42,18,24
   Spain*,   Pakistan,54547,63819,37953,41074,16594,22745
   Spain*,   Panama,4246,5730,1784,2344,2462,3386
   Spain*,   Papua New Guinea,30,39,16,21,14,18
   Spain*,   Paraguay,58926,77926,16474,23779,42452,54147
   Spain*,   Peru,184802,226473,82081,98412,102721,128061
   Spain*,   Philippines,42659,51181,15840,18643,26819,32538
   Spain*,   Poland,63864,63466,29642,27866,34222,35600
   Spain*,   Portugal,112032,108063,64253,60260,47779,47803
   Spain*,   Qatar,91,121,60,80,31,41
   Spain*,   Republic of Korea,4189,5654,1854,2443,2335,3211
   Spain*,   Republic of Moldova*,17084,21738,8050,10011,9034,11727
   Spain*,   Romania,646181,613336,322609,300285,323572,313051
   Spain*,   Russian Federation,79255,96126,28586,34349,50669,61777
   Spain*,   Rwanda,283,381,154,205,129,176
   Spain*,   Saint Lucia,45,59,25,32,20,27
   Spain*,   San Marino,37,48,19,24,18,24
   Spain*,   Sao Tome and Principe,189,252,94,123,95,129
   Spain*,   Saudi Arabia,845,1140,534,714,311,426
   Spain*,   Senegal,49461,59549,38720,45072,10741,14477
   Spain*,   Serbia*,3900,5264,1894,2504,2006,2760
   Spain*,   Seychelles,40,52,19,24,21,28
   Spain*,   Sierra Leone,1025,1382,696,930,329,452
   Spain*,   Singapore,503,678,186,243,317,435
   Spain*,   Slovakia,7297,9849,3085,4054,4212,5795
   Spain*,   Slovenia,1312,1382,610,632,702,750
   Spain*,   Somalia,272,366,168,224,104,142
   Spain*,   South Africa,2829,3817,1494,1981,1335,1836
   Spain*,   Sri Lanka,628,846,389,518,239,328
   Spain*,   State of Palestine*,0,2569,0,1229,0,1340
   Spain*,   Sudan,389,524,271,363,118,161
   Spain*,   Suriname,218,291,89,115,129,176
   Spain*,   Sweden,19318,21562,8736,9896,10582,11666
   Spain*,   Switzerland,62286,65924,30931,32616,31355,33308
   Spain*,   Syrian Arab Republic,5910,16938,3904,11083,2006,5855
   Spain*,   Tajikistan,84,112,44,58,40,54
   Spain*,   Thailand,2084,2812,520,661,1564,2151
   Spain*,   Togo,508,684,345,462,163,222
   Spain*,   Trinidad and Tobago,206,276,74,95,132,181
   Spain*,   Tunisia,2734,3688,1844,2465,890,1223
   Spain*,   Turkey,3969,5356,2467,3291,1502,2065
   Spain*,   Turkmenistan,60,79,20,25,40,54
   Spain*,   Tuvalu,34,44,20,26,14,18
   Spain*,   Uganda,211,282,110,144,101,138
   Spain*,   Ukraine*,81618,106373,34503,44629,47115,61744
   Spain*,   United Arab Emirates,326,438,186,247,140,191
   Spain*,   United Kingdom*,305969,303193,152548,150924,153421,152269
   Spain*,   United Republic of Tanzania*,360,486,175,232,185,254
   Spain*,   United States of America*,42291,57112,19947,26974,22344,30138
   Spain*,   Uruguay,73640,81427,37286,40768,36354,40659
   Spain*,   Uzbekistan,642,865,227,295,415,570
   Spain*,   Venezuela (Bolivarian Republic of),160478,325667,73721,148762,86757,176905
   Spain*,   Viet Nam,1634,2205,753,994,881,1211
   Spain*,   Yemen,139,187,101,136,38,51
   Spain*,   Zambia,148,198,69,91,79,107
   Spain*,   Zimbabwe,335,451,170,225,165,226
   Spain*,Other,15178,19217,8066,10082,7112,9135
  Western Europe,WORLD,25918551,33231117,12637122,16388659,13281429,16842458
  Western Europe,  Sub-Saharan Africa,1699578,2063490,823642,1026984,875936,1036506
  Western Europe,  Northern Africa and Western Asia,6542694,8396175,3496914,4513004,3045780,3883171
  Western Europe,  Central and Southern Asia,1822208,2629353,952433,1369015,869775,1260338
  Western Europe,  Eastern and South-Eastern Asia,1266256,1514913,493964,583616,772292,931297
  Western Europe,  Latin America and the Caribbean,932925,1093750,369925,432918,563000,660832
  Western Europe,  Oceania (excluding Australia and New Zealand),2256,2357,881,912,1375,1445
  Western Europe,  Australia and New Zealand,51134,61115,25266,30746,25868,30369
  Western Europe,  Europe and Northern America,13116789,16906759,6241346,8158615,6875443,8748144
  Western Europe,  Developed regions,13238040,17052746,6290920,8218808,6947120,8833938
  Western Europe,  Less developed regions,12195800,15615166,6113451,7897002,6082349,7718164
  Western Europe," Less developed regions, excluding least developed countries",10659721,13553686,5331807,6801158,5327914,6752528
  Western Europe," Less developed regions, excluding China",11878578,15204286,5978987,7721695,5899591,7482591
  Western Europe,  Least developed countries,1536079,2061480,781644,1095844,754435,965636
  Western Europe,  Land-locked Developing Countries (LLDC),1731664,2462576,868021,1223334,863643,1239242
  Western Europe,  Small island developing States (SIDS),537076,595599,221440,246121,315636,349478
  Western Europe,  High-income countries,10940877,13781757,5232484,6766253,5708393,7015504
  Western Europe,  Middle-income countries,13067287,16370446,6421752,7936184,6645535,8434262
  Western Europe, Upper-middle-income countries,7359185,9715774,3513807,4559095,3845378,5156679
  Western Europe, Lower-middle-income countries,5708102,6654672,2907945,3377089,2800157,3277583
  Western Europe,  Low-income countries,1424346,2514175,749485,1412624,674861,1101551
  Western Europe, AFRICA,5287333,6075432,2735739,3165332,2551594,2910100
  Western Europe,  Eastern Africa,496877,640050,217964,298276,278913,341774
  Western Europe,  Middle Africa,482990,540512,221144,247958,261846,292554
  Western Europe,  Northern Africa,3587755,4011942,1912097,2138348,1675658,1873594
  Western Europe,  Southern Africa,49337,62164,22519,28454,26818,33710
  Western Europe,  Western Africa,670374,820764,362015,452296,308359,368468
  Western Europe, ASIA,6043403,8528499,3031214,4327287,3012189,4201212
  Western Europe,  Central Asia,982036,1327858,479317,610970,502719,716888
  Western Europe,  Eastern Asia,459009,583269,184867,237447,274142,345822
  Western Europe,  South-Eastern Asia,807247,931644,309097,346169,498150,585475
  Western Europe,  Southern Asia,840172,1301495,473116,758045,367056,543450
  Western Europe,  Western Asia,2954939,4384233,1584817,2374656,1370122,2009577
  Western Europe, EUROPE,12784717,16504104,6078398,7959746,6706319,8544358
  Western Europe,  Eastern Europe,5111104,7043559,2305642,3225427,2805462,3818132
  Western Europe,  Northern Europe,667479,786526,319870,382241,347609,404285
  Western Europe,  Southern Europe,4322241,5652638,2209031,2926530,2113210,2726108
  Western Europe,  Western Europe,2683893,3021381,1243855,1425548,1440038,1595833
  Western Europe, LATIN AMERICA AND THE CARIBBEAN,932925,1093750,369925,432918,563000,660832
  Western Europe,  Caribbean,171273,197987,65226,76085,106047,121902
  Western Europe,  Central America,68273,85747,26848,34714,41425,51033
  Western Europe,  South America,693379,810016,277851,322119,415528,487897
  Western Europe, NORTHERN AMERICA,332072,402655,162948,198869,169124,203786
  Western Europe, OCEANIA ,53390,63472,26147,31658,27243,31814
  Western Europe,  Australia and New Zealand,51134,61115,25266,30746,25868,30369
  Western Europe,  Melanesia,1850,1967,706,752,1144,1215
  Western Europe,  Micronesia,53,33,23,13,30,20
  Western Europe,  Polynesia*,353,357,152,147,201,210
  Western Europe,   Burundi,12194,14446,5471,6499,6723,7947
  Western Europe,   Comoros,38268,42068,17105,18857,21163,23211
  Western Europe,   Djibouti,8251,9245,4056,4524,4195,4721
  Western Europe,   Eritrea,75082,128544,39557,75196,35525,53348
  Western Europe,   Ethiopia,47601,66660,22571,32964,25030,33696
  Western Europe,   Kenya,23053,29124,7525,9134,15528,19990
  Western Europe,   Madagascar,130777,144431,47285,52265,83492,92166
  Western Europe,   Malawi,660,787,326,395,334,392
  Western Europe,   Mauritius*,52759,57998,18785,20822,33974,37176
  Western Europe,   Mayotte*,0,0,0,0,0,0
  Western Europe,   Mozambique,3853,4498,1748,2041,2105,2457
  Western Europe,   Réunion*,0,0,0,0,0,0
  Western Europe,   Rwanda,23833,25817,10701,11531,13132,14286
  Western Europe,   Seychelles,1048,1129,296,313,752,816
  Western Europe,   Somalia,61718,93508,34443,53944,27275,39564
  Western Europe,   South Sudan,24,50,12,32,12,18
  Western Europe,   Uganda,6076,7943,2706,3495,3370,4448
  Western Europe,   United Republic of Tanzania*,4849,5867,2317,2723,2532,3144
  Western Europe,   Zambia,2956,3486,1279,1486,1677,2000
  Western Europe,   Zimbabwe,3875,4449,1781,2055,2094,2394
  Western Europe,   Angola,40532,46180,20576,23372,19956,22808
  Western Europe,   Cameroon,126742,148288,51867,61577,74875,86711
  Western Europe,   Central African Republic,18092,19994,8495,9401,9597,10593
  Western Europe,   Chad,8877,10377,4798,5764,4079,4613
  Western Europe,   Congo,82271,90832,40685,44968,41586,45864
  Western Europe,   Democratic Republic of the Congo,183245,198808,84475,91372,98770,107436
  Western Europe,   Equatorial Guinea,612,717,217,255,395,462
  Western Europe,   Gabon,22075,24515,9792,10877,12283,13638
  Western Europe,   Sao Tome and Principe,544,801,239,372,305,429
  Western Europe,   Algeria,1548574,1707576,824792,911801,723782,795775
  Western Europe,   Egypt,87890,104194,57716,67953,30174,36241
  Western Europe,   Libya,9846,22014,5682,13401,4164,8613
  Western Europe,   Morocco,1452970,1610983,749484,827110,703486,783873
  Western Europe,   Sudan,15561,36154,8641,19197,6920,16957
  Western Europe,   Tunisia,471776,529759,265213,298251,206563,231508
  Western Europe,   Western Sahara,1138,1262,569,635,569,627
  Western Europe,   Botswana,410,448,192,207,218,241
  Western Europe,   Eswatini,295,289,113,107,182,182
  Western Europe,   Lesotho,287,318,148,163,139,155
  Western Europe,   Namibia,986,1224,419,541,567,683
  Western Europe,   South Africa,47359,59885,21647,27436,25712,32449
  Western Europe,   Benin,25361,29279,13573,15933,11788,13346
  Western Europe,   Burkina Faso,12865,15430,6881,8487,5984,6943
  Western Europe,   Cabo Verde,39657,48479,17597,21530,22060,26949
  Western Europe,   Côte d'Ivoire,107145,119565,48095,54058,59050,65507
  Western Europe,   Gambia,9962,23164,6883,18072,3079,5092
  Western Europe,   Ghana,59406,71737,29674,36178,29732,35559
  Western Europe,   Guinea,52095,67880,28233,38336,23862,29544
  Western Europe,   Guinea-Bissau,4303,6475,2519,3853,1784,2622
  Western Europe,   Liberia,5861,6514,3703,4204,2158,2310
  Western Europe,   Mali,81565,92479,47902,55034,33663,37445
  Western Europe,   Mauritania,21115,23267,13995,15333,7120,7934
  Western Europe,   Niger,8774,10275,4882,5816,3892,4459
  Western Europe,   Nigeria,51138,87463,31124,53008,20014,34455
  Western Europe,   Saint Helena*,6,5,3,3,3,2
  Western Europe,   Senegal,135331,153468,75310,86081,60021,67387
  Western Europe,   Sierra Leone,10544,11885,6781,7710,3763,4175
  Western Europe,   Togo,45246,53399,24860,28660,20386,24739
  Western Europe,   Kazakhstan,840876,1139268,412204,526707,428672,612561
  Western Europe,   Kyrgyzstan,71658,95874,34311,40303,37347,55571
  Western Europe,   Tajikistan,25003,33500,12246,18069,12757,15431
  Western Europe,   Turkmenistan,6029,8039,2709,3464,3320,4575
  Western Europe,   Uzbekistan,38470,51177,17847,22427,20623,28750
  Western Europe,   China*,316670,410277,134233,175055,182437,235222
  Western Europe,"   China, Hong Kong SAR*",535,587,223,245,312,342
  Western Europe,"   China, Macao SAR*",17,16,8,7,9,9
  Western Europe,"   China, Taiwan Province of China*",0,0,0,0,0,0
  Western Europe,   Dem. People's Republic of Korea,3272,3971,1189,1533,2083,2438
  Western Europe,   Japan,70117,84872,24308,29447,45809,55425
  Western Europe,   Mongolia,5329,6401,1768,2154,3561,4247
  Western Europe,   Republic of Korea,63069,77145,23138,29006,39931,48139
  Western Europe,   Brunei Darussalam,741,768,371,384,370,384
  Western Europe,   Cambodia,73541,81265,34355,37722,39186,43543
  Western Europe,   Indonesia,154581,154495,66254,65031,88327,89464
  Western Europe,   Lao People's Democratic Republic,49797,55340,23433,25686,26364,29654
  Western Europe,   Malaysia*,14759,17818,6471,7698,8288,10120
  Western Europe,   Myanmar,4081,5046,2416,2948,1665,2098
  Western Europe,   Philippines,110528,135756,28609,37334,81919,98422
  Western Europe,   Singapore,11007,13603,4643,5608,6364,7995
  Western Europe,   Thailand,128875,158727,26047,27905,102828,130822
  Western Europe,   Timor-Leste,68,68,35,31,33,37
  Western Europe,   Viet Nam,259269,308758,116463,135822,142806,172936
  Western Europe,   Afghanistan,188083,409957,111716,251329,76367,158628
  Western Europe,   Bangladesh,22953,37262,13336,22412,9617,14850
  Western Europe,   Bhutan,836,844,477,473,359,371
  Western Europe,   India,182487,271246,98335,151398,84152,119848
  Western Europe,   Iran (Islamic Republic of),202395,263659,112613,149351,89782,114308
  Western Europe,   Maldives,103,131,77,90,26,41
  Western Europe,   Nepal,11457,16589,6168,8669,5289,7920
  Western Europe,   Pakistan,99526,145544,61558,94061,37968,51483
  Western Europe,   Sri Lanka,132332,156263,68836,80262,63496,76001
  Western Europe,   Armenia,36463,54823,16174,24666,20289,30157
  Western Europe,   Azerbaijan*,23003,35057,11394,17555,11609,17502
  Western Europe,   Bahrain,618,716,303,348,315,368
  Western Europe,   Cyprus*,4381,6541,2330,3380,2051,3161
  Western Europe,   Georgia*,31439,40153,13106,16749,18333,23404
  Western Europe,   Iraq,175995,330919,105692,199548,70303,131371
  Western Europe,   Israel,36310,43280,20547,24357,15763,18923
  Western Europe,   Jordan,15358,20593,9903,12602,5455,7991
  Western Europe,   Kuwait,2942,4184,1727,2447,1215,1737
  Western Europe,   Lebanon,132286,164493,77775,95754,54511,68739
  Western Europe,   Oman,1013,1160,580,638,433,522
  Western Europe,   Qatar,459,748,237,384,222,364
  Western Europe,   Saudi Arabia,9891,14780,5497,8293,4394,6487
  Western Europe,   State of Palestine*,2550,5113,1612,3299,938,1814
  Western Europe,   Syrian Arab Republic,301115,926562,183494,564245,117621,362317
  Western Europe,   Turkey,2173971,2721502,1130186,1392190,1043785,1329312
  Western Europe,   United Arab Emirates,2877,5298,1494,2850,1383,2448
  Western Europe,   Yemen,4268,8311,2766,5351,1502,2960
  Western Europe,   Belarus,28617,37428,9573,11307,19044,26121
  Western Europe,   Bulgaria,190638,457591,89239,225342,101399,232249
  Western Europe,   Czechia,513551,667865,216794,277845,296757,390020
  Western Europe,   Hungary,256727,365057,125608,186944,131119,178113
  Western Europe,   Poland,1944932,2585872,897446,1253844,1047486,1332028
  Western Europe,   Republic of Moldova*,30680,43071,13905,18770,16775,24301
  Western Europe,   Romania,794413,1065625,372053,534746,422360,530879
  Western Europe,   Russian Federation,1004686,1347641,445290,537318,559396,810323
  Western Europe,   Slovakia,92761,133621,36027,55632,56734,77989
  Western Europe,   Ukraine*,254099,339788,99707,123679,154392,216109
  Western Europe,   Channel Islands*,0,0,0,0,0,0
  Western Europe,   Denmark*,42506,49738,18599,22102,23907,27636
  Western Europe,   Estonia,14304,18656,5229,6495,9075,12161
  Western Europe,   Faroe Islands*,12,11,5,5,7,6
  Western Europe,   Finland*,30651,36598,8974,11077,21677,25521
  Western Europe,   Iceland,3481,4461,1697,2197,1784,2264
  Western Europe,   Ireland,34037,43199,17097,22224,16940,20975
  Western Europe,   Isle of Man*,20,21,5,5,15,16
  Western Europe,   Latvia,37234,54018,15179,23262,22055,30756
  Western Europe,   Lithuania,54083,73698,19576,28019,34507,45679
  Western Europe,   Norway*,18433,22123,7567,9337,10866,12786
  Western Europe,   Sweden,47908,53107,19995,22865,27913,30242
  Western Europe,   United Kingdom*,384810,430896,205947,234653,178863,196243
  Western Europe,   Albania,56384,94108,28837,49197,27547,44911
  Western Europe,   Andorra,1180,1349,509,585,671,764
  Western Europe,   Bosnia and Herzegovina,391186,468944,192349,231984,198837,236960
  Western Europe,   Croatia,243191,463760,112241,225726,130950,238034
  Western Europe,   Gibraltar*,124,134,46,52,78,82
  Western Europe,   Greece,239353,469739,128899,251406,110454,218333
  Western Europe,   Holy See*,6,6,5,5,1,1
  Western Europe,   Italy,1123182,1507637,618831,845579,504351,662058
  Western Europe,   Malta,2573,2902,1174,1367,1399,1535
  Western Europe,   Montenegro,30366,26646,14723,13659,15643,12987
  Western Europe,   North Macedonia,154622,213240,76700,109349,77922,103891
  Western Europe,   Portugal,1095006,1147084,570078,596217,524928,550867
  Western Europe,   San Marino,275,299,132,146,143,153
  Western Europe,   Serbia*,405946,545605,197147,266027,208799,279578
  Western Europe,   Slovenia,61443,79143,27906,37946,33537,41197
  Western Europe,   Spain*,517404,632042,239454,297285,277950,334757
  Western Europe,   Austria,297676,370882,136441,175698,161235,195184
  Western Europe,   Belgium,273579,306134,126826,144252,146753,161882
  Western Europe,   France*,530552,612470,246395,291081,284157,321389
  Western Europe,   Germany,974599,1017717,447340,473246,527259,544471
  Western Europe,   Liechtenstein,2862,2978,1115,1175,1747,1803
  Western Europe,   Luxembourg,51069,58915,24777,29344,26292,29571
  Western Europe,   Monaco,26496,29191,12448,13738,14048,15453
  Western Europe,   Netherlands*,319122,375993,159356,191424,159766,184569
  Western Europe,   Switzerland,207938,247101,89157,105590,118781,141511
  Western Europe,   Anguilla*,32,27,13,9,19,18
  Western Europe,   Antigua and Barbuda,184,180,71,72,113,108
  Western Europe,   Aruba*,4191,5566,2113,2824,2078,2742
  Western Europe,   Bahamas,267,300,133,155,134,145
  Western Europe,   Barbados,273,324,141,171,132,153
  Western Europe,"   Bonaire, Sint Eustatius and Saba*",126,217,53,94,73,123
  Western Europe,   British Virgin Islands*,20,19,6,5,14,14
  Western Europe,   Cayman Islands*,19,25,10,12,9,13
  Western Europe,   Cuba,24117,29793,9832,12050,14285,17743
  Western Europe,   Curaçao*,280,1259,148,625,132,634
  Western Europe,   Dominica,7461,8094,2260,2448,5201,5646
  Western Europe,   Dominican Republic,38034,45122,11808,14316,26226,30806
  Western Europe,   Grenada,111,114,46,46,65,68
  Western Europe,   Guadeloupe*,0,0,0,0,0,0
  Western Europe,   Haiti,83797,92356,34201,37829,49596,54527
  Western Europe,   Jamaica,4702,5815,1972,2554,2730,3261
  Western Europe,   Martinique*,0,0,0,0,0,0
  Western Europe,   Montserrat*,14,11,5,3,9,8
  Western Europe,   Puerto Rico*,53,57,25,28,28,29
  Western Europe,   Saint Barthélemy*,0,0,0,0,0,0
  Western Europe,   Saint Kitts and Nevis,91,87,31,30,60,57
  Western Europe,   Saint Lucia,5090,5599,1470,1620,3620,3979
  Western Europe,   Saint Martin (French part)*,0,0,0,0,0,0
  Western Europe,   Saint Vincent and the Grenadines,121,129,45,49,76,80
  Western Europe,   Sint Maarten (Dutch part)*,32,135,18,69,14,66
  Western Europe,   Trinidad and Tobago,2248,2751,818,1072,1430,1679
  Western Europe,   Turks and Caicos Islands*,9,7,6,4,3,3
  Western Europe,   United States Virgin Islands*,1,0,1,0,0,0
  Western Europe,   Belize,97,100,39,44,58,56
  Western Europe,   Costa Rica,4452,5632,1936,2534,2516,3098
  Western Europe,   El Salvador,4141,5451,1697,2285,2444,3166
  Western Europe,   Guatemala,7783,9237,3577,4284,4206,4953
  Western Europe,   Honduras,3248,4049,1149,1459,2099,2590
  Western Europe,   Mexico,42840,54071,16140,21130,26700,32941
  Western Europe,   Nicaragua,3562,4530,1419,1853,2143,2677
  Western Europe,   Panama,2150,2677,891,1125,1259,1552
  Western Europe,   Argentina,44382,53969,20088,24572,24294,29397
  Western Europe,   Bolivia (Plurinational State of),13787,17059,5715,6921,8072,10138
  Western Europe,   Brazil,182632,228689,62623,78428,120009,150261
  Western Europe,   Chile,44031,51635,20538,24159,23493,27476
  Western Europe,   Colombia,80773,95954,31794,37593,48979,58361
  Western Europe,   Ecuador,26305,32273,10070,12621,16235,19652
  Western Europe,   Falkland Islands (Malvinas)*,2,1,1,0,1,1
  Western Europe,   French Guiana*,0,0,0,0,0,0
  Western Europe,   Guyana,7428,7986,2712,2924,4716,5062
  Western Europe,   Paraguay,7187,9089,2996,3356,4191,5733
  Western Europe,   Peru,46183,55637,16304,19373,29879,36264
  Western Europe,   Suriname,207572,215689,90961,94340,116611,121349
  Western Europe,   Uruguay,8300,9834,3798,4534,4502,5300
  Western Europe,   Venezuela (Bolivarian Republic of),24797,32201,10251,13298,14546,18903
  Western Europe,   Bermuda*,203,231,75,86,128,145
  Western Europe,   Canada,71543,82924,32395,37605,39148,45319
  Western Europe,   Greenland*,24,23,6,2,18,21
  Western Europe,   Saint Pierre and Miquelon*,1,0,1,0,0,0
  Western Europe,   United States of America*,260301,319477,130471,161176,129830,158301
  Western Europe,   Australia*,40032,47993,19597,23907,20435,24086
  Western Europe,   New Zealand*,11102,13122,5669,6839,5433,6283
  Western Europe,   Fiji,362,403,144,163,218,240
  Western Europe,   New Caledonia*,92,118,37,47,55,71
  Western Europe,   Papua New Guinea,522,517,261,265,261,252
  Western Europe,   Solomon Islands,46,45,19,20,27,25
  Western Europe,   Vanuatu,828,884,245,257,583,627
  Western Europe,   Guam*,0,0,0,0,0,0
  Western Europe,   Kiribati,17,12,2,3,15,9
  Western Europe,   Marshall Islands,6,4,4,3,2,1
  Western Europe,   Micronesia (Fed. States of),4,3,3,2,1,1
  Western Europe,   Nauru,23,11,12,4,11,7
  Western Europe,   Northern Mariana Islands*,0,0,0,0,0,0
  Western Europe,   Palau,3,3,2,1,1,2
  Western Europe,   American Samoa*,1,0,0,0,1,0
  Western Europe,   Cook Islands*,3,3,0,0,3,3
  Western Europe,   French Polynesia*,134,138,62,63,72,75
  Western Europe,   Niue*,0,0,0,0,0,0
  Western Europe,   Samoa,74,70,30,26,44,44
  Western Europe,   Tokelau*,0,0,0,0,0,0
  Western Europe,   Tonga,134,140,56,56,78,84
  Western Europe,   Tuvalu,5,4,4,2,1,2
  Western Europe,   Wallis and Futuna Islands*,2,2,0,0,2,2
   Austria,WORLD,1483123,1738183,714537,848395,768586,889788
   Austria,  Sub-Saharan Africa,26923,33361,15813,19419,11110,13942
   Austria,  Northern Africa and Western Asia,237913,270081,134543,149062,103370,121019
   Austria,  Central and Southern Asia,83261,103365,51734,64090,31527,39275
   Austria,  Eastern and South-Eastern Asia,44956,52078,15277,18033,29679,34045
   Austria,  Latin America and the Caribbean,20110,24691,7502,9694,12608,14997
   Austria,  Oceania (excluding Australia and New Zealand),137,139,62,63,75,76
   Austria,  Australia and New Zealand,2638,3040,1304,1559,1334,1481
   Austria,  Europe and Northern America,1067185,1251428,488302,586475,578883,664953
   Austria,  Developed regions,1072334,1257335,490307,588891,582027,668444
   Austria,  Less developed regions,410789,480848,224230,259504,186559,221344
   Austria," Less developed regions, excluding least developed countries",351534,410625,184996,213441,166538,197184
   Austria," Less developed regions, excluding China",395906,463072,217992,252002,177914,211070
   Austria,  Least developed countries,59255,70223,39234,46063,20021,24160
   Austria,  Land-locked Developing Countries (LLDC),80422,95057,46926,54993,33496,40064
   Austria,  Small island developing States (SIDS),5113,5777,1724,2073,3389,3704
   Austria,  High-income countries,674951,803872,303024,373961,371927,429911
   Austria,  Middle-income countries,720258,816764,350919,400537,369339,416227
   Austria, Upper-middle-income countries,632410,711150,306255,347173,326155,363977
   Austria, Lower-middle-income countries,87848,105614,44664,53364,43184,52250
   Austria,  Low-income countries,87912,117543,60592,73896,27320,43647
   Austria, AFRICA,48180,58010,29409,34965,18771,23045
   Austria,  Eastern Africa,10073,13416,5650,7525,4423,5891
   Austria,  Middle Africa,2281,2661,1224,1421,1057,1240
   Austria,  Northern Africa,21257,24649,13596,15546,7661,9103
   Austria,  Southern Africa,2600,3169,1120,1416,1480,1753
   Austria,  Western Africa,11969,14115,7819,9057,4150,5058
   Austria, ASIA,344873,400875,187958,215639,156915,185236
   Austria,  Central Asia,4251,5447,1578,2080,2673,3367
   Austria,  Eastern Asia,21547,25551,8327,10065,13220,15486
   Austria,  South-Eastern Asia,23409,26527,6950,7968,16459,18559
   Austria,  Southern Asia,79010,97918,50156,62010,28854,35908
   Austria,  Western Asia,216656,245432,120947,133516,95709,111916
   Austria, EUROPE,1054854,1237150,482408,579474,572446,657676
   Austria,  Eastern Europe,352373,439689,148595,192804,203778,246885
   Austria,  Northern Europe,20397,24083,9279,11308,11118,12775
   Austria,  Southern Europe,442069,502279,214876,247400,227193,254879
   Austria,  Western Europe,240015,271099,109658,127962,130357,143137
   Austria, LATIN AMERICA AND THE CARIBBEAN,20110,24691,7502,9694,12608,14997
   Austria,  Caribbean,4299,4827,1359,1652,2940,3175
   Austria,  Central America,2738,3511,1154,1495,1584,2016
   Austria,  South America,13073,16353,4989,6547,8084,9806
   Austria, NORTHERN AMERICA,12331,14278,5894,7001,6437,7277
   Austria, OCEANIA ,2775,3179,1366,1622,1409,1557
   Austria,  Australia and New Zealand,2638,3040,1304,1559,1334,1481
   Austria,  Melanesia,118,118,55,56,63,62
   Austria,  Micronesia,2,1,1,0,1,1
   Austria,  Polynesia*,17,20,6,7,11,13
   Austria,   Afghanistan,41725,47602,28486,32347,13239,15255
   Austria,   Albania,3230,4398,1568,2134,1662,2264
   Austria,   Algeria,1340,1581,1031,1158,309,423
   Austria,   Andorra,2,3,1,3,1,0
   Austria,   Angola,397,436,208,232,189,204
   Austria,   Antigua and Barbuda,5,8,0,1,5,7
   Austria,   Argentina,1490,1698,718,847,772,851
   Austria,   Armenia,2998,3433,1437,1605,1561,1828
   Austria,   Aruba*,2,1,1,0,1,1
   Austria,   Australia*,2187,2548,1066,1290,1121,1258
   Austria,   Azerbaijan*,1199,1410,582,689,617,721
   Austria,   Bahamas,22,23,11,14,11,9
   Austria,   Bahrain,26,41,11,17,15,24
   Austria,   Bangladesh,2632,3326,1728,2158,904,1168
   Austria,   Barbados,20,19,11,11,9,8
   Austria,   Belarus,1756,2113,413,537,1343,1576
   Austria,   Belgium,2446,3013,1144,1501,1302,1512
   Austria,   Belize,7,9,2,2,5,7
   Austria,   Benin,97,113,65,85,32,28
   Austria,   Bermuda*,17,15,8,8,9,7
   Austria,   Bhutan,25,23,13,10,12,13
   Austria,   Bolivia (Plurinational State of),457,514,192,221,265,293
   Austria,   Bosnia and Herzegovina,152759,168798,75141,83258,77618,85540
   Austria,   Botswana,21,23,8,6,13,17
   Austria,   Brazil,4761,6173,1591,2225,3170,3948
   Austria,   British Virgin Islands*,1,1,1,0,0,1
   Austria,   Brunei Darussalam,11,8,8,5,3,3
   Austria,   Bulgaria,20786,29257,8995,13145,11791,16112
   Austria,   Burkina Faso,132,159,73,88,59,71
   Austria,   Burundi,79,99,38,49,41,50
   Austria,   Cabo Verde,35,54,11,19,24,35
   Austria,   Cambodia,815,886,339,368,476,518
   Austria,   Cameroon,639,793,366,439,273,354
   Austria,   Canada,2242,2613,1063,1272,1179,1341
   Austria,   Cayman Islands*,3,6,2,4,1,2
   Austria,   Central African Republic,21,26,12,13,9,13
   Austria,   Chad,21,18,14,11,7,7
   Austria,   Chile,1153,1384,530,669,623,715
   Austria,   China*,14883,17776,6238,7502,8645,10274
   Austria,"   China, Hong Kong SAR*",0,0,0,0,0,0
   Austria,"   China, Macao SAR*",0,0,0,0,0,0
   Austria,   Colombia,1604,2139,613,841,991,1298
   Austria,   Comoros,2,0,1,0,1,0
   Austria,   Congo,268,327,138,181,130,146
   Austria,   Costa Rica,177,220,73,95,104,125
   Austria,   Côte d'Ivoire,255,323,165,201,90,122
   Austria,   Croatia,40118,46770,18435,21991,21683,24779
   Austria,   Cuba,865,1020,285,366,580,654
   Austria,   Cyprus*,287,346,146,172,141,174
   Austria,   Czechia,38777,37118,14144,13675,24633,23443
   Austria,   Dem. People's Republic of Korea,118,113,60,56,58,57
   Austria,   Democratic Republic of the Congo,888,1007,456,520,432,487
   Austria,   Denmark*,1232,1368,527,604,705,764
   Austria,   Djibouti,5,8,4,6,1,2
   Austria,   Dominica,29,38,7,13,22,25
   Austria,   Dominican Republic,2915,3224,857,1027,2058,2197
   Austria,   Ecuador,648,796,265,337,383,459
   Austria,   Egypt,13000,14779,8153,9225,4847,5554
   Austria,   El Salvador,92,108,40,42,52,66
   Austria,   Equatorial Guinea,10,7,5,2,5,5
   Austria,   Eritrea,228,357,134,216,94,141
   Austria,   Estonia,471,571,139,169,332,402
   Austria,   Eswatini,25,23,12,10,13,13
   Austria,   Ethiopia,1138,1382,461,599,677,783
   Austria,   Faroe Islands*,1,0,1,0,0,0
   Austria,   Fiji,26,25,11,10,15,15
   Austria,   Finland*,1490,1771,421,556,1069,1215
   Austria,   France*,7943,9184,3501,4213,4442,4971
   Austria,   French Polynesia*,5,7,3,4,2,3
   Austria,   Gabon,35,46,23,22,12,24
   Austria,   Gambia,599,760,507,623,92,137
   Austria,   Georgia*,3028,3716,1317,1627,1711,2089
   Austria,   Germany,206750,232836,94448,109814,112302,123022
   Austria,   Ghana,2120,2339,1212,1360,908,979
   Austria,   Gibraltar*,9,11,4,6,5,5
   Austria,   Greece,5060,6778,2962,3927,2098,2851
   Austria,   Greenland*,2,2,1,0,1,2
   Austria,   Grenada,15,18,6,7,9,11
   Austria,   Guam*,0,0,0,0,0,0
   Austria,   Guatemala,373,433,199,228,174,205
   Austria,   Guinea,313,461,228,325,85,136
   Austria,   Guinea-Bissau,74,96,63,76,11,20
   Austria,   Guyana,18,19,5,5,13,14
   Austria,   Haiti,86,108,39,52,47,56
   Austria,   Honduras,99,124,32,48,67,76
   Austria,   Hungary,59149,79205,26451,36102,32698,43103
   Austria,   Iceland,176,206,87,113,89,93
   Austria,   India,12586,14992,7253,8675,5333,6317
   Austria,   Indonesia,1202,1442,377,463,825,979
   Austria,   Iran (Islamic Republic of),15582,24092,8503,13784,7079,10308
   Austria,   Iraq,15474,15343,9499,9801,5975,5542
   Austria,   Ireland,1047,1290,593,751,454,539
   Austria,   Israel,2109,2226,1187,1283,922,943
   Austria,   Italy,28164,34205,14569,18423,13595,15782
   Austria,   Jamaica,203,222,81,92,122,130
   Austria,   Japan,2511,2867,701,857,1810,2010
   Austria,   Jordan,677,958,450,598,227,360
   Austria,   Kazakhstan,1825,2414,640,845,1185,1569
   Austria,   Kenya,1015,1254,296,376,719,878
   Austria,   Kuwait,258,490,166,307,92,183
   Austria,   Kyrgyzstan,777,980,254,335,523,645
   Austria,   Lao People's Democratic Republic,120,134,53,59,67,75
   Austria,   Latvia,1304,1708,426,583,878,1125
   Austria,   Lebanon,1566,1942,906,1104,660,838
   Austria,   Lesotho,4,6,0,1,4,5
   Austria,   Liberia,239,240,191,188,48,52
   Austria,   Libya,741,910,420,541,321,369
   Austria,   Liechtenstein,317,332,125,132,192,200
   Austria,   Lithuania,1206,1537,377,509,829,1028
   Austria,   Luxembourg,836,1178,454,663,382,515
   Austria,   Madagascar,105,133,26,39,79,94
   Austria,   Malawi,51,51,26,31,25,20
   Austria,   Malaysia*,484,588,202,243,282,345
   Austria,   Maldives,13,14,9,11,4,3
   Austria,   Mali,112,125,80,90,32,35
   Austria,   Malta,101,121,43,55,58,66
   Austria,   Mauritania,24,31,23,28,1,3
   Austria,   Mauritius*,113,126,42,51,71,75
   Austria,   Mexico,1705,2277,697,943,1008,1334
   Austria,   Micronesia (Fed. States of),1,1,0,0,1,1
   Austria,   Monaco,26,23,14,14,12,9
   Austria,   Mongolia,1825,2242,550,724,1275,1518
   Austria,   Montenegro,1643,1937,796,943,847,994
   Austria,   Morocco,1968,2411,1107,1320,861,1091
   Austria,   Mozambique,91,98,38,40,53,58
   Austria,   Myanmar,95,134,42,63,53,71
   Austria,   Namibia,214,246,84,99,130,147
   Austria,   Nauru,0,0,0,0,0,0
   Austria,   Nepal,610,799,355,434,255,365
   Austria,   Netherlands*,7855,9128,3787,4579,4068,4549
   Austria,   New Caledonia*,1,0,0,0,1,0
   Austria,   New Zealand*,451,492,238,269,213,223
   Austria,   Nicaragua,222,275,88,111,134,164
   Austria,   Niger,38,40,24,24,14,16
   Austria,   Nigeria,7170,8535,4659,5378,2511,3157
   Austria,   North Macedonia,22352,26880,11657,14030,10695,12850
   Austria,   Norway*,737,860,286,380,451,480
   Austria,   Oman,139,102,99,71,40,31
   Austria,   Pakistan,4985,6097,3358,4076,1627,2021
   Austria,   Palau,1,0,1,0,0,0
   Austria,   Panama,63,65,23,26,40,39
   Austria,   Papua New Guinea,79,76,38,37,41,39
   Austria,   Paraguay,207,217,87,91,120,126
   Austria,   Peru,1570,1816,506,636,1064,1180
   Austria,   Philippines,12138,13297,3842,4257,8296,9040
   Austria,   Poland,67217,75752,31386,36503,35831,39249
   Austria,   Portugal,2303,2930,1335,1730,968,1200
   Austria,   Puerto Rico*,0,0,0,0,0,0
   Austria,   Qatar,29,63,22,40,7,23
   Austria,   Republic of Korea,2210,2553,778,926,1432,1627
   Austria,   Republic of Moldova*,2084,3298,731,1257,1353,2041
   Austria,   Romania,87770,121355,39163,57536,48607,63819
   Austria,   Russian Federation,30501,34745,12228,13852,18273,20893
   Austria,   Rwanda,217,250,116,124,101,126
   Austria,   Saint Helena*,1,0,1,0,0,0
   Austria,   Saint Kitts and Nevis,2,0,1,0,1,0
   Austria,   Saint Lucia,14,16,9,10,5,6
   Austria,   Saint Vincent and the Grenadines,10,12,4,6,6,6
   Austria,   Samoa,6,6,2,3,4,3
   Austria,   San Marino,2,1,0,0,2,1
   Austria,   Sao Tome and Principe,2,1,2,1,0,0
   Austria,   Saudi Arabia,609,828,331,467,278,361
   Austria,   Senegal,331,383,228,265,103,118
   Austria,   Serbia*,160038,177609,76566,86099,83472,91510
   Austria,   Seychelles,29,32,12,13,17,19
   Austria,   Sierra Leone,227,236,165,170,62,66
   Austria,   Singapore,284,347,115,136,169,211
   Austria,   Slovakia,34090,42800,12092,15835,21998,26965
   Austria,   Slovenia,20300,24263,8919,11132,11381,13131
   Austria,   Solomon Islands,5,11,3,6,2,5
   Austria,   Somalia,6103,8547,4014,5473,2089,3074
   Austria,   South Africa,2336,2871,1016,1300,1320,1571
   Austria,   Spain*,5988,7575,2880,3669,3108,3906
   Austria,   Sri Lanka,852,973,451,515,401,458
   Austria,   State of Palestine*,384,352,256,232,128,120
   Austria,   Sudan,663,783,472,529,191,254
   Austria,   Suriname,22,22,11,9,11,13
   Austria,   Sweden,2808,3051,1122,1268,1686,1783
   Austria,   Switzerland,13842,15405,6185,7046,7657,8359
   Austria,   Syrian Arab Republic,33563,53259,24296,31356,9267,21903
   Austria,   Tajikistan,472,633,221,310,251,323
   Austria,   Thailand,5369,6244,717,900,4652,5344
   Austria,   Timor-Leste,35,35,11,10,24,25
   Austria,   Togo,202,220,124,137,78,83
   Austria,   Tonga,6,7,1,0,5,7
   Austria,   Trinidad and Tobago,107,111,44,49,63,62
   Austria,   Tunisia,3544,4181,2412,2772,1132,1409
   Austria,   Turkey,153899,159999,80010,83627,73889,76372
   Austria,   Turkmenistan,199,230,51,79,148,151
   Austria,   Tuvalu,0,0,0,0,0,0
   Austria,   Uganda,292,374,151,179,141,195
   Austria,   Ukraine*,10243,14046,2992,4362,7251,9684
   Austria,   United Arab Emirates,296,558,155,289,141,269
   Austria,   United Kingdom*,9925,11721,5300,6375,4625,5346
   Austria,   United Republic of Tanzania*,187,223,101,108,86,115
   Austria,   United States of America*,10070,11648,4822,5721,5248,5927
   Austria,   Uruguay,224,273,104,132,120,141
   Austria,   Uzbekistan,978,1190,412,511,566,679
   Austria,   Vanuatu,7,6,3,3,4,3
   Austria,   Venezuela (Bolivarian Republic of),919,1302,367,534,552,768
   Austria,   Viet Nam,2856,3412,1244,1464,1612,1948
   Austria,   Western Sahara,1,4,1,1,0,3
   Austria,   Yemen,115,366,77,231,38,135
   Austria,   Zambia,103,130,40,52,63,78
   Austria,   Zimbabwe,315,352,150,169,165,183
   Belgium,WORLD,1783488,2005479,869989,984117,913499,1021362
   Belgium,  Sub-Saharan Africa,211097,244201,102206,117889,108891,126312
   Belgium,  Northern Africa and Western Asia,389758,456291,208984,244054,180774,212237
   Belgium,  Central and Southern Asia,65440,87038,38535,51636,26905,35402
   Belgium,  Eastern and South-Eastern Asia,63738,70050,22828,24517,40910,45533
   Belgium,  Latin America and the Caribbean,53461,65244,21875,26897,31586,38347
   Belgium,  Oceania (excluding Australia and New Zealand),284,281,112,106,172,175
   Belgium,  Australia and New Zealand,1873,2015,958,1067,915,948
   Belgium,  Europe and Northern America,890074,966850,427133,468249,462941,498601
   Belgium,  Developed regions,896624,973669,430085,471392,466539,502277
   Belgium,  Less developed regions,779101,918301,392546,463023,386555,455278
   Belgium," Less developed regions, excluding least developed countries",593426,696141,298523,348763,294903,347378
   Belgium," Less developed regions, excluding China",760053,896883,384512,454183,375541,442700
   Belgium,  Least developed countries,185675,222160,94023,114260,91652,107900
   Belgium,  Land-locked Developing Countries (LLDC),57201,77139,30447,42589,26754,34550
   Belgium,  Small island developing States (SIDS),15688,18768,5991,7360,9697,11408
   Belgium,  High-income countries,865411,927969,413050,447525,452361,480444
   Belgium,  Middle-income countries,640571,738484,323836,369712,316735,368772
   Belgium, Upper-middle-income countries,259583,307794,125918,149467,133665,158327
   Belgium, Lower-middle-income countries,380988,430690,197918,220245,183070,210445
   Belgium,  Low-income countries,169711,225474,85723,117147,83988,108327
   Belgium, AFRICA,464964,521090,237205,263108,227759,257982
   Belgium,  Eastern Africa,39267,50455,17307,23028,21960,27427
   Belgium,  Middle Africa,111784,121196,52146,56141,59638,65055
   Belgium,  Northern Africa,253867,276889,134999,145219,118868,131670
   Belgium,  Southern Africa,3791,4380,1772,2040,2019,2340
   Belgium,  Western Africa,56255,68170,30981,36680,25274,31490
   Belgium, ASIA,265069,336490,135348,174988,129721,161502
   Belgium,  Central Asia,1837,2070,927,1024,910,1046
   Belgium,  Eastern Asia,28940,31749,11885,12874,17055,18875
   Belgium,  South-Eastern Asia,34798,38301,10943,11643,23855,26658
   Belgium,  Southern Asia,63603,84968,37608,50612,25995,34356
   Belgium,  Western Asia,135891,179402,73985,98835,61906,80567
   Belgium, EUROPE,869143,945360,416934,457644,452209,487716
   Belgium,  Eastern Europe,186896,233494,89832,114265,97064,119229
   Belgium,  Northern Europe,38980,40923,18859,19685,20121,21238
   Belgium,  Southern Europe,229143,243384,114917,122393,114226,120991
   Belgium,  Western Europe,414124,427559,193326,201301,220798,226258
   Belgium, LATIN AMERICA AND THE CARIBBEAN,53461,65244,21875,26897,31586,38347
   Belgium,  Caribbean,7008,7880,2742,3161,4266,4719
   Belgium,  Central America,4785,6405,1946,2610,2839,3795
   Belgium,  South America,41668,50959,17187,21126,24481,29833
   Belgium, NORTHERN AMERICA,20931,21490,10199,10605,10732,10885
   Belgium, OCEANIA ,2157,2296,1070,1173,1087,1123
   Belgium,  Australia and New Zealand,1873,2015,958,1067,915,948
   Belgium,  Melanesia,161,164,63,62,98,102
   Belgium,  Micronesia,0,0,0,0,0,0
   Belgium,  Polynesia*,123,117,49,44,74,73
   Belgium,   Afghanistan,12819,24670,8950,17449,3869,7221
   Belgium,   Albania,9380,11937,4711,5925,4669,6012
   Belgium,   Algeria,25666,27491,14539,15180,11127,12311
   Belgium,   Andorra,45,42,24,21,21,21
   Belgium,   Angola,6327,7095,3223,3579,3104,3516
   Belgium,   Antigua and Barbuda,2,1,1,0,1,1
   Belgium,   Argentina,2261,2587,1071,1198,1190,1389
   Belgium,   Armenia,1413,1834,769,964,644,870
   Belgium,   Australia*,1487,1598,764,832,723,766
   Belgium,   Austria,3296,3354,1406,1441,1890,1913
   Belgium,   Azerbaijan*,202,292,117,159,85,133
   Belgium,   Bahamas,15,13,8,6,7,7
   Belgium,   Bahrain,52,60,30,31,22,29
   Belgium,   Bangladesh,2706,2694,1732,1597,974,1097
   Belgium,   Barbados,17,22,5,11,12,11
   Belgium,   Belarus,481,585,238,270,243,315
   Belgium,   Belize,13,12,6,4,7,8
   Belgium,   Benin,1387,1640,822,934,565,706
   Belgium,   Bermuda*,31,30,13,13,18,17
   Belgium,   Bhutan,280,269,193,185,87,84
   Belgium,   Bolivia (Plurinational State of),1152,1274,461,516,691,758
   Belgium,   Bosnia and Herzegovina,521,714,263,347,258,367
   Belgium,   Botswana,45,38,20,20,25,18
   Belgium,   Brazil,12618,16345,4939,6547,7679,9798
   Belgium,   British Virgin Islands*,7,5,1,0,6,5
   Belgium,   Brunei Darussalam,16,21,7,9,9,12
   Belgium,   Bulgaria,28749,37595,14340,18710,14409,18885
   Belgium,   Burkina Faso,1348,1664,694,832,654,832
   Belgium,   Burundi,6824,8485,3028,3761,3796,4724
   Belgium,   Cabo Verde,735,919,334,421,401,498
   Belgium,   Cambodia,1444,1502,566,565,878,937
   Belgium,   Cameroon,16056,21165,7683,10032,8373,11133
   Belgium,   Canada,4917,5075,2212,2331,2705,2744
   Belgium,   Cayman Islands*,1,0,1,0,0,0
   Belgium,   Central African Republic,411,498,228,268,183,230
   Belgium,   Chad,496,545,278,299,218,246
   Belgium,   Chile,4223,4350,2015,2093,2208,2257
   Belgium,   China*,19048,21418,8034,8840,11014,12578
   Belgium,   Colombia,6119,7250,2490,2938,3629,4312
   Belgium,   Comoros,88,91,30,33,58,58
   Belgium,   Congo,4084,3948,1943,1861,2141,2087
   Belgium,   Costa Rica,284,349,129,159,155,190
   Belgium,   Côte d'Ivoire,5642,6711,2889,3396,2753,3315
   Belgium,   Croatia,249,558,111,256,138,302
   Belgium,   Cuba,1724,1926,660,742,1064,1184
   Belgium,   Cyprus*,488,557,251,281,237,276
   Belgium,   Czechia,657,800,319,352,338,448
   Belgium,   Dem. People's Republic of Korea,131,94,66,43,65,51
   Belgium,   Democratic Republic of the Congo,83629,86925,38440,39657,45189,47268
   Belgium,   Denmark*,2405,2467,1084,1135,1321,1332
   Belgium,   Djibouti,1212,1464,606,705,606,759
   Belgium,   Dominica,147,198,49,73,98,125
   Belgium,   Dominican Republic,2666,3078,969,1180,1697,1898
   Belgium,   Ecuador,6145,6712,2469,2696,3676,4016
   Belgium,   Egypt,4322,5188,2952,3463,1370,1725
   Belgium,   El Salvador,547,1081,236,488,311,593
   Belgium,   Equatorial Guinea,82,118,22,34,60,84
   Belgium,   Eritrea,248,2464,174,1589,74,875
   Belgium,   Estonia,729,962,241,291,488,671
   Belgium,   Eswatini,66,61,27,20,39,41
   Belgium,   Ethiopia,4056,5283,2218,2926,1838,2357
   Belgium,   Fiji,26,24,12,11,14,13
   Belgium,   Finland*,2560,2666,888,932,1672,1734
   Belgium,   France*,182214,189544,82542,86903,99672,102641
   Belgium,   French Polynesia*,114,105,47,43,67,62
   Belgium,   Gabon,614,770,284,340,330,430
   Belgium,   Gambia,711,934,446,585,265,349
   Belgium,   Georgia*,499,690,251,366,248,324
   Belgium,   Germany,81532,81650,36932,37479,44600,44171
   Belgium,   Ghana,8956,10443,4663,5460,4293,4983
   Belgium,   Gibraltar*,11,11,5,4,6,7
   Belgium,   Greece,16193,18201,8045,9041,8148,9160
   Belgium,   Greenland*,3,3,1,0,2,3
   Belgium,   Grenada,3,5,2,2,1,3
   Belgium,   Guatemala,832,890,400,421,432,469
   Belgium,   Guinea,12984,17039,6758,8672,6226,8367
   Belgium,   Guinea-Bissau,276,364,162,213,114,151
   Belgium,   Guyana,92,101,37,37,55,64
   Belgium,   Haiti,1925,2038,853,902,1072,1136
   Belgium,   Honduras,261,322,77,99,184,223
   Belgium,   Hungary,8032,8293,3640,3595,4392,4698
   Belgium,   Iceland,233,231,99,97,134,134
   Belgium,   India,19815,25900,10320,13499,9495,12401
   Belgium,   Indonesia,3354,3598,1257,1267,2097,2331
   Belgium,   Iran (Islamic Republic of),10554,11918,5912,6543,4642,5375
   Belgium,   Iraq,11076,21413,7010,13475,4066,7938
   Belgium,   Ireland,3333,3425,1666,1724,1667,1701
   Belgium,   Israel,3532,3418,2095,1999,1437,1419
   Belgium,   Italy,119955,121283,61660,62419,58295,58864
   Belgium,   Jamaica,397,463,155,199,242,264
   Belgium,   Japan,4677,4804,1994,2076,2683,2728
   Belgium,   Jordan,1061,1388,669,841,392,547
   Belgium,   Kazakhstan,1051,1176,527,582,524,594
   Belgium,   Kenya,1420,1692,521,587,899,1105
   Belgium,   Kiribati,0,0,0,0,0,0
   Belgium,   Kuwait,258,519,180,330,78,189
   Belgium,   Kyrgyzstan,334,391,172,188,162,203
   Belgium,   Lao People's Democratic Republic,1149,1136,542,523,607,613
   Belgium,   Latvia,1218,1854,448,663,770,1191
   Belgium,   Lebanon,6349,8301,3896,5004,2453,3297
   Belgium,   Lesotho,17,15,3,3,14,12
   Belgium,   Liberia,916,983,582,622,334,361
   Belgium,   Libya,737,1291,441,784,296,507
   Belgium,   Liechtenstein,5,6,1,2,4,4
   Belgium,   Lithuania,1512,2447,553,830,959,1617
   Belgium,   Luxembourg,13351,14435,6287,6879,7064,7556
   Belgium,   Madagascar,2079,2391,584,681,1495,1710
   Belgium,   Malawi,95,85,48,49,47,36
   Belgium,   Malaysia*,719,820,307,340,412,480
   Belgium,   Maldives,4,4,2,2,2,2
   Belgium,   Mali,940,1028,508,544,432,484
   Belgium,   Malta,435,488,196,227,239,261
   Belgium,   Mauritania,2172,2441,1703,1816,469,625
   Belgium,   Mauritius*,3334,3419,827,836,2507,2583
   Belgium,   Mexico,2375,3133,912,1196,1463,1937
   Belgium,   Monaco,134,138,62,58,72,80
   Belgium,   Mongolia,778,844,279,300,499,544
   Belgium,   Montenegro,15,36,5,17,10,19
   Belgium,   Morocco,208071,225217,107420,114638,100651,110579
   Belgium,   Mozambique,447,480,202,213,245,267
   Belgium,   Myanmar,224,195,153,120,71,75
   Belgium,   Namibia,67,90,31,38,36,52
   Belgium,   Nepal,3529,4021,1883,2061,1646,1960
   Belgium,   Netherlands*,128544,133062,63812,66063,64732,66999
   Belgium,   New Caledonia*,81,96,30,34,51,62
   Belgium,   New Zealand*,386,417,194,235,192,182
   Belgium,   Nicaragua,302,407,127,167,175,240
   Belgium,   Niger,1778,2056,1087,1214,691,842
   Belgium,   Nigeria,5539,6401,2713,3104,2826,3297
   Belgium,   North Macedonia,1290,1803,666,899,624,904
   Belgium,   Norway*,1164,1195,543,580,621,615
   Belgium,   Oman,32,53,19,28,13,25
   Belgium,   Pakistan,11995,13246,7639,8143,4356,5103
   Belgium,   Panama,171,211,59,76,112,135
   Belgium,   Papua New Guinea,35,28,11,9,24,19
   Belgium,   Paraguay,447,521,156,182,291,339
   Belgium,   Peru,3593,3979,1267,1412,2326,2567
   Belgium,   Philippines,10423,11778,2384,2700,8039,9078
   Belgium,   Poland,73447,78798,32007,34005,41440,44793
   Belgium,   Portugal,34303,37506,17499,19360,16804,18146
   Belgium,   Qatar,68,105,46,64,22,41
   Belgium,   Republic of Korea,4306,4589,1512,1615,2794,2974
   Belgium,   Republic of Moldova*,775,2254,386,1081,389,1173
   Belgium,   Romania,65150,92559,33921,50012,31229,42547
   Belgium,   Russian Federation,6904,8210,3593,4149,3311,4061
   Belgium,   Rwanda,13990,14688,6332,6572,7658,8116
   Belgium,   Saint Helena*,1,0,0,0,1,0
   Belgium,   Saint Kitts and Nevis,1,0,0,0,1,0
   Belgium,   Saint Lucia,16,19,7,7,9,12
   Belgium,   Saint Pierre and Miquelon*,1,0,1,0,0,0
   Belgium,   Saint Vincent and the Grenadines,4,6,3,3,1,3
   Belgium,   Samoa,3,6,0,0,3,6
   Belgium,   San Marino,14,14,7,7,7,7
   Belgium,   Sao Tome and Principe,85,132,45,71,40,61
   Belgium,   Saudi Arabia,485,1025,276,590,209,435
   Belgium,   Senegal,5404,6767,3087,3721,2317,3046
   Belgium,   Serbia*,548,769,278,390,270,379
   Belgium,   Seychelles,76,83,29,29,47,54
   Belgium,   Sierra Leone,1964,2407,1288,1562,676,845
   Belgium,   Singapore,588,696,244,306,344,390
   Belgium,   Slovakia,1307,1752,674,852,633,900
   Belgium,   Slovenia,154,268,70,126,84,142
   Belgium,   Solomon Islands,4,3,3,3,1,0
   Belgium,   Somalia,3319,7393,1763,3971,1556,3422
   Belgium,   South Africa,3596,4176,1691,1959,1905,2217
   Belgium,   Spain*,46030,49754,21377,23354,24653,26400
   Belgium,   Sri Lanka,1901,2246,977,1133,924,1113
   Belgium,   State of Palestine*,660,2808,476,1934,184,874
   Belgium,   Sudan,1047,1524,689,1041,358,483
   Belgium,   Suriname,3017,4694,1375,2096,1642,2598
   Belgium,   Sweden,3342,3204,1493,1440,1849,1764
   Belgium,   Switzerland,5048,5370,2284,2476,2764,2894
   Belgium,   Syrian Arab Republic,10860,33724,6641,19215,4219,14509
   Belgium,   Tajikistan,48,70,28,33,20,37
   Belgium,   Thailand,8668,9955,1886,2158,6782,7797
   Belgium,   Timor-Leste,7,4,3,1,4,3
   Belgium,   Togo,5502,6373,3245,3584,2257,2789
   Belgium,   Tonga,4,3,2,1,2,2
   Belgium,   Trinidad and Tobago,83,106,28,36,55,70
   Belgium,   Tunisia,13996,16137,8937,10082,5059,6055
   Belgium,   Turkey,98250,101925,50924,52794,47326,49131
   Belgium,   Turkmenistan,9,15,5,8,4,7
   Belgium,   Tuvalu,0,1,0,0,0,1
   Belgium,   Uganda,667,843,297,360,370,483
   Belgium,   Ukraine*,1394,2648,714,1239,680,1409
   Belgium,   United Arab Emirates,405,864,201,470,204,394
   Belgium,   United Kingdom*,22484,22472,11844,11993,10640,10479
   Belgium,   United Republic of Tanzania*,615,732,298,338,317,394
   Belgium,   United States of America*,15979,16382,7972,8261,8007,8121
   Belgium,   Uruguay,490,533,248,273,242,260
   Belgium,   Uzbekistan,395,418,195,213,200,205
   Belgium,   Vanuatu,15,13,7,5,8,8
   Belgium,   Venezuela (Bolivarian Republic of),1511,2613,659,1138,852,1475
   Belgium,   Viet Nam,8206,8596,3594,3654,4612,4942
   Belgium,   Wallis and Futuna Islands*,2,2,0,0,2,2
   Belgium,   Western Sahara,28,41,21,31,7,10
   Belgium,   Yemen,201,426,134,290,67,136
   Belgium,   Zambia,338,359,136,144,202,215
   Belgium,   Zimbabwe,459,503,214,234,245,269
   Belgium,Other,107763,113509,47358,49702,60405,63807
   France*,WORLD,7878338,8524876,3808573,4130737,4069765,4394139
   France*,  Sub-Saharan Africa,1006559,1116709,466577,519319,539982,597390
   France*,  Northern Africa and Western Asia,3334281,3683429,1749297,1936120,1584984,1747309
   France*,  Central and Southern Asia,169119,218463,84052,108529,85067,109934
   France*,  Eastern and South-Eastern Asia,447110,491361,181926,200633,265184,290728
   France*,  Latin America and the Caribbean,295726,325015,113489,125177,182237,199838
   France*,  Oceania (excluding Australia and New Zealand),1095,1189,339,372,756,817
   France*,  Australia and New Zealand,10725,11787,4656,5132,6069,6655
   France*,  Europe and Northern America,2613723,2676923,1208237,1235455,1405486,1441468
   France*,  Developed regions,2646695,2713163,1218678,1246987,1428017,1466176
   France*,  Less developed regions,5231643,5811713,2589895,2883750,2641748,2927963
   France*," Less developed regions, excluding least developed countries",4374470,4815418,2181131,2406831,2193339,2408587
   France*," Less developed regions, excluding China",5116560,5685217,2544953,2834176,2571607,2851041
   France*,  Least developed countries,857173,996295,408764,476919,448409,519376
   France*,  Land-locked Developing Countries (LLDC),236812,288469,118071,143859,118741,144610
   France*,  Small island developing States (SIDS),244473,268671,97130,107116,147343,161555
   France*,  High-income countries,2516185,2562700,1161638,1180824,1354547,1381876
   France*,  Middle-income countries,4837675,5333636,2406787,2659581,2430888,2674055
   France*, Upper-middle-income countries,1001849,1111342,445610,496178,556239,615164
   France*, Lower-middle-income countries,3835826,4222294,1961177,2163403,1874649,2058891
   France*,  Low-income countries,523271,627217,239570,289696,283701,337521
   France*, AFRICA,3908150,4318840,1993927,2207797,1914223,2111043
   France*,  Eastern Africa,246489,280128,94852,109149,151637,170979
   France*,  Middle Africa,305241,335516,135401,149259,169840,186257
   France*,  Northern Africa,2901591,3202131,1527350,1688478,1374241,1513653
   France*,  Southern Africa,5680,6236,2149,2369,3531,3867
   France*,  Western Africa,449149,494829,234175,258542,214974,236287
   France*, ASIA,1048919,1191122,487925,556804,560994,634318
   France*,  Central Asia,5053,5548,1897,2088,3156,3460
   France*,  Eastern Asia,160421,176327,59230,65356,101191,110971
   France*,  South-Eastern Asia,286689,315034,122696,135277,163993,179757
   France*,  Southern Asia,164066,212915,82155,106441,81911,106474
   France*,  Western Asia,432690,481298,221947,247642,210743,233656
   France*, EUROPE,2530703,2585673,1174433,1198176,1356270,1387497
   France*,  Eastern Europe,364062,396995,149920,163663,214142,233332
   France*,  Northern Europe,208713,211502,98810,100350,109903,111152
   France*,  Southern Europe,1403421,1405827,685016,684522,718405,721305
   France*,  Western Europe,554507,571349,240687,249641,313820,321708
   France*, LATIN AMERICA AND THE CARIBBEAN,295726,325015,113489,125177,182237,199838
   France*,  Caribbean,98989,108784,38198,42130,60791,66654
   France*,  Central America,19967,21939,7183,7921,12784,14018
   France*,  South America,176770,194292,68108,75126,108662,119166
   France*, NORTHERN AMERICA,83020,91250,33804,37279,49216,53971
   France*, OCEANIA ,11820,12976,4995,5504,6825,7472
   France*,  Australia and New Zealand,10725,11787,4656,5132,6069,6655
   France*,  Melanesia,961,1050,290,318,671,732
   France*,  Micronesia,12,10,3,4,9,6
   France*,  Polynesia*,122,129,46,50,76,79
   France*,   Afghanistan,6510,35348,3175,17287,3335,18061
   France*,   Albania,6967,8925,3550,4560,3417,4365
   France*,   Algeria,1489151,1637211,787832,867851,701319,769360
   France*,   American Samoa*,1,0,0,0,1,0
   France*,   Andorra,1020,1120,420,463,600,657
   France*,   Angola,22153,24350,10998,12116,11155,12234
   France*,   Anguilla*,10,9,7,6,3,3
   France*,   Antigua and Barbuda,63,67,14,15,49,52
   France*,   Argentina,13472,14807,5476,6039,7996,8768
   France*,   Armenia,19860,21830,8157,8996,11703,12834
   France*,   Aruba*,11,10,4,3,7,7
   France*,   Australia*,8688,9548,3733,4113,4955,5435
   France*,   Austria,10916,9993,4282,4055,6634,5938
   France*,   Azerbaijan*,4278,4702,1999,2203,2279,2499
   France*,   Bahamas,46,48,17,18,29,30
   France*,   Bahrain,166,181,71,78,95,103
   France*,   Bangladesh,7726,12878,3768,6296,3958,6582
   France*,   Barbados,79,86,35,39,44,47
   France*,   Belarus,3537,3887,1240,1368,2297,2519
   France*,   Belgium,153120,163609,69720,74669,83400,88940
   France*,   Belize,9,8,1,0,8,8
   France*,   Benin,21245,23352,10901,12010,10344,11342
   France*,   Bermuda*,118,128,38,41,80,87
   France*,   Bhutan,149,162,73,79,76,83
   France*,   Bolivia (Plurinational State of),3274,3598,1290,1422,1984,2176
   France*,"   Bonaire, Sint Eustatius and Saba*",96,104,38,42,58,62
   France*,   Bosnia and Herzegovina,14506,15944,6684,7367,7822,8577
   France*,   Botswana,41,43,17,18,24,25
   France*,   Brazil,59744,65671,21643,23885,38101,41786
   France*,   Brunei Darussalam,50,52,14,13,36,39
   France*,   Bulgaria,26463,34807,11940,15764,14523,19043
   France*,   Burkina Faso,9096,9997,4646,5116,4450,4881
   France*,   Burundi,1941,2133,798,880,1143,1253
   France*,   Cabo Verde,23200,25501,9798,10804,13402,14697
   France*,   Cambodia,65925,72465,31066,34235,34859,38230
   France*,   Cameroon,84591,92983,31002,34214,53589,58769
   France*,   Canada,26786,29442,11339,12503,15447,16939
   France*,   Central African Republic,17399,19125,8120,8949,9279,10176
   France*,   Chad,7719,8484,4131,4550,3588,3934
   France*,   Chile,14988,16473,6733,7420,8255,9053
   France*,   China*,114531,125893,44711,49322,69820,76571
   France*,"   China, Hong Kong SAR*",535,587,223,245,312,342
   France*,"   China, Macao SAR*",17,16,8,7,9,9
   France*,   Colombia,28340,31151,11341,12509,16999,18642
   France*,   Comoros,38126,41908,17043,18788,21083,23120
   France*,   Congo,72306,79478,35770,39409,36536,40069
   France*,   Cook Islands*,3,3,0,0,3,3
   France*,   Costa Rica,782,858,321,353,461,505
   France*,   Côte d'Ivoire,93604,102889,40947,45141,52657,57748
   France*,   Croatia,9265,8974,4533,4283,4732,4691
   France*,   Cuba,4974,5466,1868,2060,3106,3406
   France*,   Cyprus*,1003,1116,462,495,541,621
   France*,   Czechia,8998,8907,3142,3190,5856,5717
   France*,   Dem. People's Republic of Korea,63,67,24,25,39,42
   France*,   Democratic Republic of the Congo,79851,87772,36081,39771,43770,48001
   France*,   Denmark*,5792,5805,2313,2380,3479,3425
   France*,   Djibouti,6838,7515,3367,3708,3471,3807
   France*,   Dominica,6704,7368,2011,2221,4693,5147
   France*,   Dominican Republic,3632,3992,1090,1204,2542,2788
   France*,   Ecuador,4304,4730,1397,1542,2907,3188
   France*,   Egypt,32197,35390,19959,21969,12238,13421
   France*,   El Salvador,1158,1271,430,473,728,798
   France*,   Equatorial Guinea,404,443,160,176,244,267
   France*,   Eritrea,3129,7811,1527,3825,1602,3986
   France*,   Estonia,1203,1312,407,366,796,946
   France*,   Eswatini,21,21,6,6,15,15
   France*,   Ethiopia,9028,9923,3086,3407,5942,6516
   France*,   Faroe Islands*,3,4,0,1,3,3
   France*,   Fiji,162,177,62,68,100,109
   France*,   Finland*,3813,3479,1064,936,2749,2543
   France*,   Gabon,20586,22627,9051,9977,11535,12650
   France*,   Gambia,1982,2178,965,1064,1017,1114
   France*,   Georgia*,7891,8673,3555,3918,4336,4755
   France*,   Germany,208751,203426,89330,88021,119421,115405
   France*,   Ghana,6968,7658,3422,3770,3546,3888
   France*,   Gibraltar*,72,77,19,20,53,57
   France*,   Greece,13221,15488,6457,7320,6764,8168
   France*,   Greenland*,13,12,2,1,11,11
   France*,   Guatemala,3115,3423,1404,1546,1711,1877
   France*,   Guinea,31439,34557,16395,18057,15044,16500
   France*,   Guinea-Bissau,3189,3506,1787,1969,1402,1537
   France*,   Guyana,4912,5398,1849,2040,3063,3358
   France*,   Haiti,77368,85042,31395,34625,45973,50417
   France*,   Honduras,609,669,231,255,378,414
   France*,   Hungary,11468,11882,5101,4992,6367,6890
   France*,   Iceland,398,436,135,149,263,287
   France*,   India,50020,54982,22399,24690,27621,30292
   France*,   Indonesia,5147,5658,1650,1824,3497,3834
   France*,   Iran (Islamic Republic of),23716,26069,12131,13364,11585,12705
   France*,   Iraq,6369,10159,3476,5558,2893,4601
   France*,   Ireland,9748,10765,4489,4783,5259,5982
   France*,   Isle of Man*,13,12,2,1,11,11
   France*,   Israel,9571,10520,4433,4887,5138,5633
   France*,   Italy,324629,325933,157711,159514,166918,166419
   France*,   Jamaica,537,589,186,206,351,383
   France*,   Japan,22247,24453,5785,6400,16462,18053
   France*,   Jordan,1500,1647,981,1079,519,568
   France*,   Kazakhstan,2687,2954,1045,1152,1642,1802
   France*,   Kenya,1818,1999,503,557,1315,1442
   France*,   Kiribati,9,8,0,2,9,6
   France*,   Kuwait,762,836,440,484,322,352
   France*,   Kyrgyzstan,749,821,206,226,543,595
   France*,   Lao People's Democratic Republic,44359,48760,20840,22967,23519,25793
   France*,   Latvia,3503,3470,1474,1461,2029,2009
   France*,   Lebanon,49084,53953,27103,29847,21981,24106
   France*,   Lesotho,50,52,30,31,20,21
   France*,   Liberia,816,896,474,523,342,373
   France*,   Libya,2446,2688,1222,1346,1224,1342
   France*,   Liechtenstein,28,29,15,16,13,13
   France*,   Lithuania,3463,3729,1298,1308,2165,2421
   France*,   Luxembourg,16082,15941,7666,7986,8416,7955
   France*,   Madagascar,125308,137740,45510,50227,79798,87513
   France*,   Malawi,110,120,51,57,59,63
   France*,   Malaysia*,2640,2901,1038,1145,1602,1756
   France*,   Maldives,6,5,4,3,2,2
   France*,   Mali,78635,86437,46215,50883,32420,35554
   France*,   Malta,518,442,222,222,296,220
   France*,   Mauritania,18491,20324,11918,13115,6573,7209
   France*,   Mauritius*,46144,50721,16966,18722,29178,31999
   France*,   Mexico,13092,14390,4384,4840,8708,9550
   France*,   Micronesia (Fed. States of),3,2,3,2,0,0
   France*,   Monaco,25963,28539,12195,13440,13768,15099
   France*,   Mongolia,1483,1630,603,666,880,964
   France*,   Montenegro,1459,1604,714,788,745,816
   France*,   Montserrat*,6,5,1,0,5,5
   France*,   Morocco,964250,1059918,493363,543498,470887,516420
   France*,   Mozambique,1341,1474,557,615,784,859
   France*,   Myanmar,490,537,240,264,250,273
   France*,   Namibia,178,195,75,83,103,112
   France*,   Nepal,1377,1512,593,653,784,859
   France*,   Netherlands*,40496,40825,18964,18966,21532,21859
   France*,   New Zealand*,2037,2239,923,1019,1114,1220
   France*,   Nicaragua,672,738,211,233,461,505
   France*,   Niger,5725,6292,2858,3149,2867,3143
   France*,   Nigeria,6000,7722,3119,4025,2881,3697
   France*,   North Macedonia,4670,5133,2197,2420,2473,2713
   France*,   Norway*,4235,4653,1306,1442,2929,3211
   France*,   Oman,112,122,63,70,49,52
   France*,   Pakistan,24748,27203,14844,16341,9904,10862
   France*,   Panama,530,582,201,221,329,361
   France*,   Papua New Guinea,27,28,14,15,13,13
   France*,   Paraguay,1073,1178,445,490,628,688
   France*,   Peru,12158,13361,4561,5029,7597,8332
   France*,   Philippines,15843,17414,3743,4145,12100,13269
   France*,   Poland,100694,94525,38797,36036,61897,58489
   France*,   Portugal,649325,639888,331949,324925,317376,314963
   France*,   Puerto Rico*,53,57,25,28,28,29
   France*,   Qatar,153,167,65,72,88,95
   France*,   Republic of Korea,21545,23681,7876,8691,13669,14990
   France*,   Republic of Moldova*,6826,7503,3422,3770,3404,3733
   France*,   Romania,117505,138550,57132,66733,60373,71817
   France*,   Russian Federation,66601,73208,22211,24525,44390,48683
   France*,   Rwanda,6445,7082,2740,3019,3705,4063
   France*,   Saint Helena*,1,3,0,2,1,1
   France*,   Saint Kitts and Nevis,3,4,0,1,3,3
   France*,   Saint Lucia,4942,5433,1387,1534,3555,3899
   France*,   Saint Vincent and the Grenadines,29,30,7,7,22,23
   France*,   Samoa,18,18,5,5,13,13
   France*,   San Marino,228,251,109,121,119,130
   France*,   Sao Tome and Principe,232,254,88,97,144,157
   France*,   Saudi Arabia,2589,2845,1342,1479,1247,1366
   France*,   Senegal,122676,134848,67588,74434,55088,60414
   France*,   Serbia*,88154,96899,41923,46199,46231,50700
   France*,   Seychelles,620,681,156,173,464,508
   France*,   Sierra Leone,1352,1486,606,669,746,817
   France*,   Singapore,2375,2608,930,1023,1445,1585
   France*,   Slovakia,5443,5560,2061,1899,3382,3661
   France*,   Slovenia,2574,2752,1139,1259,1435,1493
   France*,   Solomon Islands,3,2,2,1,1,1
   France*,   Somalia,3282,8430,1601,4125,1681,4305
   France*,   South Africa,5390,5925,2021,2231,3369,3694
   France*,   Spain*,286813,282397,127389,125061,159424,157336
   France*,   Sri Lanka,49814,54756,25168,27728,24646,27028
   France*,   State of Palestine*,1032,1339,587,764,445,575
   France*,   Sudan,8011,21153,3907,10347,4104,10806
   France*,   Suriname,25376,27892,9888,10907,15488,16985
   France*,   Sweden,9455,8272,3290,3032,6165,5240
   France*,   Switzerland,99151,108987,38515,42488,60636,66499
   France*,   Syrian Arab Republic,17440,21488,9834,12141,7606,9347
   France*,   Tajikistan,253,276,103,111,150,165
   France*,   Thailand,18890,20763,6175,6818,12715,13945
   France*,   Timor-Leste,12,11,12,11,0,0
   France*,   Togo,24730,27183,12536,13811,12194,13372
   France*,   Tonga,99,107,41,45,58,62
   France*,   Trinidad and Tobago,427,467,107,117,320,350
   France*,   Tunisia,404445,444572,220535,242881,183910,201691
   France*,   Turkey,309559,340271,158723,174849,150836,165422
   France*,   Turkmenistan,218,239,89,99,129,140
   France*,   Turks and Caicos Islands*,8,7,5,4,3,3
   France*,   Tuvalu,1,1,0,0,1,1
   France*,   Uganda,603,663,232,257,371,406
   France*,   Ukraine*,16527,18166,4874,5386,11653,12780
   France*,   United Arab Emirates,815,895,440,485,375,410
   France*,   United Kingdom*,167087,169565,83032,84491,84055,85074
   France*,   United Republic of Tanzania*,669,735,265,293,404,442
   France*,   United States of America*,56103,61668,22425,24734,33678,36934
   France*,   United States Virgin Islands*,1,0,1,0,0,0
   France*,   Uruguay,2534,2784,1084,1194,1450,1590
   France*,   Uzbekistan,1146,1258,454,500,692,758
   France*,   Vanuatu,769,843,212,234,557,609
   France*,   Venezuela (Bolivarian Republic of),6595,7249,2401,2649,4194,4600
   France*,   Viet Nam,130958,143865,56988,62832,73970,81033
   France*,   Western Sahara,1091,1199,532,586,559,613
   France*,   Yemen,506,554,216,237,290,317
   France*,   Zambia,358,392,151,166,207,226
   France*,   Zimbabwe,729,801,299,330,430,471
   Germany,WORLD,10220418,15762457,5037961,7891635,5182457,7870822
   Germany,  Sub-Saharan Africa,207145,366169,112570,214141,94575,152028
   Germany,  Northern Africa and Western Asia,1947630,3223533,1064680,1775576,882950,1447957
   Germany,  Central and Southern Asia,1307738,1969612,671659,1007488,636079,962124
   Germany,  Eastern and South-Eastern Asia,371980,529255,141652,197169,230328,332086
   Germany,  Latin America and the Caribbean,188620,253125,74214,97069,114406,156056
   Germany,  Oceania (excluding Australia and New Zealand),0,0,0,0,0,0
   Germany,  Australia and New Zealand,14162,19005,7591,10350,6571,8655
   Germany,  Europe and Northern America,6083523,9268070,2910241,4515422,3173282,4752648
   Germany,  Developed regions,6125030,9324457,2928828,4540364,3196202,4784093
   Germany,  Less developed regions,3995768,6304312,2053779,3276851,1941989,3027461
   Germany," Less developed regions, excluding least developed countries",3784201,5801742,1934547,2967080,1849654,2834662
   Germany," Less developed regions, excluding China",3911152,6161421,2014538,3211532,1896614,2949889
   Germany,  Least developed countries,211567,502570,119232,309771,92335,192799
   Germany,  Land-locked Developing Countries (LLDC),1200836,1804856,592498,880018,608338,924838
   Germany,  Small island developing States (SIDS),27488,36882,10763,13921,16725,22961
   Germany,  High-income countries,4597002,6941832,2231327,3502360,2365675,3439472
   Germany,  Middle-income countries,5112357,7485256,2515784,3573954,2596573,3911302
   Germany, Upper-middle-income countries,4215072,6190290,2063989,2930956,2151083,3259334
   Germany, Lower-middle-income countries,897285,1294966,451795,642998,445490,651968
   Germany,  Low-income countries,411439,1201681,235496,740901,175943,460780
   Germany, AFRICA,378234,609062,219438,361362,158796,247700
   Germany,  Eastern Africa,80610,148346,38565,81268,42045,67078
   Germany,  Middle Africa,27830,39241,15363,21332,12467,17909
   Germany,  Northern Africa,171089,242893,106868,147221,64221,95672
   Germany,  Southern Africa,15183,20378,7278,9399,7905,10979
   Germany,  Western Africa,83522,158204,51364,102142,32158,56062
   Germany, ASIA,3456259,5479507,1771123,2833012,1685136,2646495
   Germany,  Central Asia,965647,1307437,472789,602808,492858,704629
   Germany,  Eastern Asia,138539,215941,60021,93682,78518,122259
   Germany,  South-Eastern Asia,233441,313314,81631,103487,151810,209827
   Germany,  Southern Asia,342091,662175,198870,404680,143221,257495
   Germany,  Western Asia,1776541,2980640,957812,1628355,818729,1352285
   Germany, EUROPE,5953522,9093582,2838042,4419387,3115480,4674195
   Germany,  Eastern Europe,3896644,5538725,1786393,2563218,2110251,2975507
   Germany,  Northern Europe,231361,321866,110769,157742,120592,164124
   Germany,  Southern Europe,1260804,2464172,667868,1320818,592936,1143354
   Germany,  Western Europe,564713,768819,273012,377609,291701,391210
   Germany, LATIN AMERICA AND THE CARIBBEAN,188620,253125,74214,97069,114406,156056
   Germany,  Caribbean,25129,33719,9807,12781,15322,20938
   Germany,  Central America,22549,30252,9237,12996,13312,17256
   Germany,  South America,140942,189154,55170,71292,85772,117862
   Germany, NORTHERN AMERICA,130001,174488,72199,96035,57802,78453
   Germany, OCEANIA ,14162,19005,7591,10350,6571,8655
   Germany,  Australia and New Zealand,14162,19005,7591,10350,6571,8655
   Germany,  Melanesia,0,0,0,0,0,0
   Germany,  Micronesia,0,0,0,0,0,0
   Germany,  Polynesia*,0,0,0,0,0,0
   Germany,   Afghanistan,82361,250444,45975,153819,36386,96625
   Germany,   Albania,32767,61063,17040,32785,15727,28278
   Germany,   Algeria,19237,25819,13607,18684,5630,7135
   Germany,   Angola,0,1338,0,670,0,668
   Germany,   Argentina,15323,20566,7293,9745,8030,10821
   Germany,   Armenia,10423,25512,4975,12112,5448,13400
   Germany,   Australia*,11483,15411,6048,8256,5435,7155
   Germany,   Austria,212921,285790,102623,140864,110298,144926
   Germany,   Azerbaijan*,15855,26690,7972,13528,7883,13162
   Germany,   Bangladesh,6262,13612,4098,9723,2164,3889
   Germany,   Belarus,21105,28325,7187,8415,13918,19910
   Germany,   Belgium,28887,38772,14237,19506,14650,19266
   Germany,   Benin,1770,3061,1246,2195,524,866
   Germany,   Bolivia (Plurinational State of),4433,5947,2020,2588,2413,3359
   Germany,   Bosnia and Herzegovina,165187,221720,82076,111595,83111,110125
   Germany,   Brazil,52814,70888,17990,22687,34824,48201
   Germany,   Bulgaria,87068,314911,42238,158940,44830,155971
   Germany,   Burkina Faso,1277,2396,894,1759,383,637
   Germany,   Burundi,579,776,316,418,263,358
   Germany,   Cambodia,2227,2987,1037,1131,1190,1856
   Germany,   Cameroon,16447,22074,9379,12421,7068,9653
   Germany,   Canada,16280,21849,8109,10652,8171,11197
   Germany,   Chad,262,909,189,696,73,213
   Germany,   Chile,13178,17686,6333,8462,6845,9224
   Germany,   China*,84616,142891,39241,65319,45375,77572
   Germany,   Colombia,18281,24535,6943,9098,11338,15437
   Germany,   Congo,3475,4662,1758,2286,1717,2376
   Germany,   Costa Rica,1564,2097,691,976,873,1121
   Germany,   Côte d'Ivoire,3336,4476,2034,2906,1302,1570
   Germany,   Croatia,173156,385778,80181,189815,92975,195963
   Germany,   Cuba,12009,16116,5128,6630,6881,9486
   Germany,   Cyprus*,1531,2748,867,1454,664,1294
   Germany,   Czechia,449284,603049,192655,253085,256629,349964
   Germany,   Dem. People's Republic of Korea,2473,3316,858,1267,1615,2049
   Germany,   Democratic Republic of the Congo,7214,9681,3780,4919,3434,4762
   Germany,   Denmark*,21469,28815,9561,12934,11908,15881
   Germany,   Dominican Republic,9168,12304,2949,3818,6219,8486
   Germany,   Ecuador,7015,9414,2669,3725,4346,5689
   Germany,   Egypt,19301,25905,13842,18193,5459,7712
   Germany,   El Salvador,1101,1475,468,634,633,841
   Germany,   Eritrea,27696,63326,13414,37743,14282,25583
   Germany,   Estonia,9692,13007,3812,4769,5880,8238
   Germany,   Ethiopia,17201,23086,8610,11945,8591,11141
   Germany,   Finland*,13466,18072,3718,5225,9748,12847
   Germany,   France*,120524,161772,55328,75209,65196,86563
   Germany,   Gabon,432,577,257,340,175,237
   Germany,   Gambia,5196,17200,3871,14315,1325,2885
   Germany,   Georgia*,18916,25387,7504,10145,11412,15242
   Germany,   Ghana,24916,33440,12419,16931,12497,16509
   Germany,   Greece,177770,391502,96296,210227,81474,181275
   Germany,   Guatemala,1730,2322,787,1114,943,1208
   Germany,   Guinea,3497,11172,2445,8412,1052,2760
   Germany,   Haiti,1308,1754,601,772,707,982
   Germany,   Honduras,1191,1596,433,597,758,999
   Germany,   Hungary,142801,220774,74227,121237,68574,99537
   Germany,   Iceland,1490,2164,791,1140,699,1024
   Germany,   India,56450,107628,35016,67673,21434,39955
   Germany,   Indonesia,16234,21787,6865,8794,9369,12993
   Germany,   Iran (Islamic Republic of),113685,152590,65210,89303,48475,63287
   Germany,   Iraq,95094,226480,58292,137875,36802,88605
   Germany,   Ireland,9401,15529,5122,8665,4279,6864
   Germany,   Israel,12317,16529,7976,10307,4341,6222
   Germany,   Italy,342610,694514,211590,417027,131020,277487
   Germany,   Jamaica,1886,2530,838,1138,1048,1392
   Germany,   Japan,27345,37382,10996,14592,16349,22790
   Germany,   Jordan,10467,14047,6851,8670,3616,5377
   Germany,   Kazakhstan,832107,1128201,408623,522201,423484,606000
   Germany,   Kenya,12427,16678,3582,4571,8845,12107
   Germany,   Kyrgyzstan,69165,92834,33447,39254,35718,53580
   Germany,   Lao People's Democratic Republic,2972,3986,1474,1574,1498,2412
   Germany,   Latvia,25387,38760,10797,17253,14590,21507
   Germany,   Lebanon,65743,88243,40080,52710,25663,35533
   Germany,   Liberia,1628,2183,1105,1570,523,613
   Germany,   Libya,3695,13788,2248,8771,1447,5017
   Germany,   Liechtenstein,253,338,105,147,148,191
   Germany,   Lithuania,41195,55291,14900,21113,26295,34178
   Germany,   Luxembourg,17310,23232,8711,11809,8599,11423
   Germany,   Madagascar,1316,1765,436,453,880,1312
   Germany,   Malaysia*,5075,6810,2370,3153,2705,3657
   Germany,   Mali,1199,4101,708,3073,491,1028
   Germany,   Malta,621,831,282,399,339,432
   Germany,   Mexico,15100,20266,6043,8568,9057,11698
   Germany,   Montenegro,15923,17407,6708,9123,9215,8284
   Germany,   Morocco,94690,127095,53950,68834,40740,58261
   Germany,   Myanmar,1881,2522,1210,1633,671,889
   Germany,   Nepal,3243,6844,1849,3733,1394,3111
   Germany,   Netherlands*,115140,165391,59693,88223,55447,77168
   Germany,   New Zealand*,2679,3594,1543,2094,1136,1500
   Germany,   Nicaragua,1257,1685,556,768,701,917
   Germany,   Niger,780,1362,604,1082,176,280
   Germany,   Nigeria,22007,52810,14605,33526,7402,19284
   Germany,   North Macedonia,67229,108634,31691,55415,35538,53219
   Germany,   Norway*,7306,9804,3217,4407,4089,5397
   Germany,   Pakistan,41474,79227,26153,53993,15321,25234
   Germany,   Panama,606,811,259,339,347,472
   Germany,   Paraguay,4206,5642,1846,2068,2360,3574
   Germany,   Peru,15349,20599,5409,6865,9940,13734
   Germany,   Philippines,46497,62408,12771,19110,33726,43298
   Germany,   Poland,1561763,2141722,731503,1056264,830260,1085458
   Germany,   Portugal,81392,152869,43496,81914,37896,70955
   Germany,   Republic of Korea,24105,32352,8926,12504,15179,19848
   Germany,   Republic of Moldova*,19174,25733,8780,10976,10394,14757
   Germany,   Romania,487856,654822,228485,335906,259371,318916
   Germany,   Russian Federation,876302,1198831,398649,483306,477653,715525
   Germany,   Rwanda,1020,1368,510,701,510,667
   Germany,   Saudi Arabia,3096,5347,1849,3196,1247,2151
   Germany,   Senegal,3445,6583,2314,4782,1131,1801
   Germany,   Serbia*,88177,199691,43562,98849,44615,100842
   Germany,   Sierra Leone,2691,3611,1889,2622,802,989
   Germany,   Singapore,2359,3163,956,1140,1403,2023
   Germany,   Slovakia,35425,60815,14327,26888,21098,33927
   Germany,   Slovenia,32848,44089,15200,21765,17648,22324
   Germany,   Somalia,16282,35587,9807,22833,6475,12754
   Germany,   South Africa,15183,20378,7278,9399,7905,10979
   Germany,   Spain*,83124,186074,39746,91904,43378,94170
   Germany,   Sri Lanka,38616,51830,20569,26436,18047,25394
   Germany,   Sudan,0,4429,0,2218,0,2211
   Germany,   Sweden,16524,22178,7247,9843,9277,12335
   Germany,   Switzerland,69678,93524,32315,41851,37363,51673
   Germany,   Syrian Arab Republic,197186,707457,117790,439155,79396,268302
   Germany,   Tajikistan,23959,32157,11781,17468,12178,14689
   Germany,   Thailand,62824,84324,10683,10497,52141,73827
   Germany,   Togo,11780,15809,7230,8969,4550,6840
   Germany,   Trinidad and Tobago,758,1015,291,423,467,592
   Germany,   Tunisia,34166,45857,23221,30521,10945,15336
   Germany,   Turkey,1343522,1837282,701926,935796,641596,901486
   Germany,   Turkmenistan,5475,7347,2525,3205,2950,4142
   Germany,   Uganda,2143,2874,953,1285,1190,1589
   Germany,   Ukraine*,215866,289743,88342,108201,127524,181542
   Germany,   United Kingdom*,85431,118246,51604,72393,33827,45853
   Germany,   United Republic of Tanzania*,1114,1771,594,881,520,890
   Germany,   United States of America*,113721,152639,64090,85383,49631,67256
   Germany,   Uruguay,2820,3782,1315,1776,1505,2006
   Germany,   Uzbekistan,34941,46898,16413,20680,18528,26218
   Germany,   Venezuela (Bolivarian Republic of),7523,10095,3352,4278,4171,5817
   Germany,   Viet Nam,93372,125327,44265,56455,49107,68872
   Germany,   Yemen,2391,4918,1730,3407,661,1511
   Germany,   Zambia,832,1115,343,438,489,677
   Germany,Other,99620,133688,55354,74420,44266,59268
   Liechtenstein,WORLD,23799,25877,11605,12619,12194,13258
   Liechtenstein,  Sub-Saharan Africa,115,120,63,59,52,61
   Liechtenstein,  Northern Africa and Western Asia,708,706,374,359,334,347
   Liechtenstein,  Central and Southern Asia,78,84,45,49,33,35
   Liechtenstein,  Eastern and South-Eastern Asia,291,351,89,105,202,246
   Liechtenstein,  Latin America and the Caribbean,428,474,137,137,291,337
   Liechtenstein,  Oceania (excluding Australia and New Zealand),0,0,0,0,0,0
   Liechtenstein,  Australia and New Zealand,16,15,9,6,7,9
   Liechtenstein,  Europe and Northern America,22045,24021,10838,11861,11207,12160
   Liechtenstein,  Developed regions,22074,24054,10855,11877,11219,12177
   Liechtenstein,  Less developed regions,1607,1717,700,699,907,1018
   Liechtenstein," Less developed regions, excluding least developed countries",1497,1594,635,638,862,956
   Liechtenstein," Less developed regions, excluding China",1526,1604,666,652,860,952
   Liechtenstein,  Least developed countries,110,123,65,61,45,62
   Liechtenstein,  Land-locked Developing Countries (LLDC),181,189,76,79,105,110
   Liechtenstein,  Small island developing States (SIDS),101,116,36,33,65,83
   Liechtenstein,  High-income countries,21207,23098,10463,11459,10744,11639
   Liechtenstein,  Middle-income countries,2416,2578,1053,1066,1363,1512
   Liechtenstein, Upper-middle-income countries,2123,2244,922,935,1201,1309
   Liechtenstein, Lower-middle-income countries,293,334,131,131,162,203
   Liechtenstein,  Low-income countries,58,95,39,51,19,44
   Liechtenstein, AFRICA,180,182,102,90,78,92
   Liechtenstein,  Eastern Africa,56,67,32,33,24,34
   Liechtenstein,  Middle Africa,15,14,13,10,2,4
   Liechtenstein,  Northern Africa,65,62,39,31,26,31
   Liechtenstein,  Southern Africa,34,30,12,11,22,19
   Liechtenstein,  Western Africa,10,9,6,5,4,4
   Liechtenstein, ASIA,1012,1079,469,482,543,597
   Liechtenstein,  Central Asia,13,15,5,6,8,9
   Liechtenstein,  Eastern Asia,98,135,43,57,55,78
   Liechtenstein,  South-Eastern Asia,193,216,46,48,147,168
   Liechtenstein,  Southern Asia,65,69,40,43,25,26
   Liechtenstein,  Western Asia,643,644,335,328,308,316
   Liechtenstein, EUROPE,21901,23858,10765,11783,11136,12075
   Liechtenstein,  Eastern Europe,376,471,98,126,278,345
   Liechtenstein,  Northern Europe,152,149,69,69,83,80
   Liechtenstein,  Southern Europe,2631,2653,1410,1408,1221,1245
   Liechtenstein,  Western Europe,18742,20585,9188,10180,9554,10405
   Liechtenstein, LATIN AMERICA AND THE CARIBBEAN,428,474,137,137,291,337
   Liechtenstein,  Caribbean,91,106,30,29,61,77
   Liechtenstein,  Central America,46,46,17,13,29,33
   Liechtenstein,  South America,291,322,90,95,201,227
   Liechtenstein, NORTHERN AMERICA,144,163,73,78,71,85
   Liechtenstein, OCEANIA ,16,15,9,6,7,9
   Liechtenstein,  Australia and New Zealand,16,15,9,6,7,9
   Liechtenstein,  Melanesia,0,0,0,0,0,0
   Liechtenstein,  Micronesia,0,0,0,0,0,0
   Liechtenstein,  Polynesia*,0,0,0,0,0,0
   Liechtenstein,   Afghanistan,4,6,3,3,1,3
   Liechtenstein,   Albania,0,2,0,0,0,2
   Liechtenstein,   Algeria,6,6,3,2,3,4
   Liechtenstein,   Andorra,1,0,0,0,1,0
   Liechtenstein,   Angola,7,7,6,5,1,2
   Liechtenstein,   Argentina,26,24,10,10,16,14
   Liechtenstein,   Armenia,9,9,4,4,5,5
   Liechtenstein,   Australia*,12,9,8,5,4,4
   Liechtenstein,   Austria,3829,3983,1619,1713,2210,2270
   Liechtenstein,   Azerbaijan*,1,0,0,0,1,0
   Liechtenstein,   Bahamas,3,2,2,1,1,1
   Liechtenstein,   Bangladesh,2,6,2,4,0,2
   Liechtenstein,   Belarus,4,3,0,0,4,3
   Liechtenstein,   Belgium,40,43,18,18,22,25
   Liechtenstein,   Bolivia (Plurinational State of),1,0,0,0,1,0
   Liechtenstein,   Bosnia and Herzegovina,306,299,133,122,173,177
   Liechtenstein,   Brazil,169,201,52,60,117,141
   Liechtenstein,   Bulgaria,14,20,3,5,11,15
   Liechtenstein,   Burkina Faso,2,1,1,0,1,1
   Liechtenstein,   Cambodia,4,2,3,1,1,1
   Liechtenstein,   Cameroon,5,3,4,2,1,1
   Liechtenstein,   Canada,15,16,7,7,8,9
   Liechtenstein,   Chile,8,6,0,0,8,6
   Liechtenstein,   China*,81,113,34,47,47,66
   Liechtenstein,   Colombia,41,43,11,10,30,33
   Liechtenstein,   Costa Rica,5,4,2,1,3,3
   Liechtenstein,   Côte d'Ivoire,0,0,0,0,0,0
   Liechtenstein,   Croatia,118,115,57,56,61,59
   Liechtenstein,   Cuba,9,10,5,4,4,6
   Liechtenstein,   Czechia,58,63,18,17,40,46
   Liechtenstein,   Democratic Republic of the Congo,3,4,3,3,0,1
   Liechtenstein,   Denmark*,16,15,8,8,8,7
   Liechtenstein,   Dominican Republic,73,92,20,24,53,68
   Liechtenstein,   Ecuador,11,12,3,3,8,9
   Liechtenstein,   Egypt,19,19,14,13,5,6
   Liechtenstein,   El Salvador,1,1,1,0,0,1
   Liechtenstein,   Eritrea,7,16,6,7,1,9
   Liechtenstein,   Estonia,2,1,0,0,2,1
   Liechtenstein,   Ethiopia,10,9,6,5,4,4
   Liechtenstein,   Finland*,8,8,3,3,5,5
   Liechtenstein,   France*,125,129,65,66,60,63
   Liechtenstein,   Gambia,0,0,0,0,0,0
   Liechtenstein,   Georgia*,1,2,0,0,1,2
   Liechtenstein,   Germany,1787,1911,855,933,932,978
   Liechtenstein,   Greece,46,47,26,27,20,20
   Liechtenstein,   Guatemala,5,0,1,0,4,0
   Liechtenstein,   Guinea,0,0,0,0,0,0
   Liechtenstein,   Haiti,1,0,0,0,1,0
   Liechtenstein,   Honduras,1,0,0,0,1,0
   Liechtenstein,   Hungary,70,80,25,24,45,56
   Liechtenstein,   Iceland,1,0,1,0,0,0
   Liechtenstein,   India,27,27,17,17,10,10
   Liechtenstein,   Indonesia,8,9,1,0,7,9
   Liechtenstein,   Iran (Islamic Republic of),11,13,4,7,7,6
   Liechtenstein,   Iraq,5,10,3,6,2,4
   Liechtenstein,   Ireland,17,18,8,9,9,9
   Liechtenstein,   Israel,6,3,1,0,5,3
   Liechtenstein,   Italy,860,861,545,548,315,313
   Liechtenstein,   Jamaica,3,1,2,0,1,1
   Liechtenstein,   Japan,13,18,8,10,5,8
   Liechtenstein,   Jordan,2,5,1,2,1,3
   Liechtenstein,   Kazakhstan,5,9,1,4,4,5
   Liechtenstein,   Kenya,6,8,2,3,4,5
   Liechtenstein,   Kuwait,1,0,1,0,0,0
   Liechtenstein,   Kyrgyzstan,4,3,1,0,3,3
   Liechtenstein,   Lao People's Democratic Republic,36,40,14,14,22,26
   Liechtenstein,   Latvia,6,7,2,1,4,6
   Liechtenstein,   Libya,1,0,0,0,1,0
   Liechtenstein,   Lithuania,4,3,1,0,3,3
   Liechtenstein,   Luxembourg,3,2,1,0,2,2
   Liechtenstein,   Madagascar,2,1,2,1,0,0
   Liechtenstein,   Malaysia*,1,0,0,0,1,0
   Liechtenstein,   Maldives,2,1,2,1,0,0
   Liechtenstein,   Malta,3,3,2,1,1,2
   Liechtenstein,   Mauritius*,1,1,0,0,1,1
   Liechtenstein,   Mexico,24,32,9,10,15,22
   Liechtenstein,   Monaco,1,0,1,0,0,0
   Liechtenstein,   Montenegro,4,5,3,3,1,2
   Liechtenstein,   Morocco,15,15,7,5,8,10
   Liechtenstein,   Mozambique,3,2,2,1,1,1
   Liechtenstein,   Nepal,4,1,3,1,1,0
   Liechtenstein,   Netherlands*,75,80,33,34,42,46
   Liechtenstein,   New Zealand*,4,6,1,1,3,5
   Liechtenstein,   Nicaragua,3,3,1,0,2,3
   Liechtenstein,   Nigeria,6,6,4,4,2,2
   Liechtenstein,   North Macedonia,88,95,39,43,49,52
   Liechtenstein,   Norway*,6,7,2,2,4,5
   Liechtenstein,   Pakistan,7,7,4,5,3,2
   Liechtenstein,   Panama,7,6,3,2,4,4
   Liechtenstein,   Paraguay,2,2,0,0,2,2
   Liechtenstein,   Peru,15,14,8,6,7,8
   Liechtenstein,   Philippines,38,58,3,11,35,47
   Liechtenstein,   Poland,60,76,13,23,47,53
   Liechtenstein,   Portugal,424,424,223,222,201,202
   Liechtenstein,   Republic of Korea,4,4,1,0,3,4
   Liechtenstein,   Republic of Moldova*,6,7,1,2,5,5
   Liechtenstein,   Romania,29,37,7,8,22,29
   Liechtenstein,   Russian Federation,53,69,12,18,41,51
   Liechtenstein,   Saint Lucia,1,0,1,0,0,0
   Liechtenstein,   Senegal,2,2,1,1,1,1
   Liechtenstein,   Serbia*,397,428,205,216,192,212
   Liechtenstein,   Seychelles,1,0,1,0,0,0
   Liechtenstein,   Singapore,6,8,3,3,3,5
   Liechtenstein,   Slovakia,44,55,9,12,35,43
   Liechtenstein,   Slovenia,109,107,27,26,82,81
   Liechtenstein,   Somalia,18,24,11,14,7,10
   Liechtenstein,   South Africa,34,30,12,11,22,19
   Liechtenstein,   Spain*,275,267,150,144,125,123
   Liechtenstein,   Sri Lanka,8,8,5,5,3,3
   Liechtenstein,   Sweden,25,25,9,9,16,16
   Liechtenstein,   Switzerland,12882,14437,6596,7416,6286,7021
   Liechtenstein,   Syrian Arab Republic,7,32,5,17,2,15
   Liechtenstein,   Thailand,88,86,17,15,71,71
   Liechtenstein,   Trinidad and Tobago,1,1,0,0,1,1
   Liechtenstein,   Tunisia,24,22,15,11,9,11
   Liechtenstein,   Turkey,608,581,318,297,290,284
   Liechtenstein,   Uganda,1,0,0,0,1,0
   Liechtenstein,   Ukraine*,38,61,10,17,28,44
   Liechtenstein,   United Arab Emirates,3,2,2,2,1,0
   Liechtenstein,   United Kingdom*,67,65,35,37,32,28
   Liechtenstein,   United Republic of Tanzania*,3,2,2,1,1,1
   Liechtenstein,   United States of America*,129,147,66,71,63,76
   Liechtenstein,   Uruguay,2,0,0,0,2,0
   Liechtenstein,   Uzbekistan,4,3,3,2,1,1
   Liechtenstein,   Venezuela (Bolivarian Republic of),16,20,6,6,10,14
   Liechtenstein,   Viet Nam,12,13,5,4,7,9
   Liechtenstein,   Zambia,1,0,0,0,1,0
   Liechtenstein,   Zimbabwe,3,4,0,1,3,3
   Liechtenstein,Other,118,106,50,43,68,63
   Luxembourg,WORLD,248888,298062,126129,151653,122759,146409
   Luxembourg,  Sub-Saharan Africa,1924,18583,1021,9578,903,9005
   Luxembourg,  Northern Africa and Western Asia,842,11088,481,6233,361,4855
   Luxembourg,  Central and Southern Asia,484,5581,289,3021,195,2560
   Luxembourg,  Eastern and South-Eastern Asia,1842,8538,908,3395,934,5143
   Luxembourg,  Latin America and the Caribbean,741,7895,332,3162,409,4733
   Luxembourg,  Oceania (excluding Australia and New Zealand),0,12,0,5,0,7
   Luxembourg,  Australia and New Zealand,98,384,57,194,41,190
   Luxembourg,  Europe and Northern America,242582,242304,122857,124210,119725,118094
   Luxembourg,  Developed regions,242962,243276,123063,124634,119899,118642
   Luxembourg,  Less developed regions,5551,51109,2882,25164,2669,25945
   Luxembourg," Less developed regions, excluding least developed countries",5339,42130,2754,20085,2585,22045
   Luxembourg," Less developed regions, excluding China",4497,46814,2287,23233,2210,23581
   Luxembourg,  Least developed countries,212,8979,128,5079,84,3900
   Luxembourg,  Land-locked Developing Countries (LLDC),401,3811,247,1795,154,2016
   Luxembourg,  Small island developing States (SIDS),1840,10304,953,4983,887,5321
   Luxembourg,  High-income countries,224206,228147,112118,118098,112088,110049
   Luxembourg,  Middle-income countries,24185,58160,13760,27029,10425,31131
   Luxembourg, Upper-middle-income countries,21288,33473,12277,15053,9011,18420
   Luxembourg, Lower-middle-income countries,2897,24687,1483,11976,1414,12711
   Luxembourg,  Low-income countries,122,8078,67,4671,55,3407
   Luxembourg, AFRICA,2427,23936,1311,12548,1116,11388
   Luxembourg,  Eastern Africa,76,2584,33,1293,43,1291
   Luxembourg,  Middle Africa,156,3819,82,1889,74,1930
   Luxembourg,  Northern Africa,503,5353,290,2970,213,2383
   Luxembourg,  Southern Africa,45,675,26,356,19,319
   Luxembourg,  Western Africa,1647,11505,880,6040,767,5465
   Luxembourg, ASIA,2665,19854,1388,9679,1277,10175
   Luxembourg,  Central Asia,0,414,0,127,0,287
   Luxembourg,  Eastern Asia,1384,5923,768,2678,616,3245
   Luxembourg,  South-Eastern Asia,458,2615,140,717,318,1898
   Luxembourg,  Southern Asia,484,5167,289,2894,195,2273
   Luxembourg,  Western Asia,339,5735,191,3263,148,2472
   Luxembourg, EUROPE,241251,238539,122079,122269,119172,116270
   Luxembourg,  Eastern Europe,9071,20897,3308,8085,5763,12812
   Luxembourg,  Northern Europe,16243,14091,7815,7072,8428,7019
   Luxembourg,  Southern Europe,139870,115464,74130,61234,65740,54230
   Luxembourg,  Western Europe,76067,88087,36826,45878,39241,42209
   Luxembourg, LATIN AMERICA AND THE CARIBBEAN,741,7895,332,3162,409,4733
   Luxembourg,  Caribbean,172,845,71,288,101,557
   Luxembourg,  Central America,27,685,9,279,18,406
   Luxembourg,  South America,542,6365,252,2595,290,3770
   Luxembourg, NORTHERN AMERICA,1331,3765,778,1941,553,1824
   Luxembourg, OCEANIA ,98,396,57,199,41,197
   Luxembourg,  Australia and New Zealand,98,384,57,194,41,190
   Luxembourg,  Melanesia,0,8,0,3,0,5
   Luxembourg,  Micronesia,0,0,0,0,0,0
   Luxembourg,  Polynesia*,0,4,0,2,0,2
   Luxembourg,   Afghanistan,0,433,0,295,0,138
   Luxembourg,   Albania,300,1058,177,517,123,541
   Luxembourg,   Algeria,100,1113,55,607,45,506
   Luxembourg,   Andorra,0,38,0,20,0,18
   Luxembourg,   Angola,0,1061,0,539,0,522
   Luxembourg,   Antigua and Barbuda,0,2,0,2,0,0
   Luxembourg,   Argentina,39,407,23,182,16,225
   Luxembourg,   Armenia,0,120,0,46,0,74
   Luxembourg,   Aruba*,0,1,0,0,0,1
   Luxembourg,   Australia*,76,287,42,138,34,149
   Luxembourg,   Austria,967,1026,419,454,548,572
   Luxembourg,   Azerbaijan*,0,192,0,102,0,90
   Luxembourg,   Bahamas,0,8,0,5,0,3
   Luxembourg,   Bahrain,0,9,0,3,0,6
   Luxembourg,   Bangladesh,30,142,20,92,10,50
   Luxembourg,   Barbados,0,6,0,3,0,3
   Luxembourg,   Belarus,42,324,8,72,34,252
   Luxembourg,   Belgium,19800,21583,10112,11705,9688,9878
   Luxembourg,   Benin,0,131,0,96,0,35
   Luxembourg,   Bermuda*,0,8,0,6,0,2
   Luxembourg,   Bhutan,0,1,0,1,0,0
   Luxembourg,   Bolivia (Plurinational State of),0,70,0,25,0,45
   Luxembourg,   Bosnia and Herzegovina,2421,2732,1402,1377,1019,1355
   Luxembourg,   Botswana,0,1,0,0,0,1
   Luxembourg,   Brazil,297,3722,126,1439,171,2283
   Luxembourg,   Bulgaria,878,1710,302,662,576,1048
   Luxembourg,   Burkina Faso,0,69,0,37,0,32
   Luxembourg,   Burundi,0,98,0,41,0,57
   Luxembourg,   Cabo Verde,1617,7108,862,3368,755,3740
   Luxembourg,   Cambodia,0,69,0,21,0,48
   Luxembourg,   Cameroon,59,1234,28,598,31,636
   Luxembourg,   Canada,236,785,130,401,106,384
   Luxembourg,   Central African Republic,0,35,0,13,0,22
   Luxembourg,   Chad,0,12,0,7,0,5
   Luxembourg,   Chile,57,217,33,101,24,116
   Luxembourg,   China*,1054,4295,595,1931,459,2364
   Luxembourg,   Colombia,25,515,10,220,15,295
   Luxembourg,   Comoros,0,16,0,6,0,10
   Luxembourg,   Congo,0,299,0,155,0,144
   Luxembourg,   Costa Rica,0,29,0,13,0,16
   Luxembourg,   Côte d'Ivoire,0,445,0,237,0,208
   Luxembourg,   Croatia,413,874,242,428,171,446
   Luxembourg,   Cuba,22,180,10,60,12,120
   Luxembourg,   Cyprus*,62,144,32,73,30,71
   Luxembourg,   Czechia,906,1061,303,413,603,648
   Luxembourg,   Dem. People's Republic of Korea,0,15,0,6,0,9
   Luxembourg,   Democratic Republic of the Congo,97,923,54,459,43,464
   Luxembourg,   Denmark*,2535,1598,1241,827,1294,771
   Luxembourg,   Djibouti,0,10,0,4,0,6
   Luxembourg,   Dominica,115,2,45,0,70,2
   Luxembourg,   Dominican Republic,35,514,16,150,19,364
   Luxembourg,   Ecuador,0,202,0,76,0,126
   Luxembourg,   Egypt,25,347,16,202,9,145
   Luxembourg,   El Salvador,0,47,0,20,0,27
   Luxembourg,   Equatorial Guinea,0,8,0,1,0,7
   Luxembourg,   Eritrea,0,701,0,449,0,252
   Luxembourg,   Estonia,526,597,107,184,419,413
   Luxembourg,   Eswatini,0,1,0,0,0,1
   Luxembourg,   Ethiopia,0,244,0,123,0,121
   Luxembourg,   Fiji,0,4,0,0,0,4
   Luxembourg,   Finland*,1302,1154,542,505,760,649
   Luxembourg,   France*,36180,42979,17289,22782,18891,20197
   Luxembourg,   French Polynesia*,0,4,0,2,0,2
   Luxembourg,   Gabon,0,81,0,32,0,49
   Luxembourg,   Gambia,0,76,0,50,0,26
   Luxembourg,   Georgia*,0,97,0,36,0,61
   Luxembourg,   Germany,14125,17080,6490,8037,7635,9043
   Luxembourg,   Ghana,0,67,0,33,0,34
   Luxembourg,   Gibraltar*,0,1,0,0,0,1
   Luxembourg,   Greece,1823,3163,924,1595,899,1568
   Luxembourg,   Grenada,0,2,0,0,0,2
   Luxembourg,   Guatemala,0,120,0,49,0,71
   Luxembourg,   Guinea,0,419,0,283,0,136
   Luxembourg,   Guinea-Bissau,0,1516,0,949,0,567
   Luxembourg,   Guyana,0,11,0,3,0,8
   Luxembourg,   Haiti,0,77,0,45,0,32
   Luxembourg,   Honduras,0,24,0,4,0,20
   Luxembourg,   Hungary,1084,1818,369,770,715,1048
   Luxembourg,   Iceland,328,413,168,205,160,208
   Luxembourg,   India,193,2791,109,1516,84,1275
   Luxembourg,   Indonesia,0,121,0,32,0,89
   Luxembourg,   Iran (Islamic Republic of),231,1074,137,577,94,497
   Luxembourg,   Iraq,0,1028,0,645,0,383
   Luxembourg,   Ireland,1627,1429,785,753,842,676
   Luxembourg,   Israel,41,236,26,127,15,109
   Luxembourg,   Italy,20621,18878,10634,11002,9987,7876
   Luxembourg,   Jamaica,0,30,0,15,0,15
   Luxembourg,   Japan,282,588,149,230,133,358
   Luxembourg,   Jordan,0,47,0,29,0,18
   Luxembourg,   Kazakhstan,0,207,0,56,0,151
   Luxembourg,   Kenya,0,111,0,53,0,58
   Luxembourg,   Kuwait,0,47,0,29,0,18
   Luxembourg,   Kyrgyzstan,0,47,0,15,0,32
   Luxembourg,   Lao People's Democratic Republic,0,51,0,19,0,32
   Luxembourg,   Latvia,488,657,77,201,411,456
   Luxembourg,   Lebanon,35,341,17,217,18,124
   Luxembourg,   Liberia,0,39,0,30,0,9
   Luxembourg,   Libya,0,80,0,45,0,35
   Luxembourg,   Liechtenstein,0,8,0,4,0,4
   Luxembourg,   Lithuania,599,888,209,300,390,588
   Luxembourg,   Madagascar,0,195,0,68,0,127
   Luxembourg,   Malawi,0,11,0,4,0,7
   Luxembourg,   Malaysia*,25,111,12,35,13,76
   Luxembourg,   Mali,0,79,0,49,0,30
   Luxembourg,   Malta,270,244,161,124,109,120
   Luxembourg,   Mauritania,0,11,0,10,0,1
   Luxembourg,   Mauritius*,51,434,20,198,31,236
   Luxembourg,   Mexico,27,424,9,179,18,245
   Luxembourg,   Monaco,0,50,0,34,0,16
   Luxembourg,   Mongolia,0,42,0,10,0,32
   Luxembourg,   Montenegro,8543,2715,5165,1395,3378,1320
   Luxembourg,   Morocco,244,2499,124,1244,120,1255
   Luxembourg,   Mozambique,0,339,0,156,0,183
   Luxembourg,   Myanmar,0,9,0,6,0,3
   Luxembourg,   Namibia,0,14,0,5,0,9
   Luxembourg,   Nepal,30,362,23,198,7,164
   Luxembourg,   Netherlands*,4463,3986,2242,2145,2221,1841
   Luxembourg,   New Zealand*,22,97,15,56,7,41
   Luxembourg,   Nicaragua,0,17,0,7,0,10
   Luxembourg,   Niger,0,35,0,23,0,12
   Luxembourg,   Nigeria,0,327,0,212,0,115
   Luxembourg,   North Macedonia,346,605,211,297,135,308
   Luxembourg,   Norway*,175,262,105,136,70,126
   Luxembourg,   Oman,0,5,0,2,0,3
   Luxembourg,   Pakistan,0,279,0,169,0,110
   Luxembourg,   Panama,0,24,0,7,0,17
   Luxembourg,   Papua New Guinea,0,4,0,3,0,1
   Luxembourg,   Paraguay,0,33,0,7,0,26
   Luxembourg,   Peru,99,528,47,216,52,312
   Luxembourg,   Philippines,189,891,59,204,130,687
   Luxembourg,   Poland,3150,5051,1226,2112,1924,2939
   Luxembourg,   Portugal,94732,75221,49385,39484,45347,35737
   Luxembourg,   Qatar,0,9,0,6,0,3
   Luxembourg,   Republic of Korea,48,983,24,501,24,482
   Luxembourg,   Republic of Moldova*,0,588,0,233,0,355
   Luxembourg,   Romania,1739,5225,595,2113,1144,3112
   Luxembourg,   Russian Federation,390,2780,143,933,247,1847
   Luxembourg,   Rwanda,25,188,13,81,12,107
   Luxembourg,   Saint Vincent and the Grenadines,0,1,0,0,0,1
   Luxembourg,   San Marino,0,3,0,1,0,2
   Luxembourg,   Sao Tome and Principe,0,166,0,85,0,81
   Luxembourg,   Saudi Arabia,0,59,0,43,0,16
   Luxembourg,   Senegal,30,703,18,378,12,325
   Luxembourg,   Serbia*,5920,3682,3627,1866,2293,1816
   Luxembourg,   Seychelles,0,9,0,2,0,7
   Luxembourg,   Sierra Leone,0,20,0,14,0,6
   Luxembourg,   Singapore,0,149,0,61,0,88
   Luxembourg,   Slovakia,707,869,317,335,390,534
   Luxembourg,   Slovenia,483,599,246,255,237,344
   Luxembourg,   Somalia,0,77,0,43,0,34
   Luxembourg,   South Africa,45,659,26,351,19,308
   Luxembourg,   Spain*,3998,5651,1956,2873,2042,2778
   Luxembourg,   Sri Lanka,0,85,0,46,0,39
   Luxembourg,   State of Palestine*,0,31,0,19,0,12
   Luxembourg,   Sudan,0,102,0,89,0,13
   Luxembourg,   Suriname,0,21,0,9,0,12
   Luxembourg,   Sweden,2059,1460,951,757,1108,703
   Luxembourg,   Switzerland,532,1375,274,717,258,658
   Luxembourg,   Syrian Arab Republic,0,1839,0,1052,0,787
   Luxembourg,   Tajikistan,0,22,0,5,0,17
   Luxembourg,   Thailand,173,644,40,115,133,529
   Luxembourg,   Togo,0,460,0,271,0,189
   Luxembourg,   Trinidad and Tobago,0,22,0,8,0,14
   Luxembourg,   Tunisia,134,1212,95,783,39,429
   Luxembourg,   Turkey,201,1435,116,779,85,656
   Luxembourg,   Turkmenistan,0,19,0,8,0,11
   Luxembourg,   Uganda,0,35,0,16,0,19
   Luxembourg,   Ukraine*,175,1471,45,442,130,1029
   Luxembourg,   United Arab Emirates,0,77,0,42,0,35
   Luxembourg,   United Kingdom*,6604,5633,3630,3204,2974,2429
   Luxembourg,   United Republic of Tanzania*,0,24,0,8,0,16
   Luxembourg,   United States of America*,1095,2972,648,1534,447,1438
   Luxembourg,   Uruguay,0,91,0,43,0,48
   Luxembourg,   Uzbekistan,0,119,0,43,0,76
   Luxembourg,   Venezuela (Bolivarian Republic of),25,548,13,274,12,274
   Luxembourg,   Viet Nam,71,570,29,224,42,346
   Luxembourg,   Yemen,0,19,0,13,0,6
   Luxembourg,   Zambia,0,21,0,8,0,13
   Luxembourg,   Zimbabwe,0,71,0,33,0,38
   Luxembourg,Other,375,3677,184,1855,191,1822
   Monaco,WORLD,25983,26601,12599,12897,13384,13704
   Monaco,  Sub-Saharan Africa,0,0,0,0,0,0
   Monaco,  Northern Africa and Western Asia,0,0,0,0,0,0
   Monaco,  Central and Southern Asia,0,0,0,0,0,0
   Monaco,  Eastern and South-Eastern Asia,0,0,0,0,0,0
   Monaco,  Latin America and the Caribbean,0,0,0,0,0,0
   Monaco,  Oceania (excluding Australia and New Zealand),0,0,0,0,0,0
   Monaco,  Australia and New Zealand,0,0,0,0,0,0
   Monaco,  Europe and Northern America,13452,13768,6501,6654,6951,7114
   Monaco,  Developed regions,13452,13768,6501,6654,6951,7114
   Monaco,  Less developed regions,0,0,0,0,0,0
   Monaco," Less developed regions, excluding least developed countries",0,0,0,0,0,0
   Monaco," Less developed regions, excluding China",0,0,0,0,0,0
   Monaco,  Least developed countries,0,0,0,0,0,0
   Monaco,  Land-locked Developing Countries (LLDC),0,0,0,0,0,0
   Monaco,  Small island developing States (SIDS),0,0,0,0,0,0
   Monaco,  High-income countries,13452,13768,6501,6654,6951,7114
   Monaco,  Middle-income countries,0,0,0,0,0,0
   Monaco, Upper-middle-income countries,0,0,0,0,0,0
   Monaco, Lower-middle-income countries,0,0,0,0,0,0
   Monaco,  Low-income countries,0,0,0,0,0,0
   Monaco, AFRICA,0,0,0,0,0,0
   Monaco,  Eastern Africa,0,0,0,0,0,0
   Monaco,  Middle Africa,0,0,0,0,0,0
   Monaco,  Northern Africa,0,0,0,0,0,0
   Monaco,  Southern Africa,0,0,0,0,0,0
   Monaco,  Western Africa,0,0,0,0,0,0
   Monaco, ASIA,0,0,0,0,0,0
   Monaco,  Central Asia,0,0,0,0,0,0
   Monaco,  Eastern Asia,0,0,0,0,0,0
   Monaco,  South-Eastern Asia,0,0,0,0,0,0
   Monaco,  Southern Asia,0,0,0,0,0,0
   Monaco,  Western Asia,0,0,0,0,0,0
   Monaco, EUROPE,13452,13768,6501,6654,6951,7114
   Monaco,  Eastern Europe,0,0,0,0,0,0
   Monaco,  Northern Europe,0,0,0,0,0,0
   Monaco,  Southern Europe,5841,5978,3216,3292,2625,2686
   Monaco,  Western Europe,7611,7790,3285,3362,4326,4428
   Monaco, LATIN AMERICA AND THE CARIBBEAN,0,0,0,0,0,0
   Monaco,  Caribbean,0,0,0,0,0,0
   Monaco,  Central America,0,0,0,0,0,0
   Monaco,  South America,0,0,0,0,0,0
   Monaco, NORTHERN AMERICA,0,0,0,0,0,0
   Monaco, OCEANIA ,0,0,0,0,0,0
   Monaco,  Australia and New Zealand,0,0,0,0,0,0
   Monaco,  Melanesia,0,0,0,0,0,0
   Monaco,  Micronesia,0,0,0,0,0,0
   Monaco,  Polynesia*,0,0,0,0,0,0
   Monaco,   France*,7611,7790,3285,3362,4326,4428
   Monaco,   Italy,5841,5978,3216,3292,2625,2686
   Monaco,Other,12531,12833,6098,6243,6433,6590
   Netherlands*,WORLD,1996318,2358333,952313,1134404,1044005,1223929
   Netherlands*,  Sub-Saharan Africa,137251,157159,71902,81063,65349,76096
   Netherlands*,  Northern Africa and Western Asia,470854,568006,250895,302355,219959,265651
   Netherlands*,  Central and Southern Asia,111699,143325,60218,77788,51481,65537
   Netherlands*,  Eastern and South-Eastern Asia,248942,264577,103220,108080,145722,156497
   Netherlands*,  Latin America and the Caribbean,254728,279072,109402,120217,145326,158855
   Netherlands*,  Oceania (excluding Australia and New Zealand),288,312,139,148,149,164
   Netherlands*,  Australia and New Zealand,13921,16433,6826,8170,7095,8263
   Netherlands*,  Europe and Northern America,571702,725060,266145,345403,305557,379657
   Netherlands*,  Developed regions,591349,748531,275406,356534,315943,391997
   Netherlands*,  Less developed regions,1218036,1405413,593341,686690,624695,718723
   Netherlands*," Less developed regions, excluding least developed countries",1091571,1259896,523854,607985,567717,651911
   Netherlands*," Less developed regions, excluding China",1156135,1332610,566330,654900,589805,677710
   Netherlands*,  Least developed countries,126465,145517,69487,78705,56978,66812
   Netherlands*,  Land-locked Developing Countries (LLDC),58253,73925,30510,38638,27743,35287
   Netherlands*,  Small island developing States (SIDS),215596,225100,95066,99364,120530,125736
   Netherlands*,  High-income countries,595902,746968,278064,355965,317838,391003
   Netherlands*,  Middle-income countries,1072648,1188330,511749,566813,560899,621517
   Netherlands*, Upper-middle-income countries,753004,822331,347876,380701,405128,441630
   Netherlands*, Lower-middle-income countries,319644,365999,163873,186112,155771,179887
   Netherlands*,  Low-income countries,140763,218499,78899,120380,61864,98119
   Netherlands*, AFRICA,330670,364954,175719,191569,154951,173385
   Netherlands*,  Eastern Africa,63632,76056,33986,39490,29646,36566
   Netherlands*,  Middle Africa,13162,13480,6862,7009,6300,6471
   Netherlands*,  Northern Africa,193419,207795,103817,110506,89602,97289
   Netherlands*,  Southern Africa,14046,18392,6461,8690,7585,9702
   Netherlands*,  Western Africa,46411,49231,24593,25874,21818,23357
   Netherlands*, ASIA,638076,768113,310516,377717,327560,390396
   Netherlands*,  Central Asia,598,964,275,435,323,529
   Netherlands*,  Eastern Asia,75347,89262,32466,38407,42881,50855
   Netherlands*,  South-Eastern Asia,173595,175315,70754,69673,102841,105642
   Netherlands*,  Southern Asia,111101,142361,59943,77353,51158,65008
   Netherlands*,  Western Asia,277435,360211,147078,191849,130357,168362
   Netherlands*, EUROPE,534600,678807,248524,323578,286076,355229
   Netherlands*,  Eastern Europe,162865,237762,73062,112053,89803,125709
   Netherlands*,  Northern Europe,76598,94782,38356,47887,38242,46895
   Netherlands*,  Southern Europe,84472,112836,46404,61561,38068,51275
   Netherlands*,  Western Europe,210665,233427,90702,102077,119963,131350
   Netherlands*, LATIN AMERICA AND THE CARIBBEAN,254728,279072,109402,120217,145326,158855
   Netherlands*,  Caribbean,17808,22048,7021,9147,10787,12901
   Netherlands*,  Central America,7076,9704,2957,4133,4119,5571
   Netherlands*,  South America,229844,247320,99424,106937,130420,140383
   Netherlands*, NORTHERN AMERICA,37102,46253,17621,21825,19481,24428
   Netherlands*, OCEANIA ,14209,16745,6965,8318,7244,8427
   Netherlands*,  Australia and New Zealand,13921,16433,6826,8170,7095,8263
   Netherlands*,  Melanesia,229,253,102,114,127,139
   Netherlands*,  Micronesia,8,5,6,4,2,1
   Netherlands*,  Polynesia*,51,54,31,30,20,24
   Netherlands*,   Afghanistan,32735,36418,17469,19513,15266,16905
   Netherlands*,   Albania,1324,2402,666,1226,658,1176
   Netherlands*,   Algeria,3855,4219,2384,2543,1471,1676
   Netherlands*,   Andorra,18,27,9,15,9,12
   Netherlands*,   Angola,4982,4957,2832,2822,2150,2135
   Netherlands*,   Anguilla*,22,18,6,3,16,15
   Netherlands*,   Antigua and Barbuda,33,35,11,14,22,21
   Netherlands*,   Argentina,3223,4371,1431,2011,1792,2360
   Netherlands*,   Armenia,867,952,456,467,411,485
   Netherlands*,   Aruba*,4178,5554,2108,2821,2070,2733
   Netherlands*,   Australia*,10196,12054,4991,5989,5205,6065
   Netherlands*,   Austria,6514,7242,2845,3096,3669,4146
   Netherlands*,   Azerbaijan*,753,918,398,478,355,440
   Netherlands*,   Bahamas,57,62,32,35,25,27
   Netherlands*,   Bahrain,126,215,65,111,61,104
   Netherlands*,   Bangladesh,1338,1843,546,860,792,983
   Netherlands*,   Barbados,80,101,44,52,36,49
   Netherlands*,   Belarus,309,529,142,221,167,308
   Netherlands*,   Belgium,53446,61744,24019,28344,29427,33400
   Netherlands*,   Belize,17,25,6,13,11,12
   Netherlands*,   Benin,279,310,179,191,100,119
   Netherlands*,   Bermuda*,37,50,16,18,21,32
   Netherlands*,   Bhutan,310,300,160,156,150,144
   Netherlands*,   Bolivia (Plurinational State of),892,1063,348,401,544,662
   Netherlands*,"   Bonaire, Sint Eustatius and Saba*",30,113,15,52,15,61
   Netherlands*,   Bosnia and Herzegovina,813,1059,412,517,401,542
   Netherlands*,   Botswana,232,260,112,124,120,136
   Netherlands*,   Brazil,16131,22974,5801,8705,10330,14269
   Netherlands*,   British Virgin Islands*,12,13,4,5,8,8
   Netherlands*,   Brunei Darussalam,610,633,318,330,292,303
   Netherlands*,   Bulgaria,19921,30691,9188,15095,10733,15596
   Netherlands*,   Burkina Faso,378,413,233,261,145,152
   Netherlands*,   Burundi,2189,2185,1062,1064,1127,1121
   Netherlands*,   Cabo Verde,11634,12091,5402,5550,6232,6541
   Netherlands*,   Cambodia,733,821,300,315,433,506
   Netherlands*,   Cameroon,1842,1992,880,952,962,1040
   Netherlands*,   Canada,9664,10955,4486,5029,5178,5926
   Netherlands*,   Cayman Islands*,15,19,7,8,8,11
   Netherlands*,   Central African Republic,59,76,30,38,29,38
   Netherlands*,   Chad,88,99,55,61,33,38
   Netherlands*,   Chile,3250,3897,1522,1847,1728,2050
   Netherlands*,   China*,61901,72803,27011,31790,34890,41013
   Netherlands*,   Colombia,14123,16127,5779,6622,8344,9505
   Netherlands*,   Comoros,14,10,11,7,3,3
   Netherlands*,   Congo,962,922,480,456,482,466
   Netherlands*,   Costa Rica,764,978,350,450,414,528
   Netherlands*,   Côte d'Ivoire,1216,1197,677,624,539,573
   Netherlands*,   Croatia,322,819,154,384,168,435
   Netherlands*,   Cuba,1300,1501,486,623,814,878
   Netherlands*,   Curaçao*,280,1259,148,625,132,634
   Netherlands*,   Cyprus*,582,1095,326,611,256,484
   Netherlands*,   Czechia,746,1345,358,631,388,714
   Netherlands*,   Dem. People's Republic of Korea,121,93,65,53,56,40
   Netherlands*,   Democratic Republic of the Congo,4923,5120,2451,2544,2472,2576
   Netherlands*,   Denmark*,3511,4133,1443,1771,2068,2362
   Netherlands*,   Djibouti,92,124,28,40,64,84
   Netherlands*,   Dominica,79,89,37,39,42,50
   Netherlands*,   Dominican Republic,8585,9541,2678,3069,5907,6472
   Netherlands*,   Ecuador,2221,2792,825,1073,1396,1719
   Netherlands*,   Egypt,12780,15893,8784,10603,3996,5290
   Netherlands*,   El Salvador,382,498,153,208,229,290
   Netherlands*,   Equatorial Guinea,49,49,10,13,39,36
   Netherlands*,   Eritrea,13186,16279,8260,9413,4926,6866
   Netherlands*,   Estonia,991,1352,310,452,681,900
   Netherlands*,   Eswatini,85,95,35,39,50,56
   Netherlands*,   Ethiopia,10067,18588,5477,10051,4590,8537
   Netherlands*,   Falkland Islands (Malvinas)*,2,1,1,0,1,1
   Netherlands*,   Faroe Islands*,8,7,4,4,4,3
   Netherlands*,   Fiji,67,77,25,30,42,47
   Netherlands*,   Finland*,2880,3982,846,1265,2034,2717
   Netherlands*,   France*,24766,30917,11295,14318,13471,16599
   Netherlands*,   French Polynesia*,15,22,12,14,3,8
   Netherlands*,   Gabon,96,94,48,43,48,51
   Netherlands*,   Gambia,709,1072,451,663,258,409
   Netherlands*,   Georgia*,314,490,157,221,157,269
   Netherlands*,   Germany,117881,123702,48967,51860,68914,71842
   Netherlands*,   Ghana,13808,14923,6657,7203,7151,7720
   Netherlands*,   Gibraltar*,32,34,18,22,14,12
   Netherlands*,   Greece,13982,19776,8161,11393,5821,8383
   Netherlands*,   Greenland*,6,6,2,1,4,5
   Netherlands*,   Grenada,46,48,17,18,29,30
   Netherlands*,   Guatemala,738,905,367,440,371,465
   Netherlands*,   Guinea,2497,2519,1481,1454,1016,1065
   Netherlands*,   Guinea-Bissau,237,258,136,149,101,109
   Netherlands*,   Guyana,2267,2307,777,790,1490,1517
   Netherlands*,   Haiti,1395,1522,725,782,670,740
   Netherlands*,   Honduras,475,574,170,209,305,365
   Netherlands*,   Hungary,13103,16746,5833,7686,7270,9060
   Netherlands*,   Iceland,433,563,211,271,222,292
   Netherlands*,   India,24060,42285,13292,23681,10768,18604
   Netherlands*,   Indonesia,125118,118098,54821,51325,70297,66773
   Netherlands*,   Iran (Islamic Republic of),28885,34809,15566,18773,13319,16036
   Netherlands*,   Iraq,40269,45919,22626,25788,17643,20131
   Netherlands*,   Ireland,5201,6650,2620,3436,2581,3214
   Netherlands*,   Isle of Man*,7,9,3,4,4,5
   Netherlands*,   Israel,5037,6270,2813,3521,2224,2749
   Netherlands*,   Italy,25466,35908,15901,21528,9565,14380
   Netherlands*,   Jamaica,915,1136,390,549,525,587
   Netherlands*,   Japan,5726,7038,2435,2961,3291,4077
   Netherlands*,   Jordan,933,1559,533,860,400,699
   Netherlands*,   Kazakhstan,260,480,121,213,139,267
   Netherlands*,   Kenya,3003,3582,1285,1507,1718,2075
   Netherlands*,   Kiribati,1,0,0,0,1,0
   Netherlands*,   Kuwait,1188,1745,685,988,503,757
   Netherlands*,   Kyrgyzstan,75,112,35,45,40,67
   Netherlands*,   Lao People's Democratic Republic,200,220,78,83,122,137
   Netherlands*,   Latvia,3376,5021,1418,2294,1958,2727
   Netherlands*,   Lebanon,3395,4593,1913,2492,1482,2101
   Netherlands*,   Lesotho,138,157,83,89,55,68
   Netherlands*,   Liberia,1836,1751,1112,1038,724,713
   Netherlands*,   Libya,1042,1864,672,1111,370,753
   Netherlands*,   Liechtenstein,4,2,1,0,3,2
   Netherlands*,   Lithuania,4528,7326,1760,3150,2768,4176
   Netherlands*,   Luxembourg,1163,1705,544,814,619,891
   Netherlands*,   Madagascar,185,215,78,84,107,131
   Netherlands*,   Malawi,290,351,149,168,141,183
   Netherlands*,   Malaysia*,3555,4081,1581,1758,1974,2323
   Netherlands*,   Maldives,11,19,7,11,4,8
   Netherlands*,   Mali,170,188,87,96,83,92
   Netherlands*,   Malta,342,461,152,199,190,262
   Netherlands*,   Marshall Islands,5,4,4,3,1,1
   Netherlands*,   Mauritania,309,311,276,271,33,40
   Netherlands*,   Mauritius*,357,416,146,165,211,251
   Netherlands*,   Mayotte*,0,0,0,0,0,0
   Netherlands*,   Mexico,3900,5721,1555,2349,2345,3372
   Netherlands*,   Monaco,86,112,43,49,43,63
   Netherlands*,   Mongolia,475,546,150,169,325,377
   Netherlands*,   Montenegro,9,10,4,6,5,4
   Netherlands*,   Montserrat*,8,6,4,3,4,3
   Netherlands*,   Morocco,166873,174914,86320,89397,80553,85517
   Netherlands*,   Mozambique,647,676,321,327,326,349
   Netherlands*,   Myanmar,1110,1262,646,705,464,557
   Netherlands*,   Namibia,257,358,103,160,154,198
   Netherlands*,   Nauru,2,0,2,0,0,0
   Netherlands*,   Nepal,1730,1973,944,1019,786,954
   Netherlands*,   New Caledonia*,10,22,7,13,3,9
   Netherlands*,   New Zealand*,3725,4379,1835,2181,1890,2198
   Netherlands*,   Nicaragua,490,613,207,269,283,344
   Netherlands*,   Niger,262,264,199,199,63,65
   Netherlands*,   Nigeria,6955,7830,3749,4287,3206,3543
   Netherlands*,   North Macedonia,197,478,101,229,96,249
   Netherlands*,   Norway*,2671,3099,1127,1359,1544,1740
   Netherlands*,   Oman,618,779,333,415,285,364
   Netherlands*,   Pakistan,11822,14104,6789,8030,5033,6074
   Netherlands*,   Palau,0,1,0,1,0,0
   Netherlands*,   Panama,310,390,149,195,161,195
   Netherlands*,   Papua New Guinea,128,130,59,59,69,71
   Netherlands*,   Paraguay,201,229,70,77,131,152
   Netherlands*,   Peru,3910,4749,1233,1546,2677,3203
   Netherlands*,   Philippines,12403,15455,2861,3616,9542,11839
   Netherlands*,   Poland,107426,148991,48782,70150,58644,78841
   Netherlands*,   Portugal,16615,19574,8626,10343,7989,9231
   Netherlands*,   Qatar,114,311,55,149,59,162
   Netherlands*,   Republic of Korea,7124,8782,2805,3434,4319,5348
   Netherlands*,   Republic of Moldova*,239,1000,116,514,123,486
   Netherlands*,   Romania,16246,28691,6341,13301,9905,15390
   Netherlands*,   Russian Federation,2863,5076,1330,2247,1533,2829
   Netherlands*,   Rwanda,1126,1133,548,554,578,579
   Netherlands*,   Saint Helena*,3,2,2,1,1,1
   Netherlands*,   Saint Kitts and Nevis,75,74,26,25,49,49
   Netherlands*,   Saint Lucia,60,73,34,36,26,37
   Netherlands*,   Saint Vincent and the Grenadines,65,66,22,24,43,42
   Netherlands*,   Samoa,28,25,15,13,13,12
   Netherlands*,   San Marino,3,4,1,2,2,2
   Netherlands*,   Sao Tome and Principe,161,171,76,80,85,91
   Netherlands*,   Saudi Arabia,1989,3340,1098,1808,891,1532
   Netherlands*,   Senegal,976,1174,613,734,363,440
   Netherlands*,   Serbia*,127,320,71,177,56,143
   Netherlands*,   Seychelles,83,89,27,24,56,65
   Netherlands*,   Sierra Leone,3998,3768,2639,2456,1359,1312
   Netherlands*,   Singapore,3546,4280,1606,1932,1940,2348
   Netherlands*,   Sint Maarten (Dutch part)*,32,135,18,69,14,66
   Netherlands*,   Slovakia,624,1671,325,855,299,816
   Netherlands*,   Slovenia,259,549,133,221,126,328
   Netherlands*,   Solomon Islands,15,13,5,4,10,9
   Netherlands*,   Somalia,27007,25871,14052,13039,12955,12832
   Netherlands*,   South Africa,13334,17522,6128,8278,7206,9244
   Netherlands*,   South Sudan,2,18,1,9,1,9
   Netherlands*,   Spain*,24963,31415,11995,15299,12968,16116
   Netherlands*,   Sri Lanka,10210,10610,5170,5310,5040,5300
   Netherlands*,   State of Palestine*,277,338,169,198,108,140
   Netherlands*,   Sudan,4415,5750,2808,3634,1607,2116
   Netherlands*,   Suriname,179040,182922,79646,81271,99394,101651
   Netherlands*,   Sweden,4430,5397,1839,2298,2591,3099
   Netherlands*,   Switzerland,6805,8003,2988,3596,3817,4407
   Netherlands*,   Syrian Arab Republic,28902,88993,17226,50157,11676,38836
   Netherlands*,   Tajikistan,61,80,28,40,33,40
   Netherlands*,   Thailand,13798,15753,2987,3431,10811,12322
   Netherlands*,   Togo,1144,1160,700,697,444,463
   Netherlands*,   Tonga,8,7,4,3,4,4
   Netherlands*,   Trinidad and Tobago,540,683,208,295,332,388
   Netherlands*,   Tunisia,4447,5148,2842,3211,1605,1937
   Netherlands*,   Turkey,190724,199280,97485,101634,93239,97646
   Netherlands*,   Turkmenistan,18,36,6,16,12,20
   Netherlands*,   Turks and Caicos Islands*,1,0,1,0,0,0
   Netherlands*,   Uganda,1619,2301,753,1043,866,1258
   Netherlands*,   Ukraine*,1388,3022,647,1353,741,1669
   Netherlands*,   United Arab Emirates,832,2076,437,1158,395,918
   Netherlands*,   United Kingdom*,48562,57243,26775,31583,21787,25660
   Netherlands*,   United Republic of Tanzania*,1414,1482,667,694,747,788
   Netherlands*,   United States of America*,27395,35242,13117,16777,14278,18465
   Netherlands*,   Uruguay,647,726,322,351,325,375
   Netherlands*,   Uzbekistan,184,256,85,121,99,135
   Netherlands*,   Vanuatu,9,11,6,8,3,3
   Netherlands*,   Venezuela (Bolivarian Republic of),3937,5162,1669,2243,2268,2919
   Netherlands*,   Viet Nam,12522,14712,5556,6178,6966,8534
   Netherlands*,   Western Sahara,7,7,7,7,0,0
   Netherlands*,   Yemen,515,1338,303,793,212,545
   Netherlands*,   Zambia,975,1045,457,497,518,548
   Netherlands*,   Zimbabwe,1376,1691,664,804,712,887
   Netherlands*,Other,186933,204389,83566,91180,103367,113209
   Switzerland,WORLD,2258196,2491249,1103416,1222202,1154780,1269047
   Switzerland,  Sub-Saharan Africa,108564,127188,53490,65516,55074,61672
   Switzerland,  Northern Africa and Western Asia,160708,183041,87660,99245,73048,83796
   Switzerland,  Central and Southern Asia,84389,101885,45901,56414,38488,45471
   Switzerland,  Eastern and South-Eastern Asia,87397,98703,28064,31684,59333,67019
   Switzerland,  Latin America and the Caribbean,119111,138234,42974,50565,76137,87669
   Switzerland,  Oceania (excluding Australia and New Zealand),452,424,229,218,223,206
   Switzerland,  Australia and New Zealand,7701,8436,3865,4268,3836,4168
   Switzerland,  Europe and Northern America,1612503,1738335,801092,864886,811411,873449
   Switzerland,  Developed regions,1627520,1754493,807197,871475,820323,883018
   Switzerland,  Less developed regions,553305,641753,256078,301321,297227,340432
   Switzerland," Less developed regions, excluding least developed countries",457683,526140,205367,236335,252316,289805
   Switzerland," Less developed regions, excluding China",532749,616665,247709,291017,285040,325648
   Switzerland,  Least developed countries,95622,115613,50711,64986,44911,50627
   Switzerland,  Land-locked Developing Countries (LLDC),97558,119130,49246,61363,48312,57767
   Switzerland,  Small island developing States (SIDS),26777,29981,9777,11271,17000,18710
   Switzerland,  High-income countries,1432561,1533403,716299,769407,716262,763996
   Switzerland,  Middle-income countries,657177,747238,297864,337492,359313,409746
   Switzerland, Upper-middle-income countries,473856,537150,210960,238632,262896,298518
   Switzerland, Lower-middle-income countries,183321,210088,86904,98860,96417,111228
   Switzerland,  Low-income countries,91070,115588,49099,65882,41971,49706
   Switzerland, AFRICA,154528,179358,78628,93893,75900,85465
   Switzerland,  Eastern Africa,56674,68998,27539,36490,29135,32508
   Switzerland,  Middle Africa,22521,24585,10053,10897,12468,13688
   Switzerland,  Northern Africa,45964,52170,25138,28377,20826,23793
   Switzerland,  Southern Africa,7958,8904,3701,4173,4257,4731
   Switzerland,  Western Africa,21411,24701,12197,13956,9214,10745
   Switzerland, ASIA,286530,331459,136487,158966,150043,172493
   Switzerland,  Central Asia,4637,5963,1846,2402,2791,3561
   Switzerland,  Eastern Asia,32733,38381,12127,14328,20606,24053
   Switzerland,  South-Eastern Asia,54664,60322,15937,17356,38727,42966
   Switzerland,  Southern Asia,79752,95922,44055,54012,35697,41910
   Switzerland,  Western Asia,114744,130871,62522,70868,52222,60003
   Switzerland, EUROPE,1565291,1687367,778712,840781,786579,846586
   Switzerland,  Eastern Europe,138817,175526,54434,71213,84383,104313
   Switzerland,  Northern Europe,75035,79130,35913,38128,39122,41002
   Switzerland,  Southern Europe,753990,800045,401194,423902,352796,376143
   Switzerland,  Western Europe,597449,632666,287171,307538,310278,325128
   Switzerland, LATIN AMERICA AND THE CARIBBEAN,119111,138234,42974,50565,76137,87669
   Switzerland,  Caribbean,17777,19778,5998,6897,11779,12881
   Switzerland,  Central America,11085,13205,4345,5267,6740,7938
   Switzerland,  South America,90249,105251,32631,38401,57618,66850
   Switzerland, NORTHERN AMERICA,47212,50968,22380,24105,24832,26863
   Switzerland, OCEANIA ,8153,8860,4094,4486,4059,4374
   Switzerland,  Australia and New Zealand,7701,8436,3865,4268,3836,4168
   Switzerland,  Melanesia,381,374,196,199,185,175
   Switzerland,  Micronesia,31,17,13,5,18,12
   Switzerland,  Polynesia*,40,33,20,14,20,19
   Switzerland,   Afghanistan,11929,15036,7658,10616,4271,4420
   Switzerland,   Albania,2416,4323,1125,2050,1291,2273
   Switzerland,   Algeria,9219,10136,5341,5776,3878,4360
   Switzerland,   Andorra,94,119,55,63,39,56
   Switzerland,   Angola,6666,6936,3309,3409,3357,3527
   Switzerland,   Antigua and Barbuda,81,67,45,40,36,27
   Switzerland,   Argentina,8548,9509,4066,4540,4482,4969
   Switzerland,   Armenia,893,1133,376,472,517,661
   Switzerland,   Australia*,5903,6538,2945,3284,2958,3254
   Switzerland,   Austria,59233,59494,23247,24075,35986,35419
   Switzerland,   Azerbaijan*,715,853,326,396,389,457
   Switzerland,   Bahamas,124,144,63,76,61,68
   Switzerland,   Bahrain,248,210,126,108,122,102
   Switzerland,   Bangladesh,2257,2761,1442,1682,815,1079
   Switzerland,   Barbados,77,90,46,55,31,35
   Switzerland,   Belarus,1383,1662,345,424,1038,1238
   Switzerland,   Belgium,15840,17370,7576,8509,8264,8861
   Switzerland,   Belize,51,46,24,25,27,21
   Switzerland,   Benin,583,672,360,422,223,250
   Switzerland,   Bhutan,72,89,38,42,34,47
   Switzerland,   Bolivia (Plurinational State of),3578,4593,1404,1748,2174,2845
   Switzerland,   Bosnia and Herzegovina,54673,57678,26238,27401,28435,30277
   Switzerland,   Botswana,71,83,35,39,36,44
   Switzerland,   Brazil,36098,42715,10481,12880,25617,29835
   Switzerland,   Brunei Darussalam,54,54,24,27,30,27
   Switzerland,   Bulgaria,6759,8600,2233,3021,4526,5579
   Switzerland,   Burkina Faso,632,731,340,394,292,337
   Switzerland,   Burundi,582,670,229,286,353,384
   Switzerland,   Cabo Verde,2436,2806,1190,1368,1246,1438
   Switzerland,   Cambodia,2393,2533,1044,1086,1349,1447
   Switzerland,   Cameroon,7103,8044,2525,2919,4578,5125
   Switzerland,   Canada,11403,12189,5049,5410,6354,6779
   Switzerland,   Central African Republic,202,234,105,120,97,114
   Switzerland,   Chad,291,310,131,140,160,170
   Switzerland,   Chile,7174,7622,3372,3567,3802,4055
   Switzerland,   China*,20556,25088,8369,10304,12187,14784
   Switzerland,   Colombia,12240,14194,4607,5355,7633,8839
   Switzerland,   Comoros,38,43,20,23,18,20
   Switzerland,   Congo,1176,1196,596,620,580,576
   Switzerland,   Costa Rica,876,1097,370,487,506,610
   Switzerland,   Côte d'Ivoire,3092,3524,1383,1553,1709,1971
   Switzerland,   Croatia,19550,19872,8528,8513,11022,11359
   Switzerland,   Cuba,3214,3574,1390,1565,1824,2009
   Switzerland,   Cyprus*,428,535,246,294,182,241
   Switzerland,   Czechia,14125,15522,5855,6482,8270,9040
   Switzerland,   Dem. People's Republic of Korea,366,273,116,83,250,190
   Switzerland,   Democratic Republic of the Congo,6640,7376,3210,3499,3430,3877
   Switzerland,   Denmark*,5546,5537,2422,2443,3124,3094
   Switzerland,   Djibouti,104,124,51,61,53,63
   Switzerland,   Dominica,387,399,111,102,276,297
   Switzerland,   Dominican Republic,10960,12377,3229,3844,7731,8533
   Switzerland,   Ecuador,5961,7615,2442,3169,3519,4446
   Switzerland,   Egypt,6246,6673,3996,4285,2250,2388
   Switzerland,   El Salvador,860,970,369,420,491,550
   Switzerland,   Equatorial Guinea,67,92,20,29,47,63
   Switzerland,   Eritrea,30588,37590,16042,21954,14546,15636
   Switzerland,   Estonia,690,854,213,264,477,590
   Switzerland,   Eswatini,98,88,33,32,65,56
   Switzerland,   Ethiopia,6101,8145,2713,3908,3388,4237
   Switzerland,   Fiji,81,96,34,44,47,52
   Switzerland,   Finland*,5132,5466,1492,1655,3640,3811
   Switzerland,   France*,151189,170155,73090,84228,78099,85927
   Switzerland,   Gabon,312,320,129,123,183,197
   Switzerland,   Gambia,765,944,643,772,122,172
   Switzerland,   Georgia*,790,1098,322,436,468,662
   Switzerland,   Germany,343773,357112,170318,177102,173455,180010
   Switzerland,   Ghana,2638,2867,1301,1421,1337,1446
   Switzerland,   Greece,11258,14784,6028,7876,5230,6908
   Switzerland,   Grenada,47,41,21,19,26,22
   Switzerland,   Guatemala,990,1144,419,486,571,658
   Switzerland,   Guinea,1365,1713,926,1133,439,580
   Switzerland,   Guinea-Bissau,527,735,371,497,156,238
   Switzerland,   Guyana,139,150,44,49,95,101
   Switzerland,   Haiti,1714,1815,588,651,1126,1164
   Switzerland,   Holy See*,6,6,5,5,1,1
   Switzerland,   Honduras,612,740,206,247,406,493
   Switzerland,   Hungary,21020,26259,9962,12538,11058,13721
   Switzerland,   Iceland,422,448,205,222,217,226
   Switzerland,   India,19336,22641,9929,11647,9407,10994
   Switzerland,   Indonesia,3518,3782,1283,1326,2235,2456
   Switzerland,   Iran (Islamic Republic of),9731,13094,5150,7000,4581,6094
   Switzerland,   Iraq,7708,10567,4786,6400,2922,4167
   Switzerland,   Ireland,3663,4093,1814,2103,1849,1990
   Switzerland,   Israel,3697,4078,2016,2233,1681,1845
   Switzerland,   Italy,255036,270077,143005,151826,112031,118251
   Switzerland,   Jamaica,761,844,320,355,441,489
   Switzerland,   Japan,7316,7722,2240,2321,5076,5401
   Switzerland,   Jordan,718,942,418,523,300,419
   Switzerland,   Kazakhstan,2941,3827,1247,1654,1694,2173
   Switzerland,   Kenya,3364,3800,1336,1480,2028,2320
   Switzerland,   Kiribati,7,4,2,1,5,3
   Switzerland,   Kuwait,475,547,255,309,220,238
   Switzerland,   Kyrgyzstan,554,686,196,240,358,446
   Switzerland,   Lao People's Democratic Republic,961,1013,432,447,529,566
   Switzerland,   Latvia,1952,2541,537,806,1415,1735
   Switzerland,   Lebanon,6114,7120,3860,4380,2254,2740
   Switzerland,   Lesotho,78,88,32,39,46,49
   Switzerland,   Liberia,426,422,239,233,187,189
   Switzerland,   Libya,1184,1393,679,803,505,590
   Switzerland,   Liechtenstein,2255,2263,868,874,1387,1389
   Switzerland,   Lithuania,1576,2477,478,809,1098,1668
   Switzerland,   Luxembourg,2324,2422,1114,1193,1210,1229
   Switzerland,   Madagascar,1782,1991,649,712,1133,1279
   Switzerland,   Malawi,114,169,52,86,62,83
   Switzerland,   Malaysia*,2260,2507,961,1024,1299,1483
   Switzerland,   Maldives,67,88,53,62,14,26
   Switzerland,   Mali,509,521,304,299,205,222
   Switzerland,   Malta,283,312,116,140,167,172
   Switzerland,   Marshall Islands,1,0,0,0,1,0
   Switzerland,   Mauritania,119,149,75,93,44,56
   Switzerland,   Mauritius*,2759,2881,784,850,1975,2031
   Switzerland,   Mexico,6617,7828,2531,3045,4086,4783
   Switzerland,   Monaco,286,329,133,143,153,186
   Switzerland,   Mongolia,768,1097,186,285,582,812
   Switzerland,   Montenegro,2770,2932,1328,1384,1442,1548
   Switzerland,   Morocco,16859,18914,7193,8174,9666,10740
   Switzerland,   Mozambique,1324,1429,628,689,696,740
   Switzerland,   Myanmar,281,387,125,157,156,230
   Switzerland,   Namibia,270,321,126,156,144,165
   Switzerland,   Nauru,21,11,10,4,11,7
   Switzerland,   Nepal,934,1077,518,570,416,507
   Switzerland,   Netherlands*,22549,23521,10825,11414,11724,12107
   Switzerland,   New Zealand*,1798,1898,920,984,878,914
   Switzerland,   Nicaragua,616,792,229,298,387,494
   Switzerland,   Niger,191,226,110,125,81,101
   Switzerland,   Nigeria,3461,3832,2275,2472,1186,1360
   Switzerland,   North Macedonia,58450,69612,30138,36016,28312,33596
   Switzerland,   Norway*,2139,2243,981,1031,1158,1212
   Switzerland,   Oman,112,99,66,52,46,47
   Switzerland,   Pakistan,4495,5381,2771,3304,1724,2077
   Switzerland,   Palau,2,2,1,0,1,2
   Switzerland,   Panama,463,588,197,259,266,329
   Switzerland,   Papua New Guinea,253,251,139,142,114,109
   Switzerland,   Paraguay,1051,1267,392,441,659,826
   Switzerland,   Peru,9489,10591,3273,3663,6216,6928
   Switzerland,   Philippines,12997,14455,2946,3291,10051,11164
   Switzerland,   Poland,31175,40957,13732,18751,17443,22206
   Switzerland,   Portugal,215912,218672,117565,118239,98347,100433
   Switzerland,   Qatar,95,93,49,53,46,40
   Switzerland,   Republic of Korea,3727,4201,1216,1335,2511,2866
   Switzerland,   Republic of Moldova*,1576,2688,469,937,1107,1751
   Switzerland,   Romania,18118,24386,6409,9137,11709,15249
   Switzerland,   Russian Federation,21072,24722,7124,8288,13948,16434
   Switzerland,   Rwanda,1010,1108,442,480,568,628
   Switzerland,   Saint Kitts and Nevis,10,9,4,4,6,5
   Switzerland,   Saint Lucia,57,58,32,33,25,25
   Switzerland,   Saint Vincent and the Grenadines,13,14,9,9,4,5
   Switzerland,   Samoa,19,15,8,5,11,10
   Switzerland,   San Marino,28,26,15,15,13,11
   Switzerland,   Sao Tome and Principe,64,77,28,38,36,39
   Switzerland,   Saudi Arabia,1123,1336,601,710,522,626
   Switzerland,   Senegal,2467,3008,1461,1766,1006,1242
   Switzerland,   Serbia*,62585,66207,30915,32231,31670,33976
   Switzerland,   Seychelles,239,235,71,72,168,163
   Switzerland,   Sierra Leone,312,357,194,217,118,140
   Switzerland,   Singapore,1849,2352,789,1007,1060,1345
   Switzerland,   Slovakia,15121,20099,6222,8956,8899,11143
   Switzerland,   Slovenia,4716,6516,2172,3162,2544,3354
   Switzerland,   Solomon Islands,19,16,6,6,13,10
   Switzerland,   Somalia,5707,7579,3195,4446,2512,3133
   Switzerland,   South Africa,7441,8324,3475,3907,3966,4417
   Switzerland,   South Sudan,22,32,11,23,11,9
   Switzerland,   Spain*,66213,68909,33961,34981,32252,33928
   Switzerland,   Sri Lanka,30931,35755,16496,19089,14435,16666
   Switzerland,   State of Palestine*,197,245,124,152,73,93
   Switzerland,   Sudan,1425,2413,765,1339,660,1074
   Switzerland,   Suriname,117,138,41,48,76,90
   Switzerland,   Sweden,9265,9520,4044,4218,5221,5302
   Switzerland,   Syrian Arab Republic,13157,19770,7702,11152,5455,8618
   Switzerland,   Tajikistan,210,262,85,102,125,160
   Switzerland,   Thailand,19065,20958,3542,3971,15523,16987
   Switzerland,   Timor-Leste,14,18,9,9,5,9
   Switzerland,   Togo,1888,2194,1025,1191,863,1003
   Switzerland,   Tonga,17,16,8,7,9,9
   Switzerland,   Trinidad and Tobago,332,346,140,144,192,202
   Switzerland,   Tunisia,11020,12630,7156,7990,3864,4640
   Switzerland,   Turkey,77208,80729,40684,42414,36524,38315
   Switzerland,   Turkmenistan,110,153,33,49,77,104
   Switzerland,   Tuvalu,4,2,4,2,0,0
   Switzerland,   Uganda,751,853,320,355,431,498
   Switzerland,   Ukraine*,8468,10631,2083,2679,6385,7952
   Switzerland,   United Arab Emirates,526,826,259,404,267,422
   Switzerland,   United Kingdom*,44650,45951,23727,24577,20923,21374
   Switzerland,   United Republic of Tanzania*,847,898,390,400,457,498
   Switzerland,   United States of America*,35809,38779,17331,18695,18478,20084
   Switzerland,   Uruguay,1583,1645,725,765,858,880
   Switzerland,   Uzbekistan,822,1035,285,357,537,678
   Switzerland,   Vanuatu,28,11,17,7,11,4
   Switzerland,   Venezuela (Bolivarian Republic of),4271,5212,1784,2176,2487,3036
   Switzerland,   Viet Nam,11272,12263,4782,5011,6490,7252
   Switzerland,   Western Sahara,11,11,8,10,3,1
   Switzerland,   Yemen,540,690,306,380,234,310
   Switzerland,   Zambia,349,424,152,181,197,243
   Switzerland,   Zimbabwe,993,1027,454,484,539,543
   Switzerland,Other,77371,95003,40141,49406,37230,45597
 LATIN AMERICA AND THE CARIBBEAN,WORLD,9441503,14794623,4738649,7473421,4702854,7321202
 LATIN AMERICA AND THE CARIBBEAN,  Sub-Saharan Africa,30799,39576,19154,25718,11645,13858
 LATIN AMERICA AND THE CARIBBEAN,  Northern Africa and Western Asia,73550,80477,44539,49005,29011,31472
 LATIN AMERICA AND THE CARIBBEAN,  Central and Southern Asia,19851,30246,13080,22078,6771,8168
 LATIN AMERICA AND THE CARIBBEAN,  Eastern and South-Eastern Asia,257140,300861,143343,172456,113797,128405
 LATIN AMERICA AND THE CARIBBEAN,  Latin America and the Caribbean,6166726,11297173,3040982,5626827,3125744,5670346
 LATIN AMERICA AND THE CARIBBEAN,  Oceania (excluding Australia and New Zealand),172,179,98,106,74,73
 LATIN AMERICA AND THE CARIBBEAN,  Australia and New Zealand,4551,5451,2715,3309,1836,2142
 LATIN AMERICA AND THE CARIBBEAN,  Europe and Northern America,2473848,2648939,1257645,1366537,1216203,1282402
 LATIN AMERICA AND THE CARIBBEAN,  Developed regions,2554631,2739482,1299410,1414526,1255221,1324956
 LATIN AMERICA AND THE CARIBBEAN,  Less developed regions,6472006,11663420,3222146,5851510,3249860,5811910
 LATIN AMERICA AND THE CARIBBEAN," Less developed regions, excluding least developed countries",5844693,10763261,2829290,5292971,3015403,5470290
 LATIN AMERICA AND THE CARIBBEAN," Less developed regions, excluding China",6336453,11497992,3142086,5751383,3194367,5746609
 LATIN AMERICA AND THE CARIBBEAN,  Least developed countries,627313,900159,392856,558539,234457,341620
 LATIN AMERICA AND THE CARIBBEAN,  Land-locked Developing Countries (LLDC),1284210,1394221,602112,653671,682098,740550
 LATIN AMERICA AND THE CARIBBEAN,  Small island developing States (SIDS),1090305,1439985,602936,804772,487369,635213
 LATIN AMERICA AND THE CARIBBEAN,  High-income countries,3147187,3360068,1590658,1724050,1556529,1636018
 LATIN AMERICA AND THE CARIBBEAN,  Middle-income countries,5207201,10099478,2518286,4967502,2688915,5131976
 LATIN AMERICA AND THE CARIBBEAN, Upper-middle-income countries,4125774,8799078,1989365,4322648,2136409,4476430
 LATIN AMERICA AND THE CARIBBEAN, Lower-middle-income countries,1081427,1300400,528921,644854,552506,655546
 LATIN AMERICA AND THE CARIBBEAN,  Low-income countries,636121,905926,397404,558605,238717,347321
 LATIN AMERICA AND THE CARIBBEAN, AFRICA,39533,48791,24019,30958,15514,17833
 LATIN AMERICA AND THE CARIBBEAN,  Eastern Africa,4029,4229,1667,1806,2362,2423
 LATIN AMERICA AND THE CARIBBEAN,  Middle Africa,10862,13934,6077,8334,4785,5600
 LATIN AMERICA AND THE CARIBBEAN,  Northern Africa,8734,9215,4865,5240,3869,3975
 LATIN AMERICA AND THE CARIBBEAN,  Southern Africa,2903,3208,1913,2145,990,1063
 LATIN AMERICA AND THE CARIBBEAN,  Western Africa,13005,18205,9497,13433,3508,4772
 LATIN AMERICA AND THE CARIBBEAN, ASIA,341807,402369,196097,238299,145710,164070
 LATIN AMERICA AND THE CARIBBEAN,  Central Asia,147,150,36,40,111,110
 LATIN AMERICA AND THE CARIBBEAN,  Eastern Asia,243598,285746,135793,163792,107805,121954
 LATIN AMERICA AND THE CARIBBEAN,  South-Eastern Asia,13542,15115,7550,8664,5992,6451
 LATIN AMERICA AND THE CARIBBEAN,  Southern Asia,19704,30096,13044,22038,6660,8058
 LATIN AMERICA AND THE CARIBBEAN,  Western Asia,64816,71262,39674,43765,25142,27497
 LATIN AMERICA AND THE CARIBBEAN, EUROPE,1291715,1355886,663122,704491,628593,651395
 LATIN AMERICA AND THE CARIBBEAN,  Eastern Europe,52879,56427,23967,26273,28912,30154
 LATIN AMERICA AND THE CARIBBEAN,  Northern Europe,57581,64623,31036,35704,26545,28919
 LATIN AMERICA AND THE CARIBBEAN,  Southern Europe,855748,895094,440448,465663,415300,429431
 LATIN AMERICA AND THE CARIBBEAN,  Western Europe,325507,339742,167671,176851,157836,162891
 LATIN AMERICA AND THE CARIBBEAN, LATIN AMERICA AND THE CARIBBEAN,6166726,11297173,3040982,5626827,3125744,5670346
 LATIN AMERICA AND THE CARIBBEAN,  Caribbean,993471,1335731,555895,753206,437576,582525
 LATIN AMERICA AND THE CARIBBEAN,  Central America,691735,827876,327439,402979,364296,424897
 LATIN AMERICA AND THE CARIBBEAN,  South America,4481520,9133566,2157648,4470642,2323872,4662924
 LATIN AMERICA AND THE CARIBBEAN, NORTHERN AMERICA,1182133,1293053,594523,662046,587610,631007
 LATIN AMERICA AND THE CARIBBEAN, OCEANIA ,4723,5630,2813,3415,1910,2215
 LATIN AMERICA AND THE CARIBBEAN,  Australia and New Zealand,4551,5451,2715,3309,1836,2142
 LATIN AMERICA AND THE CARIBBEAN,  Melanesia,14,12,10,9,4,3
 LATIN AMERICA AND THE CARIBBEAN,  Micronesia,133,143,79,88,54,55
 LATIN AMERICA AND THE CARIBBEAN,  Polynesia*,25,24,9,9,16,15
 LATIN AMERICA AND THE CARIBBEAN,   Burundi,28,30,25,27,3,3
 LATIN AMERICA AND THE CARIBBEAN,   Comoros,0,0,0,0,0,0
 LATIN AMERICA AND THE CARIBBEAN,   Djibouti,0,0,0,0,0,0
 LATIN AMERICA AND THE CARIBBEAN,   Eritrea,28,25,15,14,13,11
 LATIN AMERICA AND THE CARIBBEAN,   Ethiopia,256,254,134,135,122,119
 LATIN AMERICA AND THE CARIBBEAN,   Kenya,203,215,73,84,130,131
 LATIN AMERICA AND THE CARIBBEAN,   Madagascar,58,59,10,11,48,48
 LATIN AMERICA AND THE CARIBBEAN,   Malawi,19,18,11,11,8,7
 LATIN AMERICA AND THE CARIBBEAN,   Mauritius*,0,0,0,0,0,0
 LATIN AMERICA AND THE CARIBBEAN,   Mayotte*,0,0,0,0,0,0
 LATIN AMERICA AND THE CARIBBEAN,   Mozambique,1739,1875,750,833,989,1042
 LATIN AMERICA AND THE CARIBBEAN,   Réunion*,1184,1219,365,381,819,838
 LATIN AMERICA AND THE CARIBBEAN,   Rwanda,19,19,16,17,3,2
 LATIN AMERICA AND THE CARIBBEAN,   Seychelles,35,37,35,37,0,0
 LATIN AMERICA AND THE CARIBBEAN,   Somalia,45,44,9,9,36,35
 LATIN AMERICA AND THE CARIBBEAN,   South Sudan,0,0,0,0,0,0
 LATIN AMERICA AND THE CARIBBEAN,   Uganda,98,103,51,56,47,47
 LATIN AMERICA AND THE CARIBBEAN,   United Republic of Tanzania*,129,137,66,74,63,63
 LATIN AMERICA AND THE CARIBBEAN,   Zambia,13,13,8,9,5,4
 LATIN AMERICA AND THE CARIBBEAN,   Zimbabwe,175,181,99,108,76,73
 LATIN AMERICA AND THE CARIBBEAN,   Angola,7895,8534,4013,4444,3882,4090
 LATIN AMERICA AND THE CARIBBEAN,   Cameroon,294,312,185,203,109,109
 LATIN AMERICA AND THE CARIBBEAN,   Central African Republic,219,230,144,154,75,76
 LATIN AMERICA AND THE CARIBBEAN,   Chad,3,3,3,3,0,0
 LATIN AMERICA AND THE CARIBBEAN,   Congo,152,156,116,121,36,35
 LATIN AMERICA AND THE CARIBBEAN,   Democratic Republic of the Congo,2128,4517,1549,3333,579,1184
 LATIN AMERICA AND THE CARIBBEAN,   Equatorial Guinea,65,70,16,20,49,50
 LATIN AMERICA AND THE CARIBBEAN,   Gabon,37,39,36,38,1,1
 LATIN AMERICA AND THE CARIBBEAN,   Sao Tome and Principe,69,73,15,18,54,55
 LATIN AMERICA AND THE CARIBBEAN,   Algeria,1342,1417,723,780,619,637
 LATIN AMERICA AND THE CARIBBEAN,   Egypt,4585,4921,2511,2761,2074,2160
 LATIN AMERICA AND THE CARIBBEAN,   Libya,351,358,210,219,141,139
 LATIN AMERICA AND THE CARIBBEAN,   Morocco,2285,2348,1289,1346,996,1002
 LATIN AMERICA AND THE CARIBBEAN,   Sudan,12,11,12,11,0,0
 LATIN AMERICA AND THE CARIBBEAN,   Tunisia,159,160,120,123,39,37
 LATIN AMERICA AND THE CARIBBEAN,   Western Sahara,0,0,0,0,0,0
 LATIN AMERICA AND THE CARIBBEAN,   Botswana,14,13,9,9,5,4
 LATIN AMERICA AND THE CARIBBEAN,   Eswatini,13,12,6,6,7,6
 LATIN AMERICA AND THE CARIBBEAN,   Lesotho,0,0,0,0,0,0
 LATIN AMERICA AND THE CARIBBEAN,   Namibia,59,63,48,52,11,11
 LATIN AMERICA AND THE CARIBBEAN,   South Africa,2817,3120,1850,2078,967,1042
 LATIN AMERICA AND THE CARIBBEAN,   Benin,34,34,21,22,13,12
 LATIN AMERICA AND THE CARIBBEAN,   Burkina Faso,41,42,15,15,26,27
 LATIN AMERICA AND THE CARIBBEAN,   Cabo Verde,1553,1684,671,750,882,934
 LATIN AMERICA AND THE CARIBBEAN,   Côte d'Ivoire,422,455,306,334,116,121
 LATIN AMERICA AND THE CARIBBEAN,   Gambia,33,34,28,30,5,4
 LATIN AMERICA AND THE CARIBBEAN,   Ghana,255,2639,181,1845,74,794
 LATIN AMERICA AND THE CARIBBEAN,   Guinea,79,83,45,50,34,33
 LATIN AMERICA AND THE CARIBBEAN,   Guinea-Bissau,1105,1199,732,805,373,394
 LATIN AMERICA AND THE CARIBBEAN,   Liberia,44,45,24,25,20,20
 LATIN AMERICA AND THE CARIBBEAN,   Mali,9,8,7,7,2,1
 LATIN AMERICA AND THE CARIBBEAN,   Mauritania,2,1,0,0,2,1
 LATIN AMERICA AND THE CARIBBEAN,   Niger,46,50,46,50,0,0
 LATIN AMERICA AND THE CARIBBEAN,   Nigeria,3475,4889,2422,3509,1053,1380
 LATIN AMERICA AND THE CARIBBEAN,   Saint Helena*,420,502,229,277,191,225
 LATIN AMERICA AND THE CARIBBEAN,   Senegal,5464,6519,4747,5693,717,826
 LATIN AMERICA AND THE CARIBBEAN,   Sierra Leone,10,9,10,9,0,0
 LATIN AMERICA AND THE CARIBBEAN,   Togo,13,12,13,12,0,0
 LATIN AMERICA AND THE CARIBBEAN,   Kazakhstan,68,71,14,16,54,55
 LATIN AMERICA AND THE CARIBBEAN,   Kyrgyzstan,6,5,3,3,3,2
 LATIN AMERICA AND THE CARIBBEAN,   Tajikistan,10,9,8,8,2,1
 LATIN AMERICA AND THE CARIBBEAN,   Turkmenistan,25,27,7,8,18,19
 LATIN AMERICA AND THE CARIBBEAN,   Uzbekistan,38,38,4,5,34,33
 LATIN AMERICA AND THE CARIBBEAN,   China*,131093,160260,77660,97247,53433,63013
 LATIN AMERICA AND THE CARIBBEAN,"   China, Hong Kong SAR*",4459,5167,2399,2879,2060,2288
 LATIN AMERICA AND THE CARIBBEAN,"   China, Macao SAR*",1,1,1,1,0,0
 LATIN AMERICA AND THE CARIBBEAN,"   China, Taiwan Province of China*",0,0,0,0,0,0
 LATIN AMERICA AND THE CARIBBEAN,   Dem. People's Republic of Korea,2630,2906,1625,1836,1005,1070
 LATIN AMERICA AND THE CARIBBEAN,   Japan,76232,85092,39050,44680,37182,40412
 LATIN AMERICA AND THE CARIBBEAN,   Mongolia,17,19,11,14,6,5
 LATIN AMERICA AND THE CARIBBEAN,   Republic of Korea,29166,32301,15047,17135,14119,15166
 LATIN AMERICA AND THE CARIBBEAN,   Brunei Darussalam,168,181,12,18,156,163
 LATIN AMERICA AND THE CARIBBEAN,   Cambodia,177,184,93,98,84,86
 LATIN AMERICA AND THE CARIBBEAN,   Indonesia,1675,1857,836,958,839,899
 LATIN AMERICA AND THE CARIBBEAN,   Lao People's Democratic Republic,1143,1248,561,612,582,636
 LATIN AMERICA AND THE CARIBBEAN,   Malaysia*,399,451,205,244,194,207
 LATIN AMERICA AND THE CARIBBEAN,   Myanmar,133,154,117,138,16,16
 LATIN AMERICA AND THE CARIBBEAN,   Philippines,8048,9139,4780,5570,3268,3569
 LATIN AMERICA AND THE CARIBBEAN,   Singapore,260,280,89,104,171,176
 LATIN AMERICA AND THE CARIBBEAN,   Thailand,1046,1132,595,659,451,473
 LATIN AMERICA AND THE CARIBBEAN,   Timor-Leste,58,62,10,1,48,61
 LATIN AMERICA AND THE CARIBBEAN,   Viet Nam,435,427,252,262,183,165
 LATIN AMERICA AND THE CARIBBEAN,   Afghanistan,256,316,142,183,114,133
 LATIN AMERICA AND THE CARIBBEAN,   Bangladesh,184,5528,162,5505,22,23
 LATIN AMERICA AND THE CARIBBEAN,   Bhutan,12,12,11,11,1,1
 LATIN AMERICA AND THE CARIBBEAN,   India,16504,19415,10972,13302,5532,6113
 LATIN AMERICA AND THE CARIBBEAN,   Iran (Islamic Republic of),1712,1881,1062,1199,650,682
 LATIN AMERICA AND THE CARIBBEAN,   Maldives,12,12,0,0,12,12
 LATIN AMERICA AND THE CARIBBEAN,   Nepal,74,78,69,74,5,4
 LATIN AMERICA AND THE CARIBBEAN,   Pakistan,905,2809,598,1736,307,1073
 LATIN AMERICA AND THE CARIBBEAN,   Sri Lanka,45,45,28,28,17,17
 LATIN AMERICA AND THE CARIBBEAN,   Armenia,807,820,436,451,371,369
 LATIN AMERICA AND THE CARIBBEAN,   Azerbaijan*,5,4,2,2,3,2
 LATIN AMERICA AND THE CARIBBEAN,   Bahrain,65,66,58,59,7,7
 LATIN AMERICA AND THE CARIBBEAN,   Cyprus*,68,64,33,32,35,32
 LATIN AMERICA AND THE CARIBBEAN,   Georgia*,161,175,86,101,75,74
 LATIN AMERICA AND THE CARIBBEAN,   Iraq,870,967,564,636,306,331
 LATIN AMERICA AND THE CARIBBEAN,   Israel,8187,9287,4983,5764,3204,3523
 LATIN AMERICA AND THE CARIBBEAN,   Jordan,1961,2061,1361,1466,600,595
 LATIN AMERICA AND THE CARIBBEAN,   Kuwait,101,96,45,42,56,54
 LATIN AMERICA AND THE CARIBBEAN,   Lebanon,25567,26697,15784,16651,9783,10046
 LATIN AMERICA AND THE CARIBBEAN,   Oman,26,27,16,17,10,10
 LATIN AMERICA AND THE CARIBBEAN,   Qatar,5,4,4,3,1,1
 LATIN AMERICA AND THE CARIBBEAN,   Saudi Arabia,2438,2426,1689,1689,749,737
 LATIN AMERICA AND THE CARIBBEAN,   State of Palestine*,1050,1065,620,641,430,424
 LATIN AMERICA AND THE CARIBBEAN,   Syrian Arab Republic,21669,25550,12881,15001,8788,10549
 LATIN AMERICA AND THE CARIBBEAN,   Turkey,1767,1883,1064,1160,703,723
 LATIN AMERICA AND THE CARIBBEAN,   United Arab Emirates,39,40,39,40,0,0
 LATIN AMERICA AND THE CARIBBEAN,   Yemen,30,30,9,10,21,20
 LATIN AMERICA AND THE CARIBBEAN,   Belarus,325,328,156,160,169,168
 LATIN AMERICA AND THE CARIBBEAN,   Bulgaria,1588,1711,785,882,803,829
 LATIN AMERICA AND THE CARIBBEAN,   Czechia,3605,3757,1659,1772,1946,1985
 LATIN AMERICA AND THE CARIBBEAN,   Hungary,4491,4706,2112,2259,2379,2447
 LATIN AMERICA AND THE CARIBBEAN,   Poland,16349,17364,7583,8221,8766,9143
 LATIN AMERICA AND THE CARIBBEAN,   Republic of Moldova*,480,482,225,228,255,254
 LATIN AMERICA AND THE CARIBBEAN,   Romania,6025,6536,2764,3079,3261,3457
 LATIN AMERICA AND THE CARIBBEAN,   Russian Federation,11887,12947,4847,5517,7040,7430
 LATIN AMERICA AND THE CARIBBEAN,   Slovakia,508,548,227,257,281,291
 LATIN AMERICA AND THE CARIBBEAN,   Ukraine*,7621,8048,3609,3898,4012,4150
 LATIN AMERICA AND THE CARIBBEAN,   Channel Islands*,126,148,43,54,83,94
 LATIN AMERICA AND THE CARIBBEAN,   Denmark*,2090,2427,1287,1514,803,913
 LATIN AMERICA AND THE CARIBBEAN,   Estonia,357,379,110,126,247,253
 LATIN AMERICA AND THE CARIBBEAN,   Faroe Islands*,0,0,0,0,0,0
 LATIN AMERICA AND THE CARIBBEAN,   Finland*,1243,1384,578,674,665,710
 LATIN AMERICA AND THE CARIBBEAN,   Iceland,591,649,389,437,202,212
 LATIN AMERICA AND THE CARIBBEAN,   Ireland,1596,1884,958,1143,638,741
 LATIN AMERICA AND THE CARIBBEAN,   Isle of Man*,3,2,3,2,0,0
 LATIN AMERICA AND THE CARIBBEAN,   Latvia,466,474,161,167,305,307
 LATIN AMERICA AND THE CARIBBEAN,   Lithuania,1404,1470,453,489,951,981
 LATIN AMERICA AND THE CARIBBEAN,   Norway*,1663,1868,1049,1202,614,666
 LATIN AMERICA AND THE CARIBBEAN,   Sweden,3232,3720,1900,2231,1332,1489
 LATIN AMERICA AND THE CARIBBEAN,   United Kingdom*,44810,50218,24105,27665,20705,22553
 LATIN AMERICA AND THE CARIBBEAN,   Albania,163,161,91,95,72,66
 LATIN AMERICA AND THE CARIBBEAN,   Andorra,13,14,13,14,0,0
 LATIN AMERICA AND THE CARIBBEAN,   Bosnia and Herzegovina,121,123,62,66,59,57
 LATIN AMERICA AND THE CARIBBEAN,   Croatia,2458,2607,1258,1372,1200,1235
 LATIN AMERICA AND THE CARIBBEAN,   Gibraltar*,18,18,5,5,13,13
 LATIN AMERICA AND THE CARIBBEAN,   Greece,4484,4759,2665,2879,1819,1880
 LATIN AMERICA AND THE CARIBBEAN,   Holy See*,0,0,0,0,0,0
 LATIN AMERICA AND THE CARIBBEAN,   Italy,295752,298783,153616,156499,142136,142284
 LATIN AMERICA AND THE CARIBBEAN,   Malta,87,104,73,91,14,13
 LATIN AMERICA AND THE CARIBBEAN,   Montenegro,301,284,146,137,155,147
 LATIN AMERICA AND THE CARIBBEAN,   North Macedonia,1601,1636,759,785,842,851
 LATIN AMERICA AND THE CARIBBEAN,   Portugal,224649,236099,117033,124459,107616,111640
 LATIN AMERICA AND THE CARIBBEAN,   San Marino,57,59,14,15,43,44
 LATIN AMERICA AND THE CARIBBEAN,   Serbia*,1519,1524,673,676,846,848
 LATIN AMERICA AND THE CARIBBEAN,   Slovenia,1213,1254,624,656,589,598
 LATIN AMERICA AND THE CARIBBEAN,   Spain*,323312,347669,163416,177914,159896,169755
 LATIN AMERICA AND THE CARIBBEAN,   Austria,6763,7280,3370,3723,3393,3557
 LATIN AMERICA AND THE CARIBBEAN,   Belgium,7502,8505,4379,5052,3123,3453
 LATIN AMERICA AND THE CARIBBEAN,   France*,185902,194065,90839,95391,95063,98674
 LATIN AMERICA AND THE CARIBBEAN,   Germany,81194,80610,43655,43972,37539,36638
 LATIN AMERICA AND THE CARIBBEAN,   Liechtenstein,101,102,73,74,28,28
 LATIN AMERICA AND THE CARIBBEAN,   Luxembourg,196,214,93,107,103,107
 LATIN AMERICA AND THE CARIBBEAN,   Monaco,159,171,56,64,103,107
 LATIN AMERICA AND THE CARIBBEAN,   Netherlands*,29708,33166,16649,18785,13059,14381
 LATIN AMERICA AND THE CARIBBEAN,   Switzerland,13982,15629,8557,9683,5425,5946
 LATIN AMERICA AND THE CARIBBEAN,   Anguilla*,1493,1515,780,794,713,721
 LATIN AMERICA AND THE CARIBBEAN,   Antigua and Barbuda,7763,7933,3553,3636,4210,4297
 LATIN AMERICA AND THE CARIBBEAN,   Aruba*,4258,4592,1786,1947,2472,2645
 LATIN AMERICA AND THE CARIBBEAN,   Bahamas,1564,1648,799,853,765,795
 LATIN AMERICA AND THE CARIBBEAN,   Barbados,4634,4873,2375,2596,2259,2277
 LATIN AMERICA AND THE CARIBBEAN,"   Bonaire, Sint Eustatius and Saba*",3099,3524,1345,1559,1754,1965
 LATIN AMERICA AND THE CARIBBEAN,   British Virgin Islands*,3992,4065,1747,1781,2245,2284
 LATIN AMERICA AND THE CARIBBEAN,   Cayman Islands*,131,131,76,78,55,53
 LATIN AMERICA AND THE CARIBBEAN,   Cuba,70131,110555,36745,60534,33386,50021
 LATIN AMERICA AND THE CARIBBEAN,   Curaçao*,5341,5687,2734,2894,2607,2793
 LATIN AMERICA AND THE CARIBBEAN,   Dominica,20920,20787,9093,8993,11827,11794
 LATIN AMERICA AND THE CARIBBEAN,   Dominican Republic,116191,145936,48976,59753,67215,86183
 LATIN AMERICA AND THE CARIBBEAN,   Grenada,10722,11654,4756,5905,5966,5749
 LATIN AMERICA AND THE CARIBBEAN,   Guadeloupe*,10481,10813,3977,4158,6504,6655
 LATIN AMERICA AND THE CARIBBEAN,   Haiti,605494,868445,379090,535950,226404,332495
 LATIN AMERICA AND THE CARIBBEAN,   Jamaica,34751,37747,14492,15966,20259,21781
 LATIN AMERICA AND THE CARIBBEAN,   Martinique*,11994,12228,5200,5282,6794,6946
 LATIN AMERICA AND THE CARIBBEAN,   Montserrat*,3054,3157,1516,1572,1538,1585
 LATIN AMERICA AND THE CARIBBEAN,   Puerto Rico*,14542,15328,7715,8218,6827,7110
 LATIN AMERICA AND THE CARIBBEAN,   Saint Barthélemy*,0,0,0,0,0,0
 LATIN AMERICA AND THE CARIBBEAN,   Saint Kitts and Nevis,11774,12114,5506,5679,6268,6435
 LATIN AMERICA AND THE CARIBBEAN,   Saint Lucia,13113,13471,5834,6077,7279,7394
 LATIN AMERICA AND THE CARIBBEAN,   Saint Martin (French part)*,0,0,0,0,0,0
 LATIN AMERICA AND THE CARIBBEAN,   Saint Vincent and the Grenadines,15400,16603,7066,8199,8334,8404
 LATIN AMERICA AND THE CARIBBEAN,   Sint Maarten (Dutch part)*,1793,1945,874,953,919,992
 LATIN AMERICA AND THE CARIBBEAN,   Trinidad and Tobago,16103,16286,7413,7428,8690,8858
 LATIN AMERICA AND THE CARIBBEAN,   Turks and Caicos Islands*,1585,1695,639,685,946,1010
 LATIN AMERICA AND THE CARIBBEAN,   United States Virgin Islands*,3148,2999,1808,1716,1340,1283
 LATIN AMERICA AND THE CARIBBEAN,   Belize,5144,5635,2573,2845,2571,2790
 LATIN AMERICA AND THE CARIBBEAN,   Costa Rica,30608,34188,15103,17144,15505,17044
 LATIN AMERICA AND THE CARIBBEAN,   El Salvador,69997,83569,29205,35730,40792,47839
 LATIN AMERICA AND THE CARIBBEAN,   Guatemala,88762,97570,42448,47147,46314,50423
 LATIN AMERICA AND THE CARIBBEAN,   Honduras,65560,94543,29821,42961,35739,51582
 LATIN AMERICA AND THE CARIBBEAN,   Mexico,72149,86799,37869,45573,34280,41226
 LATIN AMERICA AND THE CARIBBEAN,   Nicaragua,337326,400268,158974,198069,178352,202199
 LATIN AMERICA AND THE CARIBBEAN,   Panama,22189,25304,11446,13510,10743,11794
 LATIN AMERICA AND THE CARIBBEAN,   Argentina,275296,331629,142889,171485,132407,160144
 LATIN AMERICA AND THE CARIBBEAN,   Bolivia (Plurinational State of),542979,638440,271151,313659,271828,324781
 LATIN AMERICA AND THE CARIBBEAN,   Brazil,236791,265651,117360,132167,119431,133484
 LATIN AMERICA AND THE CARIBBEAN,   Chile,291395,306240,140754,150292,150641,155948
 LATIN AMERICA AND THE CARIBBEAN,   Colombia,1389675,1454013,671330,703374,718345,750639
 LATIN AMERICA AND THE CARIBBEAN,   Ecuador,95867,123527,47499,61234,48368,62293
 LATIN AMERICA AND THE CARIBBEAN,   Falkland Islands (Malvinas)*,52,54,26,31,26,23
 LATIN AMERICA AND THE CARIBBEAN,   French Guiana*,4219,4276,1701,1748,2518,2528
 LATIN AMERICA AND THE CARIBBEAN,   Guyana,61244,64810,29774,32391,31470,32419
 LATIN AMERICA AND THE CARIBBEAN,   Paraguay,735736,750040,328135,337005,407601,413035
 LATIN AMERICA AND THE CARIBBEAN,   Peru,459723,556177,217315,271776,242408,284401
 LATIN AMERICA AND THE CARIBBEAN,   Suriname,30084,33607,14250,15925,15834,17682
 LATIN AMERICA AND THE CARIBBEAN,   Uruguay,183014,187104,88972,91934,94042,95170
 LATIN AMERICA AND THE CARIBBEAN,   Venezuela (Bolivarian Republic of),175445,4417998,86492,2187621,88953,2230377
 LATIN AMERICA AND THE CARIBBEAN,   Bermuda*,143,145,86,89,57,56
 LATIN AMERICA AND THE CARIBBEAN,   Canada,40607,46593,21843,25911,18764,20682
 LATIN AMERICA AND THE CARIBBEAN,   Greenland*,403,451,213,240,190,211
 LATIN AMERICA AND THE CARIBBEAN,   Saint Pierre and Miquelon*,111,122,62,70,49,52
 LATIN AMERICA AND THE CARIBBEAN,   United States of America*,1140869,1245742,572319,635736,568550,610006
 LATIN AMERICA AND THE CARIBBEAN,   Australia*,3635,4393,2153,2647,1482,1746
 LATIN AMERICA AND THE CARIBBEAN,   New Zealand*,916,1058,562,662,354,396
 LATIN AMERICA AND THE CARIBBEAN,   Fiji,2,2,0,0,2,2
 LATIN AMERICA AND THE CARIBBEAN,   New Caledonia*,0,0,0,0,0,0
 LATIN AMERICA AND THE CARIBBEAN,   Papua New Guinea,2,1,2,1,0,0
 LATIN AMERICA AND THE CARIBBEAN,   Solomon Islands,2,1,0,0,2,1
 LATIN AMERICA AND THE CARIBBEAN,   Vanuatu,8,8,8,8,0,0
 LATIN AMERICA AND THE CARIBBEAN,   Guam*,5,6,2,3,3,3
 LATIN AMERICA AND THE CARIBBEAN,   Kiribati,100,108,63,70,37,38
 LATIN AMERICA AND THE CARIBBEAN,   Marshall Islands,0,0,0,0,0,0
 LATIN AMERICA AND THE CARIBBEAN,   Micronesia (Fed. States of),4,4,0,0,4,4
 LATIN AMERICA AND THE CARIBBEAN,   Nauru,0,0,0,0,0,0
 LATIN AMERICA AND THE CARIBBEAN,   Northern Mariana Islands*,0,0,0,0,0,0
 LATIN AMERICA AND THE CARIBBEAN,   Palau,24,25,14,15,10,10
 LATIN AMERICA AND THE CARIBBEAN,   American Samoa*,0,0,0,0,0,0
 LATIN AMERICA AND THE CARIBBEAN,   Cook Islands*,8,8,2,2,6,6
 LATIN AMERICA AND THE CARIBBEAN,   French Polynesia*,0,0,0,0,0,0
 LATIN AMERICA AND THE CARIBBEAN,   Niue*,2,1,0,0,2,1
 LATIN AMERICA AND THE CARIBBEAN,   Samoa,0,0,0,0,0,0
 LATIN AMERICA AND THE CARIBBEAN,   Tokelau*,0,0,0,0,0,0
 LATIN AMERICA AND THE CARIBBEAN,   Tonga,0,0,0,0,0,0
 LATIN AMERICA AND THE CARIBBEAN,   Tuvalu,4,4,2,2,2,2
 LATIN AMERICA AND THE CARIBBEAN,   Wallis and Futuna Islands*,11,11,5,5,6,6
  Caribbean,WORLD,1501081,1605148,798867,852474,702214,752674
  Caribbean,  Sub-Saharan Africa,2566,2625,1163,1252,1403,1373
  Caribbean,  Northern Africa and Western Asia,2702,2630,1486,1471,1216,1159
  Caribbean,  Central and Southern Asia,6509,6924,4258,4616,2251,2308
  Caribbean,  Eastern and South-Eastern Asia,15343,16230,8417,9003,6926,7227
  Caribbean,  Latin America and the Caribbean,940613,1050647,525103,579635,415510,471012
  Caribbean,  Oceania (excluding Australia and New Zealand),19,19,7,7,12,12
  Caribbean,  Australia and New Zealand,478,507,255,278,223,229
  Caribbean,  Europe and Northern America,420384,420836,201973,203141,218411,217695
  Caribbean,  Developed regions,421711,422187,202648,203846,219063,218341
  Caribbean,  Less developed regions,966903,1078231,540014,595557,426889,482674
  Caribbean," Less developed regions, excluding least developed countries",423897,509804,194241,234226,229656,275578
  Caribbean," Less developed regions, excluding China",958230,1068943,535022,590169,423208,478774
  Caribbean,  Least developed countries,543006,568427,345773,361331,197233,207096
  Caribbean,  Land-locked Developing Countries (LLDC),700,674,402,398,298,276
  Caribbean,  Small island developing States (SIDS),868395,897170,492160,511425,376235,385745
  Caribbean,  High-income countries,491901,494333,236658,238793,255243,255540
  Caribbean,  Middle-income countries,323407,406849,147989,186796,175418,220053
  Caribbean, Upper-middle-income countries,304593,387820,137918,176352,166675,211468
  Caribbean, Lower-middle-income countries,18814,19029,10071,10444,8743,8585
  Caribbean,  Low-income countries,543678,569103,346120,361677,197558,207426
  Caribbean, AFRICA,2946,2976,1341,1420,1605,1556
  Caribbean,  Eastern Africa,1052,1048,293,296,759,752
  Caribbean,  Middle Africa,205,196,118,116,87,80
  Caribbean,  Northern Africa,380,351,178,168,202,183
  Caribbean,  Southern Africa,228,233,117,123,111,110
  Caribbean,  Western Africa,1081,1148,635,717,446,431
  Caribbean, ASIA,24174,25433,13983,14922,10191,10511
  Caribbean,  Central Asia,10,10,5,5,5,5
  Caribbean,  Eastern Asia,10200,10723,5787,6150,4413,4573
  Caribbean,  South-Eastern Asia,5143,5507,2630,2853,2513,2654
  Caribbean,  Southern Asia,6499,6914,4253,4611,2246,2303
  Caribbean,  Western Asia,2322,2279,1308,1303,1014,976
  Caribbean, EUROPE,175986,178358,85003,86639,90983,91719
  Caribbean,  Eastern Europe,1992,1629,765,673,1227,956
  Caribbean,  Northern Europe,20690,21639,10400,11118,10290,10521
  Caribbean,  Southern Europe,19796,20794,12196,12811,7600,7983
  Caribbean,  Western Europe,133508,134296,61642,62037,71866,72259
  Caribbean, LATIN AMERICA AND THE CARIBBEAN,940613,1050647,525103,579635,415510,471012
  Caribbean,  Caribbean,832854,859403,475462,492844,357392,366559
  Caribbean,  Central America,15379,14137,7202,6637,8177,7500
  Caribbean,  South America,92380,177107,42439,80154,49941,96953
  Caribbean, NORTHERN AMERICA,244398,242478,116970,116502,127428,125976
  Caribbean, OCEANIA ,497,526,262,285,235,241
  Caribbean,  Australia and New Zealand,478,507,255,278,223,229
  Caribbean,  Melanesia,0,0,0,0,0,0
  Caribbean,  Micronesia,0,0,0,0,0,0
  Caribbean,  Polynesia*,19,19,7,7,12,12
  Caribbean,   Burundi,3,3,0,0,3,3
  Caribbean,   Comoros,0,0,0,0,0,0
  Caribbean,   Djibouti,0,0,0,0,0,0
  Caribbean,   Eritrea,0,0,0,0,0,0
  Caribbean,   Ethiopia,92,92,42,43,50,49
  Caribbean,   Kenya,57,60,18,21,39,39
  Caribbean,   Madagascar,0,0,0,0,0,0
  Caribbean,   Malawi,0,0,0,0,0,0
  Caribbean,   Mauritius*,0,0,0,0,0,0
  Caribbean,   Mayotte*,0,0,0,0,0,0
  Caribbean,   Mozambique,0,0,0,0,0,0
  Caribbean,   Réunion*,831,823,202,198,629,625
  Caribbean,   Rwanda,0,0,0,0,0,0
  Caribbean,   Seychelles,0,0,0,0,0,0
  Caribbean,   Somalia,0,0,0,0,0,0
  Caribbean,   South Sudan,0,0,0,0,0,0
  Caribbean,   Uganda,12,11,3,3,9,8
  Caribbean,   United Republic of Tanzania*,15,16,2,3,13,13
  Caribbean,   Zambia,9,10,6,7,3,3
  Caribbean,   Zimbabwe,33,33,20,21,13,12
  Caribbean,   Angola,44,30,17,11,27,19
  Caribbean,   Cameroon,23,23,12,12,11,11
  Caribbean,   Central African Republic,135,140,86,90,49,50
  Caribbean,   Chad,3,3,3,3,0,0
  Caribbean,   Congo,0,0,0,0,0,0
  Caribbean,   Democratic Republic of the Congo,0,0,0,0,0,0
  Caribbean,   Equatorial Guinea,0,0,0,0,0,0
  Caribbean,   Gabon,0,0,0,0,0,0
  Caribbean,   Sao Tome and Principe,0,0,0,0,0,0
  Caribbean,   Algeria,271,263,114,111,157,152
  Caribbean,   Egypt,76,54,39,31,37,23
  Caribbean,   Libya,0,0,0,0,0,0
  Caribbean,   Morocco,33,34,25,26,8,8
  Caribbean,   Sudan,0,0,0,0,0,0
  Caribbean,   Tunisia,0,0,0,0,0,0
  Caribbean,   Western Sahara,0,0,0,0,0,0
  Caribbean,   Botswana,14,13,9,9,5,4
  Caribbean,   Eswatini,12,11,5,5,7,6
  Caribbean,   Lesotho,0,0,0,0,0,0
  Caribbean,   Namibia,0,0,0,0,0,0
  Caribbean,   South Africa,202,209,103,109,99,100
  Caribbean,   Benin,0,0,0,0,0,0
  Caribbean,   Burkina Faso,0,0,0,0,0,0
  Caribbean,   Cabo Verde,3,3,0,0,3,3
  Caribbean,   Côte d'Ivoire,0,0,0,0,0,0
  Caribbean,   Gambia,0,0,0,0,0,0
  Caribbean,   Ghana,97,96,66,69,31,27
  Caribbean,   Guinea,0,0,0,0,0,0
  Caribbean,   Guinea-Bissau,0,0,0,0,0,0
  Caribbean,   Liberia,0,0,0,0,0,0
  Caribbean,   Mali,0,0,0,0,0,0
  Caribbean,   Mauritania,0,0,0,0,0,0
  Caribbean,   Niger,29,32,29,32,0,0
  Caribbean,   Nigeria,855,917,492,566,363,351
  Caribbean,   Saint Helena*,97,100,48,50,49,50
  Caribbean,   Senegal,0,0,0,0,0,0
  Caribbean,   Sierra Leone,0,0,0,0,0,0
  Caribbean,   Togo,0,0,0,0,0,0
  Caribbean,   Kazakhstan,10,10,5,5,5,5
  Caribbean,   Kyrgyzstan,0,0,0,0,0,0
  Caribbean,   Tajikistan,0,0,0,0,0,0
  Caribbean,   Turkmenistan,0,0,0,0,0,0
  Caribbean,   Uzbekistan,0,0,0,0,0,0
  Caribbean,   China*,8536,9133,4908,5290,3628,3843
  Caribbean,"   China, Hong Kong SAR*",137,155,84,98,53,57
  Caribbean,"   China, Macao SAR*",0,0,0,0,0,0
  Caribbean,"   China, Taiwan Province of China*",0,0,0,0,0,0
  Caribbean,   Dem. People's Republic of Korea,0,0,0,0,0,0
  Caribbean,   Japan,849,844,420,427,429,417
  Caribbean,   Mongolia,0,0,0,0,0,0
  Caribbean,   Republic of Korea,678,591,375,335,303,256
  Caribbean,   Brunei Darussalam,0,0,0,0,0,0
  Caribbean,   Cambodia,121,126,62,65,59,61
  Caribbean,   Indonesia,275,307,137,157,138,150
  Caribbean,   Lao People's Democratic Republic,0,0,0,0,0,0
  Caribbean,   Malaysia*,45,44,26,27,19,17
  Caribbean,   Myanmar,0,0,0,0,0,0
  Caribbean,   Philippines,4565,4936,2316,2532,2249,2404
  Caribbean,   Singapore,0,0,0,0,0,0
  Caribbean,   Thailand,73,67,59,59,14,8
  Caribbean,   Timor-Leste,0,0,0,0,0,0
  Caribbean,   Viet Nam,64,27,30,13,34,14
  Caribbean,   Afghanistan,0,0,0,0,0,0
  Caribbean,   Bangladesh,0,0,0,0,0,0
  Caribbean,   Bhutan,8,8,8,8,0,0
  Caribbean,   India,6222,6623,4061,4408,2161,2215
  Caribbean,   Iran (Islamic Republic of),39,41,30,32,9,9
  Caribbean,   Maldives,0,0,0,0,0,0
  Caribbean,   Nepal,0,0,0,0,0,0
  Caribbean,   Pakistan,191,202,132,140,59,62
  Caribbean,   Sri Lanka,39,40,22,23,17,17
  Caribbean,   Armenia,0,0,0,0,0,0
  Caribbean,   Azerbaijan*,0,0,0,0,0,0
  Caribbean,   Bahrain,21,21,18,18,3,3
  Caribbean,   Cyprus*,0,0,0,0,0,0
  Caribbean,   Georgia*,0,0,0,0,0,0
  Caribbean,   Iraq,27,27,19,19,8,8
  Caribbean,   Israel,118,94,68,57,50,37
  Caribbean,   Jordan,90,38,43,19,47,19
  Caribbean,   Kuwait,0,0,0,0,0,0
  Caribbean,   Lebanon,1101,1148,655,692,446,456
  Caribbean,   Oman,0,0,0,0,0,0
  Caribbean,   Qatar,0,0,0,0,0,0
  Caribbean,   Saudi Arabia,17,17,14,14,3,3
  Caribbean,   State of Palestine*,18,18,11,11,7,7
  Caribbean,   Syrian Arab Republic,869,866,442,440,427,426
  Caribbean,   Turkey,61,50,38,33,23,17
  Caribbean,   United Arab Emirates,0,0,0,0,0,0
  Caribbean,   Yemen,0,0,0,0,0,0
  Caribbean,   Belarus,0,0,0,0,0,0
  Caribbean,   Bulgaria,121,110,65,65,56,45
  Caribbean,   Czechia,73,53,29,23,44,30
  Caribbean,   Hungary,37,30,22,19,15,11
  Caribbean,   Poland,103,83,51,45,52,38
  Caribbean,   Republic of Moldova*,11,11,5,5,6,6
  Caribbean,   Romania,211,212,136,141,75,71
  Caribbean,   Russian Federation,1131,904,373,311,758,593
  Caribbean,   Slovakia,0,0,0,0,0,0
  Caribbean,   Ukraine*,305,226,84,64,221,162
  Caribbean,   Channel Islands*,15,16,8,8,7,8
  Caribbean,   Denmark*,59,59,35,36,24,23
  Caribbean,   Estonia,16,15,6,6,10,9
  Caribbean,   Faroe Islands*,0,0,0,0,0,0
  Caribbean,   Finland*,36,37,15,16,21,21
  Caribbean,   Iceland,0,0,0,0,0,0
  Caribbean,   Ireland,339,366,170,185,169,181
  Caribbean,   Isle of Man*,0,0,0,0,0,0
  Caribbean,   Latvia,0,0,0,0,0,0
  Caribbean,   Lithuania,0,0,0,0,0,0
  Caribbean,   Norway*,66,67,35,37,31,30
  Caribbean,   Sweden,102,105,57,60,45,45
  Caribbean,   United Kingdom*,20057,20974,10074,10770,9983,10204
  Caribbean,   Albania,1,0,1,0,0,0
  Caribbean,   Andorra,0,0,0,0,0,0
  Caribbean,   Bosnia and Herzegovina,5,5,5,5,0,0
  Caribbean,   Croatia,0,0,0,0,0,0
  Caribbean,   Gibraltar*,0,0,0,0,0,0
  Caribbean,   Greece,154,161,105,112,49,49
  Caribbean,   Holy See*,0,0,0,0,0,0
  Caribbean,   Italy,6664,6842,4670,4831,1994,2011
  Caribbean,   Malta,25,25,14,14,11,11
  Caribbean,   Montenegro,0,0,0,0,0,0
  Caribbean,   North Macedonia,26,26,16,16,10,10
  Caribbean,   Portugal,1671,1817,809,892,862,925
  Caribbean,   San Marino,0,0,0,0,0,0
  Caribbean,   Serbia*,72,75,32,34,40,41
  Caribbean,   Slovenia,0,0,0,0,0,0
  Caribbean,   Spain*,11178,11843,6544,6907,4634,4936
  Caribbean,   Austria,465,482,334,351,131,131
  Caribbean,   Belgium,973,988,504,515,469,473
  Caribbean,   France*,109086,108253,48663,48084,60423,60169
  Caribbean,   Germany,4675,4540,2631,2617,2044,1923
  Caribbean,   Liechtenstein,0,0,0,0,0,0
  Caribbean,   Luxembourg,0,0,0,0,0,0
  Caribbean,   Monaco,0,0,0,0,0,0
  Caribbean,   Netherlands*,16308,17950,8342,9252,7966,8698
  Caribbean,   Switzerland,2001,2083,1168,1218,833,865
  Caribbean,   Anguilla*,1493,1515,780,794,713,721
  Caribbean,   Antigua and Barbuda,7635,7801,3491,3571,4144,4230
  Caribbean,   Aruba*,3736,4094,1564,1737,2172,2357
  Caribbean,   Bahamas,1394,1471,709,754,685,717
  Caribbean,   Barbados,4354,4578,2235,2444,2119,2134
  Caribbean,"   Bonaire, Sint Eustatius and Saba*",3027,3456,1311,1526,1716,1930
  Caribbean,   British Virgin Islands*,3992,4065,1747,1781,2245,2284
  Caribbean,   Cayman Islands*,33,31,22,22,11,9
  Caribbean,   Cuba,22053,24045,10714,11802,11339,12243
  Caribbean,   Curaçao*,4424,4788,2297,2467,2127,2321
  Caribbean,   Dominica,20386,20189,8939,8817,11447,11372
  Caribbean,   Dominican Republic,85805,77174,37796,33477,48009,43697
  Caribbean,   Grenada,10375,11307,4593,5739,5782,5568
  Caribbean,   Guadeloupe*,8460,8542,2938,2990,5522,5552
  Caribbean,   Haiti,542535,567956,345515,361066,197020,206890
  Caribbean,   Jamaica,32673,35404,13335,14638,19338,20766
  Caribbean,   Martinique*,9293,9202,3885,3807,5408,5395
  Caribbean,   Montserrat*,3050,3153,1515,1571,1535,1582
  Caribbean,   Puerto Rico*,10827,11161,5619,5800,5208,5361
  Caribbean,   Saint Barthélemy*,0,0,0,0,0,0
  Caribbean,   Saint Kitts and Nevis,11737,12075,5475,5646,6262,6429
  Caribbean,   Saint Lucia,12029,12273,5360,5548,6669,6725
  Caribbean,   Saint Martin (French part)*,0,0,0,0,0,0
  Caribbean,   Saint Vincent and the Grenadines,15015,16196,6868,7992,8147,8204
  Caribbean,   Sint Maarten (Dutch part)*,1488,1652,729,814,759,838
  Caribbean,   Trinidad and Tobago,12314,12589,5581,5644,6733,6945
  Caribbean,   Turks and Caicos Islands*,1585,1695,639,685,946,1010
  Caribbean,   United States Virgin Islands*,3141,2991,1805,1712,1336,1279
  Caribbean,   Belize,439,478,232,256,207,222
  Caribbean,   Costa Rica,1531,1811,740,875,791,936
  Caribbean,   El Salvador,1318,618,648,325,670,293
  Caribbean,   Guatemala,1176,1139,573,558,603,581
  Caribbean,   Honduras,2875,3231,1178,1331,1697,1900
  Caribbean,   Mexico,4802,4020,2326,1968,2476,2052
  Caribbean,   Nicaragua,1271,1167,547,499,724,668
  Caribbean,   Panama,1967,1673,958,825,1009,848
  Caribbean,   Argentina,2890,2588,1508,1377,1382,1211
  Caribbean,   Bolivia (Plurinational State of),278,246,151,137,127,109
  Caribbean,   Brazil,1083,1065,518,515,565,550
  Caribbean,   Chile,1861,1542,991,844,870,698
  Caribbean,   Colombia,22850,24732,9443,10051,13407,14681
  Caribbean,   Ecuador,1528,1044,745,521,783,523
  Caribbean,   Falkland Islands (Malvinas)*,0,0,0,0,0,0
  Caribbean,   French Guiana*,3294,3257,1171,1154,2123,2103
  Caribbean,   Guyana,34042,36169,15911,17750,18131,18419
  Caribbean,   Paraguay,25,25,14,14,11,11
  Caribbean,   Peru,4064,5708,2177,2947,1887,2761
  Caribbean,   Suriname,3923,4412,1766,2000,2157,2412
  Caribbean,   Uruguay,467,485,208,219,259,266
  Caribbean,   Venezuela (Bolivarian Republic of),16075,95834,7836,42625,8239,53209
  Caribbean,   Bermuda*,132,132,80,81,52,51
  Caribbean,   Canada,11411,12025,5837,6302,5574,5723
  Caribbean,   Greenland*,0,0,0,0,0,0
  Caribbean,   Saint Pierre and Miquelon*,64,66,38,40,26,26
  Caribbean,   United States of America*,232791,230255,111015,110079,121776,120176
  Caribbean,   Australia*,384,409,202,221,182,188
  Caribbean,   New Zealand*,94,98,53,57,41,41
  Caribbean,   Fiji,0,0,0,0,0,0
  Caribbean,   New Caledonia*,0,0,0,0,0,0
  Caribbean,   Papua New Guinea,0,0,0,0,0,0
  Caribbean,   Solomon Islands,0,0,0,0,0,0
  Caribbean,   Vanuatu,0,0,0,0,0,0
  Caribbean,   Guam*,0,0,0,0,0,0
  Caribbean,   Kiribati,0,0,0,0,0,0
  Caribbean,   Marshall Islands,0,0,0,0,0,0
  Caribbean,   Micronesia (Fed. States of),0,0,0,0,0,0
  Caribbean,   Nauru,0,0,0,0,0,0
  Caribbean,   Northern Mariana Islands*,0,0,0,0,0,0
  Caribbean,   Palau,0,0,0,0,0,0
  Caribbean,   American Samoa*,0,0,0,0,0,0
  Caribbean,   Cook Islands*,8,8,2,2,6,6
  Caribbean,   French Polynesia*,0,0,0,0,0,0
  Caribbean,   Niue*,0,0,0,0,0,0
  Caribbean,   Samoa,0,0,0,0,0,0
  Caribbean,   Tokelau*,0,0,0,0,0,0
  Caribbean,   Tonga,0,0,0,0,0,0
  Caribbean,   Tuvalu,0,0,0,0,0,0
  Caribbean,   Wallis and Futuna Islands*,11,11,5,5,6,6
   Anguilla*,WORLD,5471,5715,2594,2706,2877,3009
   Anguilla*,  Sub-Saharan Africa,0,0,0,0,0,0
   Anguilla*,  Northern Africa and Western Asia,0,0,0,0,0,0
   Anguilla*,  Central and Southern Asia,0,0,0,0,0,0
   Anguilla*,  Eastern and South-Eastern Asia,0,0,0,0,0,0
   Anguilla*,  Latin America and the Caribbean,3093,3220,1843,1921,1250,1299
   Anguilla*,  Oceania (excluding Australia and New Zealand),0,0,0,0,0,0
   Anguilla*,  Australia and New Zealand,0,0,0,0,0,0
   Anguilla*,  Europe and Northern America,929,966,290,300,639,666
   Anguilla*,  Developed regions,929,966,290,300,639,666
   Anguilla*,  Less developed regions,3093,3220,1843,1921,1250,1299
   Anguilla*," Less developed regions, excluding least developed countries",3093,3220,1843,1921,1250,1299
   Anguilla*," Less developed regions, excluding China",3093,3220,1843,1921,1250,1299
   Anguilla*,  Least developed countries,0,0,0,0,0,0
   Anguilla*,  Land-locked Developing Countries (LLDC),0,0,0,0,0,0
   Anguilla*,  Small island developing States (SIDS),3093,3220,1843,1921,1250,1299
   Anguilla*,  High-income countries,2238,2330,1022,1064,1216,1266
   Anguilla*,  Middle-income countries,1499,1560,910,948,589,612
   Anguilla*, Upper-middle-income countries,1499,1560,910,948,589,612
   Anguilla*, Lower-middle-income countries,0,0,0,0,0,0
   Anguilla*,  Low-income countries,0,0,0,0,0,0
   Anguilla*, AFRICA,0,0,0,0,0,0
   Anguilla*,  Eastern Africa,0,0,0,0,0,0
   Anguilla*,  Middle Africa,0,0,0,0,0,0
   Anguilla*,  Northern Africa,0,0,0,0,0,0
   Anguilla*,  Southern Africa,0,0,0,0,0,0
   Anguilla*,  Western Africa,0,0,0,0,0,0
   Anguilla*, ASIA,0,0,0,0,0,0
   Anguilla*,  Central Asia,0,0,0,0,0,0
   Anguilla*,  Eastern Asia,0,0,0,0,0,0
   Anguilla*,  South-Eastern Asia,0,0,0,0,0,0
   Anguilla*,  Southern Asia,0,0,0,0,0,0
   Anguilla*,  Western Asia,0,0,0,0,0,0
   Anguilla*, EUROPE,418,435,143,148,275,287
   Anguilla*,  Eastern Europe,0,0,0,0,0,0
   Anguilla*,  Northern Europe,418,435,143,148,275,287
   Anguilla*,  Southern Europe,0,0,0,0,0,0
   Anguilla*,  Western Europe,0,0,0,0,0,0
   Anguilla*, LATIN AMERICA AND THE CARIBBEAN,3093,3220,1843,1921,1250,1299
   Anguilla*,  Caribbean,2711,2823,1618,1687,1093,1136
   Anguilla*,  Central America,0,0,0,0,0,0
   Anguilla*,  South America,382,397,225,234,157,163
   Anguilla*, NORTHERN AMERICA,511,531,147,152,364,379
   Anguilla*, OCEANIA ,0,0,0,0,0,0
   Anguilla*,  Australia and New Zealand,0,0,0,0,0,0
   Anguilla*,  Melanesia,0,0,0,0,0,0
   Anguilla*,  Micronesia,0,0,0,0,0,0
   Anguilla*,  Polynesia*,0,0,0,0,0,0
   Anguilla*,   Canada,57,58,16,16,41,42
   Anguilla*,   Dominican Republic,653,680,420,438,233,242
   Anguilla*,   Guyana,382,397,225,234,157,163
   Anguilla*,   Jamaica,464,483,265,276,199,207
   Anguilla*,   Montserrat*,285,296,201,209,84,87
   Anguilla*,   Saint Kitts and Nevis,903,942,588,614,315,328
   Anguilla*,   United Kingdom*,418,435,143,148,275,287
   Anguilla*,   United States of America*,454,473,131,136,323,337
   Anguilla*,   United States Virgin Islands*,406,422,144,150,262,272
   Anguilla*,Other,1449,1529,461,485,988,1044
   Antigua and Barbuda,WORLD,28082,29386,12524,13120,15558,16266
   Antigua and Barbuda,  Sub-Saharan Africa,206,208,95,100,111,108
   Antigua and Barbuda,  Northern Africa and Western Asia,309,319,150,156,159,163
   Antigua and Barbuda,  Central and Southern Asia,79,81,39,41,40,40
   Antigua and Barbuda,  Eastern and South-Eastern Asia,154,158,74,78,80,80
   Antigua and Barbuda,  Latin America and the Caribbean,22629,23670,9840,10303,12789,13367
   Antigua and Barbuda,  Oceania (excluding Australia and New Zealand),0,0,0,0,0,0
   Antigua and Barbuda,  Australia and New Zealand,19,17,10,10,9,7
   Antigua and Barbuda,  Europe and Northern America,4292,4476,2124,2224,2168,2252
   Antigua and Barbuda,  Developed regions,4331,4512,2143,2243,2188,2269
   Antigua and Barbuda,  Less developed regions,23357,24417,10189,10669,13168,13748
   Antigua and Barbuda," Less developed regions, excluding least developed countries",23234,24292,10132,10609,13102,13683
   Antigua and Barbuda," Less developed regions, excluding China",23223,24278,10124,10600,13099,13678
   Antigua and Barbuda,  Least developed countries,123,125,57,60,66,65
   Antigua and Barbuda,  Land-locked Developing Countries (LLDC),90,92,41,43,49,49
   Antigua and Barbuda,  Small island developing States (SIDS),22576,23620,9815,10277,12761,13343
   Antigua and Barbuda,  High-income countries,6746,7023,3335,3491,3411,3532
   Antigua and Barbuda,  Middle-income countries,19301,20203,8183,8569,11118,11634
   Antigua and Barbuda, Upper-middle-income countries,19134,20036,8102,8484,11032,11552
   Antigua and Barbuda, Lower-middle-income countries,167,167,81,85,86,82
   Antigua and Barbuda,  Low-income countries,367,379,175,183,192,196
   Antigua and Barbuda, AFRICA,216,217,100,105,116,112
   Antigua and Barbuda,  Eastern Africa,90,92,41,43,49,49
   Antigua and Barbuda,  Middle Africa,0,0,0,0,0,0
   Antigua and Barbuda,  Northern Africa,10,9,5,5,5,4
   Antigua and Barbuda,  Southern Africa,45,45,21,22,24,23
   Antigua and Barbuda,  Western Africa,71,71,33,35,38,36
   Antigua and Barbuda, ASIA,532,549,258,270,274,279
   Antigua and Barbuda,  Central Asia,0,0,0,0,0,0
   Antigua and Barbuda,  Eastern Asia,154,158,74,78,80,80
   Antigua and Barbuda,  South-Eastern Asia,0,0,0,0,0,0
   Antigua and Barbuda,  Southern Asia,79,81,39,41,40,40
   Antigua and Barbuda,  Western Asia,299,310,145,151,154,159
   Antigua and Barbuda, EUROPE,1218,1263,595,621,623,642
   Antigua and Barbuda,  Eastern Europe,0,0,0,0,0,0
   Antigua and Barbuda,  Northern Europe,994,1038,487,509,507,529
   Antigua and Barbuda,  Southern Europe,84,84,42,43,42,41
   Antigua and Barbuda,  Western Europe,140,141,66,69,74,72
   Antigua and Barbuda, LATIN AMERICA AND THE CARIBBEAN,22629,23670,9840,10303,12789,13367
   Antigua and Barbuda,  Caribbean,16042,16748,6891,7216,9151,9532
   Antigua and Barbuda,  Central America,26,23,15,15,11,8
   Antigua and Barbuda,  South America,6561,6899,2934,3072,3627,3827
   Antigua and Barbuda, NORTHERN AMERICA,3074,3213,1529,1603,1545,1610
   Antigua and Barbuda, OCEANIA ,19,17,10,10,9,7
   Antigua and Barbuda,  Australia and New Zealand,19,17,10,10,9,7
   Antigua and Barbuda,  Melanesia,0,0,0,0,0,0
   Antigua and Barbuda,  Micronesia,0,0,0,0,0,0
   Antigua and Barbuda,  Polynesia*,0,0,0,0,0,0
   Antigua and Barbuda,   Australia*,7,6,4,4,3,2
   Antigua and Barbuda,   Bahamas,2,1,1,1,1,0
   Antigua and Barbuda,   Barbados,302,315,177,186,125,129
   Antigua and Barbuda,   Bermuda*,14,13,9,9,5,4
   Antigua and Barbuda,   Belize,14,13,8,8,6,5
   Antigua and Barbuda,   British Virgin Islands*,98,100,48,50,50,50
   Antigua and Barbuda,   Canada,434,453,209,220,225,233
   Antigua and Barbuda,   China*,134,139,65,69,69,70
   Antigua and Barbuda,   Cuba,20,19,9,9,11,10
   Antigua and Barbuda,   Dominica,4745,4963,2089,2187,2656,2776
   Antigua and Barbuda,   Dominican Republic,1784,1865,671,703,1113,1162
   Antigua and Barbuda,   Ethiopia,90,92,41,43,49,49
   Antigua and Barbuda,   France*,41,41,19,20,22,21
   Antigua and Barbuda,   French Guiana*,5,4,3,3,2,1
   Antigua and Barbuda,   Germany,83,85,40,42,43,43
   Antigua and Barbuda,   Ghana,31,31,15,16,16,15
   Antigua and Barbuda,   Grenada,192,199,107,112,85,87
   Antigua and Barbuda,   Guadeloupe*,76,78,37,39,39,39
   Antigua and Barbuda,   Guyana,6472,6811,2891,3027,3581,3784
   Antigua and Barbuda,   Haiti,33,33,16,17,17,16
   Antigua and Barbuda,   Honduras,7,6,4,4,3,2
   Antigua and Barbuda,   India,79,81,39,41,40,40
   Antigua and Barbuda,   Italy,72,73,36,37,36,36
   Antigua and Barbuda,   Jamaica,3990,4173,1331,1394,2659,2779
   Antigua and Barbuda,   Japan,20,19,9,9,11,10
   Antigua and Barbuda,   Lebanon,55,56,27,28,28,28
   Antigua and Barbuda,   Martinique*,5,4,3,3,2,1
   Antigua and Barbuda,   Mexico,5,4,3,3,2,1
   Antigua and Barbuda,   Montserrat*,1138,1189,572,599,566,590
   Antigua and Barbuda,   Netherlands*,16,15,7,7,9,8
   Antigua and Barbuda,   Curaçao*,19,18,8,8,11,10
   Antigua and Barbuda,   Aruba*,5,4,3,3,2,1
   Antigua and Barbuda,   Sint Maarten (Dutch part)*,23,22,12,12,11,10
   Antigua and Barbuda,"   Bonaire, Sint Eustatius and Saba*",11,10,5,5,6,5
   Antigua and Barbuda,   New Zealand*,12,11,6,6,6,5
   Antigua and Barbuda,   Nigeria,40,40,18,19,22,21
   Antigua and Barbuda,   Pakistan,0,0,0,0,0,0
   Antigua and Barbuda,   Puerto Rico*,53,54,26,27,27,27
   Antigua and Barbuda,   Saint Kitts and Nevis,476,497,222,232,254,265
   Antigua and Barbuda,   Anguilla*,39,39,19,20,20,19
   Antigua and Barbuda,   Saint Lucia,676,706,292,306,384,400
   Antigua and Barbuda,   Saint Vincent and the Grenadines,918,959,548,574,370,385
   Antigua and Barbuda,   South Africa,45,45,21,22,24,23
   Antigua and Barbuda,   Spain*,12,11,6,6,6,5
   Antigua and Barbuda,   Suriname,45,45,21,22,24,23
   Antigua and Barbuda,   Syrian Arab Republic,244,254,118,123,126,131
   Antigua and Barbuda,   Trinidad and Tobago,720,752,348,365,372,387
   Antigua and Barbuda,   Turks and Caicos Islands*,6,5,3,3,3,2
   Antigua and Barbuda,   Egypt,10,9,5,5,5,4
   Antigua and Barbuda,   United Kingdom*,994,1038,487,509,507,529
   Antigua and Barbuda,   United States of America*,2626,2747,1311,1374,1315,1373
   Antigua and Barbuda,   United States Virgin Islands*,711,743,344,361,367,382
   Antigua and Barbuda,   Venezuela (Bolivarian Republic of),39,39,19,20,20,19
   Antigua and Barbuda,Other,394,457,192,208,202,249
   Aruba*,WORLD,36114,53593,16108,24307,20006,29286
   Aruba*,  Sub-Saharan Africa,0,0,0,0,0,0
   Aruba*,  Northern Africa and Western Asia,10,11,7,7,3,4
   Aruba*,  Central and Southern Asia,330,368,217,240,113,128
   Aruba*,  Eastern and South-Eastern Asia,2131,2381,1072,1174,1059,1207
   Aruba*,  Latin America and the Caribbean,26664,43017,11250,18981,15414,24036
   Aruba*,  Oceania (excluding Australia and New Zealand),0,0,0,0,0,0
   Aruba*,  Australia and New Zealand,0,0,0,0,0,0
   Aruba*,  Europe and Northern America,5361,5993,2752,3016,2609,2977
   Aruba*,  Developed regions,5361,5993,2752,3016,2609,2977
   Aruba*,  Less developed regions,29135,45777,12546,20402,16589,25375
   Aruba*," Less developed regions, excluding least developed countries",27503,43953,11951,19761,15552,24192
   Aruba*," Less developed regions, excluding China",28008,44517,11967,19767,16041,24750
   Aruba*,  Least developed countries,1632,1824,595,641,1037,1183
   Aruba*,  Land-locked Developing Countries (LLDC),0,0,0,0,0,0
   Aruba*,  Small island developing States (SIDS),11965,13373,5012,5442,6953,7931
   Aruba*,  High-income countries,8517,9522,4420,4848,4097,4674
   Aruba*,  Middle-income countries,24050,40093,10126,17757,13924,22336
   Aruba*, Upper-middle-income countries,22609,38485,9367,16924,13242,21561
   Aruba*, Lower-middle-income countries,1441,1608,759,833,682,775
   Aruba*,  Low-income countries,1632,1824,595,641,1037,1183
   Aruba*, AFRICA,0,0,0,0,0,0
   Aruba*,  Eastern Africa,0,0,0,0,0,0
   Aruba*,  Middle Africa,0,0,0,0,0,0
   Aruba*,  Northern Africa,0,0,0,0,0,0
   Aruba*,  Southern Africa,0,0,0,0,0,0
   Aruba*,  Western Africa,0,0,0,0,0,0
   Aruba*, ASIA,2471,2760,1296,1421,1175,1339
   Aruba*,  Central Asia,0,0,0,0,0,0
   Aruba*,  Eastern Asia,1127,1260,579,635,548,625
   Aruba*,  South-Eastern Asia,1004,1121,493,539,511,582
   Aruba*,  Southern Asia,330,368,217,240,113,128
   Aruba*,  Western Asia,10,11,7,7,3,4
   Aruba*, EUROPE,4749,5310,2451,2688,2298,2622
   Aruba*,  Eastern Europe,0,0,0,0,0,0
   Aruba*,  Northern Europe,0,0,0,0,0,0
   Aruba*,  Southern Europe,164,182,82,89,82,93
   Aruba*,  Western Europe,4585,5128,2369,2599,2216,2529
   Aruba*, LATIN AMERICA AND THE CARIBBEAN,26664,43017,11250,18981,15414,24036
   Aruba*,  Caribbean,10636,11888,4405,4780,6231,7108
   Aruba*,  Central America,107,119,49,54,58,65
   Aruba*,  South America,15921,31010,6796,14147,9125,16863
   Aruba*, NORTHERN AMERICA,612,683,301,328,311,355
   Aruba*, OCEANIA ,0,0,0,0,0,0
   Aruba*,  Australia and New Zealand,0,0,0,0,0,0
   Aruba*,  Melanesia,0,0,0,0,0,0
   Aruba*,  Micronesia,0,0,0,0,0,0
   Aruba*,  Polynesia*,0,0,0,0,0,0
   Aruba*,   China*,1127,1260,579,635,548,625
   Aruba*,   Colombia,9762,10926,3756,4061,6006,6865
   Aruba*,   Dominica,107,119,32,34,75,85
   Aruba*,   Dominican Republic,4327,4839,1619,1748,2708,3091
   Aruba*,   Grenada,258,287,65,67,193,220
   Aruba*,   Guyana,289,322,136,149,153,173
   Aruba*,   Haiti,1632,1824,595,641,1037,1183
   Aruba*,   India,330,368,217,240,113,128
   Aruba*,   Jamaica,746,833,243,259,503,574
   Aruba*,   Netherlands*,4585,5128,2369,2599,2216,2529
   Aruba*,   Curaçao*,2455,2745,1297,1424,1158,1321
   Aruba*,   Sint Maarten (Dutch part)*,701,784,371,408,330,376
   Aruba*,"   Bonaire, Sint Eustatius and Saba*",297,331,157,172,140,159
   Aruba*,   Nicaragua,107,119,49,54,58,65
   Aruba*,   Peru,1134,1268,577,633,557,635
   Aruba*,   Philippines,1004,1121,493,539,511,582
   Aruba*,   Portugal,164,182,82,89,82,93
   Aruba*,   Saint Vincent and the Grenadines,113,126,26,27,87,99
   Aruba*,   Suriname,1337,1494,628,685,709,809
   Aruba*,   Turkey,10,11,7,7,3,4
   Aruba*,   United States of America*,612,683,301,328,311,355
   Aruba*,   Venezuela (Bolivarian Republic of),3399,17000,1699,8619,1700,8381
   Aruba*,Other,1618,1823,810,889,808,934
   Bahamas,WORLD,59241,63583,29963,32161,29278,31422
   Bahamas,  Sub-Saharan Africa,386,399,209,222,177,177
   Bahamas,  Northern Africa and Western Asia,31,31,18,19,13,12
   Bahamas,  Central and Southern Asia,637,680,358,383,279,297
   Bahamas,  Eastern and South-Eastern Asia,1383,1475,674,723,709,752
   Bahamas,  Latin America and the Caribbean,40903,43851,20606,22082,20297,21769
   Bahamas,  Oceania (excluding Australia and New Zealand),0,0,0,0,0,0
   Bahamas,  Australia and New Zealand,107,112,49,53,58,59
   Bahamas,  Europe and Northern America,14851,15879,7569,8113,7282,7766
   Bahamas,  Developed regions,14993,16027,7626,8175,7367,7852
   Bahamas,  Less developed regions,43305,46400,21857,23420,21448,22980
   Bahamas," Less developed regions, excluding least developed countries",15702,16760,6211,6655,9491,10105
   Bahamas," Less developed regions, excluding China",43107,46191,21746,23301,21361,22890
   Bahamas,  Least developed countries,27603,29640,15646,16765,11957,12875
   Bahamas,  Land-locked Developing Countries (LLDC),53,49,24,24,29,25
   Bahamas,  Small island developing States (SIDS),39677,42560,19929,21357,19748,21203
   Bahamas,  High-income countries,17275,18462,8634,9255,8641,9207
   Bahamas,  Middle-income countries,13420,14325,5203,5575,8217,8750
   Bahamas, Upper-middle-income countries,11235,12005,4031,4321,7204,7684
   Bahamas, Lower-middle-income countries,2185,2320,1172,1254,1013,1066
   Bahamas,  Low-income countries,27603,29640,15646,16765,11957,12875
   Bahamas, AFRICA,417,430,227,241,190,189
   Bahamas,  Eastern Africa,48,46,18,19,30,27
   Bahamas,  Middle Africa,0,0,0,0,0,0
   Bahamas,  Northern Africa,31,31,18,19,13,12
   Bahamas,  Southern Africa,130,134,69,73,61,61
   Bahamas,  Western Africa,208,219,122,130,86,89
   Bahamas, ASIA,2020,2155,1032,1106,988,1049
   Bahamas,  Central Asia,0,0,0,0,0,0
   Bahamas,  Eastern Asia,233,245,119,128,114,117
   Bahamas,  South-Eastern Asia,1150,1230,555,595,595,635
   Bahamas,  Southern Asia,637,680,358,383,279,297
   Bahamas,  Western Asia,0,0,0,0,0,0
   Bahamas, EUROPE,3581,3801,2006,2147,1575,1654
   Bahamas,  Eastern Europe,217,225,135,146,82,79
   Bahamas,  Northern Europe,2125,2266,1212,1297,913,969
   Bahamas,  Southern Europe,376,396,265,284,111,112
   Bahamas,  Western Europe,863,914,394,420,469,494
   Bahamas, LATIN AMERICA AND THE CARIBBEAN,40903,43851,20606,22082,20297,21769
   Bahamas,  Caribbean,38259,41045,19318,20702,18941,20343
   Bahamas,  Central America,445,464,262,280,183,184
   Bahamas,  South America,2199,2342,1026,1100,1173,1242
   Bahamas, NORTHERN AMERICA,11270,12078,5563,5966,5707,6112
   Bahamas, OCEANIA ,107,112,49,53,58,59
   Bahamas,  Australia and New Zealand,107,112,49,53,58,59
   Bahamas,  Melanesia,0,0,0,0,0,0
   Bahamas,  Micronesia,0,0,0,0,0,0
   Bahamas,  Polynesia*,0,0,0,0,0,0
   Bahamas,   Antigua and Barbuda,14,13,6,6,8,7
   Bahamas,   Argentina,111,117,73,78,38,39
   Bahamas,   Australia*,83,88,42,46,41,42
   Bahamas,   Austria,40,41,20,21,20,20
   Bahamas,   Barbados,238,253,152,162,86,91
   Bahamas,   Belgium,30,30,18,19,12,11
   Bahamas,   Bermuda*,39,40,15,16,24,24
   Bahamas,   Botswana,14,13,9,9,5,4
   Bahamas,   Brazil,121,128,58,63,63,65
   Bahamas,   Belize,44,45,15,16,29,29
   Bahamas,   British Virgin Islands*,3,2,0,0,3,2
   Bahamas,   Bulgaria,21,21,16,17,5,4
   Bahamas,   Canada,1567,1679,854,917,713,762
   Bahamas,   Cayman Islands*,23,23,13,14,10,9
   Bahamas,   Sri Lanka,39,40,22,23,17,17
   Bahamas,   Chile,35,36,15,16,20,20
   Bahamas,   China*,172,183,99,106,73,77
   Bahamas,   Colombia,193,205,114,122,79,83
   Bahamas,   Costa Rica,54,56,21,22,33,34
   Bahamas,   Cuba,401,429,125,134,276,295
   Bahamas,   Denmark*,16,15,7,7,9,8
   Bahamas,   Dominica,75,79,35,38,40,41
   Bahamas,   Dominican Republic,291,310,172,184,119,126
   Bahamas,   Ecuador,43,44,28,30,15,14
   Bahamas,   El Salvador,73,77,68,73,5,4
   Bahamas,   Estonia,16,15,6,6,10,9
   Bahamas,   France*,143,152,92,99,51,53
   Bahamas,   Germany,289,308,139,148,150,160
   Bahamas,   Ghana,48,49,39,41,9,8
   Bahamas,   Greece,91,96,59,64,32,32
   Bahamas,   Grenada,33,34,14,15,19,19
   Bahamas,   Guatemala,35,36,16,17,19,19
   Bahamas,   Guyana,1335,1430,581,623,754,807
   Bahamas,   Haiti,27591,29629,15643,16762,11948,12867
   Bahamas,   Honduras,43,44,34,36,9,8
   Bahamas,"   China, Hong Kong SAR*",26,26,12,13,14,13
   Bahamas,   India,598,640,336,360,262,280
   Bahamas,   Indonesia,33,34,13,14,20,20
   Bahamas,   Ireland,59,61,32,34,27,27
   Bahamas,   Italy,158,168,105,113,53,55
   Bahamas,   Jamaica,7503,8042,2276,2440,5227,5602
   Bahamas,   Japan,35,36,8,9,27,27
   Bahamas,   Kenya,21,21,8,9,13,12
   Bahamas,   Mexico,134,143,85,92,49,51
   Bahamas,   Netherlands*,54,56,31,33,23,23
   Bahamas,   New Zealand*,24,24,7,7,17,17
   Bahamas,   Nicaragua,10,9,6,6,4,3
   Bahamas,   Nigeria,160,170,83,89,77,81
   Bahamas,   Norway*,12,11,4,4,8,7
   Bahamas,   Pakistan,0,0,0,0,0,0
   Bahamas,   Panama,52,54,17,18,35,36
   Bahamas,   Peru,314,335,138,148,176,187
   Bahamas,   Philippines,1117,1196,542,581,575,615
   Bahamas,   Poland,20,20,7,8,13,12
   Bahamas,   Portugal,16,15,13,13,3,2
   Bahamas,   Romania,102,108,98,105,4,3
   Bahamas,   Russian Federation,56,58,10,11,46,47
   Bahamas,   Saint Kitts and Nevis,34,35,13,14,21,21
   Bahamas,   Saint Lucia,78,82,39,42,39,40
   Bahamas,   Saint Vincent and the Grenadines,40,41,29,31,11,10
   Bahamas,   South Africa,104,110,55,59,49,51
   Bahamas,   Zimbabwe,15,14,7,7,8,7
   Bahamas,   Spain*,111,117,88,94,23,23
   Bahamas,   Eswatini,12,11,5,5,7,6
   Bahamas,   Sweden,29,29,14,15,15,14
   Bahamas,   Switzerland,307,327,94,100,213,227
   Bahamas,   Trinidad and Tobago,390,418,179,193,211,225
   Bahamas,   Turks and Caicos Islands*,1545,1655,622,667,923,988
   Bahamas,   Uganda,12,11,3,3,9,8
   Bahamas,   Ukraine*,18,18,4,5,14,13
   Bahamas,   Egypt,31,31,18,19,13,12
   Bahamas,   United Kingdom*,1993,2135,1149,1231,844,904
   Bahamas,   United States of America*,9664,10359,4694,5033,4970,5326
   Bahamas,   Uruguay,17,17,9,10,8,7
   Bahamas,   Venezuela (Bolivarian Republic of),30,30,10,10,20,20
   Bahamas,Other,943,1156,480,566,463,590
   Barbados,WORLD,34475,34869,15488,15668,18987,19201
   Barbados,  Sub-Saharan Africa,0,0,0,0,0,0
   Barbados,  Northern Africa and Western Asia,0,0,0,0,0,0
   Barbados,  Central and Southern Asia,463,467,226,229,237,238
   Barbados,  Eastern and South-Eastern Asia,43,42,25,25,18,17
   Barbados,  Latin America and the Caribbean,15607,15762,6564,6636,9043,9126
   Barbados,  Oceania (excluding Australia and New Zealand),0,0,0,0,0,0
   Barbados,  Australia and New Zealand,24,23,12,12,12,11
   Barbados,  Europe and Northern America,4260,4303,1886,1908,2374,2395
   Barbados,  Developed regions,4284,4326,1898,1920,2386,2406
   Barbados,  Less developed regions,16113,16271,6815,6890,9298,9381
   Barbados," Less developed regions, excluding least developed countries",16080,16239,6805,6880,9275,9359
   Barbados," Less developed regions, excluding China",16070,16229,6790,6865,9280,9364
   Barbados,  Least developed countries,33,32,10,10,23,22
   Barbados,  Land-locked Developing Countries (LLDC),0,0,0,0,0,0
   Barbados,  Small island developing States (SIDS),15635,15789,6578,6650,9057,9139
   Barbados,  High-income countries,6126,6183,2595,2624,3531,3559
   Barbados,  Middle-income countries,14238,14382,6108,6176,8130,8206
   Barbados, Upper-middle-income countries,13775,13915,5882,5947,7893,7968
   Barbados, Lower-middle-income countries,463,467,226,229,237,238
   Barbados,  Low-income countries,33,32,10,10,23,22
   Barbados, AFRICA,0,0,0,0,0,0
   Barbados,  Eastern Africa,0,0,0,0,0,0
   Barbados,  Middle Africa,0,0,0,0,0,0
   Barbados,  Northern Africa,0,0,0,0,0,0
   Barbados,  Southern Africa,0,0,0,0,0,0
   Barbados,  Western Africa,0,0,0,0,0,0
   Barbados, ASIA,506,509,251,254,255,255
   Barbados,  Central Asia,0,0,0,0,0,0
   Barbados,  Eastern Asia,43,42,25,25,18,17
   Barbados,  South-Eastern Asia,0,0,0,0,0,0
   Barbados,  Southern Asia,463,467,226,229,237,238
   Barbados,  Western Asia,0,0,0,0,0,0
   Barbados, EUROPE,2509,2537,1092,1105,1417,1432
   Barbados,  Eastern Europe,0,0,0,0,0,0
   Barbados,  Northern Europe,2509,2537,1092,1105,1417,1432
   Barbados,  Southern Europe,0,0,0,0,0,0
   Barbados,  Western Europe,0,0,0,0,0,0
   Barbados, LATIN AMERICA AND THE CARIBBEAN,15607,15762,6564,6636,9043,9126
   Barbados,  Caribbean,8944,9028,3448,3485,5496,5543
   Barbados,  Central America,22,21,11,11,11,10
   Barbados,  South America,6641,6713,3105,3140,3536,3573
   Barbados, NORTHERN AMERICA,1751,1766,794,803,957,963
   Barbados, OCEANIA ,24,23,12,12,12,11
   Barbados,  Australia and New Zealand,24,23,12,12,12,11
   Barbados,  Melanesia,0,0,0,0,0,0
   Barbados,  Micronesia,0,0,0,0,0,0
   Barbados,  Polynesia*,0,0,0,0,0,0
   Barbados,   Antigua and Barbuda,194,194,82,82,112,112
   Barbados,   Australia*,24,23,12,12,12,11
   Barbados,   Bahamas,49,48,21,21,28,27
   Barbados,   Bermuda*,28,27,14,14,14,13
   Barbados,   Belize,22,21,11,11,11,10
   Barbados,   Canada,689,695,304,308,385,387
   Barbados,   China*,43,42,25,25,18,17
   Barbados,   Cuba,58,57,29,29,29,28
   Barbados,   Dominica,337,339,113,114,224,225
   Barbados,   Grenada,389,391,139,140,250,251
   Barbados,   Guyana,6594,6667,3093,3128,3501,3539
   Barbados,   Haiti,33,32,10,10,23,22
   Barbados,   India,463,467,226,229,237,238
   Barbados,   Jamaica,994,1004,344,348,650,656
   Barbados,   Saint Kitts and Nevis,109,109,49,50,60,59
   Barbados,   Saint Lucia,2177,2200,864,873,1313,1327
   Barbados,   Saint Vincent and the Grenadines,3114,3148,1252,1267,1862,1881
   Barbados,   Suriname,47,46,12,12,35,34
   Barbados,   Trinidad and Tobago,1490,1506,545,551,945,955
   Barbados,   United Kingdom*,2509,2537,1092,1105,1417,1432
   Barbados,   United States of America*,1034,1044,476,481,558,563
   Barbados,Other,14078,14272,6775,6858,7303,7414
"   Bonaire, Sint Eustatius and Saba*",WORLD,24571,26221,12709,13614,11862,12607
"   Bonaire, Sint Eustatius and Saba*",  Sub-Saharan Africa,0,0,0,0,0,0
"   Bonaire, Sint Eustatius and Saba*",  Northern Africa and Western Asia,0,0,0,0,0,0
"   Bonaire, Sint Eustatius and Saba*",  Central and Southern Asia,0,0,0,0,0,0
"   Bonaire, Sint Eustatius and Saba*",  Eastern and South-Eastern Asia,0,0,0,0,0,0
"   Bonaire, Sint Eustatius and Saba*",  Latin America and the Caribbean,0,0,0,0,0,0
"   Bonaire, Sint Eustatius and Saba*",  Oceania (excluding Australia and New Zealand),0,0,0,0,0,0
"   Bonaire, Sint Eustatius and Saba*",  Australia and New Zealand,0,0,0,0,0,0
"   Bonaire, Sint Eustatius and Saba*",  Europe and Northern America,0,0,0,0,0,0
"   Bonaire, Sint Eustatius and Saba*",  Developed regions,0,0,0,0,0,0
"   Bonaire, Sint Eustatius and Saba*",  Less developed regions,0,0,0,0,0,0
"   Bonaire, Sint Eustatius and Saba*"," Less developed regions, excluding least developed countries",0,0,0,0,0,0
"   Bonaire, Sint Eustatius and Saba*"," Less developed regions, excluding China",0,0,0,0,0,0
"   Bonaire, Sint Eustatius and Saba*",  Least developed countries,0,0,0,0,0,0
"   Bonaire, Sint Eustatius and Saba*",  Land-locked Developing Countries (LLDC),0,0,0,0,0,0
"   Bonaire, Sint Eustatius and Saba*",  Small island developing States (SIDS),0,0,0,0,0,0
"   Bonaire, Sint Eustatius and Saba*",  High-income countries,0,0,0,0,0,0
"   Bonaire, Sint Eustatius and Saba*",  Middle-income countries,0,0,0,0,0,0
"   Bonaire, Sint Eustatius and Saba*", Upper-middle-income countries,0,0,0,0,0,0
"   Bonaire, Sint Eustatius and Saba*", Lower-middle-income countries,0,0,0,0,0,0
"   Bonaire, Sint Eustatius and Saba*",  Low-income countries,0,0,0,0,0,0
"   Bonaire, Sint Eustatius and Saba*", AFRICA,0,0,0,0,0,0
"   Bonaire, Sint Eustatius and Saba*",  Eastern Africa,0,0,0,0,0,0
"   Bonaire, Sint Eustatius and Saba*",  Middle Africa,0,0,0,0,0,0
"   Bonaire, Sint Eustatius and Saba*",  Northern Africa,0,0,0,0,0,0
"   Bonaire, Sint Eustatius and Saba*",  Southern Africa,0,0,0,0,0,0
"   Bonaire, Sint Eustatius and Saba*",  Western Africa,0,0,0,0,0,0
"   Bonaire, Sint Eustatius and Saba*", ASIA,0,0,0,0,0,0
"   Bonaire, Sint Eustatius and Saba*",  Central Asia,0,0,0,0,0,0
"   Bonaire, Sint Eustatius and Saba*",  Eastern Asia,0,0,0,0,0,0
"   Bonaire, Sint Eustatius and Saba*",  South-Eastern Asia,0,0,0,0,0,0
"   Bonaire, Sint Eustatius and Saba*",  Southern Asia,0,0,0,0,0,0
"   Bonaire, Sint Eustatius and Saba*",  Western Asia,0,0,0,0,0,0
"   Bonaire, Sint Eustatius and Saba*", EUROPE,0,0,0,0,0,0
"   Bonaire, Sint Eustatius and Saba*",  Eastern Europe,0,0,0,0,0,0
"   Bonaire, Sint Eustatius and Saba*",  Northern Europe,0,0,0,0,0,0
"   Bonaire, Sint Eustatius and Saba*",  Southern Europe,0,0,0,0,0,0
"   Bonaire, Sint Eustatius and Saba*",  Western Europe,0,0,0,0,0,0
"   Bonaire, Sint Eustatius and Saba*", LATIN AMERICA AND THE CARIBBEAN,0,0,0,0,0,0
"   Bonaire, Sint Eustatius and Saba*",  Caribbean,0,0,0,0,0,0
"   Bonaire, Sint Eustatius and Saba*",  Central America,0,0,0,0,0,0
"   Bonaire, Sint Eustatius and Saba*",  South America,0,0,0,0,0,0
"   Bonaire, Sint Eustatius and Saba*", NORTHERN AMERICA,0,0,0,0,0,0
"   Bonaire, Sint Eustatius and Saba*", OCEANIA ,0,0,0,0,0,0
"   Bonaire, Sint Eustatius and Saba*",  Australia and New Zealand,0,0,0,0,0,0
"   Bonaire, Sint Eustatius and Saba*",  Melanesia,0,0,0,0,0,0
"   Bonaire, Sint Eustatius and Saba*",  Micronesia,0,0,0,0,0,0
"   Bonaire, Sint Eustatius and Saba*",  Polynesia*,0,0,0,0,0,0
"   Bonaire, Sint Eustatius and Saba*",   Antigua and Barbuda,0,0,0,0,0,0
"   Bonaire, Sint Eustatius and Saba*",   Argentina,0,0,0,0,0,0
"   Bonaire, Sint Eustatius and Saba*",   Bahamas,0,0,0,0,0,0
"   Bonaire, Sint Eustatius and Saba*",   Barbados,0,0,0,0,0,0
"   Bonaire, Sint Eustatius and Saba*",   British Virgin Islands*,0,0,0,0,0,0
"   Bonaire, Sint Eustatius and Saba*",   Canada,0,0,0,0,0,0
"   Bonaire, Sint Eustatius and Saba*",   China*,0,0,0,0,0,0
"   Bonaire, Sint Eustatius and Saba*",   Colombia,0,0,0,0,0,0
"   Bonaire, Sint Eustatius and Saba*",   Cuba,0,0,0,0,0,0
"   Bonaire, Sint Eustatius and Saba*",   Dominica,0,0,0,0,0,0
"   Bonaire, Sint Eustatius and Saba*",   Dominican Republic,0,0,0,0,0,0
"   Bonaire, Sint Eustatius and Saba*",   France*,0,0,0,0,0,0
"   Bonaire, Sint Eustatius and Saba*",   French Guiana*,0,0,0,0,0,0
"   Bonaire, Sint Eustatius and Saba*",   Grenada,0,0,0,0,0,0
"   Bonaire, Sint Eustatius and Saba*",   Guadeloupe*,0,0,0,0,0,0
"   Bonaire, Sint Eustatius and Saba*",   Guyana,0,0,0,0,0,0
"   Bonaire, Sint Eustatius and Saba*",   Haiti,0,0,0,0,0,0
"   Bonaire, Sint Eustatius and Saba*","   China, Hong Kong SAR*",0,0,0,0,0,0
"   Bonaire, Sint Eustatius and Saba*",   India,0,0,0,0,0,0
"   Bonaire, Sint Eustatius and Saba*",   Indonesia,0,0,0,0,0,0
"   Bonaire, Sint Eustatius and Saba*",   Italy,0,0,0,0,0,0
"   Bonaire, Sint Eustatius and Saba*",   Jamaica,0,0,0,0,0,0
"   Bonaire, Sint Eustatius and Saba*",   Japan,0,0,0,0,0,0
"   Bonaire, Sint Eustatius and Saba*",   Lebanon,0,0,0,0,0,0
"   Bonaire, Sint Eustatius and Saba*",   Martinique*,0,0,0,0,0,0
"   Bonaire, Sint Eustatius and Saba*",   Mexico,0,0,0,0,0,0
"   Bonaire, Sint Eustatius and Saba*",   Netherlands*,0,0,0,0,0,0
"   Bonaire, Sint Eustatius and Saba*",   Curaçao*,0,0,0,0,0,0
"   Bonaire, Sint Eustatius and Saba*",   Aruba*,0,0,0,0,0,0
"   Bonaire, Sint Eustatius and Saba*",   Sint Maarten (Dutch part)*,0,0,0,0,0,0
"   Bonaire, Sint Eustatius and Saba*",   New Zealand*,0,0,0,0,0,0
"   Bonaire, Sint Eustatius and Saba*",   Norway*,0,0,0,0,0,0
"   Bonaire, Sint Eustatius and Saba*",   Portugal,0,0,0,0,0,0
"   Bonaire, Sint Eustatius and Saba*",   Puerto Rico*,0,0,0,0,0,0
"   Bonaire, Sint Eustatius and Saba*",   Saint Kitts and Nevis,0,0,0,0,0,0
"   Bonaire, Sint Eustatius and Saba*",   Anguilla*,0,0,0,0,0,0
"   Bonaire, Sint Eustatius and Saba*",   Saint Lucia,0,0,0,0,0,0
"   Bonaire, Sint Eustatius and Saba*",   Saint Vincent and the Grenadines,0,0,0,0,0,0
"   Bonaire, Sint Eustatius and Saba*",   Spain*,0,0,0,0,0,0
"   Bonaire, Sint Eustatius and Saba*",   Suriname,0,0,0,0,0,0
"   Bonaire, Sint Eustatius and Saba*",   Trinidad and Tobago,0,0,0,0,0,0
"   Bonaire, Sint Eustatius and Saba*",   United Kingdom*,0,0,0,0,0,0
"   Bonaire, Sint Eustatius and Saba*",   United States of America*,0,0,0,0,0,0
"   Bonaire, Sint Eustatius and Saba*",   United States Virgin Islands*,0,0,0,0,0,0
"   Bonaire, Sint Eustatius and Saba*",   Venezuela (Bolivarian Republic of),0,0,0,0,0,0
"   Bonaire, Sint Eustatius and Saba*",Other,24571,26221,12709,13614,11862,12607
   British Virgin Islands*,WORLD,19535,22164,9413,10681,10122,11483
   British Virgin Islands*,  Sub-Saharan Africa,0,0,0,0,0,0
   British Virgin Islands*,  Northern Africa and Western Asia,24,27,19,22,5,5
   British Virgin Islands*,  Central and Southern Asia,40,45,21,24,19,21
   British Virgin Islands*,  Eastern and South-Eastern Asia,0,0,0,0,0,0
   British Virgin Islands*,  Latin America and the Caribbean,13687,15523,6709,7614,6978,7909
   British Virgin Islands*,  Oceania (excluding Australia and New Zealand),0,0,0,0,0,0
   British Virgin Islands*,  Australia and New Zealand,24,27,5,6,19,21
   British Virgin Islands*,  Europe and Northern America,2897,3284,1395,1582,1502,1702
   British Virgin Islands*,  Developed regions,2921,3311,1400,1588,1521,1723
   British Virgin Islands*,  Less developed regions,13751,15595,6749,7660,7002,7935
   British Virgin Islands*," Less developed regions, excluding least developed countries",13751,15595,6749,7660,7002,7935
   British Virgin Islands*," Less developed regions, excluding China",13751,15595,6749,7660,7002,7935
   British Virgin Islands*,  Least developed countries,0,0,0,0,0,0
   British Virgin Islands*,  Land-locked Developing Countries (LLDC),0,0,0,0,0,0
   British Virgin Islands*,  Small island developing States (SIDS),13687,15523,6709,7614,6978,7909
   British Virgin Islands*,  High-income countries,6359,7210,3149,3574,3210,3636
   British Virgin Islands*,  Middle-income countries,10098,11453,4909,5571,5189,5882
   British Virgin Islands*, Upper-middle-income countries,10058,11408,4888,5547,5170,5861
   British Virgin Islands*, Lower-middle-income countries,40,45,21,24,19,21
   British Virgin Islands*,  Low-income countries,0,0,0,0,0,0
   British Virgin Islands*, AFRICA,0,0,0,0,0,0
   British Virgin Islands*,  Eastern Africa,0,0,0,0,0,0
   British Virgin Islands*,  Middle Africa,0,0,0,0,0,0
   British Virgin Islands*,  Northern Africa,0,0,0,0,0,0
   British Virgin Islands*,  Southern Africa,0,0,0,0,0,0
   British Virgin Islands*,  Western Africa,0,0,0,0,0,0
   British Virgin Islands*, ASIA,64,72,40,46,24,26
   British Virgin Islands*,  Central Asia,0,0,0,0,0,0
   British Virgin Islands*,  Eastern Asia,0,0,0,0,0,0
   British Virgin Islands*,  South-Eastern Asia,0,0,0,0,0,0
   British Virgin Islands*,  Southern Asia,40,45,21,24,19,21
   British Virgin Islands*,  Western Asia,24,27,19,22,5,5
   British Virgin Islands*, EUROPE,899,1018,490,555,409,463
   British Virgin Islands*,  Eastern Europe,0,0,0,0,0,0
   British Virgin Islands*,  Northern Europe,816,925,448,508,368,417
   British Virgin Islands*,  Southern Europe,0,0,0,0,0,0
   British Virgin Islands*,  Western Europe,83,93,42,47,41,46
   British Virgin Islands*, LATIN AMERICA AND THE CARIBBEAN,13687,15523,6709,7614,6978,7909
   British Virgin Islands*,  Caribbean,11373,12898,5540,6287,5833,6611
   British Virgin Islands*,  Central America,0,0,0,0,0,0
   British Virgin Islands*,  South America,2314,2625,1169,1327,1145,1298
   British Virgin Islands*, NORTHERN AMERICA,1998,2266,905,1027,1093,1239
   British Virgin Islands*, OCEANIA ,24,27,5,6,19,21
   British Virgin Islands*,  Australia and New Zealand,24,27,5,6,19,21
   British Virgin Islands*,  Melanesia,0,0,0,0,0,0
   British Virgin Islands*,  Micronesia,0,0,0,0,0,0
   British Virgin Islands*,  Polynesia*,0,0,0,0,0,0
   British Virgin Islands*,   Antigua and Barbuda,773,877,332,377,441,500
   British Virgin Islands*,   Australia*,24,27,5,6,19,21
   British Virgin Islands*,   Bahamas,26,29,7,8,19,21
   British Virgin Islands*,   Barbados,187,212,117,133,70,79
   British Virgin Islands*,   Canada,240,272,108,123,132,149
   British Virgin Islands*,   Dominica,1256,1425,565,642,691,783
   British Virgin Islands*,   Dominican Republic,1745,1979,856,971,889,1008
   British Virgin Islands*,   France*,24,27,15,17,9,10
   British Virgin Islands*,   Germany,59,66,27,30,32,36
   British Virgin Islands*,   Guyana,2314,2625,1169,1327,1145,1298
   British Virgin Islands*,   India,40,45,21,24,19,21
   British Virgin Islands*,   Jamaica,1941,2202,803,911,1138,1291
   British Virgin Islands*,   Lebanon,24,27,19,22,5,5
   British Virgin Islands*,   Montserrat*,215,243,91,103,124,140
   British Virgin Islands*,   Puerto Rico*,536,608,271,308,265,300
   British Virgin Islands*,   Saint Kitts and Nevis,1388,1574,689,782,699,792
   British Virgin Islands*,   Saint Lucia,527,597,217,246,310,351
   British Virgin Islands*,   Saint Vincent and the Grenadines,2251,2553,1259,1428,992,1125
   British Virgin Islands*,   Trinidad and Tobago,528,599,333,378,195,221
   British Virgin Islands*,   United Kingdom*,816,925,448,508,368,417
   British Virgin Islands*,   United States of America*,1758,1994,797,904,961,1090
   British Virgin Islands*,Other,2863,3258,1264,1433,1599,1825
   Cayman Islands*,WORLD,26193,29242,13406,15017,12787,14225
   Cayman Islands*,  Sub-Saharan Africa,154,167,89,100,65,67
   Cayman Islands*,  Northern Africa and Western Asia,12,12,3,2,9,10
   Cayman Islands*,  Central and Southern Asia,701,779,526,587,175,192
   Cayman Islands*,  Eastern and South-Eastern Asia,1978,2204,1083,1211,895,993
   Cayman Islands*,  Latin America and the Caribbean,15769,17573,7734,8662,8035,8911
   Cayman Islands*,  Oceania (excluding Australia and New Zealand),0,0,0,0,0,0
   Cayman Islands*,  Australia and New Zealand,244,271,144,163,100,108
   Cayman Islands*,  Europe and Northern America,7257,8086,3784,4233,3473,3853
   Cayman Islands*,  Developed regions,7521,8378,3943,4412,3578,3966
   Cayman Islands*,  Less developed regions,18594,20714,9420,10546,9174,10168
   Cayman Islands*," Less developed regions, excluding least developed countries",18523,20637,9371,10491,9152,10146
   Cayman Islands*," Less developed regions, excluding China",18594,20714,9420,10546,9174,10168
   Cayman Islands*,  Least developed countries,71,77,49,55,22,22
   Cayman Islands*,  Land-locked Developing Countries (LLDC),56,61,48,53,8,8
   Cayman Islands*,  Small island developing States (SIDS),12715,14161,6475,7244,6240,6917
   Cayman Islands*,  High-income countries,8411,9364,4417,4941,3994,4423
   Cayman Islands*,  Middle-income countries,17657,19677,8905,9972,8752,9705
   Cayman Islands*, Upper-middle-income countries,12764,14224,6502,7279,6262,6945
   Cayman Islands*, Lower-middle-income countries,4893,5453,2403,2693,2490,2760
   Cayman Islands*,  Low-income countries,47,51,41,45,6,6
   Cayman Islands*, AFRICA,154,167,89,100,65,67
   Cayman Islands*,  Eastern Africa,78,84,31,36,47,48
   Cayman Islands*,  Middle Africa,0,0,0,0,0,0
   Cayman Islands*,  Northern Africa,0,0,0,0,0,0
   Cayman Islands*,  Southern Africa,38,41,20,22,18,19
   Cayman Islands*,  Western Africa,38,42,38,42,0,0
   Cayman Islands*, ASIA,2691,2995,1612,1800,1079,1195
   Cayman Islands*,  Central Asia,0,0,0,0,0,0
   Cayman Islands*,  Eastern Asia,20,21,15,16,5,5
   Cayman Islands*,  South-Eastern Asia,1958,2183,1068,1195,890,988
   Cayman Islands*,  Southern Asia,701,779,526,587,175,192
   Cayman Islands*,  Western Asia,12,12,3,2,9,10
   Cayman Islands*, EUROPE,2894,3218,1619,1809,1275,1409
   Cayman Islands*,  Eastern Europe,0,0,0,0,0,0
   Cayman Islands*,  Northern Europe,2419,2696,1266,1416,1153,1280
   Cayman Islands*,  Southern Europe,120,133,93,105,27,28
   Cayman Islands*,  Western Europe,355,389,260,288,95,101
   Cayman Islands*, LATIN AMERICA AND THE CARIBBEAN,15769,17573,7734,8662,8035,8911
   Cayman Islands*,  Caribbean,11994,13359,6054,6775,5940,6584
   Cayman Islands*,  Central America,2887,3216,1219,1366,1668,1850
   Cayman Islands*,  South America,888,998,461,521,427,477
   Cayman Islands*, NORTHERN AMERICA,4363,4868,2165,2424,2198,2444
   Cayman Islands*, OCEANIA ,244,271,144,163,100,108
   Cayman Islands*,  Australia and New Zealand,244,271,144,163,100,108
   Cayman Islands*,  Melanesia,0,0,0,0,0,0
   Cayman Islands*,  Micronesia,0,0,0,0,0,0
   Cayman Islands*,  Polynesia*,0,0,0,0,0,0
   Cayman Islands*,   Argentina,12,12,5,4,7,8
   Cayman Islands*,   Australia*,187,208,105,119,82,89
   Cayman Islands*,   Austria,50,55,41,45,9,10
   Cayman Islands*,   Bahamas,185,205,97,108,88,97
   Cayman Islands*,   Barbados,183,203,118,132,65,71
   Cayman Islands*,   Belgium,12,12,7,7,5,5
   Cayman Islands*,   Bermuda*,34,37,27,29,7,8
   Cayman Islands*,   Brazil,71,78,34,38,37,40
   Cayman Islands*,   Belize,352,392,195,218,157,174
   Cayman Islands*,   Canada,1451,1619,688,771,763,848
   Cayman Islands*,   Colombia,419,467,197,221,222,246
   Cayman Islands*,   Costa Rica,130,144,92,103,38,41
   Cayman Islands*,   Cuba,757,844,364,409,393,435
   Cayman Islands*,   Denmark*,18,19,12,13,6,6
   Cayman Islands*,   Dominican Republic,66,72,52,58,14,14
   Cayman Islands*,   Finland*,9,10,4,5,5,5
   Cayman Islands*,   France*,38,41,24,27,14,14
   Cayman Islands*,   Germany,136,151,92,103,44,48
   Cayman Islands*,   Grenada,16,17,10,11,6,6
   Cayman Islands*,   Guyana,335,373,199,222,136,151
   Cayman Islands*,   Haiti,18,19,12,13,6,6
   Cayman Islands*,   Honduras,1833,2046,677,761,1156,1285
   Cayman Islands*,   India,582,648,449,501,133,147
   Cayman Islands*,   Iran (Islamic Republic of),9,10,6,7,3,3
   Cayman Islands*,   Ireland,231,257,108,121,123,136
   Cayman Islands*,   Israel,12,12,3,2,9,10
   Cayman Islands*,   Italy,91,101,80,90,11,11
   Cayman Islands*,   Jamaica,10354,11540,5190,5808,5164,5732
   Cayman Islands*,   Japan,20,21,15,16,5,5
   Cayman Islands*,   Kenya,36,39,10,12,26,27
   Cayman Islands*,   Malaysia*,18,19,13,14,5,5
   Cayman Islands*,   Mexico,40,43,20,22,20,21
   Cayman Islands*,   Netherlands*,38,41,33,36,5,5
   Cayman Islands*,   Curaçao*,12,12,11,11,1,1
   Cayman Islands*,   New Zealand*,57,63,39,44,18,19
   Cayman Islands*,   Nicaragua,396,440,161,180,235,260
   Cayman Islands*,   Niger,29,32,29,32,0,0
   Cayman Islands*,   Nigeria,9,10,9,10,0,0
   Cayman Islands*,   Pakistan,110,121,71,79,39,42
   Cayman Islands*,   Panama,136,151,74,82,62,69
   Cayman Islands*,   Peru,15,16,6,6,9,10
   Cayman Islands*,   Philippines,1885,2104,1005,1126,880,978
   Cayman Islands*,   Puerto Rico*,48,53,22,26,26,27
   Cayman Islands*,   Saint Lucia,9,10,4,5,5,5
   Cayman Islands*,   Saint Vincent and the Grenadines,32,34,25,26,7,8
   Cayman Islands*,   South Africa,38,41,20,22,18,19
   Cayman Islands*,   Zimbabwe,18,19,13,14,5,5
   Cayman Islands*,   Spain*,29,32,13,15,16,17
   Cayman Islands*,   Switzerland,81,89,63,70,18,19
   Cayman Islands*,   Thailand,55,60,50,55,5,5
   Cayman Islands*,   Trinidad and Tobago,314,350,149,168,165,182
   Cayman Islands*,   United Kingdom*,2146,2394,1134,1269,1012,1125
   Cayman Islands*,   Channel Islands*,15,16,8,8,7,8
   Cayman Islands*,   United Republic of Tanzania*,15,16,2,3,13,13
   Cayman Islands*,   United States of America*,2878,3212,1450,1624,1428,1588
   Cayman Islands*,   Venezuela (Bolivarian Republic of),36,52,20,30,16,22
   Cayman Islands*,   Zambia,9,10,6,7,3,3
   Cayman Islands*,Other,78,150,43,59,35,91
   Cuba,WORLD,4649,3024,2027,1312,2622,1712
   Cuba,  Sub-Saharan Africa,44,30,17,11,27,19
   Cuba,  Northern Africa and Western Asia,27,17,15,9,12,8
   Cuba,  Central and Southern Asia,0,0,0,0,0,0
   Cuba,  Eastern and South-Eastern Asia,76,42,49,27,27,15
   Cuba,  Latin America and the Caribbean,1176,843,510,352,666,491
   Cuba,  Oceania (excluding Australia and New Zealand),0,0,0,0,0,0
   Cuba,  Australia and New Zealand,0,0,0,0,0,0
   Cuba,  Europe and Northern America,2885,1874,1215,806,1670,1068
   Cuba,  Developed regions,2885,1874,1215,806,1670,1068
   Cuba,  Less developed regions,1323,932,591,399,732,533
   Cuba," Less developed regions, excluding least developed countries",1153,848,506,359,647,489
   Cuba," Less developed regions, excluding China",1247,890,542,372,705,518
   Cuba,  Least developed countries,170,84,85,40,85,44
   Cuba,  Land-locked Developing Countries (LLDC),52,46,23,20,29,26
   Cuba,  Small island developing States (SIDS),245,116,112,51,133,65
   Cuba,  High-income countries,2186,1475,1055,721,1131,754
   Cuba,  Middle-income countries,1896,1277,683,455,1213,822
   Cuba, Upper-middle-income countries,1466,991,543,363,923,628
   Cuba, Lower-middle-income countries,430,286,140,92,290,194
   Cuba,  Low-income countries,126,54,68,29,58,25
   Cuba, AFRICA,57,38,22,14,35,24
   Cuba,  Eastern Africa,0,0,0,0,0,0
   Cuba,  Middle Africa,44,30,17,11,27,19
   Cuba,  Northern Africa,13,8,5,3,8,5
   Cuba,  Southern Africa,0,0,0,0,0,0
   Cuba,  Western Africa,0,0,0,0,0,0
   Cuba, ASIA,90,51,59,33,31,18
   Cuba,  Central Asia,0,0,0,0,0,0
   Cuba,  Eastern Asia,76,42,49,27,27,15
   Cuba,  South-Eastern Asia,0,0,0,0,0,0
   Cuba,  Southern Asia,0,0,0,0,0,0
   Cuba,  Western Asia,14,9,10,6,4,3
   Cuba, EUROPE,2598,1673,1072,708,1526,965
   Cuba,  Eastern Europe,979,591,270,159,709,432
   Cuba,  Northern Europe,37,31,17,14,20,17
   Cuba,  Southern Europe,1337,876,666,452,671,424
   Cuba,  Western Europe,245,175,119,83,126,92
   Cuba, LATIN AMERICA AND THE CARIBBEAN,1176,843,510,352,666,491
   Cuba,  Caribbean,245,116,112,51,133,65
   Cuba,  Central America,318,206,131,83,187,123
   Cuba,  South America,613,521,267,218,346,303
   Cuba, NORTHERN AMERICA,287,201,143,98,144,103
   Cuba, OCEANIA ,0,0,0,0,0,0
   Cuba,  Australia and New Zealand,0,0,0,0,0,0
   Cuba,  Melanesia,0,0,0,0,0,0
   Cuba,  Micronesia,0,0,0,0,0,0
   Cuba,  Polynesia*,0,0,0,0,0,0
   Cuba,   Albania,1,0,1,0,0,0
   Cuba,   Algeria,13,8,5,3,8,5
   Cuba,   Angola,44,30,17,11,27,19
   Cuba,   Argentina,58,35,21,12,37,23
   Cuba,   Bolivia (Plurinational State of),52,46,23,20,29,26
   Cuba,   Bulgaria,27,13,6,3,21,10
   Cuba,   Canada,34,25,20,14,14,11
   Cuba,   Chile,92,67,54,38,38,29
   Cuba,   China*,76,42,49,27,27,15
   Cuba,   Colombia,65,42,30,19,35,23
   Cuba,   Czechia,44,24,13,7,31,17
   Cuba,   Dominican Republic,27,14,6,3,21,11
   Cuba,   Ecuador,53,47,22,19,31,28
   Cuba,   France*,90,69,47,35,43,34
   Cuba,   Germany,155,106,72,48,83,58
   Cuba,   Greenland*,0,0,0,0,0,0
   Cuba,   Grenada,0,0,0,0,0,0
   Cuba,   Guatemala,27,18,12,8,15,10
   Cuba,   Haiti,126,54,68,29,58,25
   Cuba,   Hungary,16,9,7,4,9,5
   Cuba,   Italy,337,371,210,227,127,144
   Cuba,   Jamaica,71,38,31,16,40,22
   Cuba,   Lebanon,14,9,10,6,4,3
   Cuba,   Mexico,161,106,73,47,88,59
   Cuba,   Nicaragua,109,71,40,25,69,46
   Cuba,   Panama,21,11,6,3,15,8
   Cuba,   Peru,52,39,22,16,30,23
   Cuba,   Poland,21,11,5,2,16,9
   Cuba,   Puerto Rico*,21,10,7,3,14,7
   Cuba,   Romania,66,60,19,17,47,43
   Cuba,   Russian Federation,593,343,165,93,428,250
   Cuba,   Spain*,999,505,455,225,544,280
   Cuba,   Ukraine*,212,131,55,33,157,98
   Cuba,   United Kingdom*,37,31,17,14,20,17
   Cuba,   United States of America*,253,176,123,84,130,92
   Cuba,   Venezuela (Bolivarian Republic of),241,245,95,94,146,151
   Cuba,Other,441,218,221,107,220,111
   Curaçao*,WORLD,37611,57210,15467,24958,22144,32252
   Curaçao*,  Sub-Saharan Africa,0,0,0,0,0,0
   Curaçao*,  Northern Africa and Western Asia,252,293,167,197,85,96
   Curaçao*,  Central and Southern Asia,637,742,393,465,244,277
   Curaçao*,  Eastern and South-Eastern Asia,912,1060,453,539,459,521
   Curaçao*,  Latin America and the Caribbean,24121,41994,8527,16962,15594,25032
   Curaçao*,  Oceania (excluding Australia and New Zealand),0,0,0,0,0,0
   Curaçao*,  Australia and New Zealand,0,0,0,0,0,0
   Curaçao*,  Europe and Northern America,11125,12442,5638,6444,5487,5998
   Curaçao*,  Developed regions,11255,12593,5699,6517,5556,6076
   Curaçao*,  Less developed regions,25792,43938,9479,18090,16313,25848
   Curaçao*," Less developed regions, excluding least developed countries",23824,41643,8399,16806,15425,24837
   Curaçao*," Less developed regions, excluding China",25192,43240,9175,17728,16017,25512
   Curaçao*,  Least developed countries,1968,2295,1080,1284,888,1011
   Curaçao*,  Land-locked Developing Countries (LLDC),0,0,0,0,0,0
   Curaçao*,  Small island developing States (SIDS),15064,17553,5117,6243,9947,11310
   Curaçao*,  High-income countries,14318,16159,6818,7879,7500,8280
   Curaçao*,  Middle-income countries,18260,35164,6262,14217,11998,20947
   Curaçao*, Upper-middle-income countries,17623,34422,5869,13752,11754,20670
   Curaçao*, Lower-middle-income countries,637,742,393,465,244,277
   Curaçao*,  Low-income countries,1968,2295,1080,1284,888,1011
   Curaçao*, AFRICA,0,0,0,0,0,0
   Curaçao*,  Eastern Africa,0,0,0,0,0,0
   Curaçao*,  Middle Africa,0,0,0,0,0,0
   Curaçao*,  Northern Africa,0,0,0,0,0,0
   Curaçao*,  Southern Africa,0,0,0,0,0,0
   Curaçao*,  Western Africa,0,0,0,0,0,0
   Curaçao*, ASIA,1801,2095,1013,1201,788,894
   Curaçao*,  Central Asia,0,0,0,0,0,0
   Curaçao*,  Eastern Asia,730,849,365,435,365,414
   Curaçao*,  South-Eastern Asia,182,211,88,104,94,107
   Curaçao*,  Southern Asia,637,742,393,465,244,277
   Curaçao*,  Western Asia,252,293,167,197,85,96
   Curaçao*, EUROPE,10705,11955,5407,6170,5298,5785
   Curaçao*,  Eastern Europe,0,0,0,0,0,0
   Curaçao*,  Northern Europe,24,27,9,10,15,17
   Curaçao*,  Southern Europe,962,1119,473,563,489,556
   Curaçao*,  Western Europe,9719,10809,4925,5597,4794,5212
   Curaçao*, LATIN AMERICA AND THE CARIBBEAN,24121,41994,8527,16962,15594,25032
   Curaçao*,  Caribbean,15069,17562,5063,6183,10006,11379
   Curaçao*,  Central America,13,15,4,6,9,9
   Curaçao*,  South America,9039,24417,3460,10773,5579,13644
   Curaçao*, NORTHERN AMERICA,420,487,231,274,189,213
   Curaçao*, OCEANIA ,0,0,0,0,0,0
   Curaçao*,  Australia and New Zealand,0,0,0,0,0,0
   Curaçao*,  Melanesia,0,0,0,0,0,0
   Curaçao*,  Micronesia,0,0,0,0,0,0
   Curaçao*,  Polynesia*,0,0,0,0,0,0
   Curaçao*,   Antigua and Barbuda,54,62,13,17,41,45
   Curaçao*,   Argentina,21,24,7,9,14,15
   Curaçao*,   Bahamas,81,94,40,49,41,45
   Curaçao*,   Barbados,191,222,34,44,157,178
   Curaçao*,   Belgium,91,104,42,49,49,55
   Curaçao*,   British Virgin Islands*,99,115,16,21,83,94
   Curaçao*,   Canada,90,103,59,69,31,34
   Curaçao*,   China*,489,569,232,277,257,292
   Curaçao*,   Colombia,4797,5058,1650,1737,3147,3321
   Curaçao*,   Cuba,233,271,112,134,121,137
   Curaçao*,   Dominica,107,124,19,25,88,99
   Curaçao*,   Dominican Republic,5715,6665,1357,1702,4358,4963
   Curaçao*,   Germany,124,143,64,75,60,68
   Curaçao*,   Grenada,2,2,1,1,1,1
   Curaçao*,   Guadeloupe*,94,109,41,49,53,60
   Curaçao*,   Guyana,458,533,194,234,264,299
   Curaçao*,   Haiti,1968,2295,1080,1284,888,1011
   Curaçao*,"   China, Hong Kong SAR*",111,129,72,85,39,44
   Curaçao*,   India,637,742,393,465,244,277
   Curaçao*,   Indonesia,182,211,88,104,94,107
   Curaçao*,   Italy,23,27,17,21,6,6
   Curaçao*,   Jamaica,1300,1516,379,467,921,1049
   Curaçao*,   Japan,130,151,61,73,69,78
   Curaçao*,   Lebanon,252,293,167,197,85,96
   Curaçao*,   Martinique*,31,35,13,16,18,19
   Curaçao*,   Mexico,13,15,4,6,9,9
   Curaçao*,   Netherlands*,9504,10562,4819,5473,4685,5089
   Curaçao*,   Aruba*,1708,1992,633,769,1075,1223
   Curaçao*,   Sint Maarten (Dutch part)*,499,581,215,258,284,323
   Curaçao*,"   Bonaire, Sint Eustatius and Saba*",2334,2722,953,1149,1381,1573
   Curaçao*,   Peru,105,122,46,55,59,67
   Curaçao*,   Portugal,919,1070,449,535,470,535
   Curaçao*,   Puerto Rico*,15,17,4,6,11,11
   Curaçao*,   Saint Kitts and Nevis,181,210,42,52,139,158
   Curaçao*,   Anguilla*,42,47,11,13,31,34
   Curaçao*,   Saint Vincent and the Grenadines,291,339,50,66,241,273
   Curaçao*,   Spain*,20,22,7,7,13,15
   Curaçao*,   Suriname,1871,2180,813,975,1058,1205
   Curaçao*,   Trinidad and Tobago,96,112,42,51,54,61
   Curaçao*,   United Kingdom*,24,27,9,10,15,17
   Curaçao*,   United States of America*,330,384,172,205,158,179
   Curaçao*,   United States Virgin Islands*,28,32,8,10,20,22
   Curaçao*,   Venezuela (Bolivarian Republic of),1787,16500,750,7763,1037,8737
   Curaçao*,Other,564,679,289,351,275,328
   Dominica,WORLD,8093,8284,4215,4314,3878,3970
   Dominica,  Sub-Saharan Africa,50,50,20,21,30,29
   Dominica,  Northern Africa and Western Asia,50,48,38,38,12,10
   Dominica,  Central and Southern Asia,28,27,16,16,12,11
   Dominica,  Eastern and South-Eastern Asia,38,37,25,25,13,12
   Dominica,  Latin America and the Caribbean,4762,4868,2416,2470,2346,2398
   Dominica,  Oceania (excluding Australia and New Zealand),0,0,0,0,0,0
   Dominica,  Australia and New Zealand,7,6,2,2,5,4
   Dominica,  Europe and Northern America,1560,1588,877,898,683,690
   Dominica,  Developed regions,1567,1594,879,900,688,694
   Dominica,  Less developed regions,4928,5030,2515,2570,2413,2460
   Dominica," Less developed regions, excluding least developed countries",2475,2493,1288,1318,1187,1175
   Dominica," Less developed regions, excluding China",4890,4993,2490,2545,2400,2448
   Dominica,  Least developed countries,2453,2537,1227,1252,1226,1285
   Dominica,  Land-locked Developing Countries (LLDC),0,0,0,0,0,0
   Dominica,  Small island developing States (SIDS),4709,4817,2406,2460,2303,2357
   Dominica,  High-income countries,2705,2746,1470,1506,1235,1240
   Dominica,  Middle-income countries,936,940,468,478,468,462
   Dominica, Upper-middle-income countries,858,863,432,441,426,422
   Dominica, Lower-middle-income countries,78,77,36,37,42,40
   Dominica,  Low-income countries,2469,2552,1238,1263,1231,1289
   Dominica, AFRICA,50,50,20,21,30,29
   Dominica,  Eastern Africa,0,0,0,0,0,0
   Dominica,  Middle Africa,0,0,0,0,0,0
   Dominica,  Northern Africa,0,0,0,0,0,0
   Dominica,  Southern Africa,0,0,0,0,0,0
   Dominica,  Western Africa,50,50,20,21,30,29
   Dominica, ASIA,116,112,79,79,37,33
   Dominica,  Central Asia,0,0,0,0,0,0
   Dominica,  Eastern Asia,38,37,25,25,13,12
   Dominica,  South-Eastern Asia,0,0,0,0,0,0
   Dominica,  Southern Asia,28,27,16,16,12,11
   Dominica,  Western Asia,50,48,38,38,12,10
   Dominica, EUROPE,753,765,400,409,353,356
   Dominica,  Eastern Europe,0,0,0,0,0,0
   Dominica,  Northern Europe,633,647,329,337,304,310
   Dominica,  Southern Europe,0,0,0,0,0,0
   Dominica,  Western Europe,120,118,71,72,49,46
   Dominica, LATIN AMERICA AND THE CARIBBEAN,4762,4868,2416,2470,2346,2398
   Dominica,  Caribbean,4500,4606,2289,2340,2211,2266
   Dominica,  Central America,0,0,0,0,0,0
   Dominica,  South America,262,262,127,130,135,132
   Dominica, NORTHERN AMERICA,807,823,477,489,330,334
   Dominica, OCEANIA ,7,6,2,2,5,4
   Dominica,  Australia and New Zealand,7,6,2,2,5,4
   Dominica,  Melanesia,0,0,0,0,0,0
   Dominica,  Micronesia,0,0,0,0,0,0
   Dominica,  Polynesia*,0,0,0,0,0,0
   Dominica,   Antigua and Barbuda,442,451,212,218,230,233
   Dominica,   Australia*,7,6,2,2,5,4
   Dominica,   Bahamas,12,11,5,5,7,6
   Dominica,   Barbados,167,169,91,93,76,76
   Dominica,   British Virgin Islands*,85,85,42,43,43,42
   Dominica,   Canada,184,186,94,96,90,90
   Dominica,   China*,38,37,25,25,13,12
   Dominica,   Cuba,12,11,3,3,9,8
   Dominica,   France*,80,80,53,54,27,26
   Dominica,   French Guiana*,23,22,6,6,17,16
   Dominica,   Germany,30,29,13,13,17,16
   Dominica,   Guadeloupe*,38,37,12,12,26,25
   Dominica,   Guyana,190,193,105,108,85,85
   Dominica,   Haiti,2453,2537,1227,1252,1226,1285
   Dominica,   India,28,27,16,16,12,11
   Dominica,   Jamaica,129,130,44,45,85,85
   Dominica,   Lebanon,34,33,27,27,7,6
   Dominica,   Martinique*,143,145,100,103,43,42
   Dominica,   Montserrat*,162,164,86,88,76,76
   Dominica,   Netherlands*,10,9,5,5,5,4
   Dominica,   Aruba*,47,46,17,17,30,29
   Dominica,   Nigeria,50,50,20,21,30,29
   Dominica,   Puerto Rico*,16,15,15,15,1,0
   Dominica,   Saint Kitts and Nevis,63,63,26,27,37,36
   Dominica,   Anguilla*,19,18,14,14,5,4
   Dominica,   Saint Lucia,281,286,142,146,139,140
   Dominica,   Saint Vincent and the Grenadines,125,126,70,71,55,55
   Dominica,   Suriname,19,18,12,12,7,6
   Dominica,   Syrian Arab Republic,16,15,11,11,5,4
   Dominica,   Trinidad and Tobago,306,312,183,188,123,124
   Dominica,   United Kingdom*,633,647,329,337,304,310
   Dominica,   United States of America*,623,637,383,393,240,244
   Dominica,   Venezuela (Bolivarian Republic of),30,29,4,4,26,25
   Dominica,Other,1598,1660,821,844,777,816
   Dominican Republic,WORLD,549289,603794,353448,382542,195841,221252
   Dominican Republic,  Sub-Saharan Africa,299,307,172,178,127,129
   Dominican Republic,  Northern Africa and Western Asia,381,390,269,276,112,114
   Dominican Republic,  Central and Southern Asia,221,227,166,171,55,56
   Dominican Republic,  Eastern and South-Eastern Asia,4873,5082,3038,3167,1835,1915
   Dominican Republic,  Latin America and the Caribbean,499069,551470,323368,351197,175701,200273
   Dominican Republic,  Oceania (excluding Australia and New Zealand),19,19,7,7,12,12
   Dominican Republic,  Australia and New Zealand,40,41,28,28,12,13
   Dominican Republic,  Europe and Northern America,35919,37470,21636,22554,14283,14916
   Dominican Republic,  Developed regions,36304,37870,21838,22764,14466,15106
   Dominican Republic,  Less developed regions,504517,557136,326846,354814,177671,202322
   Dominican Republic," Less developed regions, excluding least developed countries",29163,60744,16221,30852,12942,29892
   Dominican Republic," Less developed regions, excluding China",500741,553194,324398,352260,176343,200934
   Dominican Republic,  Least developed countries,475354,496392,310625,323962,164729,172430
   Dominican Republic,  Land-locked Developing Countries (LLDC),391,402,238,246,153,156
   Dominican Republic,  Small island developing States (SIDS),484012,505419,315586,329128,168426,176291
   Dominican Republic,  High-income countries,43036,44891,25683,26770,17353,18121
   Dominican Republic,  Middle-income countries,22235,53523,12261,26727,9974,26796
   Dominican Republic, Upper-middle-income countries,20542,51770,11379,25814,9163,25956
   Dominican Republic, Lower-middle-income countries,1693,1753,882,913,811,840
   Dominican Republic,  Low-income countries,475250,496283,310571,323905,164679,172378
   Dominican Republic, AFRICA,332,341,197,204,135,137
   Dominican Republic,  Eastern Africa,3,3,0,0,3,3
   Dominican Republic,  Middle Africa,161,166,101,105,60,61
   Dominican Republic,  Northern Africa,33,34,25,26,8,8
   Dominican Republic,  Southern Africa,10,10,3,3,7,7
   Dominican Republic,  Western Africa,125,128,68,70,57,58
   Dominican Republic, ASIA,5442,5665,3448,3588,1994,2077
   Dominican Republic,  Central Asia,10,10,5,5,5,5
   Dominican Republic,  Eastern Asia,4685,4888,2943,3069,1742,1819
   Dominican Republic,  South-Eastern Asia,188,194,95,98,93,96
   Dominican Republic,  Southern Asia,211,217,161,166,50,51
   Dominican Republic,  Western Asia,348,356,244,250,104,106
   Dominican Republic, EUROPE,20615,21496,13530,14106,7085,7390
   Dominican Republic,  Eastern Europe,778,806,351,364,427,442
   Dominican Republic,  Northern Europe,693,720,377,393,316,327
   Dominican Republic,  Southern Europe,11456,11953,7646,7973,3810,3980
   Dominican Republic,  Western Europe,7688,8017,5156,5376,2532,2641
   Dominican Republic, LATIN AMERICA AND THE CARIBBEAN,499069,551470,323368,351197,175701,200273
   Dominican Republic,  Caribbean,483915,505322,315519,329061,168396,176261
   Dominican Republic,  Central America,3971,4141,2026,2113,1945,2028
   Dominican Republic,  South America,11183,42007,5823,20023,5360,21984
   Dominican Republic, NORTHERN AMERICA,15304,15974,8106,8448,7198,7526
   Dominican Republic, OCEANIA ,59,60,35,35,24,25
   Dominican Republic,  Australia and New Zealand,40,41,28,28,12,13
   Dominican Republic,  Melanesia,0,0,0,0,0,0
   Dominican Republic,  Micronesia,0,0,0,0,0,0
   Dominican Republic,  Polynesia*,19,19,7,7,12,12
   Dominican Republic,   Antigua and Barbuda,179,186,95,99,84,87
   Dominican Republic,   Argentina,1071,1116,600,625,471,491
   Dominican Republic,   Australia*,40,41,28,28,12,13
   Dominican Republic,   Austria,207,214,133,138,74,76
   Dominican Republic,   Bahamas,39,40,30,31,9,9
   Dominican Republic,   Bahrain,21,21,18,18,3,3
   Dominican Republic,   Belgium,256,266,157,164,99,102
   Dominican Republic,   Bermuda*,15,15,13,13,2,2
   Dominican Republic,   Bhutan,8,8,8,8,0,0
   Dominican Republic,   Bolivia (Plurinational State of),170,176,101,105,69,71
   Dominican Republic,   Bosnia and Herzegovina,5,5,5,5,0,0
   Dominican Republic,   Brazil,644,671,319,333,325,338
   Dominican Republic,   British Virgin Islands*,74,76,39,39,35,37
   Dominican Republic,   Bulgaria,73,76,43,45,30,31
   Dominican Republic,   Burundi,3,3,0,0,3,3
   Dominican Republic,   Cambodia,121,126,62,65,59,61
   Dominican Republic,   Cameroon,23,23,12,12,11,11
   Dominican Republic,   Canada,1215,1267,682,711,533,556
   Dominican Republic,   Cabo Verde,3,3,0,0,3,3
   Dominican Republic,   Central African Republic,135,140,86,90,49,50
   Dominican Republic,   Chad,3,3,3,3,0,0
   Dominican Republic,   Chile,633,661,353,369,280,292
   Dominican Republic,   China*,3776,3942,2448,2554,1328,1388
   Dominican Republic,   Colombia,2838,2962,1446,1507,1392,1455
   Dominican Republic,   Cook Islands*,8,8,2,2,6,6
   Dominican Republic,   Costa Rica,307,320,164,171,143,149
   Dominican Republic,   Cuba,3259,3402,1903,1984,1356,1418
   Dominican Republic,   Czechia,29,29,16,16,13,13
   Dominican Republic,   Denmark*,25,25,16,16,9,9
   Dominican Republic,   Dominica,14,14,6,6,8,8
   Dominican Republic,   Ecuador,581,605,298,310,283,295
   Dominican Republic,   El Salvador,267,278,127,132,140,146
   Dominican Republic,   Finland*,27,27,11,11,16,16
   Dominican Republic,   France*,3731,3894,2622,2734,1109,1160
   Dominican Republic,   State of Palestine*,18,18,11,11,7,7
   Dominican Republic,   Germany,1857,1938,1170,1221,687,717
   Dominican Republic,   Greece,63,65,46,48,17,17
   Dominican Republic,   Guadeloupe*,55,57,32,34,23,23
   Dominican Republic,   Guatemala,428,446,231,241,197,205
   Dominican Republic,   Guyana,23,23,17,17,6,6
   Dominican Republic,   Haiti,475084,496112,310466,323796,164618,172316
   Dominican Republic,   Honduras,424,442,204,213,220,229
   Dominican Republic,   Hungary,21,21,15,15,6,6
   Dominican Republic,   India,94,97,70,72,24,25
   Dominican Republic,   Iran (Islamic Republic of),30,31,24,25,6,6
   Dominican Republic,   Iraq,27,27,19,19,8,8
   Dominican Republic,   Ireland,32,33,20,20,12,13
   Dominican Republic,   Israel,61,63,44,46,17,17
   Dominican Republic,   Italy,4192,4375,3120,3255,1072,1120
   Dominican Republic,   Jamaica,132,137,97,100,35,37
   Dominican Republic,   Japan,345,359,174,182,171,177
   Dominican Republic,   Kazakhstan,10,10,5,5,5,5
   Dominican Republic,   Republic of Korea,564,587,321,333,243,254
   Dominican Republic,   Lebanon,149,154,101,104,48,50
   Dominican Republic,   Malaysia*,17,17,7,7,10,10
   Dominican Republic,   Malta,25,25,14,14,11,11
   Dominican Republic,   Martinique*,32,33,23,24,9,9
   Dominican Republic,   Mexico,1497,1563,780,815,717,748
   Dominican Republic,   Republic of Moldova*,11,11,5,5,6,6
   Dominican Republic,   Morocco,33,34,25,26,8,8
   Dominican Republic,   Netherlands*,593,617,384,400,209,217
   Dominican Republic,   Aruba*,160,167,98,103,62,64
   Dominican Republic,   Nicaragua,292,303,127,131,165,172
   Dominican Republic,   Nigeria,25,25,20,20,5,5
   Dominican Republic,   Norway*,54,56,31,33,23,23
   Dominican Republic,   Pakistan,79,81,59,61,20,20
   Dominican Republic,   Panama,756,789,393,410,363,379
   Dominican Republic,   Paraguay,25,25,14,14,11,11
   Dominican Republic,   Peru,1428,1489,870,906,558,583
   Dominican Republic,   Philippines,50,51,26,26,24,25
   Dominican Republic,   Poland,44,45,30,31,14,14
   Dominican Republic,   Portugal,106,110,64,67,42,43
   Dominican Republic,   Puerto Rico*,4578,4780,2552,2662,2026,2118
   Dominican Republic,   Romania,43,44,19,19,24,25
   Dominican Republic,   Russian Federation,482,503,198,207,284,296
   Dominican Republic,   Saint Helena*,97,100,48,50,49,50
   Dominican Republic,   Saint Kitts and Nevis,137,142,83,87,54,55
   Dominican Republic,   Anguilla*,33,34,21,21,12,13
   Dominican Republic,   Saint Pierre and Miquelon*,64,66,38,40,26,26
   Dominican Republic,   Saudi Arabia,17,17,14,14,3,3
   Dominican Republic,   Serbia*,72,75,32,34,40,41
   Dominican Republic,   South Africa,10,10,3,3,7,7
   Dominican Republic,   Spain*,6967,7272,4349,4534,2618,2738
   Dominican Republic,   Suriname,27,27,17,17,10,10
   Dominican Republic,   Sweden,73,76,43,45,30,31
   Dominican Republic,   Switzerland,1044,1088,690,719,354,369
   Dominican Republic,   Syrian Arab Republic,25,25,16,16,9,9
   Dominican Republic,   Trinidad and Tobago,23,23,14,14,9,9
   Dominican Republic,   Turkey,30,31,21,22,9,9
   Dominican Republic,   Turks and Caicos Islands*,34,35,14,15,20,20
   Dominican Republic,   Ukraine*,75,77,25,26,50,51
   Dominican Republic,   North Macedonia,26,26,16,16,10,10
   Dominican Republic,   United Kingdom*,482,503,256,268,226,235
   Dominican Republic,   United States of America*,14010,14626,7373,7684,6637,6942
   Dominican Republic,   United States Virgin Islands*,82,84,46,46,36,38
   Dominican Republic,   Uruguay,182,189,93,98,89,91
   Dominican Republic,   Venezuela (Bolivarian Republic of),3561,34063,1695,15722,1866,18341
   Dominican Republic,   Wallis and Futuna Islands*,11,11,5,5,6,6
   Dominican Republic,Other,8468,8788,4764,4964,3704,3824
   Grenada,WORLD,7057,7213,3502,3292,3555,3921
   Grenada,  Sub-Saharan Africa,0,0,0,0,0,0
   Grenada,  Northern Africa and Western Asia,0,0,0,0,0,0
   Grenada,  Central and Southern Asia,0,0,0,0,0,0
   Grenada,  Eastern and South-Eastern Asia,0,0,0,0,0,0
   Grenada,  Latin America and the Caribbean,4596,4680,2190,2047,2406,2633
   Grenada,  Oceania (excluding Australia and New Zealand),0,0,0,0,0,0
   Grenada,  Australia and New Zealand,0,0,0,0,0,0
   Grenada,  Europe and Northern America,227,225,152,143,75,82
   Grenada,  Developed regions,227,225,152,143,75,82
   Grenada,  Less developed regions,4596,4680,2190,2047,2406,2633
   Grenada," Less developed regions, excluding least developed countries",4596,4680,2190,2047,2406,2633
   Grenada," Less developed regions, excluding China",4596,4680,2190,2047,2406,2633
   Grenada,  Least developed countries,0,0,0,0,0,0
   Grenada,  Land-locked Developing Countries (LLDC),0,0,0,0,0,0
   Grenada,  Small island developing States (SIDS),4255,4356,1886,1763,2369,2593
   Grenada,  High-income countries,3402,3452,1717,1605,1685,1847
   Grenada,  Middle-income countries,1411,1443,620,580,791,863
   Grenada, Upper-middle-income countries,1411,1443,620,580,791,863
   Grenada, Lower-middle-income countries,0,0,0,0,0,0
   Grenada,  Low-income countries,0,0,0,0,0,0
   Grenada, AFRICA,0,0,0,0,0,0
   Grenada,  Eastern Africa,0,0,0,0,0,0
   Grenada,  Middle Africa,0,0,0,0,0,0
   Grenada,  Northern Africa,0,0,0,0,0,0
   Grenada,  Southern Africa,0,0,0,0,0,0
   Grenada,  Western Africa,0,0,0,0,0,0
   Grenada, ASIA,0,0,0,0,0,0
   Grenada,  Central Asia,0,0,0,0,0,0
   Grenada,  Eastern Asia,0,0,0,0,0,0
   Grenada,  South-Eastern Asia,0,0,0,0,0,0
   Grenada,  Southern Asia,0,0,0,0,0,0
   Grenada,  Western Asia,0,0,0,0,0,0
   Grenada, EUROPE,0,0,0,0,0,0
   Grenada,  Eastern Europe,0,0,0,0,0,0
   Grenada,  Northern Europe,0,0,0,0,0,0
   Grenada,  Southern Europe,0,0,0,0,0,0
   Grenada,  Western Europe,0,0,0,0,0,0
   Grenada, LATIN AMERICA AND THE CARIBBEAN,4596,4680,2190,2047,2406,2633
   Grenada,  Caribbean,3914,3991,1833,1713,2081,2278
   Grenada,  Central America,0,0,0,0,0,0
   Grenada,  South America,682,689,357,334,325,355
   Grenada, NORTHERN AMERICA,227,225,152,143,75,82
   Grenada, OCEANIA ,0,0,0,0,0,0
   Grenada,  Australia and New Zealand,0,0,0,0,0,0
   Grenada,  Melanesia,0,0,0,0,0,0
   Grenada,  Micronesia,0,0,0,0,0,0
   Grenada,  Polynesia*,0,0,0,0,0,0
   Grenada,   Antigua and Barbuda,38,39,19,18,19,21
   Grenada,   Bahamas,30,30,15,14,15,16
   Grenada,   Barbados,178,180,89,83,89,97
   Grenada,   British Virgin Islands*,14,14,7,6,7,8
   Grenada,   Canada,227,225,152,143,75,82
   Grenada,   Dominica,74,74,37,34,37,40
   Grenada,   Guyana,341,365,53,50,288,315
   Grenada,   Jamaica,115,117,57,54,58,63
   Grenada,   Montserrat*,10,10,5,5,5,5
   Grenada,   Saint Kitts and Nevis,15,15,8,7,7,8
   Grenada,   Saint Lucia,163,165,81,76,82,89
   Grenada,   Saint Vincent and the Grenadines,377,398,88,82,289,316
   Grenada,   Trinidad and Tobago,2196,2291,728,681,1468,1610
   Grenada,   United States Virgin Islands*,704,658,699,653,5,5
   Grenada,   Venezuela (Bolivarian Republic of),341,324,304,284,37,40
   Grenada,Other,2234,2308,1160,1102,1074,1206
   Guadeloupe*,WORLD,90956,90206,38680,37914,52276,52292
   Guadeloupe*,  Sub-Saharan Africa,367,363,89,86,278,277
   Guadeloupe*,  Northern Africa and Western Asia,651,643,282,277,369,366
   Guadeloupe*,  Central and Southern Asia,184,181,79,77,105,104
   Guadeloupe*,  Eastern and South-Eastern Asia,0,0,0,0,0,0
   Guadeloupe*,  Latin America and the Caribbean,29493,29195,12263,11989,17230,17206
   Guadeloupe*,  Oceania (excluding Australia and New Zealand),0,0,0,0,0,0
   Guadeloupe*,  Australia and New Zealand,0,0,0,0,0,0
   Guadeloupe*,  Europe and Northern America,55196,54646,23784,23265,31412,31381
   Guadeloupe*,  Developed regions,55196,54646,23784,23265,31412,31381
   Guadeloupe*,  Less developed regions,30695,30382,12713,12429,17982,17953
   Guadeloupe*," Less developed regions, excluding least developed countries",16582,16409,6440,6290,10142,10119
   Guadeloupe*," Less developed regions, excluding China",30695,30382,12713,12429,17982,17953
   Guadeloupe*,  Least developed countries,14113,13973,6273,6139,7840,7834
   Guadeloupe*,  Land-locked Developing Countries (LLDC),0,0,0,0,0,0
   Guadeloupe*,  Small island developing States (SIDS),28335,28049,11770,11506,16565,16543
   Guadeloupe*,  High-income countries,55196,54646,23784,23265,31412,31381
   Guadeloupe*,  Middle-income countries,6121,6053,2211,2157,3910,3896
   Guadeloupe*, Upper-middle-income countries,5793,5730,2069,2018,3724,3712
   Guadeloupe*, Lower-middle-income countries,328,323,142,139,186,184
   Guadeloupe*,  Low-income countries,14386,14243,6391,6255,7995,7988
   Guadeloupe*, AFRICA,511,505,152,148,359,357
   Guadeloupe*,  Eastern Africa,367,363,89,86,278,277
   Guadeloupe*,  Middle Africa,0,0,0,0,0,0
   Guadeloupe*,  Northern Africa,144,142,63,62,81,80
   Guadeloupe*,  Southern Africa,0,0,0,0,0,0
   Guadeloupe*,  Western Africa,0,0,0,0,0,0
   Guadeloupe*, ASIA,691,682,298,292,393,390
   Guadeloupe*,  Central Asia,0,0,0,0,0,0
   Guadeloupe*,  Eastern Asia,0,0,0,0,0,0
   Guadeloupe*,  South-Eastern Asia,0,0,0,0,0,0
   Guadeloupe*,  Southern Asia,184,181,79,77,105,104
   Guadeloupe*,  Western Asia,507,501,219,215,288,286
   Guadeloupe*, EUROPE,54280,53742,23388,22879,30892,30863
   Guadeloupe*,  Eastern Europe,0,0,0,0,0,0
   Guadeloupe*,  Northern Europe,385,381,166,163,219,218
   Guadeloupe*,  Southern Europe,765,756,329,323,436,433
   Guadeloupe*,  Western Europe,53130,52605,22893,22393,30237,30212
   Guadeloupe*, LATIN AMERICA AND THE CARIBBEAN,29493,29195,12263,11989,17230,17206
   Guadeloupe*,  Caribbean,28127,27846,11681,11419,16446,16427
   Guadeloupe*,  Central America,0,0,0,0,0,0
   Guadeloupe*,  South America,1366,1349,582,570,784,779
   Guadeloupe*, NORTHERN AMERICA,916,904,396,386,520,518
   Guadeloupe*, OCEANIA ,0,0,0,0,0,0
   Guadeloupe*,  Australia and New Zealand,0,0,0,0,0,0
   Guadeloupe*,  Melanesia,0,0,0,0,0,0
   Guadeloupe*,  Micronesia,0,0,0,0,0,0
   Guadeloupe*,  Polynesia*,0,0,0,0,0,0
   Guadeloupe*,   Algeria,144,142,63,62,81,80
   Guadeloupe*,   Belgium,428,424,214,211,214,213
   Guadeloupe*,   Brazil,59,58,25,25,34,33
   Guadeloupe*,   Canada,458,452,198,193,260,259
   Guadeloupe*,   Dominica,4037,3997,1397,1361,2640,2636
   Guadeloupe*,   Dominican Republic,874,864,292,284,582,580
   Guadeloupe*,   France*,51467,50960,22149,21664,29318,29296
   Guadeloupe*,   French Guiana*,1099,1088,468,458,631,630
   Guadeloupe*,   Germany,290,287,124,122,166,165
   Guadeloupe*,   Guyana,174,170,74,72,100,98
   Guadeloupe*,   Haiti,14113,13973,6273,6139,7840,7834
   Guadeloupe*,   India,184,181,79,77,105,104
   Guadeloupe*,   Italy,334,330,144,142,190,188
   Guadeloupe*,   Lebanon,234,231,101,99,133,132
   Guadeloupe*,   Martinique*,8722,8635,3554,3473,5168,5162
   Guadeloupe*,   Netherlands*,739,731,318,310,421,421
   Guadeloupe*,   Portugal,431,426,185,181,246,245
   Guadeloupe*,   Réunion*,367,363,89,86,278,277
   Guadeloupe*,   Saint Lucia,381,377,165,162,216,215
   Guadeloupe*,   Suriname,34,33,15,15,19,18
   Guadeloupe*,   Switzerland,206,203,88,86,118,117
   Guadeloupe*,   Syrian Arab Republic,273,270,118,116,155,154
   Guadeloupe*,   United Kingdom*,385,381,166,163,219,218
   Guadeloupe*,   United States of America*,458,452,198,193,260,259
   Guadeloupe*,Other,5065,5178,2183,2220,2882,2958
   Haiti,WORLD,18047,18884,10036,10499,8011,8385
   Haiti,  Sub-Saharan Africa,0,0,0,0,0,0
   Haiti,  Northern Africa and Western Asia,0,0,0,0,0,0
   Haiti,  Central and Southern Asia,0,0,0,0,0,0
   Haiti,  Eastern and South-Eastern Asia,532,556,301,318,231,238
   Haiti,  Latin America and the Caribbean,9903,10363,5200,5443,4703,4920
   Haiti,  Oceania (excluding Australia and New Zealand),0,0,0,0,0,0
   Haiti,  Australia and New Zealand,0,0,0,0,0,0
   Haiti,  Europe and Northern America,6261,6543,3819,3999,2442,2544
   Haiti,  Developed regions,6467,6758,3931,4118,2536,2640
   Haiti,  Less developed regions,10229,10704,5389,5642,4840,5062
   Haiti," Less developed regions, excluding least developed countries",10229,10704,5389,5642,4840,5062
   Haiti," Less developed regions, excluding China",9903,10363,5200,5443,4703,4920
   Haiti,  Least developed countries,0,0,0,0,0,0
   Haiti,  Land-locked Developing Countries (LLDC),0,0,0,0,0,0
   Haiti,  Small island developing States (SIDS),4864,5088,2572,2693,2292,2395
   Haiti,  High-income countries,8506,8889,4903,5136,3603,3753
   Haiti,  Middle-income countries,8190,8573,4417,4624,3773,3949
   Haiti, Upper-middle-income countries,8190,8573,4417,4624,3773,3949
   Haiti, Lower-middle-income countries,0,0,0,0,0,0
   Haiti,  Low-income countries,0,0,0,0,0,0
   Haiti, AFRICA,0,0,0,0,0,0
   Haiti,  Eastern Africa,0,0,0,0,0,0
   Haiti,  Middle Africa,0,0,0,0,0,0
   Haiti,  Northern Africa,0,0,0,0,0,0
   Haiti,  Southern Africa,0,0,0,0,0,0
   Haiti,  Western Africa,0,0,0,0,0,0
   Haiti, ASIA,532,556,301,318,231,238
   Haiti,  Central Asia,0,0,0,0,0,0
   Haiti,  Eastern Asia,532,556,301,318,231,238
   Haiti,  South-Eastern Asia,0,0,0,0,0,0
   Haiti,  Southern Asia,0,0,0,0,0,0
   Haiti,  Western Asia,0,0,0,0,0,0
   Haiti, EUROPE,4154,4340,2719,2848,1435,1492
   Haiti,  Eastern Europe,0,0,0,0,0,0
   Haiti,  Northern Europe,0,0,0,0,0,0
   Haiti,  Southern Europe,2381,2490,1598,1674,783,816
   Haiti,  Western Europe,1773,1850,1121,1174,652,676
   Haiti, LATIN AMERICA AND THE CARIBBEAN,9903,10363,5200,5443,4703,4920
   Haiti,  Caribbean,4864,5088,2572,2693,2292,2395
   Haiti,  Central America,543,566,223,234,320,332
   Haiti,  South America,4496,4709,2405,2516,2091,2193
   Haiti, NORTHERN AMERICA,2107,2203,1100,1151,1007,1052
   Haiti, OCEANIA ,0,0,0,0,0,0
   Haiti,  Australia and New Zealand,0,0,0,0,0,0
   Haiti,  Melanesia,0,0,0,0,0,0
   Haiti,  Micronesia,0,0,0,0,0,0
   Haiti,  Polynesia*,0,0,0,0,0,0
   Haiti,   Argentina,437,456,251,263,186,193
   Haiti,   Austria,158,164,134,141,24,23
   Haiti,   Canada,591,617,291,304,300,313
   Haiti,   Chile,312,326,201,211,111,115
   Haiti,   China*,326,341,189,199,137,142
   Haiti,   Colombia,780,815,398,417,382,398
   Haiti,   Costa Rica,256,267,99,104,157,163
   Haiti,   Cuba,1133,1185,635,665,498,520
   Haiti,   Dominican Republic,2272,2377,1272,1332,1000,1045
   Haiti,   France*,416,434,255,267,161,167
   Haiti,   Germany,845,883,505,529,340,354
   Haiti,   Italy,1157,1210,819,858,338,352
   Haiti,   Japan,206,215,112,119,94,96
   Haiti,   Mexico,287,299,124,130,163,169
   Haiti,   Peru,330,345,197,207,133,138
   Haiti,   Puerto Rico*,1459,1526,665,696,794,830
   Haiti,   Spain*,1224,1280,779,816,445,464
   Haiti,   Switzerland,354,369,227,237,127,132
   Haiti,   United States of America*,1516,1586,809,847,707,739
   Haiti,   Uruguay,268,279,106,111,162,168
   Haiti,   Venezuela (Bolivarian Republic of),2369,2488,1252,1307,1117,1181
   Haiti,Other,1351,1422,716,739,635,683
   Jamaica,WORLD,23165,23629,11765,12008,11400,11621
   Jamaica,  Sub-Saharan Africa,0,0,0,0,0,0
   Jamaica,  Northern Africa and Western Asia,0,0,0,0,0,0
   Jamaica,  Central and Southern Asia,1127,1148,706,720,421,428
   Jamaica,  Eastern and South-Eastern Asia,0,0,0,0,0,0
   Jamaica,  Latin America and the Caribbean,7325,7446,3577,3647,3748,3799
   Jamaica,  Oceania (excluding Australia and New Zealand),0,0,0,0,0,0
   Jamaica,  Australia and New Zealand,0,0,0,0,0,0
   Jamaica,  Europe and Northern America,12245,12519,6196,6328,6049,6191
   Jamaica,  Developed regions,12245,12519,6196,6328,6049,6191
   Jamaica,  Less developed regions,8452,8594,4283,4367,4169,4227
   Jamaica," Less developed regions, excluding least developed countries",8452,8594,4283,4367,4169,4227
   Jamaica," Less developed regions, excluding China",8452,8594,4283,4367,4169,4227
   Jamaica,  Least developed countries,0,0,0,0,0,0
   Jamaica,  Land-locked Developing Countries (LLDC),0,0,0,0,0,0
   Jamaica,  Small island developing States (SIDS),6435,6546,3186,3249,3249,3297
   Jamaica,  High-income countries,16062,16402,8079,8248,7983,8154
   Jamaica,  Middle-income countries,4635,4711,2400,2447,2235,2264
   Jamaica, Upper-middle-income countries,3093,3144,1513,1543,1580,1601
   Jamaica, Lower-middle-income countries,1542,1567,887,904,655,663
   Jamaica,  Low-income countries,0,0,0,0,0,0
   Jamaica, AFRICA,0,0,0,0,0,0
   Jamaica,  Eastern Africa,0,0,0,0,0,0
   Jamaica,  Middle Africa,0,0,0,0,0,0
   Jamaica,  Northern Africa,0,0,0,0,0,0
   Jamaica,  Southern Africa,0,0,0,0,0,0
   Jamaica,  Western Africa,0,0,0,0,0,0
   Jamaica, ASIA,1127,1148,706,720,421,428
   Jamaica,  Central Asia,0,0,0,0,0,0
   Jamaica,  Eastern Asia,0,0,0,0,0,0
   Jamaica,  South-Eastern Asia,0,0,0,0,0,0
   Jamaica,  Southern Asia,1127,1148,706,720,421,428
   Jamaica,  Western Asia,0,0,0,0,0,0
   Jamaica, EUROPE,4739,4832,2319,2366,2420,2466
   Jamaica,  Eastern Europe,0,0,0,0,0,0
   Jamaica,  Northern Europe,4739,4832,2319,2366,2420,2466
   Jamaica,  Southern Europe,0,0,0,0,0,0
   Jamaica,  Western Europe,0,0,0,0,0,0
   Jamaica, LATIN AMERICA AND THE CARIBBEAN,7325,7446,3577,3647,3748,3799
   Jamaica,  Caribbean,6428,6539,3183,3246,3245,3293
   Jamaica,  Central America,897,907,394,401,503,506
   Jamaica,  South America,0,0,0,0,0,0
   Jamaica, NORTHERN AMERICA,7506,7687,3877,3962,3629,3725
   Jamaica, OCEANIA ,0,0,0,0,0,0
   Jamaica,  Australia and New Zealand,0,0,0,0,0,0
   Jamaica,  Melanesia,0,0,0,0,0,0
   Jamaica,  Micronesia,0,0,0,0,0,0
   Jamaica,  Polynesia*,0,0,0,0,0,0
   Jamaica,   Antigua and Barbuda,153,154,76,77,77,77
   Jamaica,   Bahamas,662,674,327,333,335,341
   Jamaica,   Barbados,533,541,263,268,270,273
   Jamaica,   Belize,7,7,3,3,4,4
   Jamaica,   Canada,1313,1338,691,705,622,633
   Jamaica,   Costa Rica,99,100,44,45,55,55
   Jamaica,   Cuba,1791,1825,892,911,899,914
   Jamaica,   Dominica,137,138,68,69,69,69
   Jamaica,   El Salvador,132,133,58,59,74,74
   Jamaica,   Grenada,205,207,100,101,105,106
   Jamaica,   Guatemala,302,307,133,136,169,171
   Jamaica,   Honduras,160,162,69,70,91,92
   Jamaica,   India,1127,1148,706,720,421,428
   Jamaica,   Nicaragua,123,124,54,55,69,69
   Jamaica,   Panama,74,74,33,33,41,41
   Jamaica,   Saint Kitts and Nevis,96,97,47,48,49,49
   Jamaica,   Saint Lucia,328,334,163,167,165,167
   Jamaica,   Saint Vincent and the Grenadines,224,226,110,111,114,115
   Jamaica,   Trinidad and Tobago,2299,2343,1137,1161,1162,1182
   Jamaica,   United Kingdom*,4739,4832,2319,2366,2420,2466
   Jamaica,   United States of America*,6193,6349,3186,3257,3007,3092
   Jamaica,Other,2468,2516,1286,1313,1182,1203
   Martinique*,WORLD,69174,68624,29432,29199,39742,39425
   Martinique*,  Sub-Saharan Africa,464,460,113,112,351,348
   Martinique*,  Northern Africa and Western Asia,288,285,119,118,169,167
   Martinique*,  Central and Southern Asia,0,0,0,0,0,0
   Martinique*,  Eastern and South-Eastern Asia,175,173,92,91,83,82
   Martinique*,  Latin America and the Caribbean,13114,13006,4914,4876,8200,8130
   Martinique*,  Oceania (excluding Australia and New Zealand),0,0,0,0,0,0
   Martinique*,  Australia and New Zealand,0,0,0,0,0,0
   Martinique*,  Europe and Northern America,53182,52757,23391,23205,29791,29552
   Martinique*,  Developed regions,53182,52757,23391,23205,29791,29552
   Martinique*,  Less developed regions,14041,13924,5238,5197,8803,8727
   Martinique*," Less developed regions, excluding least developed countries",12059,11958,4054,4022,8005,7936
   Martinique*," Less developed regions, excluding China",13866,13751,5146,5106,8720,8645
   Martinique*,  Least developed countries,1982,1966,1184,1175,798,791
   Martinique*,  Land-locked Developing Countries (LLDC),0,0,0,0,0,0
   Martinique*,  Small island developing States (SIDS),11004,10914,4239,4206,6765,6708
   Martinique*,  High-income countries,53182,52757,23391,23205,29791,29552
   Martinique*,  Middle-income countries,3277,3248,1370,1359,1907,1889
   Martinique*, Upper-middle-income countries,3163,3135,1324,1313,1839,1822
   Martinique*, Lower-middle-income countries,114,113,46,46,68,67
   Martinique*,  Low-income countries,2156,2138,1257,1247,899,891
   Martinique*, AFRICA,578,573,159,158,419,415
   Martinique*,  Eastern Africa,464,460,113,112,351,348
   Martinique*,  Middle Africa,0,0,0,0,0,0
   Martinique*,  Northern Africa,114,113,46,46,68,67
   Martinique*,  Southern Africa,0,0,0,0,0,0
   Martinique*,  Western Africa,0,0,0,0,0,0
   Martinique*, ASIA,349,345,165,163,184,182
   Martinique*,  Central Asia,0,0,0,0,0,0
   Martinique*,  Eastern Asia,175,173,92,91,83,82
   Martinique*,  South-Eastern Asia,0,0,0,0,0,0
   Martinique*,  Southern Asia,0,0,0,0,0,0
   Martinique*,  Western Asia,174,172,73,72,101,100
   Martinique*, EUROPE,53182,52757,23391,23205,29791,29552
   Martinique*,  Eastern Europe,0,0,0,0,0,0
   Martinique*,  Northern Europe,171,169,53,52,118,117
   Martinique*,  Southern Europe,94,93,42,42,52,51
   Martinique*,  Western Europe,52917,52495,23296,23111,29621,29384
   Martinique*, LATIN AMERICA AND THE CARIBBEAN,13114,13006,4914,4876,8200,8130
   Martinique*,  Caribbean,11004,10914,4239,4206,6765,6708
   Martinique*,  Central America,0,0,0,0,0,0
   Martinique*,  South America,2110,2092,675,670,1435,1422
   Martinique*, NORTHERN AMERICA,0,0,0,0,0,0
   Martinique*, OCEANIA ,0,0,0,0,0,0
   Martinique*,  Australia and New Zealand,0,0,0,0,0,0
   Martinique*,  Melanesia,0,0,0,0,0,0
   Martinique*,  Micronesia,0,0,0,0,0,0
   Martinique*,  Polynesia*,0,0,0,0,0,0
   Martinique*,   Algeria,114,113,46,46,68,67
   Martinique*,   Belgium,147,145,60,59,87,86
   Martinique*,   Brazil,85,84,31,31,54,53
   Martinique*,   China*,175,173,92,91,83,82
   Martinique*,   Dominica,473,469,195,194,278,275
   Martinique*,   Dominican Republic,155,153,65,64,90,89
   Martinique*,   France*,52770,52350,23236,23052,29534,29298
   Martinique*,   French Guiana*,2025,2008,644,639,1381,1369
   Martinique*,   Guadeloupe*,6119,6070,1854,1840,4265,4230
   Martinique*,   Haiti,1982,1966,1184,1175,798,791
   Martinique*,   Italy,94,93,42,42,52,51
   Martinique*,   Réunion*,464,460,113,112,351,348
   Martinique*,   Saint Lucia,2275,2256,941,933,1334,1323
   Martinique*,   Syrian Arab Republic,174,172,73,72,101,100
   Martinique*,   United Kingdom*,171,169,53,52,118,117
   Martinique*,Other,1951,1943,803,797,1148,1146
   Montserrat*,WORLD,1351,1379,696,711,655,668
   Montserrat*,  Sub-Saharan Africa,0,0,0,0,0,0
   Montserrat*,  Northern Africa and Western Asia,0,0,0,0,0,0
   Montserrat*,  Central and Southern Asia,0,0,0,0,0,0
   Montserrat*,  Eastern and South-Eastern Asia,0,0,0,0,0,0
   Montserrat*,  Latin America and the Caribbean,852,878,437,447,415,431
   Montserrat*,  Oceania (excluding Australia and New Zealand),0,0,0,0,0,0
   Montserrat*,  Australia and New Zealand,0,0,0,0,0,0
   Montserrat*,  Europe and Northern America,260,260,134,137,126,123
   Montserrat*,  Developed regions,260,260,134,137,126,123
   Montserrat*,  Less developed regions,852,878,437,447,415,431
   Montserrat*," Less developed regions, excluding least developed countries",852,878,437,447,415,431
   Montserrat*," Less developed regions, excluding China",852,878,437,447,415,431
   Montserrat*,  Least developed countries,0,0,0,0,0,0
   Montserrat*,  Land-locked Developing Countries (LLDC),0,0,0,0,0,0
   Montserrat*,  Small island developing States (SIDS),852,878,437,447,415,431
   Montserrat*,  High-income countries,536,537,267,272,269,265
   Montserrat*,  Middle-income countries,576,601,304,312,272,289
   Montserrat*, Upper-middle-income countries,576,601,304,312,272,289
   Montserrat*, Lower-middle-income countries,0,0,0,0,0,0
   Montserrat*,  Low-income countries,0,0,0,0,0,0
   Montserrat*, AFRICA,0,0,0,0,0,0
   Montserrat*,  Eastern Africa,0,0,0,0,0,0
   Montserrat*,  Middle Africa,0,0,0,0,0,0
   Montserrat*,  Northern Africa,0,0,0,0,0,0
   Montserrat*,  Southern Africa,0,0,0,0,0,0
   Montserrat*,  Western Africa,0,0,0,0,0,0
   Montserrat*, ASIA,0,0,0,0,0,0
   Montserrat*,  Central Asia,0,0,0,0,0,0
   Montserrat*,  Eastern Asia,0,0,0,0,0,0
   Montserrat*,  South-Eastern Asia,0,0,0,0,0,0
   Montserrat*,  Southern Asia,0,0,0,0,0,0
   Montserrat*,  Western Asia,0,0,0,0,0,0
   Montserrat*, EUROPE,104,104,53,54,51,50
   Montserrat*,  Eastern Europe,0,0,0,0,0,0
   Montserrat*,  Northern Europe,104,104,53,54,51,50
   Montserrat*,  Southern Europe,0,0,0,0,0,0
   Montserrat*,  Western Europe,0,0,0,0,0,0
   Montserrat*, LATIN AMERICA AND THE CARIBBEAN,852,878,437,447,415,431
   Montserrat*,  Caribbean,612,634,298,304,314,330
   Montserrat*,  Central America,0,0,0,0,0,0
   Montserrat*,  South America,240,244,139,143,101,101
   Montserrat*, NORTHERN AMERICA,156,156,81,83,75,73
   Montserrat*, OCEANIA ,0,0,0,0,0,0
   Montserrat*,  Australia and New Zealand,0,0,0,0,0,0
   Montserrat*,  Melanesia,0,0,0,0,0,0
   Montserrat*,  Micronesia,0,0,0,0,0,0
   Montserrat*,  Polynesia*,0,0,0,0,0,0
   Montserrat*,   Antigua and Barbuda,115,116,55,56,60,60
   Montserrat*,   Canada,36,35,18,18,18,17
   Montserrat*,   Dominica,283,306,127,131,156,175
   Montserrat*,   Dominican Republic,24,23,18,18,6,5
   Montserrat*,   Guyana,240,244,139,143,101,101
   Montserrat*,   Saint Kitts and Nevis,118,119,51,52,67,67
   Montserrat*,   Saint Vincent and the Grenadines,29,28,20,20,9,8
   Montserrat*,   Trinidad and Tobago,43,42,27,27,16,15
   Montserrat*,   United Kingdom*,104,104,53,54,51,50
   Montserrat*,   United States of America*,120,121,63,65,57,56
   Montserrat*,Other,239,241,125,127,114,114
   Puerto Rico*,WORLD,280494,247132,130916,114868,149578,132264
   Puerto Rico*,  Sub-Saharan Africa,0,0,0,0,0,0
   Puerto Rico*,  Northern Africa and Western Asia,209,86,99,43,110,43
   Puerto Rico*,  Central and Southern Asia,49,21,23,10,26,11
   Puerto Rico*,  Eastern and South-Eastern Asia,1507,1345,705,628,802,717
   Puerto Rico*,  Latin America and the Caribbean,89131,73810,41582,34302,47549,39508
   Puerto Rico*,  Oceania (excluding Australia and New Zealand),0,0,0,0,0,0
   Puerto Rico*,  Australia and New Zealand,0,0,0,0,0,0
   Puerto Rico*,  Europe and Northern America,168174,162636,78449,75555,89725,87081
   Puerto Rico*,  Developed regions,168257,162671,78488,75572,89769,87099
   Puerto Rico*,  Less developed regions,90813,75227,42370,34966,48443,40261
   Puerto Rico*," Less developed regions, excluding least developed countries",90653,75098,42296,34906,48357,40192
   Puerto Rico*," Less developed regions, excluding China",89725,74015,41862,34402,47863,39613
   Puerto Rico*,  Least developed countries,160,129,74,60,86,69
   Puerto Rico*,  Land-locked Developing Countries (LLDC),56,24,27,12,29,12
   Puerto Rico*,  Small island developing States (SIDS),73262,60554,34174,28132,39088,32422
   Puerto Rico*,  High-income countries,170733,164066,79644,76221,91089,87845
   Puerto Rico*,  Middle-income countries,88177,73703,41140,34257,47037,39446
   Puerto Rico*, Upper-middle-income countries,86345,72795,40284,33831,46061,38964
   Puerto Rico*, Lower-middle-income countries,1832,908,856,426,976,482
   Puerto Rico*,  Low-income countries,160,129,74,60,86,69
   Puerto Rico*, AFRICA,35,14,16,7,19,7
   Puerto Rico*,  Eastern Africa,0,0,0,0,0,0
   Puerto Rico*,  Middle Africa,0,0,0,0,0,0
   Puerto Rico*,  Northern Africa,35,14,16,7,19,7
   Puerto Rico*,  Southern Africa,0,0,0,0,0,0
   Puerto Rico*,  Western Africa,0,0,0,0,0,0
   Puerto Rico*, ASIA,1730,1438,811,674,919,764
   Puerto Rico*,  Central Asia,0,0,0,0,0,0
   Puerto Rico*,  Eastern Asia,1285,1251,601,583,684,668
   Puerto Rico*,  South-Eastern Asia,222,94,104,45,118,49
   Puerto Rico*,  Southern Asia,49,21,23,10,26,11
   Puerto Rico*,  Western Asia,174,72,83,36,91,36
   Puerto Rico*, EUROPE,2908,3070,1359,1432,1549,1638
   Puerto Rico*,  Eastern Europe,18,7,9,4,9,3
   Puerto Rico*,  Northern Europe,173,74,81,35,92,39
   Puerto Rico*,  Southern Europe,2043,2700,953,1256,1090,1444
   Puerto Rico*,  Western Europe,674,289,316,137,358,152
   Puerto Rico*, LATIN AMERICA AND THE CARIBBEAN,89131,73810,41582,34302,47549,39508
   Puerto Rico*,  Caribbean,73212,60533,34151,28122,39061,32411
   Puerto Rico*,  Central America,6122,4437,2858,2066,3264,2371
   Puerto Rico*,  South America,9797,8840,4573,4114,5224,4726
   Puerto Rico*, NORTHERN AMERICA,165266,159566,77090,74123,88176,85443
   Puerto Rico*, OCEANIA ,0,0,0,0,0,0
   Puerto Rico*,  Australia and New Zealand,0,0,0,0,0,0
   Puerto Rico*,  Melanesia,0,0,0,0,0,0
   Puerto Rico*,  Micronesia,0,0,0,0,0,0
   Puerto Rico*,  Polynesia*,0,0,0,0,0,0
   Puerto Rico*,   Argentina,1180,828,551,386,629,442
   Puerto Rico*,   Bolivia (Plurinational State of),56,24,27,12,29,12
   Puerto Rico*,   Brazil,95,40,45,19,50,21
   Puerto Rico*,   Canada,119,51,56,24,63,27
   Puerto Rico*,   Chile,789,452,368,210,421,242
   Puerto Rico*,   China*,1088,1212,508,564,580,648
   Puerto Rico*,   Colombia,3788,4039,1767,1877,2021,2162
   Puerto Rico*,   Costa Rica,685,924,320,430,365,494
   Puerto Rico*,   Cuba,13321,12637,6214,5871,7107,6766
   Puerto Rico*,   Dominica,1190,513,556,239,634,274
   Puerto Rico*,   Dominican Republic,57891,46905,27004,21789,30887,25116
   Puerto Rico*,   Ecuador,851,348,397,162,454,186
   Puerto Rico*,   Egypt,35,14,16,7,19,7
   Puerto Rico*,   El Salvador,846,130,395,61,451,69
   Puerto Rico*,   France*,143,61,67,29,76,32
   Puerto Rico*,   Germany,504,217,236,102,268,115
   Puerto Rico*,   Guatemala,381,331,178,155,203,176
   Puerto Rico*,   Guyana,50,21,23,10,27,11
   Puerto Rico*,   Haiti,160,129,74,60,86,69
   Puerto Rico*,   Honduras,408,531,190,247,218,284
   Puerto Rico*,   India,49,21,23,10,26,11
   Puerto Rico*,   Israel,45,19,21,9,24,10
   Puerto Rico*,   Italy,192,82,90,39,102,43
   Puerto Rico*,   Jamaica,43,18,20,9,23,9
   Puerto Rico*,   Japan,83,35,39,17,44,18
   Puerto Rico*,   Jordan,90,38,43,19,47,19
   Puerto Rico*,   Republic of Korea,114,4,54,2,60,2
   Puerto Rico*,   Lebanon,18,7,9,4,9,3
   Puerto Rico*,   Mexico,2647,1831,1235,851,1412,980
   Puerto Rico*,   Netherlands*,27,11,13,6,14,5
   Puerto Rico*,   Nicaragua,234,101,110,48,124,53
   Puerto Rico*,   Panama,921,589,430,274,491,315
   Puerto Rico*,   Peru,686,2094,321,976,365,1118
   Puerto Rico*,   Philippines,140,60,65,28,75,32
   Puerto Rico*,   Poland,18,7,9,4,9,3
   Puerto Rico*,   Portugal,35,14,16,7,19,7
   Puerto Rico*,   Spain*,1816,2604,847,1210,969,1394
   Puerto Rico*,   Thailand,18,7,9,4,9,3
   Puerto Rico*,   Trinidad and Tobago,174,75,81,35,93,40
   Puerto Rico*,   Turkey,21,8,10,4,11,4
   Puerto Rico*,   United Kingdom*,173,74,81,35,92,39
   Puerto Rico*,   United States of America*,165147,159515,77034,74099,88113,85416
   Puerto Rico*,   United States Virgin Islands*,433,256,202,119,231,137
   Puerto Rico*,   Venezuela (Bolivarian Republic of),2302,994,1074,462,1228,532
   Puerto Rico*,   Viet Nam,64,27,30,13,34,14
   Puerto Rico*,Other,21424,9234,10058,4330,11366,4904
   Saint Barthélemy*,WORLD,0,0,0,0,0,0
   Saint Barthélemy*,  Sub-Saharan Africa,0,0,0,0,0,0
   Saint Barthélemy*,  Northern Africa and Western Asia,0,0,0,0,0,0
   Saint Barthélemy*,  Central and Southern Asia,0,0,0,0,0,0
   Saint Barthélemy*,  Eastern and South-Eastern Asia,0,0,0,0,0,0
   Saint Barthélemy*,  Latin America and the Caribbean,0,0,0,0,0,0
   Saint Barthélemy*,  Oceania (excluding Australia and New Zealand),0,0,0,0,0,0
   Saint Barthélemy*,  Australia and New Zealand,0,0,0,0,0,0
   Saint Barthélemy*,  Europe and Northern America,0,0,0,0,0,0
   Saint Barthélemy*,  Developed regions,0,0,0,0,0,0
   Saint Barthélemy*,  Less developed regions,0,0,0,0,0,0
   Saint Barthélemy*," Less developed regions, excluding least developed countries",0,0,0,0,0,0
   Saint Barthélemy*," Less developed regions, excluding China",0,0,0,0,0,0
   Saint Barthélemy*,  Least developed countries,0,0,0,0,0,0
   Saint Barthélemy*,  Land-locked Developing Countries (LLDC),0,0,0,0,0,0
   Saint Barthélemy*,  Small island developing States (SIDS),0,0,0,0,0,0
   Saint Barthélemy*,  High-income countries,0,0,0,0,0,0
   Saint Barthélemy*,  Middle-income countries,0,0,0,0,0,0
   Saint Barthélemy*, Upper-middle-income countries,0,0,0,0,0,0
   Saint Barthélemy*, Lower-middle-income countries,0,0,0,0,0,0
   Saint Barthélemy*,  Low-income countries,0,0,0,0,0,0
   Saint Barthélemy*, AFRICA,0,0,0,0,0,0
   Saint Barthélemy*,  Eastern Africa,0,0,0,0,0,0
   Saint Barthélemy*,  Middle Africa,0,0,0,0,0,0
   Saint Barthélemy*,  Northern Africa,0,0,0,0,0,0
   Saint Barthélemy*,  Southern Africa,0,0,0,0,0,0
   Saint Barthélemy*,  Western Africa,0,0,0,0,0,0
   Saint Barthélemy*, ASIA,0,0,0,0,0,0
   Saint Barthélemy*,  Central Asia,0,0,0,0,0,0
   Saint Barthélemy*,  Eastern Asia,0,0,0,0,0,0
   Saint Barthélemy*,  South-Eastern Asia,0,0,0,0,0,0
   Saint Barthélemy*,  Southern Asia,0,0,0,0,0,0
   Saint Barthélemy*,  Western Asia,0,0,0,0,0,0
   Saint Barthélemy*, EUROPE,0,0,0,0,0,0
   Saint Barthélemy*,  Eastern Europe,0,0,0,0,0,0
   Saint Barthélemy*,  Northern Europe,0,0,0,0,0,0
   Saint Barthélemy*,  Southern Europe,0,0,0,0,0,0
   Saint Barthélemy*,  Western Europe,0,0,0,0,0,0
   Saint Barthélemy*, LATIN AMERICA AND THE CARIBBEAN,0,0,0,0,0,0
   Saint Barthélemy*,  Caribbean,0,0,0,0,0,0
   Saint Barthélemy*,  Central America,0,0,0,0,0,0
   Saint Barthélemy*,  South America,0,0,0,0,0,0
   Saint Barthélemy*, NORTHERN AMERICA,0,0,0,0,0,0
   Saint Barthélemy*, OCEANIA ,0,0,0,0,0,0
   Saint Barthélemy*,  Australia and New Zealand,0,0,0,0,0,0
   Saint Barthélemy*,  Melanesia,0,0,0,0,0,0
   Saint Barthélemy*,  Micronesia,0,0,0,0,0,0
   Saint Barthélemy*,  Polynesia*,0,0,0,0,0,0
   Saint Kitts and Nevis,WORLD,7443,7725,3916,4066,3527,3659
   Saint Kitts and Nevis,  Sub-Saharan Africa,0,0,0,0,0,0
   Saint Kitts and Nevis,  Northern Africa and Western Asia,0,0,0,0,0,0
   Saint Kitts and Nevis,  Central and Southern Asia,0,0,0,0,0,0
   Saint Kitts and Nevis,  Eastern and South-Eastern Asia,0,0,0,0,0,0
   Saint Kitts and Nevis,  Latin America and the Caribbean,3521,3632,1807,1872,1714,1760
   Saint Kitts and Nevis,  Oceania (excluding Australia and New Zealand),0,0,0,0,0,0
   Saint Kitts and Nevis,  Australia and New Zealand,0,0,0,0,0,0
   Saint Kitts and Nevis,  Europe and Northern America,0,0,0,0,0,0
   Saint Kitts and Nevis,  Developed regions,0,0,0,0,0,0
   Saint Kitts and Nevis,  Less developed regions,3521,3632,1807,1872,1714,1760
   Saint Kitts and Nevis," Less developed regions, excluding least developed countries",3521,3632,1807,1872,1714,1760
   Saint Kitts and Nevis," Less developed regions, excluding China",3521,3632,1807,1872,1714,1760
   Saint Kitts and Nevis,  Least developed countries,0,0,0,0,0,0
   Saint Kitts and Nevis,  Land-locked Developing Countries (LLDC),0,0,0,0,0,0
   Saint Kitts and Nevis,  Small island developing States (SIDS),3521,3632,1807,1872,1714,1760
   Saint Kitts and Nevis,  High-income countries,1646,1697,825,853,821,844
   Saint Kitts and Nevis,  Middle-income countries,1445,1490,765,794,680,696
   Saint Kitts and Nevis, Upper-middle-income countries,1445,1490,765,794,680,696
   Saint Kitts and Nevis, Lower-middle-income countries,0,0,0,0,0,0
   Saint Kitts and Nevis,  Low-income countries,0,0,0,0,0,0
   Saint Kitts and Nevis, AFRICA,0,0,0,0,0,0
   Saint Kitts and Nevis,  Eastern Africa,0,0,0,0,0,0
   Saint Kitts and Nevis,  Middle Africa,0,0,0,0,0,0
   Saint Kitts and Nevis,  Northern Africa,0,0,0,0,0,0
   Saint Kitts and Nevis,  Southern Africa,0,0,0,0,0,0
   Saint Kitts and Nevis,  Western Africa,0,0,0,0,0,0
   Saint Kitts and Nevis, ASIA,0,0,0,0,0,0
   Saint Kitts and Nevis,  Central Asia,0,0,0,0,0,0
   Saint Kitts and Nevis,  Eastern Asia,0,0,0,0,0,0
   Saint Kitts and Nevis,  South-Eastern Asia,0,0,0,0,0,0
   Saint Kitts and Nevis,  Southern Asia,0,0,0,0,0,0
   Saint Kitts and Nevis,  Western Asia,0,0,0,0,0,0
   Saint Kitts and Nevis, EUROPE,0,0,0,0,0,0
   Saint Kitts and Nevis,  Eastern Europe,0,0,0,0,0,0
   Saint Kitts and Nevis,  Northern Europe,0,0,0,0,0,0
   Saint Kitts and Nevis,  Southern Europe,0,0,0,0,0,0
   Saint Kitts and Nevis,  Western Europe,0,0,0,0,0,0
   Saint Kitts and Nevis, LATIN AMERICA AND THE CARIBBEAN,3521,3632,1807,1872,1714,1760
   Saint Kitts and Nevis,  Caribbean,2744,2827,1394,1443,1350,1384
   Saint Kitts and Nevis,  Central America,0,0,0,0,0,0
   Saint Kitts and Nevis,  South America,777,805,413,429,364,376
   Saint Kitts and Nevis, NORTHERN AMERICA,0,0,0,0,0,0
   Saint Kitts and Nevis, OCEANIA ,0,0,0,0,0,0
   Saint Kitts and Nevis,  Australia and New Zealand,0,0,0,0,0,0
   Saint Kitts and Nevis,  Melanesia,0,0,0,0,0,0
   Saint Kitts and Nevis,  Micronesia,0,0,0,0,0,0
   Saint Kitts and Nevis,  Polynesia*,0,0,0,0,0,0
   Saint Kitts and Nevis,   Antigua and Barbuda,404,417,197,204,207,213
   Saint Kitts and Nevis,   Bahamas,24,23,15,15,9,8
   Saint Kitts and Nevis,   Barbados,96,98,45,47,51,51
   Saint Kitts and Nevis,   British Virgin Islands*,243,250,123,127,120,123
   Saint Kitts and Nevis,   Dominica,200,206,106,110,94,96
   Saint Kitts and Nevis,   Grenada,57,58,31,33,26,25
   Saint Kitts and Nevis,   Guyana,777,805,413,429,364,376
   Saint Kitts and Nevis,   Jamaica,141,144,70,72,71,72
   Saint Kitts and Nevis,   Montserrat*,430,445,217,225,213,220
   Saint Kitts and Nevis,   Saint Lucia,102,104,57,59,45,45
   Saint Kitts and Nevis,   Saint Vincent and the Grenadines,168,173,88,91,80,82
   Saint Kitts and Nevis,   Trinidad and Tobago,266,275,153,158,113,117
   Saint Kitts and Nevis,   United States Virgin Islands*,613,634,292,302,321,332
   Saint Kitts and Nevis,Other,3922,4093,2109,2194,1813,1899
   Saint Lucia,WORLD,8673,8338,4179,4004,4494,4334
   Saint Lucia,  Sub-Saharan Africa,94,84,36,34,58,50
   Saint Lucia,  Northern Africa and Western Asia,137,130,106,102,31,28
   Saint Lucia,  Central and Southern Asia,220,214,132,125,88,89
   Saint Lucia,  Eastern and South-Eastern Asia,95,86,46,45,49,41
   Saint Lucia,  Latin America and the Caribbean,5410,5180,2484,2387,2926,2793
   Saint Lucia,  Oceania (excluding Australia and New Zealand),0,0,0,0,0,0
   Saint Lucia,  Australia and New Zealand,13,10,5,4,8,6
   Saint Lucia,  Europe and Northern America,2102,2012,1063,1025,1039,987
   Saint Lucia,  Developed regions,2125,2030,1070,1031,1055,999
   Saint Lucia,  Less developed regions,5946,5686,2802,2691,3144,2995
   Saint Lucia," Less developed regions, excluding least developed countries",5920,5664,2788,2678,3132,2986
   Saint Lucia," Less developed regions, excluding China",5894,5637,2776,2666,3118,2971
   Saint Lucia,  Least developed countries,26,22,14,13,12,9
   Saint Lucia,  Land-locked Developing Countries (LLDC),2,0,1,0,1,0
   Saint Lucia,  Small island developing States (SIDS),5205,4990,2406,2311,2799,2679
   Saint Lucia,  High-income countries,3502,3335,1737,1671,1765,1664
   Saint Lucia,  Middle-income countries,3917,3767,1785,1715,2132,2052
   Saint Lucia, Upper-middle-income countries,3587,3451,1610,1547,1977,1904
   Saint Lucia, Lower-middle-income countries,330,316,175,168,155,148
   Saint Lucia,  Low-income countries,163,152,120,115,43,37
   Saint Lucia, AFRICA,94,84,36,34,58,50
   Saint Lucia,  Eastern Africa,2,0,1,0,1,0
   Saint Lucia,  Middle Africa,0,0,0,0,0,0
   Saint Lucia,  Northern Africa,0,0,0,0,0,0
   Saint Lucia,  Southern Africa,5,3,4,3,1,0
   Saint Lucia,  Western Africa,87,81,31,31,56,50
   Saint Lucia, ASIA,452,430,284,272,168,158
   Saint Lucia,  Central Asia,0,0,0,0,0,0
   Saint Lucia,  Eastern Asia,62,57,28,27,34,30
   Saint Lucia,  South-Eastern Asia,33,29,18,18,15,11
   Saint Lucia,  Southern Asia,220,214,132,125,88,89
   Saint Lucia,  Western Asia,137,130,106,102,31,28
   Saint Lucia, EUROPE,966,916,479,462,487,454
   Saint Lucia,  Eastern Europe,0,0,0,0,0,0
   Saint Lucia,  Northern Europe,808,774,389,373,419,401
   Saint Lucia,  Southern Europe,14,12,7,7,7,5
   Saint Lucia,  Western Europe,144,130,83,82,61,48
   Saint Lucia, LATIN AMERICA AND THE CARIBBEAN,5410,5180,2484,2387,2926,2793
   Saint Lucia,  Caribbean,2996,2859,1429,1371,1567,1488
   Saint Lucia,  Central America,28,22,10,8,18,14
   Saint Lucia,  South America,2386,2299,1045,1008,1341,1291
   Saint Lucia, NORTHERN AMERICA,1136,1096,584,563,552,533
   Saint Lucia, OCEANIA ,13,10,5,4,8,6
   Saint Lucia,  Australia and New Zealand,13,10,5,4,8,6
   Saint Lucia,  Melanesia,0,0,0,0,0,0
   Saint Lucia,  Micronesia,0,0,0,0,0,0
   Saint Lucia,  Polynesia*,0,0,0,0,0,0
   Saint Lucia,   Antigua and Barbuda,90,85,45,43,45,42
   Saint Lucia,   Australia*,12,10,4,4,8,6
   Saint Lucia,   Austria,10,8,6,6,4,2
   Saint Lucia,   Bahamas,11,9,9,9,2,0
   Saint Lucia,   Barbados,421,403,208,199,213,204
   Saint Lucia,   Belgium,9,7,6,6,3,1
   Saint Lucia,   Bermuda*,2,0,2,0,0,0
   Saint Lucia,   Brazil,8,6,6,6,2,0
   Saint Lucia,   Belize,0,0,0,0,0,0
   Saint Lucia,   British Virgin Islands*,8,6,7,6,1,0
   Saint Lucia,   Canada,257,245,119,114,138,131
   Saint Lucia,   Cayman Islands*,10,8,9,8,1,0
   Saint Lucia,   China*,52,49,26,25,26,24
   Saint Lucia,   Cuba,83,79,36,35,47,44
   Saint Lucia,   Dominica,261,249,134,129,127,120
   Saint Lucia,   Dominican Republic,38,35,16,16,22,19
   Saint Lucia,   Ethiopia,2,0,1,0,1,0
   Saint Lucia,   France*,54,51,37,36,17,15
   Saint Lucia,   French Guiana*,142,135,50,48,92,87
   Saint Lucia,   Germany,50,47,19,19,31,28
   Saint Lucia,   Ghana,18,16,12,12,6,4
   Saint Lucia,   Grenada,168,160,100,96,68,64
   Saint Lucia,   Guadeloupe*,27,25,6,6,21,19
   Saint Lucia,   Guatemala,3,1,3,1,0,0
   Saint Lucia,   Guyana,2185,2111,965,930,1220,1181
   Saint Lucia,   Haiti,24,22,13,13,11,9
   Saint Lucia,   India,218,214,130,125,88,89
   Saint Lucia,   Ireland,17,15,10,10,7,5
   Saint Lucia,   Italy,14,12,7,7,7,5
   Saint Lucia,   Jamaica,390,373,156,150,234,223
   Saint Lucia,   Japan,10,8,2,2,8,6
   Saint Lucia,   Lebanon,0,0,0,0,0,0
   Saint Lucia,   Malaysia*,10,8,6,6,4,2
   Saint Lucia,   Martinique*,285,272,156,150,129,122
   Saint Lucia,   Mexico,18,16,2,2,16,14
   Saint Lucia,   Montserrat*,30,27,15,14,15,13
   Saint Lucia,   Netherlands*,12,10,9,9,3,1
   Saint Lucia,   Curaçao*,83,79,41,40,42,39
   Saint Lucia,   Aruba*,29,27,11,11,18,16
   Saint Lucia,   Sint Maarten (Dutch part)*,54,51,28,27,26,24
   Saint Lucia,   New Zealand*,1,0,1,0,0,0
   Saint Lucia,   Nigeria,69,65,19,19,50,46
   Saint Lucia,   Pakistan,2,0,2,0,0,0
   Saint Lucia,   Panama,7,5,5,5,2,0
   Saint Lucia,   Philippines,23,21,12,12,11,9
   Saint Lucia,   Puerto Rico*,8,6,7,6,1,0
   Saint Lucia,   Saint Kitts and Nevis,36,33,16,16,20,17
   Saint Lucia,   Anguilla*,5,3,3,3,2,0
   Saint Lucia,   Saint Vincent and the Grenadines,315,314,132,124,183,190
   Saint Lucia,   South Africa,5,3,4,3,1,0
   Saint Lucia,   Zimbabwe,0,0,0,0,0,0
   Saint Lucia,   Suriname,22,20,10,10,12,10
   Saint Lucia,   Switzerland,9,7,6,6,3,1
   Saint Lucia,   Syrian Arab Republic,137,130,106,102,31,28
   Saint Lucia,   Trinidad and Tobago,526,504,247,237,279,267
   Saint Lucia,   United Kingdom*,791,759,379,363,412,396
   Saint Lucia,   United States of America*,877,851,463,449,414,402
   Saint Lucia,   United States Virgin Islands*,94,89,34,33,60,56
   Saint Lucia,   Venezuela (Bolivarian Republic of),29,27,14,14,15,13
   Saint Lucia,Other,602,622,307,282,295,340
   Saint Martin (French part)*,WORLD,0,0,0,0,0,0
   Saint Martin (French part)*,  Sub-Saharan Africa,0,0,0,0,0,0
   Saint Martin (French part)*,  Northern Africa and Western Asia,0,0,0,0,0,0
   Saint Martin (French part)*,  Central and Southern Asia,0,0,0,0,0,0
   Saint Martin (French part)*,  Eastern and South-Eastern Asia,0,0,0,0,0,0
   Saint Martin (French part)*,  Latin America and the Caribbean,0,0,0,0,0,0
   Saint Martin (French part)*,  Oceania (excluding Australia and New Zealand),0,0,0,0,0,0
   Saint Martin (French part)*,  Australia and New Zealand,0,0,0,0,0,0
   Saint Martin (French part)*,  Europe and Northern America,0,0,0,0,0,0
   Saint Martin (French part)*,  Developed regions,0,0,0,0,0,0
   Saint Martin (French part)*,  Less developed regions,0,0,0,0,0,0
   Saint Martin (French part)*," Less developed regions, excluding least developed countries",0,0,0,0,0,0
   Saint Martin (French part)*," Less developed regions, excluding China",0,0,0,0,0,0
   Saint Martin (French part)*,  Least developed countries,0,0,0,0,0,0
   Saint Martin (French part)*,  Land-locked Developing Countries (LLDC),0,0,0,0,0,0
   Saint Martin (French part)*,  Small island developing States (SIDS),0,0,0,0,0,0
   Saint Martin (French part)*,  High-income countries,0,0,0,0,0,0
   Saint Martin (French part)*,  Middle-income countries,0,0,0,0,0,0
   Saint Martin (French part)*, Upper-middle-income countries,0,0,0,0,0,0
   Saint Martin (French part)*, Lower-middle-income countries,0,0,0,0,0,0
   Saint Martin (French part)*,  Low-income countries,0,0,0,0,0,0
   Saint Martin (French part)*, AFRICA,0,0,0,0,0,0
   Saint Martin (French part)*,  Eastern Africa,0,0,0,0,0,0
   Saint Martin (French part)*,  Middle Africa,0,0,0,0,0,0
   Saint Martin (French part)*,  Northern Africa,0,0,0,0,0,0
   Saint Martin (French part)*,  Southern Africa,0,0,0,0,0,0
   Saint Martin (French part)*,  Western Africa,0,0,0,0,0,0
   Saint Martin (French part)*, ASIA,0,0,0,0,0,0
   Saint Martin (French part)*,  Central Asia,0,0,0,0,0,0
   Saint Martin (French part)*,  Eastern Asia,0,0,0,0,0,0
   Saint Martin (French part)*,  South-Eastern Asia,0,0,0,0,0,0
   Saint Martin (French part)*,  Southern Asia,0,0,0,0,0,0
   Saint Martin (French part)*,  Western Asia,0,0,0,0,0,0
   Saint Martin (French part)*, EUROPE,0,0,0,0,0,0
   Saint Martin (French part)*,  Eastern Europe,0,0,0,0,0,0
   Saint Martin (French part)*,  Northern Europe,0,0,0,0,0,0
   Saint Martin (French part)*,  Southern Europe,0,0,0,0,0,0
   Saint Martin (French part)*,  Western Europe,0,0,0,0,0,0
   Saint Martin (French part)*, LATIN AMERICA AND THE CARIBBEAN,0,0,0,0,0,0
   Saint Martin (French part)*,  Caribbean,0,0,0,0,0,0
   Saint Martin (French part)*,  Central America,0,0,0,0,0,0
   Saint Martin (French part)*,  South America,0,0,0,0,0,0
   Saint Martin (French part)*, NORTHERN AMERICA,0,0,0,0,0,0
   Saint Martin (French part)*, OCEANIA ,0,0,0,0,0,0
   Saint Martin (French part)*,  Australia and New Zealand,0,0,0,0,0,0
   Saint Martin (French part)*,  Melanesia,0,0,0,0,0,0
   Saint Martin (French part)*,  Micronesia,0,0,0,0,0,0
   Saint Martin (French part)*,  Polynesia*,0,0,0,0,0,0
   Saint Vincent and the Grenadines,WORLD,4637,4738,2355,2443,2282,2295
   Saint Vincent and the Grenadines,  Sub-Saharan Africa,0,0,0,0,0,0
   Saint Vincent and the Grenadines,  Northern Africa and Western Asia,0,0,0,0,0,0
   Saint Vincent and the Grenadines,  Central and Southern Asia,0,0,0,0,0,0
   Saint Vincent and the Grenadines,  Eastern and South-Eastern Asia,0,0,0,0,0,0
   Saint Vincent and the Grenadines,  Latin America and the Caribbean,3027,3081,1492,1542,1535,1539
   Saint Vincent and the Grenadines,  Oceania (excluding Australia and New Zealand),0,0,0,0,0,0
   Saint Vincent and the Grenadines,  Australia and New Zealand,0,0,0,0,0,0
   Saint Vincent and the Grenadines,  Europe and Northern America,1319,1348,704,738,615,610
   Saint Vincent and the Grenadines,  Developed regions,1319,1348,704,738,615,610
   Saint Vincent and the Grenadines,  Less developed regions,3027,3081,1492,1542,1535,1539
   Saint Vincent and the Grenadines," Less developed regions, excluding least developed countries",3027,3081,1492,1542,1535,1539
   Saint Vincent and the Grenadines," Less developed regions, excluding China",3027,3081,1492,1542,1535,1539
   Saint Vincent and the Grenadines,  Least developed countries,0,0,0,0,0,0
   Saint Vincent and the Grenadines,  Land-locked Developing Countries (LLDC),0,0,0,0,0,0
   Saint Vincent and the Grenadines,  Small island developing States (SIDS),2826,2879,1383,1433,1443,1446
   Saint Vincent and the Grenadines,  High-income countries,3007,3076,1576,1643,1431,1433
   Saint Vincent and the Grenadines,  Middle-income countries,1138,1151,511,528,627,623
   Saint Vincent and the Grenadines, Upper-middle-income countries,1138,1151,511,528,627,623
   Saint Vincent and the Grenadines, Lower-middle-income countries,0,0,0,0,0,0
   Saint Vincent and the Grenadines,  Low-income countries,0,0,0,0,0,0
   Saint Vincent and the Grenadines, AFRICA,0,0,0,0,0,0
   Saint Vincent and the Grenadines,  Eastern Africa,0,0,0,0,0,0
   Saint Vincent and the Grenadines,  Middle Africa,0,0,0,0,0,0
   Saint Vincent and the Grenadines,  Northern Africa,0,0,0,0,0,0
   Saint Vincent and the Grenadines,  Southern Africa,0,0,0,0,0,0
   Saint Vincent and the Grenadines,  Western Africa,0,0,0,0,0,0
   Saint Vincent and the Grenadines, ASIA,0,0,0,0,0,0
   Saint Vincent and the Grenadines,  Central Asia,0,0,0,0,0,0
   Saint Vincent and the Grenadines,  Eastern Asia,0,0,0,0,0,0
   Saint Vincent and the Grenadines,  South-Eastern Asia,0,0,0,0,0,0
   Saint Vincent and the Grenadines,  Southern Asia,0,0,0,0,0,0
   Saint Vincent and the Grenadines,  Western Asia,0,0,0,0,0,0
   Saint Vincent and the Grenadines, EUROPE,805,829,427,452,378,377
   Saint Vincent and the Grenadines,  Eastern Europe,0,0,0,0,0,0
   Saint Vincent and the Grenadines,  Northern Europe,805,829,427,452,378,377
   Saint Vincent and the Grenadines,  Southern Europe,0,0,0,0,0,0
   Saint Vincent and the Grenadines,  Western Europe,0,0,0,0,0,0
   Saint Vincent and the Grenadines, LATIN AMERICA AND THE CARIBBEAN,3027,3081,1492,1542,1535,1539
   Saint Vincent and the Grenadines,  Caribbean,2781,2832,1377,1425,1404,1407
   Saint Vincent and the Grenadines,  Central America,0,0,0,0,0,0
   Saint Vincent and the Grenadines,  South America,246,249,115,117,131,132
   Saint Vincent and the Grenadines, NORTHERN AMERICA,514,519,277,286,237,233
   Saint Vincent and the Grenadines, OCEANIA ,0,0,0,0,0,0
   Saint Vincent and the Grenadines,  Australia and New Zealand,0,0,0,0,0,0
   Saint Vincent and the Grenadines,  Melanesia,0,0,0,0,0,0
   Saint Vincent and the Grenadines,  Micronesia,0,0,0,0,0,0
   Saint Vincent and the Grenadines,  Polynesia*,0,0,0,0,0,0
   Saint Vincent and the Grenadines,   Antigua and Barbuda,58,56,33,33,25,23
   Saint Vincent and the Grenadines,   Barbados,351,355,201,207,150,148
   Saint Vincent and the Grenadines,   Canada,172,173,94,97,78,76
   Saint Vincent and the Grenadines,   Dominica,87,86,41,40,46,46
   Saint Vincent and the Grenadines,   Grenada,439,450,192,204,247,246
   Saint Vincent and the Grenadines,   Guyana,246,249,115,117,131,132
   Saint Vincent and the Grenadines,   Jamaica,126,125,60,61,66,64
   Saint Vincent and the Grenadines,   Curaçao*,152,152,76,78,76,74
   Saint Vincent and the Grenadines,   Sint Maarten (Dutch part)*,112,117,52,59,60,58
   Saint Vincent and the Grenadines,"   Bonaire, Sint Eustatius and Saba*",201,202,109,109,92,93
   Saint Vincent and the Grenadines,   Saint Kitts and Nevis,39,37,10,10,29,27
   Saint Vincent and the Grenadines,   Saint Lucia,240,241,103,106,137,135
   Saint Vincent and the Grenadines,   Trinidad and Tobago,976,1011,500,518,476,493
   Saint Vincent and the Grenadines,   United Kingdom*,805,829,427,452,378,377
   Saint Vincent and the Grenadines,   United States of America*,342,346,183,189,159,157
   Saint Vincent and the Grenadines,Other,291,309,159,163,132,146
   Sint Maarten (Dutch part)*,WORLD,27295,28845,13077,13822,14218,15023
   Sint Maarten (Dutch part)*,  Sub-Saharan Africa,0,0,0,0,0,0
   Sint Maarten (Dutch part)*,  Northern Africa and Western Asia,321,338,194,205,127,133
   Sint Maarten (Dutch part)*,  Central and Southern Asia,834,880,794,839,40,41
   Sint Maarten (Dutch part)*,  Eastern and South-Eastern Asia,234,245,127,136,107,109
   Sint Maarten (Dutch part)*,  Latin America and the Caribbean,22355,23602,10176,10749,12179,12853
   Sint Maarten (Dutch part)*,  Oceania (excluding Australia and New Zealand),0,0,0,0,0,0
   Sint Maarten (Dutch part)*,  Australia and New Zealand,0,0,0,0,0,0
   Sint Maarten (Dutch part)*,  Europe and Northern America,1222,1285,587,622,635,663
   Sint Maarten (Dutch part)*,  Developed regions,1222,1285,587,622,635,663
   Sint Maarten (Dutch part)*,  Less developed regions,23744,25065,11291,11929,12453,13136
   Sint Maarten (Dutch part)*," Less developed regions, excluding least developed countries",20998,22164,9710,10258,11288,11906
   Sint Maarten (Dutch part)*," Less developed regions, excluding China",23570,24882,11200,11832,12370,13050
   Sint Maarten (Dutch part)*,  Least developed countries,2746,2901,1581,1671,1165,1230
   Sint Maarten (Dutch part)*,  Land-locked Developing Countries (LLDC),0,0,0,0,0,0
   Sint Maarten (Dutch part)*,  Small island developing States (SIDS),21941,23169,9993,10555,11948,12614
   Sint Maarten (Dutch part)*,  High-income countries,6790,7154,3060,3234,3730,3920
   Sint Maarten (Dutch part)*,  Middle-income countries,12756,13475,5959,6297,6797,7178
   Sint Maarten (Dutch part)*, Upper-middle-income countries,11922,12595,5165,5458,6757,7137
   Sint Maarten (Dutch part)*, Lower-middle-income countries,834,880,794,839,40,41
   Sint Maarten (Dutch part)*,  Low-income countries,2746,2901,1581,1671,1165,1230
   Sint Maarten (Dutch part)*, AFRICA,0,0,0,0,0,0
   Sint Maarten (Dutch part)*,  Eastern Africa,0,0,0,0,0,0
   Sint Maarten (Dutch part)*,  Middle Africa,0,0,0,0,0,0
   Sint Maarten (Dutch part)*,  Northern Africa,0,0,0,0,0,0
   Sint Maarten (Dutch part)*,  Southern Africa,0,0,0,0,0,0
   Sint Maarten (Dutch part)*,  Western Africa,0,0,0,0,0,0
   Sint Maarten (Dutch part)*, ASIA,1389,1463,1115,1180,274,283
   Sint Maarten (Dutch part)*,  Central Asia,0,0,0,0,0,0
   Sint Maarten (Dutch part)*,  Eastern Asia,174,183,91,97,83,86
   Sint Maarten (Dutch part)*,  South-Eastern Asia,60,62,36,39,24,23
   Sint Maarten (Dutch part)*,  Southern Asia,834,880,794,839,40,41
   Sint Maarten (Dutch part)*,  Western Asia,321,338,194,205,127,133
   Sint Maarten (Dutch part)*, EUROPE,872,917,429,454,443,463
   Sint Maarten (Dutch part)*,  Eastern Europe,0,0,0,0,0,0
   Sint Maarten (Dutch part)*,  Northern Europe,53,54,28,30,25,24
   Sint Maarten (Dutch part)*,  Southern Europe,0,0,0,0,0,0
   Sint Maarten (Dutch part)*,  Western Europe,819,863,401,424,418,439
   Sint Maarten (Dutch part)*, LATIN AMERICA AND THE CARIBBEAN,22355,23602,10176,10749,12179,12853
   Sint Maarten (Dutch part)*,  Caribbean,19778,20886,8953,9456,10825,11430
   Sint Maarten (Dutch part)*,  Central America,0,0,0,0,0,0
   Sint Maarten (Dutch part)*,  South America,2577,2716,1223,1293,1354,1423
   Sint Maarten (Dutch part)*, NORTHERN AMERICA,350,368,158,168,192,200
   Sint Maarten (Dutch part)*, OCEANIA ,0,0,0,0,0,0
   Sint Maarten (Dutch part)*,  Australia and New Zealand,0,0,0,0,0,0
   Sint Maarten (Dutch part)*,  Melanesia,0,0,0,0,0,0
   Sint Maarten (Dutch part)*,  Micronesia,0,0,0,0,0,0
   Sint Maarten (Dutch part)*,  Polynesia*,0,0,0,0,0,0
   Sint Maarten (Dutch part)*,   Antigua and Barbuda,534,563,241,255,293,308
   Sint Maarten (Dutch part)*,   Barbados,73,76,36,38,37,38
   Sint Maarten (Dutch part)*,   British Virgin Islands*,904,953,412,435,492,518
   Sint Maarten (Dutch part)*,   Canada,38,39,18,20,20,19
   Sint Maarten (Dutch part)*,   China*,174,183,91,97,83,86
   Sint Maarten (Dutch part)*,   Colombia,208,218,85,90,123,128
   Sint Maarten (Dutch part)*,   Cuba,828,874,306,324,522,550
   Sint Maarten (Dutch part)*,   Dominica,1495,1578,768,811,727,767
   Sint Maarten (Dutch part)*,   Dominican Republic,3546,3762,1275,1346,2271,2416
   Sint Maarten (Dutch part)*,   France*,89,93,47,50,42,43
   Sint Maarten (Dutch part)*,   Guadeloupe*,2051,2166,956,1010,1095,1156
   Sint Maarten (Dutch part)*,   Guyana,1807,1907,879,928,928,979
   Sint Maarten (Dutch part)*,   Haiti,2746,2901,1581,1671,1165,1230
   Sint Maarten (Dutch part)*,   India,834,880,794,839,40,41
   Sint Maarten (Dutch part)*,   Indonesia,60,62,36,39,24,23
   Sint Maarten (Dutch part)*,   Jamaica,2364,2496,1013,1070,1351,1426
   Sint Maarten (Dutch part)*,   Lebanon,321,338,194,205,127,133
   Sint Maarten (Dutch part)*,   Martinique*,75,78,36,38,39,40
   Sint Maarten (Dutch part)*,   Netherlands*,730,770,354,374,376,396
   Sint Maarten (Dutch part)*,   Curaçao*,1425,1504,724,765,701,739
   Sint Maarten (Dutch part)*,   Aruba*,1286,1358,563,595,723,763
   Sint Maarten (Dutch part)*,"   Bonaire, Sint Eustatius and Saba*",165,173,77,81,88,92
   Sint Maarten (Dutch part)*,   Puerto Rico*,26,25,13,13,13,12
   Sint Maarten (Dutch part)*,   Saint Kitts and Nevis,1042,1099,374,395,668,704
   Sint Maarten (Dutch part)*,   Anguilla*,383,403,209,220,174,183
   Sint Maarten (Dutch part)*,   Saint Lucia,487,513,222,234,265,279
   Sint Maarten (Dutch part)*,   Saint Vincent and the Grenadines,70,73,37,39,33,34
   Sint Maarten (Dutch part)*,   Suriname,521,549,238,252,283,297
   Sint Maarten (Dutch part)*,   Trinidad and Tobago,208,218,74,78,134,140
   Sint Maarten (Dutch part)*,   United Kingdom*,53,54,28,30,25,24
   Sint Maarten (Dutch part)*,   United States of America*,312,329,140,148,172,181
   Sint Maarten (Dutch part)*,   United States Virgin Islands*,70,73,36,38,34,35
   Sint Maarten (Dutch part)*,   Venezuela (Bolivarian Republic of),41,42,21,23,20,19
   Sint Maarten (Dutch part)*,Other,2329,2495,1199,1271,1130,1224
   Trinidad and Tobago,WORLD,50021,78849,24464,39179,25557,39670
   Trinidad and Tobago,  Sub-Saharan Africa,502,557,323,388,179,169
   Trinidad and Tobago,  Northern Africa and Western Asia,0,0,0,0,0,0
   Trinidad and Tobago,  Central and Southern Asia,959,1064,562,689,397,375
   Trinidad and Tobago,  Eastern and South-Eastern Asia,1212,1344,653,816,559,528
   Trinidad and Tobago,  Latin America and the Caribbean,29756,57212,13753,26215,16003,30997
   Trinidad and Tobago,  Oceania (excluding Australia and New Zealand),0,0,0,0,0,0
   Trinidad and Tobago,  Australia and New Zealand,0,0,0,0,0,0
   Trinidad and Tobago,  Europe and Northern America,10196,11320,5359,6742,4837,4578
   Trinidad and Tobago,  Developed regions,10196,11320,5359,6742,4837,4578
   Trinidad and Tobago,  Less developed regions,32429,60177,15291,28108,17138,32069
   Trinidad and Tobago," Less developed regions, excluding least developed countries",32429,60177,15291,28108,17138,32069
   Trinidad and Tobago," Less developed regions, excluding China",31563,59216,14811,27512,16752,31704
   Trinidad and Tobago,  Least developed countries,0,0,0,0,0,0
   Trinidad and Tobago,  Land-locked Developing Countries (LLDC),0,0,0,0,0,0
   Trinidad and Tobago,  Small island developing States (SIDS),27886,33211,12874,17942,15012,15269
   Trinidad and Tobago,  High-income countries,11262,12504,5871,7402,5391,5102
   Trinidad and Tobago,  Middle-income countries,31363,58993,14779,27448,16584,31545
   Trinidad and Tobago, Upper-middle-income countries,29556,56989,13721,26151,15835,30838
   Trinidad and Tobago, Lower-middle-income countries,1807,2004,1058,1297,749,707
   Trinidad and Tobago,  Low-income countries,0,0,0,0,0,0
   Trinidad and Tobago, AFRICA,502,557,323,388,179,169
   Trinidad and Tobago,  Eastern Africa,0,0,0,0,0,0
   Trinidad and Tobago,  Middle Africa,0,0,0,0,0,0
   Trinidad and Tobago,  Northern Africa,0,0,0,0,0,0
   Trinidad and Tobago,  Southern Africa,0,0,0,0,0,0
   Trinidad and Tobago,  Western Africa,502,557,323,388,179,169
   Trinidad and Tobago, ASIA,2171,2408,1215,1505,956,903
   Trinidad and Tobago,  Central Asia,0,0,0,0,0,0
   Trinidad and Tobago,  Eastern Asia,866,961,480,596,386,365
   Trinidad and Tobago,  South-Eastern Asia,346,383,173,220,173,163
   Trinidad and Tobago,  Southern Asia,959,1064,562,689,397,375
   Trinidad and Tobago,  Western Asia,0,0,0,0,0,0
   Trinidad and Tobago, EUROPE,2621,2909,1403,1758,1218,1151
   Trinidad and Tobago,  Eastern Europe,0,0,0,0,0,0
   Trinidad and Tobago,  Northern Europe,2368,2629,1273,1593,1095,1036
   Trinidad and Tobago,  Southern Europe,0,0,0,0,0,0
   Trinidad and Tobago,  Western Europe,253,280,130,165,123,115
   Trinidad and Tobago, LATIN AMERICA AND THE CARIBBEAN,29756,57212,13753,26215,16003,30997
   Trinidad and Tobago,  Caribbean,18056,22288,8234,11940,9822,10348
   Trinidad and Tobago,  Central America,0,0,0,0,0,0
   Trinidad and Tobago,  South America,11700,34924,5519,14275,6181,20649
   Trinidad and Tobago, NORTHERN AMERICA,7575,8411,3956,4984,3619,3427
   Trinidad and Tobago, OCEANIA ,0,0,0,0,0,0
   Trinidad and Tobago,  Australia and New Zealand,0,0,0,0,0,0
   Trinidad and Tobago,  Melanesia,0,0,0,0,0,0
   Trinidad and Tobago,  Micronesia,0,0,0,0,0,0
   Trinidad and Tobago,  Polynesia*,0,0,0,0,0,0
   Trinidad and Tobago,   Barbados,1066,1184,512,660,554,524
   Trinidad and Tobago,   Canada,1777,1972,920,1160,857,812
   Trinidad and Tobago,   China*,866,961,480,596,386,365
   Trinidad and Tobago,   Cuba,157,2412,86,1294,71,1118
   Trinidad and Tobago,   Germany,253,280,130,165,123,115
   Trinidad and Tobago,   Grenada,8026,8913,3551,4676,4475,4237
   Trinidad and Tobago,   Guyana,9830,10923,4640,6002,5190,4921
   Trinidad and Tobago,   India,959,1064,562,689,397,375
   Trinidad and Tobago,   Jamaica,1497,1661,787,989,710,672
   Trinidad and Tobago,   Nigeria,502,557,323,388,179,169
   Trinidad and Tobago,   Philippines,346,383,173,220,173,163
   Trinidad and Tobago,   Saint Lucia,880,977,425,547,455,430
   Trinidad and Tobago,   Saint Vincent and the Grenadines,6430,7141,2873,3774,3557,3367
   Trinidad and Tobago,   United Kingdom*,2368,2629,1273,1593,1095,1036
   Trinidad and Tobago,   United States of America*,5798,6439,3036,3824,2762,2615
   Trinidad and Tobago,   Venezuela (Bolivarian Republic of),1870,24001,879,8273,991,15728
   Trinidad and Tobago,Other,7396,7352,3814,4329,3582,3023
   Turks and Caicos Islands*,WORLD,22723,25748,11759,13325,10964,12423
   Turks and Caicos Islands*,  Sub-Saharan Africa,0,0,0,0,0,0
   Turks and Caicos Islands*,  Northern Africa and Western Asia,0,0,0,0,0,0
   Turks and Caicos Islands*,  Central and Southern Asia,0,0,0,0,0,0
   Turks and Caicos Islands*,  Eastern and South-Eastern Asia,0,0,0,0,0,0
   Turks and Caicos Islands*,  Latin America and the Caribbean,15957,18083,7986,9054,7971,9029
   Turks and Caicos Islands*,  Oceania (excluding Australia and New Zealand),0,0,0,0,0,0
   Turks and Caicos Islands*,  Australia and New Zealand,0,0,0,0,0,0
   Turks and Caicos Islands*,  Europe and Northern America,1803,2038,976,1108,827,930
   Turks and Caicos Islands*,  Developed regions,1803,2038,976,1108,827,930
   Turks and Caicos Islands*,  Less developed regions,15957,18083,7986,9054,7971,9029
   Turks and Caicos Islands*," Less developed regions, excluding least developed countries",2029,2296,1021,1158,1008,1138
   Turks and Caicos Islands*," Less developed regions, excluding China",15957,18083,7986,9054,7971,9029
   Turks and Caicos Islands*,  Least developed countries,13928,15787,6965,7896,6963,7891
   Turks and Caicos Islands*,  Land-locked Developing Countries (LLDC),0,0,0,0,0,0
   Turks and Caicos Islands*,  Small island developing States (SIDS),15957,18083,7986,9054,7971,9029
   Turks and Caicos Islands*,  High-income countries,2076,2345,1118,1268,958,1077
   Turks and Caicos Islands*,  Middle-income countries,1756,1989,879,998,877,991
   Turks and Caicos Islands*, Upper-middle-income countries,1756,1989,879,998,877,991
   Turks and Caicos Islands*, Lower-middle-income countries,0,0,0,0,0,0
   Turks and Caicos Islands*,  Low-income countries,13928,15787,6965,7896,6963,7891
   Turks and Caicos Islands*, AFRICA,0,0,0,0,0,0
   Turks and Caicos Islands*,  Eastern Africa,0,0,0,0,0,0
   Turks and Caicos Islands*,  Middle Africa,0,0,0,0,0,0
   Turks and Caicos Islands*,  Northern Africa,0,0,0,0,0,0
   Turks and Caicos Islands*,  Southern Africa,0,0,0,0,0,0
   Turks and Caicos Islands*,  Western Africa,0,0,0,0,0,0
   Turks and Caicos Islands*, ASIA,0,0,0,0,0,0
   Turks and Caicos Islands*,  Central Asia,0,0,0,0,0,0
   Turks and Caicos Islands*,  Eastern Asia,0,0,0,0,0,0
   Turks and Caicos Islands*,  South-Eastern Asia,0,0,0,0,0,0
   Turks and Caicos Islands*,  Southern Asia,0,0,0,0,0,0
   Turks and Caicos Islands*,  Western Asia,0,0,0,0,0,0
   Turks and Caicos Islands*, EUROPE,416,471,231,263,185,208
   Turks and Caicos Islands*,  Eastern Europe,0,0,0,0,0,0
   Turks and Caicos Islands*,  Northern Europe,416,471,231,263,185,208
   Turks and Caicos Islands*,  Southern Europe,0,0,0,0,0,0
   Turks and Caicos Islands*,  Western Europe,0,0,0,0,0,0
   Turks and Caicos Islands*, LATIN AMERICA AND THE CARIBBEAN,15957,18083,7986,9054,7971,9029
   Turks and Caicos Islands*,  Caribbean,15957,18083,7986,9054,7971,9029
   Turks and Caicos Islands*,  Central America,0,0,0,0,0,0
   Turks and Caicos Islands*,  South America,0,0,0,0,0,0
   Turks and Caicos Islands*, NORTHERN AMERICA,1387,1567,745,845,642,722
   Turks and Caicos Islands*, OCEANIA ,0,0,0,0,0,0
   Turks and Caicos Islands*,  Australia and New Zealand,0,0,0,0,0,0
   Turks and Caicos Islands*,  Melanesia,0,0,0,0,0,0
   Turks and Caicos Islands*,  Micronesia,0,0,0,0,0,0
   Turks and Caicos Islands*,  Polynesia*,0,0,0,0,0,0
   Turks and Caicos Islands*,   Bahamas,273,307,142,160,131,147
   Turks and Caicos Islands*,   Canada,462,521,246,279,216,242
   Turks and Caicos Islands*,   Dominican Republic,1756,1989,879,998,877,991
   Turks and Caicos Islands*,   Haiti,13928,15787,6965,7896,6963,7891
   Turks and Caicos Islands*,   United Kingdom*,416,471,231,263,185,208
   Turks and Caicos Islands*,   United States of America*,925,1046,499,566,426,480
   Turks and Caicos Islands*,Other,4963,5627,2797,3163,2166,2464
   United States Virgin Islands*,WORLD,56721,56753,26728,26744,29993,30009
   United States Virgin Islands*,  Sub-Saharan Africa,0,0,0,0,0,0
   United States Virgin Islands*,  Northern Africa and Western Asia,0,0,0,0,0,0
   United States Virgin Islands*,  Central and Southern Asia,0,0,0,0,0,0
   United States Virgin Islands*,  Eastern and South-Eastern Asia,0,0,0,0,0,0
   United States Virgin Islands*,  Latin America and the Caribbean,38693,38688,17875,17885,20818,20803
   United States Virgin Islands*,  Oceania (excluding Australia and New Zealand),0,0,0,0,0,0
   United States Virgin Islands*,  Australia and New Zealand,0,0,0,0,0,0
   United States Virgin Islands*,  Europe and Northern America,16861,16886,8193,8196,8668,8690
   United States Virgin Islands*,  Developed regions,16861,16886,8193,8196,8668,8690
   United States Virgin Islands*,  Less developed regions,38693,38688,17875,17885,20818,20803
   United States Virgin Islands*," Less developed regions, excluding least developed countries",38049,38045,17567,17577,20482,20468
   United States Virgin Islands*," Less developed regions, excluding China",38693,38688,17875,17885,20818,20803
   United States Virgin Islands*,  Least developed countries,644,643,308,308,336,335
   United States Virgin Islands*,  Land-locked Developing Countries (LLDC),0,0,0,0,0,0
   United States Virgin Islands*,  Small island developing States (SIDS),38674,38670,17865,17875,20809,20795
   United States Virgin Islands*,  High-income countries,38084,38108,18088,18097,19996,20011
   United States Virgin Islands*,  Middle-income countries,15055,15055,6831,6835,8224,8220
   United States Virgin Islands*, Upper-middle-income countries,15055,15055,6831,6835,8224,8220
   United States Virgin Islands*, Lower-middle-income countries,0,0,0,0,0,0
   United States Virgin Islands*,  Low-income countries,644,643,308,308,336,335
   United States Virgin Islands*, AFRICA,0,0,0,0,0,0
   United States Virgin Islands*,  Eastern Africa,0,0,0,0,0,0
   United States Virgin Islands*,  Middle Africa,0,0,0,0,0,0
   United States Virgin Islands*,  Northern Africa,0,0,0,0,0,0
   United States Virgin Islands*,  Southern Africa,0,0,0,0,0,0
   United States Virgin Islands*,  Western Africa,0,0,0,0,0,0
   United States Virgin Islands*, ASIA,0,0,0,0,0,0
   United States Virgin Islands*,  Central Asia,0,0,0,0,0,0
   United States Virgin Islands*,  Eastern Asia,0,0,0,0,0,0
   United States Virgin Islands*,  South-Eastern Asia,0,0,0,0,0,0
   United States Virgin Islands*,  Southern Asia,0,0,0,0,0,0
   United States Virgin Islands*,  Western Asia,0,0,0,0,0,0
   United States Virgin Islands*, EUROPE,0,0,0,0,0,0
   United States Virgin Islands*,  Eastern Europe,0,0,0,0,0,0
   United States Virgin Islands*,  Northern Europe,0,0,0,0,0,0
   United States Virgin Islands*,  Southern Europe,0,0,0,0,0,0
   United States Virgin Islands*,  Western Europe,0,0,0,0,0,0
   United States Virgin Islands*, LATIN AMERICA AND THE CARIBBEAN,38693,38688,17875,17885,20818,20803
   United States Virgin Islands*,  Caribbean,38693,38688,17875,17885,20818,20803
   United States Virgin Islands*,  Central America,0,0,0,0,0,0
   United States Virgin Islands*,  South America,0,0,0,0,0,0
   United States Virgin Islands*, NORTHERN AMERICA,16861,16886,8193,8196,8668,8690
   United States Virgin Islands*, OCEANIA ,0,0,0,0,0,0
   United States Virgin Islands*,  Australia and New Zealand,0,0,0,0,0,0
   United States Virgin Islands*,  Melanesia,0,0,0,0,0,0
   United States Virgin Islands*,  Micronesia,0,0,0,0,0,0
   United States Virgin Islands*,  Polynesia*,0,0,0,0,0,0
   United States Virgin Islands*,   Antigua and Barbuda,4587,4588,2085,2086,2502,2502
   United States Virgin Islands*,   Barbados,368,367,192,192,176,175
   United States Virgin Islands*,   British Virgin Islands*,2464,2464,1053,1054,1411,1410
   United States Virgin Islands*,   Dominica,5508,5510,2651,2653,2857,2857
   United States Virgin Islands*,   Dominican Republic,4641,4642,1822,1823,2819,2819
   United States Virgin Islands*,   Grenada,590,589,283,283,307,306
   United States Virgin Islands*,   Haiti,644,643,308,308,336,335
   United States Virgin Islands*,   Jamaica,373,372,169,169,204,203
   United States Virgin Islands*,   Montserrat*,780,779,328,328,452,451
   United States Virgin Islands*,   Curaçao*,278,278,140,141,138,137
   United States Virgin Islands*,   Aruba*,501,500,239,239,262,261
   United States Virgin Islands*,   Sint Maarten (Dutch part)*,99,97,51,50,48,47
   United States Virgin Islands*,"   Bonaire, Sint Eustatius and Saba*",19,18,10,10,9,8
   United States Virgin Islands*,   Puerto Rico*,4067,4067,2037,2038,2030,2029
   United States Virgin Islands*,   Saint Kitts and Nevis,7100,7103,3257,3260,3843,3843
   United States Virgin Islands*,   Anguilla*,972,971,503,503,469,468
   United States Virgin Islands*,   Saint Lucia,3425,3425,1645,1646,1780,1779
   United States Virgin Islands*,   Saint Vincent and the Grenadines,518,517,261,261,257,256
   United States Virgin Islands*,   Trinidad and Tobago,1759,1758,841,841,918,917
   United States Virgin Islands*,   United States of America*,16861,16886,8193,8196,8668,8690
   United States Virgin Islands*,Other,1167,1179,660,663,507,516
  Central America,WORLD,1860215,2302001,924739,1165930,935476,1136071
  Central America,  Sub-Saharan Africa,1282,1382,750,831,532,551
  Central America,  Northern Africa and Western Asia,7764,8752,4897,5626,2867,3126
  Central America,  Central and Southern Asia,8089,9373,5281,6206,2808,3167
  Central America,  Eastern and South-Eastern Asia,49635,57169,28852,33815,20783,23354
  Central America,  Latin America and the Caribbean,859613,1194276,407403,584948,452210,609328
  Central America,  Oceania (excluding Australia and New Zealand),6,7,2,3,4,4
  Central America,  Australia and New Zealand,1069,1207,607,703,462,504
  Central America,  Europe and Northern America,891348,982489,456130,509527,435218,472962
  Central America,  Developed regions,897199,988988,459579,513411,437620,475577
  Central America,  Less developed regions,921607,1265667,444343,628248,477264,637419
  Central America," Less developed regions, excluding least developed countries",919405,1258059,443142,624200,476263,633859
  Central America," Less developed regions, excluding China",886487,1224777,424665,604880,461822,619897
  Central America,  Least developed countries,2202,7608,1201,4048,1001,3560
  Central America,  Land-locked Developing Countries (LLDC),3994,4448,1921,2191,2073,2257
  Central America,  Small island developing States (SIDS),45845,56216,22487,28218,23358,27998
  Central America,  High-income countries,936851,1034450,480961,538562,455890,495888
  Central America,  Middle-income countries,877813,1210429,420524,597657,457289,612772
  Central America, Upper-middle-income countries,402179,627223,198473,315325,203706,311898
  Central America, Lower-middle-income countries,475634,583206,222051,282332,253583,300874
  Central America,  Low-income countries,4055,9678,2393,5388,1662,4290
  Central America, AFRICA,2208,2402,1340,1494,868,908
  Central America,  Eastern Africa,219,229,115,124,104,105
  Central America,  Middle Africa,252,270,161,178,91,92
  Central America,  Northern Africa,926,1020,590,663,336,357
  Central America,  Southern Africa,306,343,163,187,143,156
  Central America,  Western Africa,505,540,311,342,194,198
  Central America, ASIA,64562,74274,38440,44984,26122,29290
  Central America,  Central Asia,6,7,0,1,6,6
  Central America,  Eastern Asia,46212,53196,26323,30809,19889,22387
  Central America,  South-Eastern Asia,3423,3973,2529,3006,894,967
  Central America,  Southern Asia,8083,9366,5281,6205,2802,3161
  Central America,  Western Asia,6838,7732,4307,4963,2531,2769
  Central America, EUROPE,92826,104038,53459,60903,39367,43135
  Central America,  Eastern Europe,7989,9068,3717,4379,4272,4689
  Central America,  Northern Europe,9887,11178,5671,6548,4216,4630
  Central America,  Southern Europe,43445,48582,26286,29773,17159,18809
  Central America,  Western Europe,31505,35210,17785,20203,13720,15007
  Central America, LATIN AMERICA AND THE CARIBBEAN,859613,1194276,407403,584948,452210,609328
  Central America,  Caribbean,41860,51844,20501,26009,21359,25835
  Central America,  Central America,620056,743476,291970,360785,328086,382691
  Central America,  South America,197697,398956,94932,198154,102765,200802
  Central America, NORTHERN AMERICA,798522,878451,402671,448624,395851,429827
  Central America, OCEANIA ,1075,1214,609,706,466,508
  Central America,  Australia and New Zealand,1069,1207,607,703,462,504
  Central America,  Melanesia,1,1,0,0,1,1
  Central America,  Micronesia,5,6,2,3,3,3
  Central America,  Polynesia*,0,0,0,0,0,0
  Central America,   Burundi,0,0,0,0,0,0
  Central America,   Comoros,0,0,0,0,0,0
  Central America,   Djibouti,0,0,0,0,0,0
  Central America,   Eritrea,0,0,0,0,0,0
  Central America,   Ethiopia,82,84,51,53,31,31
  Central America,   Kenya,76,82,48,53,28,29
  Central America,   Madagascar,3,3,0,0,3,3
  Central America,   Malawi,0,0,0,0,0,0
  Central America,   Mauritius*,0,0,0,0,0,0
  Central America,   Mayotte*,0,0,0,0,0,0
  Central America,   Mozambique,4,4,1,1,3,3
  Central America,   Réunion*,0,0,0,0,0,0
  Central America,   Rwanda,1,1,0,0,1,1
  Central America,   Seychelles,0,0,0,0,0,0
  Central America,   Somalia,39,39,7,7,32,32
  Central America,   South Sudan,0,0,0,0,0,0
  Central America,   Uganda,9,11,6,8,3,3
  Central America,   United Republic of Tanzania*,4,4,1,1,3,3
  Central America,   Zambia,0,0,0,0,0,0
  Central America,   Zimbabwe,1,1,1,1,0,0
  Central America,   Angola,57,60,28,30,29,30
  Central America,   Cameroon,50,55,37,42,13,13
  Central America,   Central African Republic,5,6,4,5,1,1
  Central America,   Chad,0,0,0,0,0,0
  Central America,   Congo,8,9,5,6,3,3
  Central America,   Democratic Republic of the Congo,131,139,87,95,44,44
  Central America,   Equatorial Guinea,0,0,0,0,0,0
  Central America,   Gabon,1,1,0,0,1,1
  Central America,   Sao Tome and Principe,0,0,0,0,0,0
  Central America,   Algeria,227,241,131,142,96,99
  Central America,   Egypt,318,353,216,243,102,110
  Central America,   Libya,49,58,35,43,14,15
  Central America,   Morocco,327,363,206,233,121,130
  Central America,   Sudan,1,1,1,1,0,0
  Central America,   Tunisia,4,4,1,1,3,3
  Central America,   Western Sahara,0,0,0,0,0,0
  Central America,   Botswana,0,0,0,0,0,0
  Central America,   Eswatini,1,1,1,1,0,0
  Central America,   Lesotho,0,0,0,0,0,0
  Central America,   Namibia,0,0,0,0,0,0
  Central America,   South Africa,305,342,162,186,143,156
  Central America,   Benin,1,1,0,0,1,1
  Central America,   Burkina Faso,0,0,0,0,0,0
  Central America,   Cabo Verde,0,0,0,0,0,0
  Central America,   Côte d'Ivoire,29,30,21,22,8,8
  Central America,   Gambia,0,0,0,0,0,0
  Central America,   Ghana,1,1,1,1,0,0
  Central America,   Guinea,0,0,0,0,0,0
  Central America,   Guinea-Bissau,0,0,0,0,0,0
  Central America,   Liberia,0,0,0,0,0,0
  Central America,   Mali,0,0,0,0,0,0
  Central America,   Mauritania,0,0,0,0,0,0
  Central America,   Niger,0,0,0,0,0,0
  Central America,   Nigeria,252,276,187,212,65,64
  Central America,   Saint Helena*,0,0,0,0,0,0
  Central America,   Senegal,222,232,102,107,120,125
  Central America,   Sierra Leone,0,0,0,0,0,0
  Central America,   Togo,0,0,0,0,0,0
  Central America,   Kazakhstan,5,6,0,1,5,5
  Central America,   Kyrgyzstan,0,0,0,0,0,0
  Central America,   Tajikistan,0,0,0,0,0,0
  Central America,   Turkmenistan,0,0,0,0,0,0
  Central America,   Uzbekistan,1,1,0,0,1,1
  Central America,   China*,31474,36523,17755,20964,13719,15559
  Central America,"   China, Hong Kong SAR*",3645,4366,1922,2403,1723,1963
  Central America,"   China, Macao SAR*",1,1,1,1,0,0
  Central America,"   China, Taiwan Province of China*",0,0,0,0,0,0
  Central America,   Dem. People's Republic of Korea,1817,1989,1166,1286,651,703
  Central America,   Japan,4782,5292,2842,3181,1940,2111
  Central America,   Mongolia,15,18,11,14,4,4
  Central America,   Republic of Korea,4478,5007,2626,2960,1852,2047
  Central America,   Brunei Darussalam,0,0,0,0,0,0
  Central America,   Cambodia,3,3,0,0,3,3
  Central America,   Indonesia,351,398,217,254,134,144
  Central America,   Lao People's Democratic Republic,4,4,1,1,3,3
  Central America,   Malaysia*,89,97,47,54,42,43
  Central America,   Myanmar,110,131,101,122,9,9
  Central America,   Philippines,2345,2752,1857,2216,488,536
  Central America,   Singapore,103,116,53,64,50,52
  Central America,   Thailand,274,311,173,203,101,108
  Central America,   Timor-Leste,0,0,0,0,0,0
  Central America,   Viet Nam,144,161,80,92,64,69
  Central America,   Afghanistan,65,66,35,36,30,30
  Central America,   Bangladesh,102,114,82,92,20,22
  Central America,   Bhutan,4,4,3,3,1,1
  Central America,   India,7127,8306,4611,5447,2516,2859
  Central America,   Iran (Islamic Republic of),507,566,357,407,150,159
  Central America,   Maldives,1,1,0,0,1,1
  Central America,   Nepal,8,9,7,8,1,1
  Central America,   Pakistan,268,299,185,211,83,88
  Central America,   Sri Lanka,1,1,1,1,0,0
  Central America,   Armenia,107,116,54,60,53,56
  Central America,   Azerbaijan*,3,3,2,2,1,1
  Central America,   Bahrain,1,1,1,1,0,0
  Central America,   Cyprus*,3,3,3,3,0,0
  Central America,   Georgia*,70,82,58,69,12,13
  Central America,   Iraq,64,70,50,55,14,15
  Central America,   Israel,3474,3933,2188,2516,1286,1417
  Central America,   Jordan,239,266,163,185,76,81
  Central America,   Kuwait,0,0,0,0,0,0
  Central America,   Lebanon,1219,1398,745,869,474,529
  Central America,   Oman,3,3,3,3,0,0
  Central America,   Qatar,3,3,2,2,1,1
  Central America,   Saudi Arabia,205,226,152,172,53,54
  Central America,   State of Palestine*,440,479,241,272,199,207
  Central America,   Syrian Arab Republic,551,643,351,418,200,225
  Central America,   Turkey,426,476,285,326,141,150
  Central America,   United Arab Emirates,0,0,0,0,0,0
  Central America,   Yemen,30,30,9,10,21,20
  Central America,   Belarus,5,6,2,3,3,3
  Central America,   Bulgaria,463,516,211,243,252,273
  Central America,   Czechia,382,421,139,158,243,263
  Central America,   Hungary,519,580,224,259,295,321
  Central America,   Poland,1180,1343,580,681,600,662
  Central America,   Republic of Moldova*,4,4,3,3,1,1
  Central America,   Romania,696,788,330,390,366,398
  Central America,   Russian Federation,3495,3979,1543,1826,1952,2153
  Central America,   Slovakia,166,186,63,73,103,113
  Central America,   Ukraine*,1079,1245,622,743,457,502
  Central America,   Channel Islands*,111,132,35,46,76,86
  Central America,   Denmark*,526,592,341,393,185,199
  Central America,   Estonia,3,3,0,0,3,3
  Central America,   Faroe Islands*,0,0,0,0,0,0
  Central America,   Finland*,221,248,88,104,133,144
  Central America,   Iceland,1,1,0,0,1,1
  Central America,   Ireland,438,487,290,328,148,159
  Central America,   Isle of Man*,0,0,0,0,0,0
  Central America,   Latvia,36,39,13,15,23,24
  Central America,   Lithuania,116,130,59,70,57,60
  Central America,   Norway*,338,383,215,248,123,135
  Central America,   Sweden,1140,1275,691,790,449,485
  Central America,   United Kingdom*,6957,7888,3939,4554,3018,3334
  Central America,   Albania,4,4,4,4,0,0
  Central America,   Andorra,0,0,0,0,0,0
  Central America,   Bosnia and Herzegovina,0,0,0,0,0,0
  Central America,   Croatia,181,207,119,139,62,68
  Central America,   Gibraltar*,4,4,0,0,4,4
  Central America,   Greece,619,714,467,546,152,168
  Central America,   Holy See*,0,0,0,0,0,0
  Central America,   Italy,10339,11655,7237,8230,3102,3425
  Central America,   Malta,0,0,0,0,0,0
  Central America,   Montenegro,0,0,0,0,0,0
  Central America,   North Macedonia,26,31,14,17,12,14
  Central America,   Portugal,943,1065,651,743,292,322
  Central America,   San Marino,0,0,0,0,0,0
  Central America,   Serbia*,88,96,49,54,39,42
  Central America,   Slovenia,54,57,25,27,29,30
  Central America,   Spain*,31187,34749,17720,20013,13467,14736
  Central America,   Austria,809,903,443,506,366,397
  Central America,   Belgium,1569,1765,916,1053,653,712
  Central America,   France*,12229,13569,6768,7616,5461,5953
  Central America,   Germany,11059,12392,6118,6971,4941,5421
  Central America,   Liechtenstein,4,4,3,3,1,1
  Central America,   Luxembourg,15,18,4,5,11,13
  Central America,   Monaco,1,1,1,1,0,0
  Central America,   Netherlands*,2902,3268,1843,2107,1059,1161
  Central America,   Switzerland,2917,3290,1689,1941,1228,1349
  Central America,   Anguilla*,0,0,0,0,0,0
  Central America,   Antigua and Barbuda,119,123,58,61,61,62
  Central America,   Aruba*,32,38,21,25,11,13
  Central America,   Bahamas,96,100,52,56,44,44
  Central America,   Barbados,83,91,42,49,41,42
  Central America,"   Bonaire, Sint Eustatius and Saba*",0,0,0,0,0,0
  Central America,   British Virgin Islands*,0,0,0,0,0,0
  Central America,   Cayman Islands*,98,100,54,56,44,44
  Central America,   Cuba,23240,25093,12704,13953,10536,11140
  Central America,   Curaçao*,31,37,16,21,15,16
  Central America,   Dominica,63,74,21,27,42,47
  Central America,   Dominican Republic,12405,14530,4353,5375,8052,9155
  Central America,   Grenada,35,40,22,26,13,14
  Central America,   Guadeloupe*,0,0,0,0,0,0
  Central America,   Haiti,1317,6662,675,3468,642,3194
  Central America,   Jamaica,1599,1850,852,1007,747,843
  Central America,   Martinique*,4,4,3,3,1,1
  Central America,   Montserrat*,4,4,1,1,3,3
  Central America,   Puerto Rico*,2543,2877,1533,1767,1010,1110
  Central America,   Saint Barthélemy*,0,0,0,0,0,0
  Central America,   Saint Kitts and Nevis,1,1,0,0,1,1
  Central America,   Saint Lucia,1,1,0,0,1,1
  Central America,   Saint Martin (French part)*,0,0,0,0,0,0
  Central America,   Saint Vincent and the Grenadines,1,1,1,1,0,0
  Central America,   Sint Maarten (Dutch part)*,0,0,0,0,0,0
  Central America,   Trinidad and Tobago,181,210,90,109,91,101
  Central America,   Turks and Caicos Islands*,0,0,0,0,0,0
  Central America,   United States Virgin Islands*,7,8,3,4,4,4
  Central America,   Belize,3767,4121,1874,2072,1893,2049
  Central America,   Costa Rica,24505,27047,12151,13582,12354,13465
  Central America,   El Salvador,65978,79963,27208,33868,38770,46095
  Central America,   Guatemala,85321,93792,40724,45190,44597,48602
  Central America,   Honduras,60785,89064,27754,40557,33031,48507
  Central America,   Mexico,32302,36619,17758,20283,14544,16336
  Central America,   Nicaragua,332822,395784,156924,196014,175898,199770
  Central America,   Panama,14576,17086,7577,9219,6999,7867
  Central America,   Argentina,20438,22799,10601,12021,9837,10778
  Central America,   Bolivia (Plurinational State of),2816,3151,1374,1573,1442,1578
  Central America,   Brazil,9726,10890,4561,5222,5165,5668
  Central America,   Chile,10624,11976,5399,6223,5225,5753
  Central America,   Colombia,97976,99665,45283,46267,52693,53398
  Central America,   Ecuador,7988,9111,4010,4699,3978,4412
  Central America,   Falkland Islands (Malvinas)*,0,0,0,0,0,0
  Central America,   French Guiana*,32,34,16,18,16,16
  Central America,   Guyana,76,90,39,48,37,42
  Central America,   Paraguay,837,931,354,405,483,526
  Central America,   Peru,14085,16239,8211,9648,5874,6591
  Central America,   Suriname,20,23,11,13,9,10
  Central America,   Uruguay,4551,5087,2056,2356,2495,2731
  Central America,   Venezuela (Bolivarian Republic of),28528,218960,13017,109661,15511,109299
  Central America,   Bermuda*,11,13,6,8,5,5
  Central America,   Canada,14723,16459,7572,8618,7151,7841
  Central America,   Greenland*,388,436,210,237,178,199
  Central America,   Saint Pierre and Miquelon*,47,56,24,30,23,26
  Central America,   United States of America*,783353,861487,394859,439731,388494,421756
  Central America,   Australia*,894,1011,508,588,386,423
  Central America,   New Zealand*,175,196,99,115,76,81
  Central America,   Fiji,1,1,0,0,1,1
  Central America,   New Caledonia*,0,0,0,0,0,0
  Central America,   Papua New Guinea,0,0,0,0,0,0
  Central America,   Solomon Islands,0,0,0,0,0,0
  Central America,   Vanuatu,0,0,0,0,0,0
  Central America,   Guam*,5,6,2,3,3,3
  Central America,   Kiribati,0,0,0,0,0,0
  Central America,   Marshall Islands,0,0,0,0,0,0
  Central America,   Micronesia (Fed. States of),0,0,0,0,0,0
  Central America,   Nauru,0,0,0,0,0,0
  Central America,   Northern Mariana Islands*,0,0,0,0,0,0
  Central America,   Palau,0,0,0,0,0,0
  Central America,   American Samoa*,0,0,0,0,0,0
  Central America,   Cook Islands*,0,0,0,0,0,0
  Central America,   French Polynesia*,0,0,0,0,0,0
  Central America,   Niue*,0,0,0,0,0,0
  Central America,   Samoa,0,0,0,0,0,0
  Central America,   Tokelau*,0,0,0,0,0,0
  Central America,   Tonga,0,0,0,0,0,0
  Central America,   Tuvalu,0,0,0,0,0,0
  Central America,   Wallis and Futuna Islands*,0,0,0,0,0,0
   Belize,WORLD,54615,62043,27473,31210,27142,30833
   Belize,  Sub-Saharan Africa,44,49,37,43,7,6
   Belize,  Northern Africa and Western Asia,54,60,39,44,15,16
   Belize,  Central and Southern Asia,592,670,326,370,266,300
   Belize,  Eastern and South-Eastern Asia,2119,2401,1161,1318,958,1083
   Belize,  Latin America and the Caribbean,45105,51185,22439,25465,22666,25720
   Belize,  Oceania (excluding Australia and New Zealand),0,0,0,0,0,0
   Belize,  Australia and New Zealand,0,0,0,0,0,0
   Belize,  Europe and Northern America,5381,6099,2829,3210,2552,2889
   Belize,  Developed regions,5381,6099,2829,3210,2552,2889
   Belize,  Less developed regions,47914,54365,24002,27240,23912,27125
   Belize," Less developed regions, excluding least developed countries",47860,54305,23972,27205,23888,27100
   Belize," Less developed regions, excluding China",45795,51964,22841,25922,22954,26042
   Belize,  Least developed countries,54,60,30,35,24,25
   Belize,  Land-locked Developing Countries (LLDC),0,0,0,0,0,0
   Belize,  Small island developing States (SIDS),550,621,332,378,218,243
   Belize,  High-income countries,5452,6177,2866,3251,2586,2926
   Belize,  Middle-income countries,47789,54227,23935,27164,23854,27063
   Belize, Upper-middle-income countries,29701,33708,14718,16705,14983,17003
   Belize, Lower-middle-income countries,18088,20519,9217,10459,8871,10060
   Belize,  Low-income countries,54,60,30,35,24,25
   Belize, AFRICA,44,49,37,43,7,6
   Belize,  Eastern Africa,0,0,0,0,0,0
   Belize,  Middle Africa,0,0,0,0,0,0
   Belize,  Northern Africa,0,0,0,0,0,0
   Belize,  Southern Africa,0,0,0,0,0,0
   Belize,  Western Africa,44,49,37,43,7,6
   Belize, ASIA,2765,3131,1526,1732,1239,1399
   Belize,  Central Asia,0,0,0,0,0,0
   Belize,  Eastern Asia,2119,2401,1161,1318,958,1083
   Belize,  South-Eastern Asia,0,0,0,0,0,0
   Belize,  Southern Asia,592,670,326,370,266,300
   Belize,  Western Asia,54,60,39,44,15,16
   Belize, EUROPE,477,538,295,336,182,202
   Belize,  Eastern Europe,0,0,0,0,0,0
   Belize,  Northern Europe,409,462,251,285,158,177
   Belize,  Southern Europe,0,0,0,0,0,0
   Belize,  Western Europe,68,76,44,51,24,25
   Belize, LATIN AMERICA AND THE CARIBBEAN,45105,51185,22439,25465,22666,25720
   Belize,  Caribbean,550,621,332,378,218,243
   Belize,  Central America,44555,50564,22107,25087,22448,25477
   Belize,  South America,0,0,0,0,0,0
   Belize, NORTHERN AMERICA,4904,5561,2534,2874,2370,2687
   Belize, OCEANIA ,0,0,0,0,0,0
   Belize,  Australia and New Zealand,0,0,0,0,0,0
   Belize,  Melanesia,0,0,0,0,0,0
   Belize,  Micronesia,0,0,0,0,0,0
   Belize,  Polynesia*,0,0,0,0,0,0
   Belize,   Canada,807,914,392,444,415,470
   Belize,   China*,2048,2323,1124,1277,924,1046
   Belize,   El Salvador,8828,10016,4525,5134,4303,4882
   Belize,   Germany,68,76,44,51,24,25
   Belize,   Guatemala,23580,26767,11393,12929,12187,13838
   Belize,   Haiti,54,60,30,35,24,25
   Belize,   Honduras,8624,9784,4329,4912,4295,4872
   Belize,"   China, Hong Kong SAR*",71,78,37,41,34,37
   Belize,   India,592,670,326,370,266,300
   Belize,   Jamaica,496,561,302,343,194,218
   Belize,   Lebanon,54,60,39,44,15,16
   Belize,   Mexico,3523,3997,1860,2112,1663,1885
   Belize,   Nigeria,44,49,37,43,7,6
   Belize,   United Kingdom*,409,462,251,285,158,177
   Belize,   United States of America*,4097,4647,2142,2430,1955,2217
   Belize,Other,1320,1579,642,760,678,819
   Costa Rica,WORLD,411697,520729,197613,263636,214084,257093
   Costa Rica,  Sub-Saharan Africa,128,145,62,74,66,71
   Costa Rica,  Northern Africa and Western Asia,391,461,253,309,138,152
   Costa Rica,  Central and Southern Asia,190,223,138,167,52,56
   Costa Rica,  Eastern and South-Eastern Asia,4359,5222,2331,2918,2028,2304
   Costa Rica,  Latin America and the Caribbean,367287,467472,173643,233659,193644,233813
   Costa Rica,  Oceania (excluding Australia and New Zealand),6,7,2,3,4,4
   Costa Rica,  Australia and New Zealand,84,99,38,46,46,53
   Costa Rica,  Europe and Northern America,25304,30344,14236,17744,11068,12600
   Costa Rica,  Developed regions,25671,30781,14436,17992,11235,12789
   Costa Rica,  Less developed regions,372078,473192,176267,236928,195811,236264
   Costa Rica," Less developed regions, excluding least developed countries",371932,473026,176190,236836,195742,236190
   Costa Rica," Less developed regions, excluding China",368501,468900,174341,234517,194160,234383
   Costa Rica,  Least developed countries,146,166,77,92,69,74
   Costa Rica,  Land-locked Developing Countries (LLDC),551,654,315,390,236,264
   Costa Rica,  Small island developing States (SIDS),7840,9398,3923,4941,3917,4457
   Costa Rica,  High-income countries,42488,50956,23287,29088,19201,21868
   Costa Rica,  Middle-income countries,355090,452819,167323,225719,187767,227100
   Costa Rica, Upper-middle-income countries,44178,79561,21745,41079,22433,38482
   Costa Rica, Lower-middle-income countries,310912,373258,145578,184640,165334,188618
   Costa Rica,  Low-income countries,150,175,83,102,67,73
   Costa Rica, AFRICA,171,194,86,103,85,91
   Costa Rica,  Eastern Africa,32,35,18,21,14,14
   Costa Rica,  Middle Africa,29,33,15,19,14,14
   Costa Rica,  Northern Africa,43,49,24,29,19,20
   Costa Rica,  Southern Africa,58,68,26,31,32,37
   Costa Rica,  Western Africa,9,9,3,3,6,6
   Costa Rica, ASIA,4897,5857,2698,3365,2199,2492
   Costa Rica,  Central Asia,6,7,0,1,6,6
   Costa Rica,  Eastern Asia,4164,4992,2254,2820,1910,2172
   Costa Rica,  South-Eastern Asia,195,230,77,98,118,132
   Costa Rica,  Southern Asia,184,216,138,166,46,50
   Costa Rica,  Western Asia,348,412,229,280,119,132
   Costa Rica, EUROPE,11203,13423,6218,7758,4985,5665
   Costa Rica,  Eastern Europe,1331,1593,527,682,804,911
   Costa Rica,  Northern Europe,971,1161,523,654,448,507
   Costa Rica,  Southern Europe,4464,5353,2621,3253,1843,2100
   Costa Rica,  Western Europe,4437,5316,2547,3169,1890,2147
   Costa Rica, LATIN AMERICA AND THE CARIBBEAN,367287,467472,173643,233659,193644,233813
   Costa Rica,  Caribbean,7626,9144,3797,4785,3829,4359
   Costa Rica,  Central America,327379,393034,153815,195025,173564,198009
   Costa Rica,  South America,32282,65294,16031,33849,16251,31445
   Costa Rica, NORTHERN AMERICA,14101,16921,8018,9986,6083,6935
   Costa Rica, OCEANIA ,90,106,40,49,50,57
   Costa Rica,  Australia and New Zealand,84,99,38,46,46,53
   Costa Rica,  Melanesia,1,1,0,0,1,1
   Costa Rica,  Micronesia,5,6,2,3,3,3
   Costa Rica,  Polynesia*,0,0,0,0,0,0
   Costa Rica,   Afghanistan,4,4,1,1,3,3
   Costa Rica,   Albania,4,4,4,4,0,0
   Costa Rica,   Algeria,12,14,5,6,7,8
   Costa Rica,   Angola,3,3,2,2,1,1
   Costa Rica,   Azerbaijan*,3,3,2,2,1,1
   Costa Rica,   Argentina,1468,1761,705,892,763,869
   Costa Rica,   Australia*,67,79,34,41,33,38
   Costa Rica,   Austria,128,152,92,112,36,40
   Costa Rica,   Bahamas,12,14,9,11,3,3
   Costa Rica,   Bahrain,1,1,1,1,0,0
   Costa Rica,   Bangladesh,3,3,3,3,0,0
   Costa Rica,   Armenia,7,8,4,5,3,3
   Costa Rica,   Barbados,11,13,7,9,4,4
   Costa Rica,   Belgium,292,350,171,214,121,136
   Costa Rica,   Bermuda*,11,13,6,8,5,5
   Costa Rica,   Bhutan,4,4,3,3,1,1
   Costa Rica,   Bolivia (Plurinational State of),369,442,231,285,138,157
   Costa Rica,   Brazil,544,652,267,337,277,315
   Costa Rica,   Belize,139,167,83,104,56,63
   Costa Rica,   Bulgaria,71,85,32,41,39,44
   Costa Rica,   Myanmar,12,14,4,5,8,9
   Costa Rica,   Belarus,5,6,2,3,3,3
   Costa Rica,   Cambodia,3,3,0,0,3,3
   Costa Rica,   Cameroon,9,11,4,6,5,5
   Costa Rica,   Canada,1408,1689,792,987,616,702
   Costa Rica,   Cayman Islands*,8,9,7,8,1,1
   Costa Rica,   Central African Republic,5,6,4,5,1,1
   Costa Rica,   Sri Lanka,1,1,1,1,0,0
   Costa Rica,   Chile,1739,2086,885,1113,854,973
   Costa Rica,   China*,291,348,182,225,109,123
   Costa Rica,   Colombia,21270,25530,10421,13157,10849,12373
   Costa Rica,   Congo,8,9,5,6,3,3
   Costa Rica,   Democratic Republic of the Congo,3,3,0,0,3,3
   Costa Rica,   Croatia,24,28,13,15,11,13
   Costa Rica,   Cuba,5756,6908,3015,3783,2741,3125
   Costa Rica,   Cyprus*,3,3,3,3,0,0
   Costa Rica,   Benin,1,1,0,0,1,1
   Costa Rica,   Denmark*,63,75,36,44,27,31
   Costa Rica,   Dominica,5,6,0,1,5,5
   Costa Rica,   Dominican Republic,1098,1317,365,483,733,834
   Costa Rica,   Ecuador,1272,1526,691,864,581,662
   Costa Rica,   El Salvador,13900,16682,6160,7856,7740,8826
   Costa Rica,   Ethiopia,1,1,1,1,0,0
   Costa Rica,   Estonia,3,3,0,0,3,3
   Costa Rica,   Fiji,1,1,0,0,1,1
   Costa Rica,   Finland*,22,26,7,9,15,17
   Costa Rica,   France*,873,1046,483,603,390,443
   Costa Rica,   French Guiana*,12,14,5,6,7,8
   Costa Rica,   Gabon,1,1,0,0,1,1
   Costa Rica,   Georgia*,12,14,5,6,7,8
   Costa Rica,   Germany,1866,2238,1071,1332,795,906
   Costa Rica,   Ghana,1,1,1,1,0,0
   Costa Rica,   Gibraltar*,4,4,0,0,4,4
   Costa Rica,   Greece,33,39,22,26,11,13
   Costa Rica,   Greenland*,8,9,5,6,3,3
   Costa Rica,   Grenada,8,9,5,6,3,3
   Costa Rica,   Guam*,5,6,2,3,3,3
   Costa Rica,   Guatemala,2660,3192,1356,1706,1304,1486
   Costa Rica,   Guyana,28,33,16,19,12,14
   Costa Rica,   Haiti,71,85,42,52,29,33
   Costa Rica,   Honduras,3924,4708,1676,2145,2248,2563
   Costa Rica,"   China, Hong Kong SAR*",3285,3943,1743,2185,1542,1758
   Costa Rica,   Hungary,74,89,41,51,33,38
   Costa Rica,   Iceland,1,1,0,0,1,1
   Costa Rica,   India,54,64,33,41,21,23
   Costa Rica,   Indonesia,17,20,10,12,7,8
   Costa Rica,   Iran (Islamic Republic of),100,119,81,98,19,21
   Costa Rica,   Iraq,15,18,10,13,5,5
   Costa Rica,   Ireland,29,35,14,18,15,17
   Costa Rica,   Israel,170,203,109,134,61,69
   Costa Rica,   Italy,2132,2558,1315,1628,817,930
   Costa Rica,   Côte d'Ivoire,3,3,2,2,1,1
   Costa Rica,   Jamaica,217,260,92,118,125,142
   Costa Rica,   Japan,283,338,162,202,121,136
   Costa Rica,   Kazakhstan,5,6,0,1,5,5
   Costa Rica,   Jordan,11,13,8,10,3,3
   Costa Rica,   Kenya,8,9,8,9,0,0
   Costa Rica,   Dem. People's Republic of Korea,36,42,17,21,19,21
   Costa Rica,   Republic of Korea,253,302,138,172,115,130
   Costa Rica,   Lao People's Democratic Republic,4,4,1,1,3,3
   Costa Rica,   Lebanon,88,105,59,72,29,33
   Costa Rica,   Latvia,1,1,0,0,1,1
   Costa Rica,   Libya,11,13,6,8,5,5
   Costa Rica,   Liechtenstein,4,4,3,3,1,1
   Costa Rica,   Lithuania,9,11,5,7,4,4
   Costa Rica,   Luxembourg,15,18,4,5,11,13
   Costa Rica,"   China, Macao SAR*",1,1,1,1,0,0
   Costa Rica,   Madagascar,3,3,0,0,3,3
   Costa Rica,   Malaysia*,4,4,4,4,0,0
   Costa Rica,   Maldives,1,1,0,0,1,1
   Costa Rica,   Martinique*,4,4,3,3,1,1
   Costa Rica,   Mexico,3100,3720,1423,1809,1677,1911
   Costa Rica,   Monaco,1,1,1,1,0,0
   Costa Rica,   Mongolia,15,18,11,14,4,4
   Costa Rica,   Republic of Moldova*,4,4,3,3,1,1
   Costa Rica,   Montserrat*,4,4,1,1,3,3
   Costa Rica,   Morocco,4,4,1,1,3,3
   Costa Rica,   Mozambique,4,4,1,1,3,3
   Costa Rica,   Oman,3,3,3,3,0,0
   Costa Rica,   Nepal,8,9,7,8,1,1
   Costa Rica,   Netherlands*,586,702,348,433,238,269
   Costa Rica,   Aruba*,32,38,21,25,11,13
   Costa Rica,   New Zealand*,17,20,4,5,13,15
   Costa Rica,   Nicaragua,292232,350854,137289,174075,154943,176779
   Costa Rica,   Nigeria,3,3,0,0,3,3
   Costa Rica,   Norway*,76,91,47,58,29,33
   Costa Rica,   Pakistan,9,11,9,11,0,0
   Costa Rica,   Panama,11424,13711,5828,7330,5596,6381
   Costa Rica,   Paraguay,83,99,25,34,58,65
   Costa Rica,   Peru,3783,4540,1941,2440,1842,2100
   Costa Rica,   Philippines,139,167,50,67,89,100
   Costa Rica,   Poland,302,361,130,166,172,195
   Costa Rica,   Portugal,78,94,46,57,32,37
   Costa Rica,   Puerto Rico*,356,426,216,267,140,159
   Costa Rica,   Qatar,3,3,2,2,1,1
   Costa Rica,   Romania,99,118,47,60,52,58
   Costa Rica,   Russian Federation,599,718,204,269,395,449
   Costa Rica,   Rwanda,1,1,0,0,1,1
   Costa Rica,   Saint Kitts and Nevis,1,1,0,0,1,1
   Costa Rica,   Saint Lucia,1,1,0,0,1,1
   Costa Rica,   Saint Pierre and Miquelon*,1,1,1,1,0,0
   Costa Rica,   Saint Vincent and the Grenadines,1,1,1,1,0,0
   Costa Rica,   Saudi Arabia,13,16,9,12,4,4
   Costa Rica,   Senegal,1,1,0,0,1,1
   Costa Rica,   Singapore,8,9,7,8,1,1
   Costa Rica,   Slovakia,22,26,14,17,8,9
   Costa Rica,   Viet Nam,1,1,1,1,0,0
   Costa Rica,   Somalia,1,1,0,0,1,1
   Costa Rica,   South Africa,57,67,25,30,32,37
   Costa Rica,   Zimbabwe,1,1,1,1,0,0
   Costa Rica,   Spain*,2163,2595,1207,1506,956,1089
   Costa Rica,   Sudan,1,1,1,1,0,0
   Costa Rica,   Suriname,20,23,11,13,9,10
   Costa Rica,   Eswatini,1,1,1,1,0,0
   Costa Rica,   Sweden,137,164,76,95,61,69
   Costa Rica,   Switzerland,672,805,374,466,298,339
   Costa Rica,   Syrian Arab Republic,11,13,10,12,1,1
   Costa Rica,   Thailand,7,8,0,0,7,8
   Costa Rica,   Trinidad and Tobago,34,40,10,13,24,27
   Costa Rica,   Tunisia,4,4,1,1,3,3
   Costa Rica,   Turkey,8,9,4,5,4,4
   Costa Rica,   Uganda,9,11,6,8,3,3
   Costa Rica,   Ukraine*,155,186,54,72,101,114
   Costa Rica,   North Macedonia,26,31,14,17,12,14
   Costa Rica,   Egypt,11,13,10,12,1,1
   Costa Rica,   United Kingdom*,519,622,303,377,216,245
   Costa Rica,   Channel Islands*,111,132,35,46,76,86
   Costa Rica,   United Republic of Tanzania*,4,4,1,1,3,3
   Costa Rica,   United States of America*,12673,15209,7214,8984,5459,6225
   Costa Rica,   United States Virgin Islands*,7,8,3,4,4,4
   Costa Rica,   Uruguay,313,374,161,202,152,172
   Costa Rica,   Uzbekistan,1,1,0,0,1,1
   Costa Rica,   Venezuela (Bolivarian Republic of),1381,28214,672,14487,709,13727
   Costa Rica,Other,13948,16756,6910,8716,7038,8040
   El Salvador,WORLD,42059,42767,20006,20344,22053,22423
   El Salvador,  Sub-Saharan Africa,0,0,0,0,0,0
   El Salvador,  Northern Africa and Western Asia,89,89,35,35,54,54
   El Salvador,  Central and Southern Asia,35,35,25,25,10,10
   El Salvador,  Eastern and South-Eastern Asia,468,472,290,293,178,179
   El Salvador,  Latin America and the Caribbean,34078,34642,15838,16108,18240,18534
   El Salvador,  Oceania (excluding Australia and New Zealand),0,0,0,0,0,0
   El Salvador,  Australia and New Zealand,27,27,10,10,17,17
   El Salvador,  Europe and Northern America,7221,7332,3728,3787,3493,3545
   El Salvador,  Developed regions,7302,7413,3775,3834,3527,3579
   El Salvador,  Less developed regions,34616,35184,16151,16424,18465,18760
   El Salvador," Less developed regions, excluding least developed countries",34610,35178,16145,16418,18465,18760
   El Salvador," Less developed regions, excluding China",34349,34914,15987,16258,18362,18656
   El Salvador,  Least developed countries,6,6,6,6,0,0
   El Salvador,  Land-locked Developing Countries (LLDC),64,64,36,36,28,28
   El Salvador,  Small island developing States (SIDS),651,657,333,337,318,320
   El Salvador,  High-income countries,8320,8443,4294,4361,4026,4082
   El Salvador,  Middle-income countries,33598,34154,15632,15897,17966,18257
   El Salvador, Upper-middle-income countries,13964,14185,6644,6751,7320,7434
   El Salvador, Lower-middle-income countries,19634,19969,8988,9146,10646,10823
   El Salvador,  Low-income countries,0,0,0,0,0,0
   El Salvador, AFRICA,0,0,0,0,0,0
   El Salvador,  Eastern Africa,0,0,0,0,0,0
   El Salvador,  Middle Africa,0,0,0,0,0,0
   El Salvador,  Northern Africa,0,0,0,0,0,0
   El Salvador,  Southern Africa,0,0,0,0,0,0
   El Salvador,  Western Africa,0,0,0,0,0,0
   El Salvador, ASIA,592,596,350,353,242,243
   El Salvador,  Central Asia,0,0,0,0,0,0
   El Salvador,  Eastern Asia,449,453,279,282,170,171
   El Salvador,  South-Eastern Asia,19,19,11,11,8,8
   El Salvador,  Southern Asia,35,35,25,25,10,10
   El Salvador,  Western Asia,89,89,35,35,54,54
   El Salvador, EUROPE,1579,1596,921,932,658,664
   El Salvador,  Eastern Europe,18,18,8,8,10,10
   El Salvador,  Northern Europe,136,137,83,84,53,53
   El Salvador,  Southern Europe,829,840,495,502,334,338
   El Salvador,  Western Europe,596,601,335,338,261,263
   El Salvador, LATIN AMERICA AND THE CARIBBEAN,34078,34642,15838,16108,18240,18534
   El Salvador,  Caribbean,312,313,172,173,140,140
   El Salvador,  Central America,31764,32303,14630,14885,17134,17418
   El Salvador,  South America,2002,2026,1036,1050,966,976
   El Salvador, NORTHERN AMERICA,5642,5736,2807,2855,2835,2881
   El Salvador, OCEANIA ,27,27,10,10,17,17
   El Salvador,  Australia and New Zealand,27,27,10,10,17,17
   El Salvador,  Melanesia,0,0,0,0,0,0
   El Salvador,  Micronesia,0,0,0,0,0,0
   El Salvador,  Polynesia*,0,0,0,0,0,0
   El Salvador,   Argentina,216,218,132,133,84,85
   El Salvador,   Australia*,27,27,10,10,17,17
   El Salvador,   Austria,11,11,5,5,6,6
   El Salvador,   Bangladesh,6,6,6,6,0,0
   El Salvador,   Barbados,40,40,20,20,20,20
   El Salvador,   Belgium,52,52,26,26,26,26
   El Salvador,   Bolivia (Plurinational State of),53,53,29,29,24,24
   El Salvador,   Brazil,242,245,114,116,128,129
   El Salvador,   Belize,339,344,161,164,178,180
   El Salvador,   Canada,245,248,131,133,114,115
   El Salvador,   Chile,229,232,115,117,114,115
   El Salvador,   China*,259,262,160,162,99,100
   El Salvador,   Colombia,577,585,282,285,295,300
   El Salvador,   Costa Rica,876,889,405,411,471,478
   El Salvador,   Cuba,128,129,71,72,57,57
   El Salvador,   Dominican Republic,72,72,40,40,32,32
   El Salvador,   Ecuador,123,124,58,59,65,65
   El Salvador,   France*,214,216,129,130,85,86
   El Salvador,   State of Palestine*,46,46,16,16,30,30
   El Salvador,   Germany,227,230,128,130,99,100
   El Salvador,   Guatemala,8885,9036,4153,4224,4732,4812
   El Salvador,   Honduras,11676,11878,4775,4861,6901,7017
   El Salvador,"   China, Hong Kong SAR*",8,8,4,4,4,4
   El Salvador,   India,11,11,7,7,4,4
   El Salvador,   Iran (Islamic Republic of),18,18,12,12,6,6
   El Salvador,   Ireland,11,11,6,6,5,5
   El Salvador,   Israel,43,43,19,19,24,24
   El Salvador,   Italy,282,285,181,183,101,102
   El Salvador,   Jamaica,10,10,6,6,4,4
   El Salvador,   Japan,54,54,37,37,17,17
   El Salvador,   Republic of Korea,128,129,78,79,50,50
   El Salvador,   Mexico,1714,1742,786,799,928,943
   El Salvador,   Netherlands*,33,33,22,22,11,11
   El Salvador,   Nicaragua,7823,7956,4144,4216,3679,3740
   El Salvador,   Panama,451,458,206,210,245,248
   El Salvador,   Paraguay,11,11,7,7,4,4
   El Salvador,   Peru,234,237,138,140,96,97
   El Salvador,   Philippines,19,19,11,11,8,8
   El Salvador,   Portugal,13,13,10,10,3,3
   El Salvador,   Puerto Rico*,62,62,35,35,27,27
   El Salvador,   Russian Federation,18,18,8,8,10,10
   El Salvador,   Spain*,534,542,304,309,230,233
   El Salvador,   Sweden,35,35,23,23,12,12
   El Salvador,   Switzerland,59,59,25,25,34,34
   El Salvador,   United Kingdom*,90,91,54,55,36,36
   El Salvador,   United States of America*,5397,5488,2676,2722,2721,2766
   El Salvador,   Uruguay,75,76,50,51,25,25
   El Salvador,   Venezuela (Bolivarian Republic of),242,245,111,113,131,132
   El Salvador,Other,141,170,80,86,61,84
   Guatemala,WORLD,74852,84311,35728,39916,39124,44395
   Guatemala,  Sub-Saharan Africa,0,0,0,0,0,0
   Guatemala,  Northern Africa and Western Asia,354,385,205,232,149,153
   Guatemala,  Central and Southern Asia,43,44,23,26,20,18
   Guatemala,  Eastern and South-Eastern Asia,2574,2896,1529,1719,1045,1177
   Guatemala,  Latin America and the Caribbean,57644,65049,25825,28858,31819,36191
   Guatemala,  Oceania (excluding Australia and New Zealand),0,0,0,0,0,0
   Guatemala,  Australia and New Zealand,67,74,41,47,26,27
   Guatemala,  Europe and Northern America,12032,13556,7030,7887,5002,5669
   Guatemala,  Developed regions,12240,13787,7160,8034,5080,5753
   Guatemala,  Less developed regions,60474,68217,27493,30735,32981,37482
   Guatemala," Less developed regions, excluding least developed countries",60460,68204,27484,30726,32976,37478
   Guatemala," Less developed regions, excluding China",59847,67512,27150,30350,32697,37162
   Guatemala,  Least developed countries,14,13,9,9,5,4
   Guatemala,  Land-locked Developing Countries (LLDC),187,207,90,102,97,105
   Guatemala,  Small island developing States (SIDS),1719,1927,963,1075,756,852
   Guatemala,  High-income countries,14903,16779,8798,9873,6105,6906
   Guatemala,  Middle-income countries,57702,65109,25784,28817,31918,36292
   Guatemala, Upper-middle-income countries,22951,25870,13344,14977,9607,10893
   Guatemala, Lower-middle-income countries,34751,39239,12440,13840,22311,25399
   Guatemala,  Low-income countries,89,96,60,67,29,29
   Guatemala, AFRICA,31,32,1,1,30,31
   Guatemala,  Eastern Africa,0,0,0,0,0,0
   Guatemala,  Middle Africa,0,0,0,0,0,0
   Guatemala,  Northern Africa,31,32,1,1,30,31
   Guatemala,  Southern Africa,0,0,0,0,0,0
   Guatemala,  Western Africa,0,0,0,0,0,0
   Guatemala, ASIA,2940,3293,1756,1976,1184,1317
   Guatemala,  Central Asia,0,0,0,0,0,0
   Guatemala,  Eastern Asia,2471,2783,1493,1678,978,1105
   Guatemala,  South-Eastern Asia,103,113,36,41,67,72
   Guatemala,  Southern Asia,43,44,23,26,20,18
   Guatemala,  Western Asia,323,353,204,231,119,122
   Guatemala, EUROPE,3034,3404,1976,2216,1058,1188
   Guatemala,  Eastern Europe,0,0,0,0,0,0
   Guatemala,  Northern Europe,258,287,170,191,88,96
   Guatemala,  Southern Europe,1638,1841,1071,1202,567,639
   Guatemala,  Western Europe,1138,1276,735,823,403,453
   Guatemala, LATIN AMERICA AND THE CARIBBEAN,57644,65049,25825,28858,31819,36191
   Guatemala,  Caribbean,845,943,509,567,336,376
   Guatemala,  Central America,53445,60342,23414,26155,30031,34187
   Guatemala,  South America,3354,3764,1902,2136,1452,1628
   Guatemala, NORTHERN AMERICA,8998,10152,5054,5671,3944,4481
   Guatemala, OCEANIA ,67,74,41,47,26,27
   Guatemala,  Australia and New Zealand,67,74,41,47,26,27
   Guatemala,  Melanesia,0,0,0,0,0,0
   Guatemala,  Micronesia,0,0,0,0,0,0
   Guatemala,  Polynesia*,0,0,0,0,0,0
   Guatemala,   Argentina,529,595,330,371,199,224
   Guatemala,   Australia*,67,74,41,47,26,27
   Guatemala,   Bolivia (Plurinational State of),130,145,60,68,70,77
   Guatemala,   Brazil,229,257,135,152,94,105
   Guatemala,   Belize,874,984,454,508,420,476
   Guatemala,   Canada,379,426,249,280,130,146
   Guatemala,   Chile,287,322,174,195,113,127
   Guatemala,   China*,627,705,343,385,284,320
   Guatemala,   Colombia,1102,1242,599,671,503,571
   Guatemala,   Costa Rica,1108,1248,576,646,532,602
   Guatemala,   Cuba,630,708,380,425,250,283
   Guatemala,   Dominican Republic,104,115,63,70,41,45
   Guatemala,   Ecuador,160,178,92,103,68,75
   Guatemala,   El Salvador,18301,20683,4249,4665,14052,16018
   Guatemala,   France*,246,275,174,194,72,81
   Guatemala,   French Guiana*,20,20,11,12,9,8
   Guatemala,   State of Palestine*,44,48,14,17,30,31
   Guatemala,   Germany,611,687,394,441,217,246
   Guatemala,   Greenland*,380,427,205,231,175,196
   Guatemala,   Haiti,14,13,9,9,5,4
   Guatemala,   Honduras,7995,9023,3688,4123,4307,4900
   Guatemala,   Indonesia,39,42,21,24,18,18
   Guatemala,   Iran (Islamic Republic of),18,18,12,13,6,5
   Guatemala,   Israel,125,140,81,92,44,48
   Guatemala,   Italy,351,394,249,281,102,113
   Guatemala,   Japan,141,157,89,100,52,57
   Guatemala,   Republic of Korea,1703,1921,1061,1193,642,728
   Guatemala,   Lebanon,24,25,21,23,3,2
   Guatemala,   Mexico,16720,18872,9895,11108,6825,7764
   Guatemala,   Netherlands*,134,149,68,76,66,73
   Guatemala,   Nicaragua,8161,9211,4402,4936,3759,4275
   Guatemala,   Pakistan,25,26,11,13,14,13
   Guatemala,   Panama,286,321,150,169,136,152
   Guatemala,   Paraguay,57,62,30,34,27,28
   Guatemala,   Peru,436,491,252,284,184,207
   Guatemala,   Philippines,64,71,15,17,49,54
   Guatemala,   Portugal,28,29,26,28,2,1
   Guatemala,   Puerto Rico*,97,107,57,63,40,44
   Guatemala,   Saudi Arabia,31,32,28,30,3,2
   Guatemala,   Spain*,1259,1418,796,893,463,525
   Guatemala,   Sweden,45,49,31,36,14,13
   Guatemala,   Switzerland,147,165,99,112,48,53
   Guatemala,   Syrian Arab Republic,75,83,51,58,24,25
   Guatemala,   Turkey,24,25,9,11,15,14
   Guatemala,   Egypt,31,32,1,1,30,31
   Guatemala,   United Kingdom*,213,238,139,155,74,83
   Guatemala,   United States of America*,8239,9299,4600,5160,3639,4139
   Guatemala,   Uruguay,134,149,87,97,47,52
   Guatemala,   Venezuela (Bolivarian Republic of),270,303,132,149,138,154
   Guatemala,Other,2138,2307,1075,1147,1063,1160
   Honduras,WORLD,38330,39195,20123,20575,18207,18620
   Honduras,  Sub-Saharan Africa,0,0,0,0,0,0
   Honduras,  Northern Africa and Western Asia,284,287,164,166,120,121
   Honduras,  Central and Southern Asia,0,0,0,0,0,0
   Honduras,  Eastern and South-Eastern Asia,865,880,540,551,325,329
   Honduras,  Latin America and the Caribbean,28254,28887,14340,14668,13914,14219
   Honduras,  Oceania (excluding Australia and New Zealand),0,0,0,0,0,0
   Honduras,  Australia and New Zealand,0,0,0,0,0,0
   Honduras,  Europe and Northern America,8704,8890,4945,5055,3759,3835
   Honduras,  Developed regions,8843,9031,5021,5132,3822,3899
   Honduras,  Less developed regions,29264,29913,14968,15308,14296,14605
   Honduras," Less developed regions, excluding least developed countries",29221,29870,14930,15270,14291,14600
   Honduras," Less developed regions, excluding China",28668,29305,14589,14920,14079,14385
   Honduras,  Least developed countries,43,43,38,38,5,5
   Honduras,  Land-locked Developing Countries (LLDC),182,184,130,132,52,52
   Honduras,  Small island developing States (SIDS),1401,1425,884,903,517,522
   Honduras,  High-income countries,9968,10175,5662,5788,4306,4387
   Honduras,  Middle-income countries,28034,28664,14246,14571,13788,14093
   Honduras, Upper-middle-income countries,11113,11345,6023,6157,5090,5188
   Honduras, Lower-middle-income countries,16921,17319,8223,8414,8698,8905
   Honduras,  Low-income countries,105,105,81,81,24,24
   Honduras, AFRICA,0,0,0,0,0,0
   Honduras,  Eastern Africa,0,0,0,0,0,0
   Honduras,  Middle Africa,0,0,0,0,0,0
   Honduras,  Northern Africa,0,0,0,0,0,0
   Honduras,  Southern Africa,0,0,0,0,0,0
   Honduras,  Western Africa,0,0,0,0,0,0
   Honduras, ASIA,1149,1167,704,717,445,450
   Honduras,  Central Asia,0,0,0,0,0,0
   Honduras,  Eastern Asia,865,880,540,551,325,329
   Honduras,  South-Eastern Asia,0,0,0,0,0,0
   Honduras,  Southern Asia,0,0,0,0,0,0
   Honduras,  Western Asia,284,287,164,166,120,121
   Honduras, EUROPE,1556,1581,1000,1020,556,561
   Honduras,  Eastern Europe,25,25,15,15,10,10
   Honduras,  Northern Europe,133,134,90,91,43,43
   Honduras,  Southern Europe,785,801,495,507,290,294
   Honduras,  Western Europe,613,621,400,407,213,214
   Honduras, LATIN AMERICA AND THE CARIBBEAN,28254,28887,14340,14668,13914,14219
   Honduras,  Caribbean,1036,1053,690,704,346,349
   Honduras,  Central America,24418,24984,12042,12323,12376,12661
   Honduras,  South America,2800,2850,1608,1641,1192,1209
   Honduras, NORTHERN AMERICA,7148,7309,3945,4035,3203,3274
   Honduras, OCEANIA ,0,0,0,0,0,0
   Honduras,  Australia and New Zealand,0,0,0,0,0,0
   Honduras,  Melanesia,0,0,0,0,0,0
   Honduras,  Micronesia,0,0,0,0,0,0
   Honduras,  Polynesia*,0,0,0,0,0,0
   Honduras,   Argentina,191,194,109,111,82,83
   Honduras,   Belgium,25,25,17,17,8,8
   Honduras,   Bolivia (Plurinational State of),147,149,108,110,39,39
   Honduras,   Brazil,237,240,97,98,140,142
   Honduras,   Belize,365,372,194,199,171,173
   Honduras,   Canada,349,355,194,198,155,157
   Honduras,   Cayman Islands*,90,91,47,48,43,43
   Honduras,   Chile,309,314,157,160,152,154
   Honduras,   China*,596,608,379,388,217,220
   Honduras,   Colombia,868,886,491,501,377,385
   Honduras,   Costa Rica,861,879,462,472,399,407
   Honduras,   Cuba,612,624,417,426,195,198
   Honduras,   Dominican Republic,135,137,85,87,50,50
   Honduras,   Ecuador,461,470,312,319,149,151
   Honduras,   El Salvador,8853,9071,4101,4200,4752,4871
   Honduras,   France*,144,146,83,85,61,61
   Honduras,   State of Palestine*,154,156,83,84,71,72
   Honduras,   Germany,292,297,192,196,100,101
   Honduras,   Guatemala,4607,4711,2347,2401,2260,2310
   Honduras,   Haiti,43,43,38,38,5,5
   Honduras,   Israel,90,91,60,61,30,30
   Honduras,   Italy,260,265,196,200,64,65
   Honduras,   Jamaica,27,27,23,23,4,4
   Honduras,   Japan,139,141,76,77,63,64
   Honduras,   Jordan,40,40,21,21,19,19
   Honduras,   Dem. People's Republic of Korea,62,62,43,43,19,19
   Honduras,   Republic of Korea,68,69,42,43,26,26
   Honduras,   Mexico,1567,1602,779,797,788,805
   Honduras,   Netherlands*,91,92,64,65,27,27
   Honduras,   Nicaragua,7767,7943,3931,4020,3836,3923
   Honduras,   Panama,398,406,228,234,170,172
   Honduras,   Paraguay,35,35,22,22,13,13
   Honduras,   Peru,384,392,221,227,163,165
   Honduras,   Puerto Rico*,129,131,80,82,49,49
   Honduras,   Russian Federation,25,25,15,15,10,10
   Honduras,   Spain*,525,536,299,307,226,229
   Honduras,   Sweden,31,31,18,18,13,13
   Honduras,   Switzerland,61,61,44,44,17,17
   Honduras,   United Kingdom*,102,103,72,73,30,30
   Honduras,   United States of America*,6799,6954,3751,3837,3048,3117
   Honduras,   Uruguay,66,67,42,43,24,24
   Honduras,   Venezuela (Bolivarian Republic of),102,103,49,50,53,53
   Honduras,Other,223,251,134,135,89,116
   Mexico,WORLD,1013691,1197624,508232,601509,505459,596115
   Mexico,  Sub-Saharan Africa,649,702,420,464,229,238
   Mexico,  Northern Africa and Western Asia,3822,4171,2390,2630,1432,1541
   Mexico,  Central and Southern Asia,2451,2683,1778,1957,673,726
   Mexico,  Eastern and South-Eastern Asia,17179,18830,10495,11598,6684,7232
   Mexico,  Latin America and the Caribbean,170752,272836,80497,126844,90255,145992
   Mexico,  Oceania (excluding Australia and New Zealand),0,0,0,0,0,0
   Mexico,  Australia and New Zealand,562,613,289,320,273,293
   Mexico,  Europe and Northern America,797202,874576,401725,445872,395477,428704
   Mexico,  Developed regions,801517,879305,404261,448677,397256,430628
   Mexico,  Less developed regions,191100,295106,93333,141008,97767,154098
   Mexico," Less developed regions, excluding least developed countries",190311,289084,92896,137844,97415,151240
   Mexico," Less developed regions, excluding China",182251,285400,87703,134791,94548,150609
   Mexico,  Least developed countries,789,6022,437,3164,352,2858
   Mexico,  Land-locked Developing Countries (LLDC),2228,2440,956,1066,1272,1374
   Mexico,  Small island developing States (SIDS),19019,26018,9698,13443,9321,12575
   Mexico,  High-income countries,815189,894294,411573,456778,403616,437516
   Mexico,  Middle-income countries,174858,272139,84432,128468,90426,143671
   Mexico, Upper-middle-income countries,140225,206082,67539,97027,72686,109055
   Mexico, Lower-middle-income countries,34633,66057,16893,31441,17740,34616
   Mexico,  Low-income countries,2570,7978,1589,4439,981,3539
   Mexico, AFRICA,1198,1298,805,886,393,412
   Mexico,  Eastern Africa,68,73,40,44,28,29
   Mexico,  Middle Africa,176,189,114,125,62,64
   Mexico,  Northern Africa,549,596,385,422,164,174
   Mexico,  Southern Africa,202,220,114,127,88,93
   Mexico,  Western Africa,203,220,152,168,51,52
   Mexico, ASIA,22903,25088,14278,15763,8625,9325
   Mexico,  Central Asia,0,0,0,0,0,0
   Mexico,  Eastern Asia,16184,17748,10012,11062,6172,6686
   Mexico,  South-Eastern Asia,995,1082,483,536,512,546
   Mexico,  Southern Asia,2451,2683,1778,1957,673,726
   Mexico,  Western Asia,3273,3575,2005,2208,1268,1367
   Mexico, EUROPE,59225,64934,32908,36442,26317,28492
   Mexico,  Eastern Europe,4201,4599,1613,1802,2588,2797
   Mexico,  Northern Europe,5163,5653,2677,2970,2486,2683
   Mexico,  Southern Europe,29351,32189,17440,19286,11911,12903
   Mexico,  Western Europe,20510,22493,11178,12384,9332,10109
   Mexico, LATIN AMERICA AND THE CARIBBEAN,170752,272836,80497,126844,90255,145992
   Mexico,  Caribbean,17030,23839,8765,12407,8265,11432
   Mexico,  Central America,77875,113516,36579,53351,41296,60165
   Mexico,  South America,75847,135481,35153,61086,40694,74395
   Mexico, NORTHERN AMERICA,737977,809642,368817,409430,369160,400212
   Mexico, OCEANIA ,562,613,289,320,273,293
   Mexico,  Australia and New Zealand,562,613,289,320,273,293
   Mexico,  Melanesia,0,0,0,0,0,0
   Mexico,  Micronesia,0,0,0,0,0,0
   Mexico,  Polynesia*,0,0,0,0,0,0
   Mexico,   Algeria,102,110,74,81,28,29
   Mexico,   Angola,54,57,26,28,28,29
   Mexico,   Argentina,15214,16688,7787,8638,7427,8050
   Mexico,   Australia*,454,496,229,253,225,243
   Mexico,   Austria,524,573,264,292,260,281
   Mexico,   Bangladesh,51,54,40,42,11,12
   Mexico,   Armenia,100,108,50,55,50,53
   Mexico,   Belgium,885,969,482,534,403,435
   Mexico,   Bolivia (Plurinational State of),1599,1753,684,763,915,990
   Mexico,   Brazil,6350,6964,2951,3282,3399,3682
   Mexico,   Belize,1940,2127,913,1014,1027,1113
   Mexico,   Bulgaria,258,282,112,124,146,158
   Mexico,   Cameroon,41,44,33,36,8,8
   Mexico,   Canada,9475,10394,4630,5142,4845,5252
   Mexico,   Chile,6121,6714,3028,3362,3093,3352
   Mexico,   China*,8849,9706,5630,6217,3219,3489
   Mexico,   Colombia,18461,20253,7799,8698,10662,11555
   Mexico,   Democratic Republic of the Congo,81,88,55,61,26,27
   Mexico,   Costa Rica,3128,3430,1547,1718,1581,1712
   Mexico,   Croatia,55,58,27,29,28,29
   Mexico,   Cuba,12348,13546,6590,7305,5758,6241
   Mexico,   Czechia,344,376,124,139,220,237
   Mexico,   Denmark*,264,288,153,170,111,118
   Mexico,   Dominican Republic,2832,3107,1136,1270,1696,1837
   Mexico,   Ecuador,3189,3497,1355,1511,1834,1986
   Mexico,   El Salvador,10427,16807,5239,8463,5188,8344
   Mexico,   Finland*,153,167,58,66,95,101
   Mexico,   France*,9635,10569,5231,5797,4404,4772
   Mexico,   State of Palestine*,29,30,13,14,16,16
   Mexico,   Germany,6630,7272,3472,3850,3158,3422
   Mexico,   Greece,261,286,177,196,84,90
   Mexico,   Guatemala,42221,46318,19636,21837,22585,24481
   Mexico,   Haiti,570,5787,296,3010,274,2777
   Mexico,   Honduras,14623,38764,6500,17273,8123,21491
   Mexico,   Hungary,386,422,146,164,240,258
   Mexico,   India,1965,2154,1434,1580,531,574
   Mexico,   Indonesia,160,175,81,91,79,84
   Mexico,   Iran (Islamic Republic of),285,312,188,208,97,104
   Mexico,   Iraq,49,52,40,42,9,10
   Mexico,   Ireland,282,308,185,204,97,104
   Mexico,   Israel,1932,2118,1155,1276,777,842
   Mexico,   Italy,5806,6368,4237,4668,1569,1700
   Mexico,   Côte d'Ivoire,26,27,19,20,7,7
   Mexico,   Jamaica,132,143,78,86,54,57
   Mexico,   Japan,3753,4116,2247,2485,1506,1631
   Mexico,   Jordan,43,46,34,36,9,10
   Mexico,   Kenya,68,73,40,44,28,29
   Mexico,   Dem. People's Republic of Korea,1719,1885,1106,1222,613,663
   Mexico,   Republic of Korea,1863,2041,1029,1138,834,903
   Mexico,   Lebanon,527,576,316,348,211,228
   Mexico,   Latvia,35,38,13,15,22,23
   Mexico,   Lithuania,61,65,18,19,43,46
   Mexico,   Malaysia*,57,60,32,35,25,25
   Mexico,   Morocco,244,265,151,166,93,99
   Mexico,   Netherlands*,1309,1435,891,982,418,453
   Mexico,   New Zealand*,108,117,60,67,48,50
   Mexico,   Nicaragua,3924,4303,1807,2009,2117,2294
   Mexico,   Nigeria,144,157,113,125,31,32
   Mexico,   Norway*,185,201,119,131,66,70
   Mexico,   Pakistan,150,163,116,127,34,36
   Mexico,   Panama,1612,1767,937,1037,675,730
   Mexico,   Paraguay,529,579,222,248,307,331
   Mexico,   Peru,4730,5187,3119,3443,1611,1744
   Mexico,   Philippines,522,572,263,292,259,280
   Mexico,   Poland,682,747,325,361,357,386
   Mexico,   Portugal,570,624,400,441,170,183
   Mexico,   Puerto Rico*,1120,1227,650,720,470,507
   Mexico,   Romania,415,455,150,169,265,286
   Mexico,   Russian Federation,1664,1824,603,675,1061,1149
   Mexico,   Saudi Arabia,111,119,82,89,29,30
   Mexico,   Senegal,33,36,20,23,13,13
   Mexico,   Serbia*,61,65,26,28,35,37
   Mexico,   Singapore,49,52,20,22,29,30
   Mexico,   Slovakia,108,117,35,38,73,79
   Mexico,   Viet Nam,84,91,43,48,41,43
   Mexico,   Slovenia,54,57,25,27,29,30
   Mexico,   South Africa,202,220,114,127,88,93
   Mexico,   Spain*,22544,24731,12548,13897,9996,10834
   Mexico,   Sweden,647,709,367,407,280,302
   Mexico,   Switzerland,1527,1675,838,929,689,746
   Mexico,   Syrian Arab Republic,200,218,132,146,68,72
   Mexico,   Thailand,123,132,44,48,79,84
   Mexico,   Trinidad and Tobago,28,29,15,16,13,13
   Mexico,   Turkey,282,308,183,202,99,106
   Mexico,   Ukraine*,344,376,118,132,226,244
   Mexico,   Egypt,203,221,160,175,43,46
   Mexico,   United Kingdom*,3536,3877,1764,1958,1772,1919
   Mexico,   United States of America*,728502,799248,364187,404288,364315,394960
   Mexico,   Uruguay,3163,3469,1255,1400,1908,2069
   Mexico,   Venezuela (Bolivarian Republic of),16491,70377,6953,29741,9538,40636
   Mexico,Other,21074,23213,10638,11824,10436,11389
   Nicaragua,WORLD,40261,42167,20723,21683,19538,20484
   Nicaragua,  Sub-Saharan Africa,378,388,180,187,198,201
   Nicaragua,  Northern Africa and Western Asia,169,173,77,82,92,91
   Nicaragua,  Central and Southern Asia,85,86,47,49,38,37
   Nicaragua,  Eastern and South-Eastern Asia,240,246,156,162,84,84
   Nicaragua,  Latin America and the Caribbean,31571,33113,16064,16808,15507,16305
   Nicaragua,  Oceania (excluding Australia and New Zealand),0,0,0,0,0,0
   Nicaragua,  Australia and New Zealand,0,0,0,0,0,0
   Nicaragua,  Europe and Northern America,5902,6156,3243,3394,2659,2762
   Nicaragua,  Developed regions,5942,6196,3270,3422,2672,2774
   Nicaragua,  Less developed regions,32403,33966,16497,17260,15906,16706
   Nicaragua," Less developed regions, excluding least developed countries",31935,33487,16271,17025,15664,16462
   Nicaragua," Less developed regions, excluding China",32264,33822,16406,17165,15858,16657
   Nicaragua,  Least developed countries,468,479,226,235,242,244
   Nicaragua,  Land-locked Developing Countries (LLDC),206,211,123,128,83,83
   Nicaragua,  Small island developing States (SIDS),1338,1389,792,829,546,560
   Nicaragua,  High-income countries,6500,6773,3626,3793,2874,2980
   Nicaragua,  Middle-income countries,31565,33105,15997,16738,15568,16367
   Nicaragua, Upper-middle-income countries,16191,16932,8366,8753,7825,8179
   Nicaragua, Lower-middle-income countries,15374,16173,7631,7985,7743,8188
   Nicaragua,  Low-income countries,280,284,144,151,136,133
   Nicaragua, AFRICA,491,505,232,242,259,263
   Nicaragua,  Eastern Africa,119,121,57,59,62,62
   Nicaragua,  Middle Africa,47,48,32,34,15,14
   Nicaragua,  Northern Africa,113,117,52,55,61,62
   Nicaragua,  Southern Africa,0,0,0,0,0,0
   Nicaragua,  Western Africa,212,219,91,94,121,125
   Nicaragua, ASIA,381,388,228,238,153,150
   Nicaragua,  Central Asia,0,0,0,0,0,0
   Nicaragua,  Eastern Asia,240,246,156,162,84,84
   Nicaragua,  South-Eastern Asia,0,0,0,0,0,0
   Nicaragua,  Southern Asia,85,86,47,49,38,37
   Nicaragua,  Western Asia,56,56,25,27,31,29
   Nicaragua, EUROPE,2044,2119,1184,1239,860,880
   Nicaragua,  Eastern Europe,333,344,133,139,200,205
   Nicaragua,  Northern Europe,180,183,121,127,59,56
   Nicaragua,  Southern Europe,650,678,407,425,243,253
   Nicaragua,  Western Europe,881,914,523,548,358,366
   Nicaragua, LATIN AMERICA AND THE CARIBBEAN,31571,33113,16064,16808,15507,16305
   Nicaragua,  Caribbean,1314,1365,779,815,535,550
   Nicaragua,  Central America,28692,30123,14433,15104,14259,15019
   Nicaragua,  South America,1565,1625,852,889,713,736
   Nicaragua, NORTHERN AMERICA,3858,4037,2059,2155,1799,1882
   Nicaragua, OCEANIA ,0,0,0,0,0,0
   Nicaragua,  Australia and New Zealand,0,0,0,0,0,0
   Nicaragua,  Melanesia,0,0,0,0,0,0
   Nicaragua,  Micronesia,0,0,0,0,0,0
   Nicaragua,  Polynesia*,0,0,0,0,0,0
   Nicaragua,   Afghanistan,61,62,34,35,27,27
   Nicaragua,   Algeria,113,117,52,55,61,62
   Nicaragua,   Antigua and Barbuda,119,123,58,61,61,62
   Nicaragua,   Argentina,270,281,141,147,129,134
   Nicaragua,   Austria,38,38,23,24,15,14
   Nicaragua,   Bahamas,84,86,43,45,41,41
   Nicaragua,   Belgium,44,45,34,36,10,9
   Nicaragua,   Bolivia (Plurinational State of),64,66,39,41,25,25
   Nicaragua,   Brazil,122,126,56,58,66,68
   Nicaragua,   Belize,24,24,13,14,11,10
   Nicaragua,   Bulgaria,61,62,22,23,39,39
   Nicaragua,   Canada,252,262,131,137,121,125
   Nicaragua,   Chile,126,130,75,78,51,52
   Nicaragua,   China*,139,144,91,95,48,49
   Nicaragua,   Colombia,447,467,245,256,202,211
   Nicaragua,   Democratic Republic of the Congo,47,48,32,34,15,14
   Nicaragua,   Costa Rica,10772,11281,5473,5728,5299,5553
   Nicaragua,   Cuba,941,984,583,610,358,374
   Nicaragua,   Denmark*,52,53,35,37,17,16
   Nicaragua,   Dominican Republic,69,71,37,39,32,32
   Nicaragua,   Ecuador,111,115,67,70,44,45
   Nicaragua,   El Salvador,2444,2557,1332,1393,1112,1164
   Nicaragua,   Ethiopia,81,83,50,52,31,31
   Nicaragua,   France*,148,154,89,94,59,60
   Nicaragua,   Germany,300,313,192,201,108,112
   Nicaragua,   Guatemala,1762,1843,935,977,827,866
   Nicaragua,   Haiti,23,23,12,13,11,10
   Nicaragua,   Honduras,12439,13110,6071,6354,6368,6756
   Nicaragua,   India,24,24,13,14,11,10
   Nicaragua,   Ireland,24,24,18,19,6,5
   Nicaragua,   Italy,190,198,146,153,44,45
   Nicaragua,   Jamaica,20,19,14,14,6,5
   Nicaragua,   Japan,40,40,27,28,13,12
   Nicaragua,   Jordan,26,26,16,17,10,9
   Nicaragua,   Republic of Korea,61,62,38,39,23,23
   Nicaragua,   Mexico,846,885,381,399,465,486
   Nicaragua,   Netherlands*,267,278,123,129,144,149
   Nicaragua,   Nigeria,24,24,9,10,15,14
   Nicaragua,   Panama,405,423,228,239,177,184
   Nicaragua,   Peru,228,237,133,139,95,98
   Nicaragua,   Puerto Rico*,58,59,32,33,26,26
   Nicaragua,   Russian Federation,194,202,78,82,116,120
   Nicaragua,   Senegal,188,195,82,84,106,111
   Nicaragua,   Somalia,38,38,7,7,31,31
   Nicaragua,   Spain*,460,480,261,272,199,208
   Nicaragua,   Sweden,33,33,21,22,12,11
   Nicaragua,   Switzerland,84,86,62,64,22,22
   Nicaragua,   Ukraine*,78,80,33,34,45,46
   Nicaragua,   United Kingdom*,71,73,47,49,24,24
   Nicaragua,   United States of America*,3606,3775,1928,2018,1678,1757
   Nicaragua,   Uruguay,38,38,15,15,23,23
   Nicaragua,   Venezuela (Bolivarian Republic of),159,165,81,85,78,80
   Nicaragua,   Yemen,30,30,9,10,21,20
   Nicaragua,Other,1916,2005,956,1001,960,1004
   Panama,WORLD,184710,313165,94841,167057,89869,146108
   Panama,  Sub-Saharan Africa,83,98,51,63,32,35
   Panama,  Northern Africa and Western Asia,2601,3126,1734,2128,867,998
   Panama,  Central and Southern Asia,4693,5632,2944,3612,1749,2020
   Panama,  Eastern and South-Eastern Asia,21831,26222,12350,15256,9481,10966
   Panama,  Latin America and the Caribbean,124922,241092,58757,122538,66165,118554
   Panama,  Oceania (excluding Australia and New Zealand),0,0,0,0,0,0
   Panama,  Australia and New Zealand,329,394,229,280,100,114
   Panama,  Europe and Northern America,29602,35536,18394,22578,11208,12958
   Panama,  Developed regions,30303,36376,18827,23110,11476,13266
   Panama,  Less developed regions,153758,275724,75632,143345,78126,132379
   Panama," Less developed regions, excluding least developed countries",153076,274905,75254,142876,77822,132029
   Panama," Less developed regions, excluding China",134812,252960,65648,130957,69164,122003
   Panama,  Least developed countries,682,819,378,469,304,350
   Panama,  Land-locked Developing Countries (LLDC),576,688,271,337,305,351
   Panama,  Small island developing States (SIDS),13327,14781,5562,6312,7765,8469
   Panama,  High-income countries,34031,40853,20855,25630,13176,15223
   Panama,  Middle-income countries,149177,270212,73175,140283,76002,129929
   Panama, Upper-middle-income countries,123856,239540,60094,123876,63762,115664
   Panama, Lower-middle-income countries,25321,30672,13081,16407,12240,14265
   Panama,  Low-income countries,807,980,406,513,401,467
   Panama, AFRICA,273,324,179,219,94,105
   Panama,  Eastern Africa,0,0,0,0,0,0
   Panama,  Middle Africa,0,0,0,0,0,0
   Panama,  Northern Africa,190,226,128,156,62,70
   Panama,  Southern Africa,46,55,23,29,23,26
   Panama,  Western Africa,37,43,28,34,9,9
   Panama, ASIA,28935,34754,16900,20840,12035,13914
   Panama,  Central Asia,0,0,0,0,0,0
   Panama,  Eastern Asia,19720,23693,10428,12936,9292,10757
   Panama,  South-Eastern Asia,2111,2529,1922,2320,189,209
   Panama,  Southern Asia,4693,5632,2944,3612,1749,2020
   Panama,  Western Asia,2411,2900,1606,1972,805,928
   Panama, EUROPE,13708,16443,8957,10960,4751,5483
   Panama,  Eastern Europe,2081,2489,1421,1733,660,756
   Panama,  Northern Europe,2637,3161,1756,2146,881,1015
   Panama,  Southern Europe,5728,6880,3757,4598,1971,2282
   Panama,  Western Europe,3262,3913,2023,2483,1239,1430
   Panama, LATIN AMERICA AND THE CARIBBEAN,124922,241092,58757,122538,66165,118554
   Panama,  Caribbean,13147,14566,5457,6180,7690,8386
   Panama,  Central America,31928,38610,14950,18855,16978,19755
   Panama,  South America,79847,187916,38350,97503,41497,90413
   Panama, NORTHERN AMERICA,15894,19093,9437,11618,6457,7475
   Panama, OCEANIA ,329,394,229,280,100,114
   Panama,  Australia and New Zealand,329,394,229,280,100,114
   Panama,  Melanesia,0,0,0,0,0,0
   Panama,  Micronesia,0,0,0,0,0,0
   Panama,  Polynesia*,0,0,0,0,0,0
   Panama,   Argentina,2550,3062,1397,1729,1153,1333
   Panama,   Australia*,279,335,194,237,85,98
   Panama,   Austria,108,129,59,73,49,56
   Panama,   Bangladesh,42,51,33,41,9,10
   Panama,   Barbados,32,38,15,20,17,18
   Panama,   Belgium,271,324,186,226,85,98
   Panama,   Bolivia (Plurinational State of),454,543,223,277,231,266
   Panama,   Brazil,2002,2406,941,1179,1061,1227
   Panama,   Belize,86,103,56,69,30,34
   Panama,   Bulgaria,73,87,45,55,28,32
   Panama,   Myanmar,98,117,97,117,1,0
   Panama,   Canada,1808,2171,1053,1297,755,874
   Panama,   Chile,1813,2178,965,1198,848,980
   Panama,   China*,18665,22427,9846,12215,8819,10212
   Panama,   Colombia,55251,50702,25446,22699,29805,28003
   Panama,   Costa Rica,7760,9320,3688,4607,4072,4713
   Panama,   Croatia,102,121,79,95,23,26
   Panama,   Cuba,2825,2194,1648,1332,1177,862
   Panama,   Czechia,38,45,15,19,23,26
   Panama,   Denmark*,147,176,117,142,30,34
   Panama,   Dominica,58,68,21,26,37,42
   Panama,   Dominican Republic,8095,9711,2627,3386,5468,6325
   Panama,   Ecuador,2672,3201,1435,1773,1237,1428
   Panama,   El Salvador,3225,4147,1602,2157,1623,1990
   Panama,   Finland*,46,55,23,29,23,26
   Panama,   France*,969,1163,579,713,390,450
   Panama,   Georgia*,58,68,53,63,5,5
   Panama,   State of Palestine*,167,199,115,141,52,58
   Panama,   Germany,1065,1279,625,770,440,509
   Panama,   Greece,325,389,268,324,57,65
   Panama,   Grenada,27,31,17,20,10,11
   Panama,   Guatemala,1606,1925,904,1116,702,809
   Panama,   Guyana,48,57,23,29,25,28
   Panama,   Haiti,542,651,248,311,294,340
   Panama,   Honduras,1504,1797,715,889,789,908
   Panama,"   China, Hong Kong SAR*",281,337,138,173,143,164
   Panama,   Hungary,59,69,37,44,22,25
   Panama,   India,4481,5383,2798,3435,1683,1948
   Panama,   Indonesia,135,161,105,127,30,34
   Panama,   Iran (Islamic Republic of),86,99,64,76,22,23
   Panama,   Ireland,92,109,67,81,25,28
   Panama,   Israel,1114,1338,764,934,350,404
   Panama,   Italy,1318,1587,913,1117,405,470
   Panama,   Jamaica,697,830,337,417,360,413
   Panama,   Japan,372,446,204,252,168,194
   Panama,   Jordan,119,141,84,101,35,40
   Panama,   Republic of Korea,402,483,240,296,162,187
   Panama,   Lebanon,526,632,310,382,216,250
   Panama,   Libya,38,45,29,35,9,10
   Panama,   Lithuania,46,54,36,44,10,10
   Panama,   Malaysia*,28,33,11,15,17,18
   Panama,   Mexico,4832,5801,2634,3259,2198,2542
   Panama,   Morocco,79,94,54,66,25,28
   Panama,   Netherlands*,482,579,327,400,155,179
   Panama,   Curaçao*,31,37,16,21,15,16
   Panama,   New Zealand*,50,59,35,43,15,16
   Panama,   Nicaragua,12915,15517,5351,6758,7564,8759
   Panama,   Nigeria,37,43,28,34,9,9
   Panama,   Norway*,77,91,49,59,28,32
   Panama,   Pakistan,84,99,49,60,35,39
   Panama,   Paraguay,122,145,48,60,74,85
   Panama,   Peru,4290,5155,2407,2975,1883,2180
   Panama,   Philippines,1601,1923,1518,1829,83,94
   Panama,   Poland,196,235,125,154,71,81
   Panama,   Portugal,254,305,169,207,85,98
   Panama,   Puerto Rico*,721,865,463,567,258,298
   Panama,   Romania,182,215,133,161,49,54
   Panama,   Russian Federation,995,1192,635,777,360,415
   Panama,   Saint Pierre and Miquelon*,46,55,23,29,23,26
   Panama,   Saudi Arabia,50,59,33,41,17,18
   Panama,   Serbia*,27,31,23,26,4,5
   Panama,   Singapore,46,55,26,34,20,21
   Panama,   Slovakia,36,43,14,18,22,25
   Panama,   Viet Nam,59,69,36,43,23,26
   Panama,   South Africa,46,55,23,29,23,26
   Panama,   Spain*,3702,4447,2305,2829,1397,1618
   Panama,   Sweden,212,254,155,189,57,65
   Panama,   Switzerland,367,439,247,301,120,138
   Panama,   Syrian Arab Republic,265,329,158,202,107,127
   Panama,   Thailand,144,171,129,155,15,16
   Panama,   Trinidad and Tobago,119,141,65,80,54,61
   Panama,   Turkey,112,134,89,108,23,26
   Panama,   Ukraine*,502,603,417,505,85,98
   Panama,   Egypt,73,87,45,55,28,32
   Panama,   United Kingdom*,2017,2422,1309,1602,708,820
   Panama,   United States of America*,14040,16867,8361,10292,5679,6575
   Panama,   Uruguay,762,914,446,548,316,366
   Panama,   Venezuela (Bolivarian Republic of),9883,119553,5019,65036,4864,54517
   Panama,Other,649,1065,382,602,267,463
  South America,WORLD,6080207,10887474,3015043,5455017,3065164,5432457
  South America,  Sub-Saharan Africa,26951,35569,17241,23635,9710,11934
  South America,  Northern Africa and Western Asia,63084,69095,38156,41908,24928,27187
  South America,  Central and Southern Asia,5253,13949,3541,11256,1712,2693
  South America,  Eastern and South-Eastern Asia,192162,227462,106074,129638,86088,97824
  South America,  Latin America and the Caribbean,4366500,9052250,2108476,4462244,2258024,4590006
  South America,  Oceania (excluding Australia and New Zealand),147,153,89,96,58,57
  South America,  Australia and New Zealand,3004,3737,1853,2328,1151,1409
  South America,  Europe and Northern America,1162116,1245614,599542,653869,562574,591745
  South America,  Developed regions,1235721,1328307,637183,697269,598538,631038
  South America,  Less developed regions,4583496,9319522,2237789,4627705,2345707,4691817
  South America," Less developed regions, excluding least developed countries",4501391,8995398,2191907,4434545,2309484,4560853
  South America," Less developed regions, excluding China",4491736,9204272,2182399,4556334,2309337,4647938
  South America,  Least developed countries,82105,324124,45882,193160,36223,130964
  South America,  Land-locked Developing Countries (LLDC),1279516,1389099,599789,651082,679727,738017
  South America,  Small island developing States (SIDS),176065,486599,88289,265129,87776,221470
  South America,  High-income countries,1718435,1831285,873039,946695,845396,884590
  South America,  Middle-income countries,4005981,8482200,1949773,4183049,2056208,4299151
  South America, Upper-middle-income countries,3419002,7784035,1652974,3830971,1766028,3953064
  South America, Lower-middle-income countries,586979,698165,296799,352078,290180,346087
  South America,  Low-income countries,88388,327145,48891,191540,39497,135605
  South America, AFRICA,34379,43413,21338,28044,13041,15369
  South America,  Eastern Africa,2758,2952,1259,1386,1499,1566
  South America,  Middle Africa,10405,13468,5798,8040,4607,5428
  South America,  Northern Africa,7428,7844,4097,4409,3331,3435
  South America,  Southern Africa,2369,2632,1633,1835,736,797
  South America,  Western Africa,11419,16517,8551,12374,2868,4143
  South America, ASIA,253071,302662,143674,178393,109397,124269
  South America,  Central Asia,131,133,31,34,100,99
  South America,  Eastern Asia,187186,221827,103683,126833,83503,94994
  South America,  South-Eastern Asia,4976,5635,2391,2805,2585,2830
  South America,  Southern Asia,5122,13816,3510,11222,1612,2594
  South America,  Western Asia,55656,61251,34059,37499,21597,23752
  South America, EUROPE,1022903,1073490,524660,556949,498243,516541
  South America,  Eastern Europe,42898,45730,19485,21221,23413,24509
  South America,  Northern Europe,27004,31806,14965,18038,12039,13768
  South America,  Southern Europe,792507,825718,401966,423079,390541,402639
  South America,  Western Europe,160494,170236,88244,94611,72250,75625
  South America, LATIN AMERICA AND THE CARIBBEAN,4366500,9052250,2108476,4462244,2258024,4590006
  South America,  Caribbean,118757,424484,59932,234353,58825,190131
  South America,  Central America,56300,70263,28267,35557,28033,34706
  South America,  South America,4191443,8557503,2020277,4192334,2171166,4365169
  South America, NORTHERN AMERICA,139213,172124,74882,96920,64331,75204
  South America, OCEANIA ,3151,3890,1942,2424,1209,1466
  South America,  Australia and New Zealand,3004,3737,1853,2328,1151,1409
  South America,  Melanesia,13,11,10,9,3,2
  South America,  Micronesia,128,137,77,85,51,52
  South America,  Polynesia*,6,5,2,2,4,3
  South America,   Burundi,25,27,25,27,0,0
  South America,   Comoros,0,0,0,0,0,0
  South America,   Djibouti,0,0,0,0,0,0
  South America,   Eritrea,28,25,15,14,13,11
  South America,   Ethiopia,82,78,41,39,41,39
  South America,   Kenya,70,73,7,10,63,63
  South America,   Madagascar,55,56,10,11,45,45
  South America,   Malawi,19,18,11,11,8,7
  South America,   Mauritius*,0,0,0,0,0,0
  South America,   Mayotte*,0,0,0,0,0,0
  South America,   Mozambique,1735,1871,749,832,986,1039
  South America,   Réunion*,353,396,163,183,190,213
  South America,   Rwanda,18,18,16,17,2,1
  South America,   Seychelles,35,37,35,37,0,0
  South America,   Somalia,6,5,2,2,4,3
  South America,   South Sudan,0,0,0,0,0,0
  South America,   Uganda,77,81,42,45,35,36
  South America,   United Republic of Tanzania*,110,117,63,70,47,47
  South America,   Zambia,4,3,2,2,2,1
  South America,   Zimbabwe,141,147,78,86,63,61
  South America,   Angola,7794,8444,3968,4403,3826,4041
  South America,   Cameroon,221,234,136,149,85,85
  South America,   Central African Republic,79,84,54,59,25,25
  South America,   Chad,0,0,0,0,0,0
  South America,   Congo,144,147,111,115,33,32
  South America,   Democratic Republic of the Congo,1997,4378,1462,3238,535,1140
  South America,   Equatorial Guinea,65,70,16,20,49,50
  South America,   Gabon,36,38,36,38,0,0
  South America,   Sao Tome and Principe,69,73,15,18,54,55
  South America,   Algeria,844,913,478,527,366,386
  South America,   Egypt,4191,4514,2256,2487,1935,2027
  South America,   Libya,302,300,175,176,127,124
  South America,   Morocco,1925,1951,1058,1087,867,864
  South America,   Sudan,11,10,11,10,0,0
  South America,   Tunisia,155,156,119,122,36,34
  South America,   Western Sahara,0,0,0,0,0,0
  South America,   Botswana,0,0,0,0,0,0
  South America,   Eswatini,0,0,0,0,0,0
  South America,   Lesotho,0,0,0,0,0,0
  South America,   Namibia,59,63,48,52,11,11
  South America,   South Africa,2310,2569,1585,1783,725,786
  South America,   Benin,33,33,21,22,12,11
  South America,   Burkina Faso,41,42,15,15,26,27
  South America,   Cabo Verde,1550,1681,671,750,879,931
  South America,   Côte d'Ivoire,393,425,285,312,108,113
  South America,   Gambia,33,34,28,30,5,4
  South America,   Ghana,157,2542,114,1775,43,767
  South America,   Guinea,79,83,45,50,34,33
  South America,   Guinea-Bissau,1105,1199,732,805,373,394
  South America,   Liberia,44,45,24,25,20,20
  South America,   Mali,9,8,7,7,2,1
  South America,   Mauritania,2,1,0,0,2,1
  South America,   Niger,17,18,17,18,0,0
  South America,   Nigeria,2368,3696,1743,2731,625,965
  South America,   Saint Helena*,323,402,181,227,142,175
  South America,   Senegal,5242,6287,4645,5586,597,701
  South America,   Sierra Leone,10,9,10,9,0,0
  South America,   Togo,13,12,13,12,0,0
  South America,   Kazakhstan,53,55,9,10,44,45
  South America,   Kyrgyzstan,6,5,3,3,3,2
  South America,   Tajikistan,10,9,8,8,2,1
  South America,   Turkmenistan,25,27,7,8,18,19
  South America,   Uzbekistan,37,37,4,5,33,32
  South America,   China*,91083,114604,54997,70993,36086,43611
  South America,"   China, Hong Kong SAR*",677,646,393,378,284,268
  South America,"   China, Macao SAR*",0,0,0,0,0,0
  South America,"   China, Taiwan Province of China*",0,0,0,0,0,0
  South America,   Dem. People's Republic of Korea,813,917,459,550,354,367
  South America,   Japan,70601,78956,35788,41072,34813,37884
  South America,   Mongolia,2,1,0,0,2,1
  South America,   Republic of Korea,24010,26703,12046,13840,11964,12863
  South America,   Brunei Darussalam,168,181,12,18,156,163
  South America,   Cambodia,53,55,31,33,22,22
  South America,   Indonesia,1049,1152,482,547,567,605
  South America,   Lao People's Democratic Republic,1139,1244,560,611,579,633
  South America,   Malaysia*,265,310,132,163,133,147
  South America,   Myanmar,23,23,16,16,7,7
  South America,   Philippines,1138,1451,607,822,531,629
  South America,   Singapore,157,164,36,40,121,124
  South America,   Thailand,699,754,363,397,336,357
  South America,   Timor-Leste,58,62,10,1,48,61
  South America,   Viet Nam,227,239,142,157,85,82
  South America,   Afghanistan,191,250,107,147,84,103
  South America,   Bangladesh,82,5414,80,5413,2,1
  South America,   Bhutan,0,0,0,0,0,0
  South America,   India,3155,4486,2300,3447,855,1039
  South America,   Iran (Islamic Republic of),1166,1274,675,760,491,514
  South America,   Maldives,11,11,0,0,11,11
  South America,   Nepal,66,69,62,66,4,3
  South America,   Pakistan,446,2308,281,1385,165,923
  South America,   Sri Lanka,5,4,5,4,0,0
  South America,   Armenia,700,704,382,391,318,313
  South America,   Azerbaijan*,2,1,0,0,2,1
  South America,   Bahrain,43,44,39,40,4,4
  South America,   Cyprus*,65,61,30,29,35,32
  South America,   Georgia*,91,93,28,32,63,61
  South America,   Iraq,779,870,495,562,284,308
  South America,   Israel,4595,5260,2727,3191,1868,2069
  South America,   Jordan,1632,1757,1155,1262,477,495
  South America,   Kuwait,101,96,45,42,56,54
  South America,   Lebanon,23247,24151,14384,15090,8863,9061
  South America,   Oman,23,24,13,14,10,10
  South America,   Qatar,2,1,2,1,0,0
  South America,   Saudi Arabia,2216,2183,1523,1503,693,680
  South America,   State of Palestine*,592,568,368,358,224,210
  South America,   Syrian Arab Republic,20249,24041,12088,14143,8161,9898
  South America,   Turkey,1280,1357,741,801,539,556
  South America,   United Arab Emirates,39,40,39,40,0,0
  South America,   Yemen,0,0,0,0,0,0
  South America,   Belarus,320,322,154,157,166,165
  South America,   Bulgaria,1004,1085,509,574,495,511
  South America,   Czechia,3150,3283,1491,1591,1659,1692
  South America,   Hungary,3935,4096,1866,1981,2069,2115
  South America,   Poland,15066,15938,6952,7495,8114,8443
  South America,   Republic of Moldova*,465,467,217,220,248,247
  South America,   Romania,5118,5536,2298,2548,2820,2988
  South America,   Russian Federation,7261,8064,2931,3380,4330,4684
  South America,   Slovakia,342,362,164,184,178,178
  South America,   Ukraine*,6237,6577,2903,3091,3334,3486
  South America,   Channel Islands*,0,0,0,0,0,0
  South America,   Denmark*,1505,1776,911,1085,594,691
  South America,   Estonia,338,361,104,120,234,241
  South America,   Faroe Islands*,0,0,0,0,0,0
  South America,   Finland*,986,1099,475,554,511,545
  South America,   Iceland,590,648,389,437,201,211
  South America,   Ireland,819,1031,498,630,321,401
  South America,   Isle of Man*,3,2,3,2,0,0
  South America,   Latvia,430,435,148,152,282,283
  South America,   Lithuania,1288,1340,394,419,894,921
  South America,   Norway*,1259,1418,799,917,460,501
  South America,   Sweden,1990,2340,1152,1381,838,959
  South America,   United Kingdom*,17796,21356,10092,12341,7704,9015
  South America,   Albania,158,157,86,91,72,66
  South America,   Andorra,13,14,13,14,0,0
  South America,   Bosnia and Herzegovina,116,118,57,61,59,57
  South America,   Croatia,2277,2400,1139,1233,1138,1167
  South America,   Gibraltar*,14,14,5,5,9,9
  South America,   Greece,3711,3884,2093,2221,1618,1663
  South America,   Holy See*,0,0,0,0,0,0
  South America,   Italy,278749,280286,141709,143438,137040,136848
  South America,   Malta,62,79,59,77,3,2
  South America,   Montenegro,301,284,146,137,155,147
  South America,   North Macedonia,1549,1579,729,752,820,827
  South America,   Portugal,222035,233217,115573,122824,106462,110393
  South America,   San Marino,57,59,14,15,43,44
  South America,   Serbia*,1359,1353,592,588,767,765
  South America,   Slovenia,1159,1197,599,629,560,568
  South America,   Spain*,280947,301077,139152,150994,141795,150083
  South America,   Austria,5489,5895,2593,2866,2896,3029
  South America,   Belgium,4960,5752,2959,3484,2001,2268
  South America,   France*,64587,72243,35408,39691,29179,32552
  South America,   Germany,65460,63678,34906,34384,30554,29294
  South America,   Liechtenstein,97,98,70,71,27,27
  South America,   Luxembourg,181,196,89,102,92,94
  South America,   Monaco,158,170,55,63,103,107
  South America,   Netherlands*,10498,11948,6464,7426,4034,4522
  South America,   Switzerland,9064,10256,5700,6524,3364,3732
  South America,   Anguilla*,0,0,0,0,0,0
  South America,   Antigua and Barbuda,9,9,4,4,5,5
  South America,   Aruba*,490,460,201,185,289,275
  South America,   Bahamas,74,77,38,43,36,34
  South America,   Barbados,197,204,98,103,99,101
  South America,"   Bonaire, Sint Eustatius and Saba*",72,68,34,33,38,35
  South America,   British Virgin Islands*,0,0,0,0,0,0
  South America,   Cayman Islands*,0,0,0,0,0,0
  South America,   Cuba,24838,61417,13327,34779,11511,26638
  South America,   Curaçao*,886,862,421,406,465,456
  South America,   Dominica,471,524,133,149,338,375
  South America,   Dominican Republic,17981,54232,6827,20901,11154,33331
  South America,   Grenada,312,307,141,140,171,167
  South America,   Guadeloupe*,2021,2271,1039,1168,982,1103
  South America,   Haiti,61642,293827,32900,171416,28742,122411
  South America,   Jamaica,479,493,305,321,174,172
  South America,   Martinique*,2697,3022,1312,1472,1385,1550
  South America,   Montserrat*,0,0,0,0,0,0
  South America,   Puerto Rico*,1172,1290,563,651,609,639
  South America,   Saint Barthélemy*,0,0,0,0,0,0
  South America,   Saint Kitts and Nevis,36,38,31,33,5,5
  South America,   Saint Lucia,1083,1197,474,529,609,668
  South America,   Saint Martin (French part)*,0,0,0,0,0,0
  South America,   Saint Vincent and the Grenadines,384,406,197,206,187,200
  South America,   Sint Maarten (Dutch part)*,305,293,145,139,160,154
  South America,   Trinidad and Tobago,3608,3487,1742,1675,1866,1812
  South America,   Turks and Caicos Islands*,0,0,0,0,0,0
  South America,   United States Virgin Islands*,0,0,0,0,0,0
  South America,   Belize,938,1036,467,517,471,519
  South America,   Costa Rica,4572,5330,2212,2687,2360,2643
  South America,   El Salvador,2701,2988,1349,1537,1352,1451
  South America,   Guatemala,2265,2639,1151,1399,1114,1240
  South America,   Honduras,1900,2248,889,1073,1011,1175
  South America,   Mexico,35045,46160,17785,23322,17260,22838
  South America,   Nicaragua,3233,3317,1503,1556,1730,1761
  South America,   Panama,5646,6545,2911,3466,2735,3079
  South America,   Argentina,251968,306242,130780,158087,121188,148155
  South America,   Bolivia (Plurinational State of),539885,635043,269626,311949,270259,323094
  South America,   Brazil,225982,253696,112281,126430,113701,127266
  South America,   Chile,278910,292722,134364,143225,144546,149497
  South America,   Colombia,1268849,1329616,616604,647056,652245,682560
  South America,   Ecuador,86351,113372,42744,56014,43607,57358
  South America,   Falkland Islands (Malvinas)*,52,54,26,31,26,23
  South America,   French Guiana*,893,985,514,576,379,409
  South America,   Guyana,27126,28551,13824,14593,13302,13958
  South America,   Paraguay,734874,749084,327767,336586,407107,412498
  South America,   Peru,441574,534230,206927,259181,234647,275049
  South America,   Suriname,26141,29172,12473,13912,13668,15260
  South America,   Uruguay,177996,181532,86708,89359,91288,92173
  South America,   Venezuela (Bolivarian Republic of),130842,4103204,65639,2035335,65203,2067869
  South America,   Bermuda*,0,0,0,0,0,0
  South America,   Canada,14473,18109,8434,10991,6039,7118
  South America,   Greenland*,15,15,3,3,12,12
  South America,   Saint Pierre and Miquelon*,0,0,0,0,0,0
  South America,   United States of America*,124725,154000,66445,85926,58280,68074
  South America,   Australia*,2357,2973,1443,1838,914,1135
  South America,   New Zealand*,647,764,410,490,237,274
  South America,   Fiji,1,1,0,0,1,1
  South America,   New Caledonia*,0,0,0,0,0,0
  South America,   Papua New Guinea,2,1,2,1,0,0
  South America,   Solomon Islands,2,1,0,0,2,1
  South America,   Vanuatu,8,8,8,8,0,0
  South America,   Guam*,0,0,0,0,0,0
  South America,   Kiribati,100,108,63,70,37,38
  South America,   Marshall Islands,0,0,0,0,0,0
  South America,   Micronesia (Fed. States of),4,4,0,0,4,4
  South America,   Nauru,0,0,0,0,0,0
  South America,   Northern Mariana Islands*,0,0,0,0,0,0
  South America,   Palau,24,25,14,15,10,10
  South America,   American Samoa*,0,0,0,0,0,0
  South America,   Cook Islands*,0,0,0,0,0,0
  South America,   French Polynesia*,0,0,0,0,0,0
  South America,   Niue*,2,1,0,0,2,1
  South America,   Samoa,0,0,0,0,0,0
  South America,   Tokelau*,0,0,0,0,0,0
  South America,   Tonga,0,0,0,0,0,0
  South America,   Tuvalu,4,4,2,2,2,2
  South America,   Wallis and Futuna Islands*,0,0,0,0,0,0
   Argentina,WORLD,2086301,2281728,960310,1062533,1125991,1219195
   Argentina,  Sub-Saharan Africa,319,317,139,139,180,178
   Argentina,  Northern Africa and Western Asia,4576,4606,2371,2403,2205,2203
   Argentina,  Central and Southern Asia,250,250,128,130,122,120
   Argentina,  Eastern and South-Eastern Asia,27483,27744,14165,14385,13318,13359
   Argentina,  Latin America and the Caribbean,1702952,1894713,787263,887174,915689,1007539
   Argentina,  Oceania (excluding Australia and New Zealand),17,17,10,10,7,7
   Argentina,  Australia and New Zealand,286,287,154,156,132,131
   Argentina,  Europe and Northern America,306262,309218,134779,137168,171483,172050
   Argentina,  Developed regions,311001,314001,137065,139492,173936,174509
   Argentina,  Less developed regions,1731144,1923151,801944,902073,929200,1021078
   Argentina," Less developed regions, excluding least developed countries",1730685,1922693,801694,901823,928991,1020870
   Argentina," Less developed regions, excluding China",1716743,1908610,794231,894242,922512,1014368
   Argentina,  Least developed countries,459,458,250,250,209,208
   Argentina,  Land-locked Developing Countries (LLDC),1100938,1111717,510974,519666,589964,592051
   Argentina,  Small island developing States (SIDS),2040,2054,909,922,1131,1132
   Argentina,  High-income countries,657102,663473,298456,303615,358646,359858
   Argentina,  Middle-income countries,1383780,1572408,639884,737274,743896,835134
   Argentina, Upper-middle-income countries,958423,1142917,429285,523275,529138,619642
   Argentina, Lower-middle-income countries,425357,429491,210599,213999,214758,215492
   Argentina,  Low-income countries,1263,1271,669,676,594,595
   Argentina, AFRICA,977,975,503,506,474,469
   Argentina,  Eastern Africa,59,58,22,21,37,37
   Argentina,  Middle Africa,51,50,25,24,26,26
   Argentina,  Northern Africa,658,658,364,367,294,291
   Argentina,  Southern Africa,128,129,64,66,64,63
   Argentina,  Western Africa,81,80,28,28,53,52
   Argentina, ASIA,31651,31942,16300,16551,15351,15391
   Argentina,  Central Asia,0,0,0,0,0,0
   Argentina,  Eastern Asia,27022,27283,13928,14146,13094,13137
   Argentina,  South-Eastern Asia,461,461,237,239,224,222
   Argentina,  Southern Asia,250,250,128,130,122,120
   Argentina,  Western Asia,3918,3948,2007,2036,1911,1912
   Argentina, EUROPE,300582,303484,131706,134047,168876,169437
   Argentina,  Eastern Europe,18349,18522,8415,8561,9934,9961
   Argentina,  Northern Europe,2157,2170,1019,1036,1138,1134
   Argentina,  Southern Europe,259750,262277,112404,114423,147346,147854
   Argentina,  Western Europe,20326,20515,9868,10027,10458,10488
   Argentina, LATIN AMERICA AND THE CARIBBEAN,1702952,1894713,787263,887174,915689,1007539
   Argentina,  Caribbean,1974,1988,880,893,1094,1095
   Argentina,  Central America,2066,2081,1081,1099,985,982
   Argentina,  South America,1698912,1890644,785302,885182,913610,1005462
   Argentina, NORTHERN AMERICA,5680,5734,3073,3121,2607,2613
   Argentina, OCEANIA ,303,304,164,166,139,138
   Argentina,  Australia and New Zealand,286,287,154,156,132,131
   Argentina,  Melanesia,9,9,8,8,1,1
   Argentina,  Micronesia,4,4,0,0,4,4
   Argentina,  Polynesia*,4,4,2,2,2,2
   Argentina,   Afghanistan,9,9,2,2,7,7
   Argentina,   Albania,66,66,39,39,27,27
   Argentina,   Algeria,104,103,64,64,40,39
   Argentina,   Andorra,1,1,1,1,0,0
   Argentina,   Angola,9,9,3,3,6,6
   Argentina,   Australia*,275,276,148,150,127,126
   Argentina,   Austria,1022,1030,471,478,551,552
   Argentina,   Bahrain,12,12,8,8,4,4
   Argentina,   Armenia,561,565,292,296,269,269
   Argentina,   Barbados,7,7,1,1,6,6
   Argentina,   Belgium,537,541,267,271,270,270
   Argentina,   Bolivia (Plurinational State of),419048,423136,207475,210826,211573,212310
   Argentina,   Brazil,48792,49267,20566,20943,28226,28324
   Argentina,   Belize,6,6,1,1,5,5
   Argentina,   Brunei Darussalam,1,1,1,1,0,0
   Argentina,   Bulgaria,295,298,138,140,157,158
   Argentina,   Myanmar,9,9,9,9,0,0
   Argentina,   Belarus,304,307,141,144,163,163
   Argentina,   Cambodia,20,20,14,14,6,6
   Argentina,   Canada,530,535,273,279,257,256
   Argentina,   Cabo Verde,24,24,10,10,14,14
   Argentina,   Sri Lanka,2,2,2,2,0,0
   Argentina,   Chile,213119,215198,98228,99908,114891,115290
   Argentina,   China*,14397,14537,7709,7827,6688,6710
   Argentina,   Colombia,8640,8723,4333,4403,4307,4320
   Argentina,   Congo,42,41,22,21,20,20
   Argentina,   Costa Rica,123,124,68,69,55,55
   Argentina,   Croatia,986,995,502,509,484,486
   Argentina,   Cuba,1106,1116,595,604,511,512
   Argentina,   Cyprus*,47,46,23,22,24,24
   Argentina,   Czechia,1793,1810,721,735,1072,1075
   Argentina,   Denmark*,245,247,119,122,126,125
   Argentina,   Dominica,4,4,0,0,4,4
   Argentina,   Dominican Republic,684,689,185,189,499,500
   Argentina,   Ecuador,955,963,479,486,476,477
   Argentina,   El Salvador,73,74,37,39,36,35
   Argentina,   Ethiopia,32,31,15,14,17,17
   Argentina,   Estonia,49,48,18,18,31,30
   Argentina,   Fiji,1,1,0,0,1,1
   Argentina,   Finland*,70,71,22,24,48,47
   Argentina,   France*,8160,8239,4118,4185,4042,4054
   Argentina,   Germany,9242,9332,4293,4366,4949,4966
   Argentina,   Gibraltar*,14,14,5,5,9,9
   Argentina,   Greece,1017,1025,507,514,510,511
   Argentina,   Greenland*,15,15,3,3,12,12
   Argentina,   Grenada,11,11,1,1,10,10
   Argentina,   Guatemala,96,96,48,49,48,47
   Argentina,   Guinea,1,1,0,0,1,1
   Argentina,   Haiti,41,40,30,29,11,11
   Argentina,   Honduras,66,66,32,33,34,33
   Argentina,"   China, Hong Kong SAR*",4,4,4,4,0,0
   Argentina,   Hungary,816,822,376,382,440,440
   Argentina,   Iceland,8,8,1,1,7,7
   Argentina,   India,97,97,45,46,52,51
   Argentina,   Indonesia,21,21,7,7,14,14
   Argentina,   Iran (Islamic Republic of),137,137,74,75,63,62
   Argentina,   Iraq,37,36,17,16,20,20
   Argentina,   Ireland,64,64,35,36,29,28
   Argentina,   Israel,557,562,288,293,269,269
   Argentina,   Italy,152338,153824,65756,66941,86582,86883
   Argentina,   Côte d'Ivoire,1,1,1,1,0,0
   Argentina,   Jamaica,11,11,11,11,0,0
   Argentina,   Japan,4453,4496,2132,2168,2321,2328
   Argentina,   Jordan,73,74,49,50,24,24
   Argentina,   Kenya,2,2,0,0,2,2
   Argentina,   Dem. People's Republic of Korea,14,14,14,14,0,0
   Argentina,   Republic of Korea,8154,8232,4069,4133,4085,4099
   Argentina,   Lao People's Democratic Republic,283,284,149,151,134,133
   Argentina,   Lebanon,791,797,364,369,427,428
   Argentina,   Latvia,124,125,47,48,77,77
   Argentina,   Libya,51,50,33,32,18,18
   Argentina,   Liechtenstein,78,78,51,51,27,27
   Argentina,   Lithuania,392,394,155,157,237,237
   Argentina,   Luxembourg,96,96,29,30,67,66
   Argentina,   Madagascar,7,7,2,2,5,5
   Argentina,   Malaysia*,2,2,0,0,2,2
   Argentina,   Malta,2,2,0,0,2,2
   Argentina,   Mexico,1450,1463,754,765,696,698
   Argentina,   Monaco,10,10,1,1,9,9
   Argentina,   Republic of Moldova*,456,459,211,214,245,245
   Argentina,   Morocco,212,213,93,95,119,118
   Argentina,   Mozambique,11,11,1,1,10,10
   Argentina,   Namibia,2,2,2,2,0,0
   Argentina,   Netherlands*,387,389,217,219,170,170
   Argentina,   Aruba*,1,1,0,0,1,1
   Argentina,   Vanuatu,8,8,8,8,0,0
   Argentina,   New Zealand*,11,11,6,6,5,5
   Argentina,   Nicaragua,91,91,48,49,43,42
   Argentina,   Niger,1,1,1,1,0,0
   Argentina,   Nigeria,43,42,14,14,29,28
   Argentina,   Norway*,58,57,45,44,13,13
   Argentina,   Micronesia (Fed. States of),4,4,0,0,4,4
   Argentina,   Pakistan,5,5,5,5,0,0
   Argentina,   Panama,161,161,93,94,68,67
   Argentina,   Paraguay,679044,685714,302136,307457,376908,378257
   Argentina,   Peru,195320,197226,88634,90168,106686,107058
   Argentina,   Philippines,58,57,21,21,37,36
   Argentina,   Poland,7315,7386,3266,3325,4049,4061
   Argentina,   Portugal,4961,5008,2569,2610,2392,2398
   Argentina,   Puerto Rico*,75,76,34,36,41,40
   Argentina,   Romania,1078,1087,504,512,574,575
   Argentina,   Russian Federation,1884,1902,893,908,991,994
   Argentina,   San Marino,16,16,14,14,2,2
   Argentina,   Saudi Arabia,80,80,51,52,29,28
   Argentina,   Singapore,2,2,0,0,2,2
   Argentina,   Viet Nam,5,5,3,3,2,2
   Argentina,   Slovenia,810,817,407,414,403,403
   Argentina,   Somalia,2,2,2,2,0,0
   Argentina,   South Africa,126,127,62,64,64,63
   Argentina,   Zimbabwe,2,2,0,0,2,2
   Argentina,   Spain*,98050,99006,41914,42674,56136,56332
   Argentina,   Sudan,8,8,8,8,0,0
   Argentina,   Suriname,5,5,0,0,5,5
   Argentina,   Sweden,204,205,106,108,98,97
   Argentina,   Switzerland,794,800,421,426,373,374
   Argentina,   Syrian Arab Republic,1125,1135,592,601,533,534
   Argentina,   Thailand,60,60,33,33,27,27
   Argentina,   Trinidad and Tobago,34,33,23,22,11,11
   Argentina,   Tunisia,45,44,31,30,14,14
   Argentina,   Turkey,635,641,323,329,312,312
   Argentina,   Tuvalu,4,4,2,2,2,2
   Argentina,   Uganda,1,1,0,0,1,1
   Argentina,   Ukraine*,4408,4451,2165,2201,2243,2250
   Argentina,   North Macedonia,1489,1503,690,702,799,801
   Argentina,   Egypt,238,240,135,138,103,102
   Argentina,   United Kingdom*,943,951,471,478,472,473
   Argentina,   United Republic of Tanzania*,1,1,1,1,0,0
   Argentina,   United States of America*,5135,5184,2797,2839,2338,2345
   Argentina,   Burkina Faso,11,11,2,2,9,9
   Argentina,   Uruguay,132749,134043,62845,63897,69904,70146
   Argentina,   Venezuela (Bolivarian Republic of),1240,176369,606,87094,634,89275
   Argentina,   Zambia,1,1,1,1,0,0
   Argentina,Other,44156,44576,21301,20968,22855,23608
   Bolivia (Plurinational State of),WORLD,143008,164121,74949,85961,68059,78160
   Bolivia (Plurinational State of),  Sub-Saharan Africa,366,362,192,203,174,159
   Bolivia (Plurinational State of),  Northern Africa and Western Asia,400,411,245,264,155,147
   Bolivia (Plurinational State of),  Central and Southern Asia,274,286,180,195,94,91
   Bolivia (Plurinational State of),  Eastern and South-Eastern Asia,3404,3769,1872,2078,1532,1691
   Bolivia (Plurinational State of),  Latin America and the Caribbean,107454,124518,56064,64972,51390,59546
   Bolivia (Plurinational State of),  Oceania (excluding Australia and New Zealand),6,3,2,1,4,2
   Bolivia (Plurinational State of),  Australia and New Zealand,294,323,162,180,132,143
   Bolivia (Plurinational State of),  Europe and Northern America,27471,30517,14421,16028,13050,14489
   Bolivia (Plurinational State of),  Developed regions,29426,32688,15434,17154,13992,15534
   Bolivia (Plurinational State of),  Less developed regions,110243,127501,57704,66767,52539,60734
   Bolivia (Plurinational State of)," Less developed regions, excluding least developed countries",110038,127312,57571,66631,52467,60681
   Bolivia (Plurinational State of)," Less developed regions, excluding China",109112,126245,57000,65984,52112,60261
   Bolivia (Plurinational State of),  Least developed countries,205,189,133,136,72,53
   Bolivia (Plurinational State of),  Land-locked Developing Countries (LLDC),4453,4930,2302,2555,2151,2375
   Bolivia (Plurinational State of),  Small island developing States (SIDS),3230,3568,1621,1799,1609,1769
   Bolivia (Plurinational State of),  High-income countries,35226,39138,18569,20640,16657,18498
   Bolivia (Plurinational State of),  Middle-income countries,104264,120886,54461,63172,49803,57714
   Bolivia (Plurinational State of), Upper-middle-income countries,103120,119673,53892,62549,49228,57124
   Bolivia (Plurinational State of), Lower-middle-income countries,1144,1213,569,623,575,590
   Bolivia (Plurinational State of),  Low-income countries,154,142,96,97,58,45
   Bolivia (Plurinational State of), AFRICA,426,419,226,237,200,182
   Bolivia (Plurinational State of),  Eastern Africa,55,46,18,18,37,28
   Bolivia (Plurinational State of),  Middle Africa,98,100,73,79,25,21
   Bolivia (Plurinational State of),  Northern Africa,60,57,34,34,26,23
   Bolivia (Plurinational State of),  Southern Africa,18,18,9,10,9,8
   Bolivia (Plurinational State of),  Western Africa,195,198,92,96,103,102
   Bolivia (Plurinational State of), ASIA,4018,4409,2263,2503,1755,1906
   Bolivia (Plurinational State of),  Central Asia,38,36,15,16,23,20
   Bolivia (Plurinational State of),  Eastern Asia,3311,3676,1829,2032,1482,1644
   Bolivia (Plurinational State of),  South-Eastern Asia,93,93,43,46,50,47
   Bolivia (Plurinational State of),  Southern Asia,236,250,165,179,71,71
   Bolivia (Plurinational State of),  Western Asia,340,354,211,230,129,124
   Bolivia (Plurinational State of), EUROPE,21193,23528,11219,12467,9974,11061
   Bolivia (Plurinational State of),  Eastern Europe,878,958,373,415,505,543
   Bolivia (Plurinational State of),  Northern Europe,1546,1701,789,872,757,829
   Bolivia (Plurinational State of),  Southern Europe,13920,15482,7498,8333,6422,7149
   Bolivia (Plurinational State of),  Western Europe,4849,5387,2559,2847,2290,2540
   Bolivia (Plurinational State of), LATIN AMERICA AND THE CARIBBEAN,107454,124518,56064,64972,51390,59546
   Bolivia (Plurinational State of),  Caribbean,2202,2432,1122,1248,1080,1184
   Bolivia (Plurinational State of),  Central America,11302,12574,5544,6167,5758,6407
   Bolivia (Plurinational State of),  South America,93950,109512,49398,57557,44552,51955
   Bolivia (Plurinational State of), NORTHERN AMERICA,6278,6989,3202,3561,3076,3428
   Bolivia (Plurinational State of), OCEANIA ,300,326,164,181,136,145
   Bolivia (Plurinational State of),  Australia and New Zealand,294,323,162,180,132,143
   Bolivia (Plurinational State of),  Melanesia,4,2,2,1,2,1
   Bolivia (Plurinational State of),  Micronesia,0,0,0,0,0,0
   Bolivia (Plurinational State of),  Polynesia*,2,1,0,0,2,1
   Bolivia (Plurinational State of),   Afghanistan,2,1,2,1,0,0
   Bolivia (Plurinational State of),   Albania,2,1,0,0,2,1
   Bolivia (Plurinational State of),   Algeria,4,3,2,2,2,1
   Bolivia (Plurinational State of),   Andorra,0,0,0,0,0,0
   Bolivia (Plurinational State of),   Angola,7,6,5,5,2,1
   Bolivia (Plurinational State of),   Antigua and Barbuda,0,0,0,0,0,0
   Bolivia (Plurinational State of),   Azerbaijan*,2,1,0,0,2,1
   Bolivia (Plurinational State of),   Argentina,42697,47601,21804,24260,20893,23341
   Bolivia (Plurinational State of),   Australia*,229,253,126,140,103,113
   Bolivia (Plurinational State of),   Austria,160,176,72,81,88,95
   Bolivia (Plurinational State of),   Bahamas,0,0,0,0,0,0
   Bolivia (Plurinational State of),   Bahrain,0,0,0,0,0,0
   Bolivia (Plurinational State of),   Bangladesh,29,30,27,29,2,1
   Bolivia (Plurinational State of),   Armenia,6,5,3,3,3,2
   Bolivia (Plurinational State of),   Barbados,0,0,0,0,0,0
   Bolivia (Plurinational State of),   Belgium,378,419,204,228,174,191
   Bolivia (Plurinational State of),   Bermuda*,0,0,0,0,0,0
   Bolivia (Plurinational State of),   Bosnia and Herzegovina,11,10,8,8,3,2
   Bolivia (Plurinational State of),   Brazil,25692,28612,13393,14893,12299,13719
   Bolivia (Plurinational State of),   Belize,906,1007,456,506,450,501
   Bolivia (Plurinational State of),   Solomon Islands,2,1,0,0,2,1
   Bolivia (Plurinational State of),   Bulgaria,25,26,12,13,13,13
   Bolivia (Plurinational State of),   Myanmar,0,0,0,0,0,0
   Bolivia (Plurinational State of),   Burundi,0,0,0,0,0,0
   Bolivia (Plurinational State of),   Belarus,6,5,3,3,3,2
   Bolivia (Plurinational State of),   Cameroon,13,13,11,12,2,1
   Bolivia (Plurinational State of),   Canada,1381,1536,651,724,730,812
   Bolivia (Plurinational State of),   Cabo Verde,129,141,45,50,84,91
   Bolivia (Plurinational State of),   Central African Republic,66,71,51,56,15,15
   Bolivia (Plurinational State of),   Sri Lanka,3,2,3,2,0,0
   Bolivia (Plurinational State of),   Chad,0,0,0,0,0,0
   Bolivia (Plurinational State of),   Chile,4731,5268,2474,2752,2257,2516
   Bolivia (Plurinational State of),   China*,1128,1254,703,782,425,472
   Bolivia (Plurinational State of),   Colombia,2965,3301,1723,1918,1242,1383
   Bolivia (Plurinational State of),   Congo,8,7,5,5,3,2
   Bolivia (Plurinational State of),   Democratic Republic of the Congo,4,3,1,1,3,2
   Bolivia (Plurinational State of),   Costa Rica,147,162,75,84,72,78
   Bolivia (Plurinational State of),   Croatia,39,41,23,25,16,16
   Bolivia (Plurinational State of),   Cuba,1771,1971,900,1002,871,969
   Bolivia (Plurinational State of),   Cyprus*,3,2,0,0,3,2
   Bolivia (Plurinational State of),   Czechia,53,57,18,20,35,37
   Bolivia (Plurinational State of),   Benin,2,1,0,0,2,1
   Bolivia (Plurinational State of),   Denmark*,108,118,46,50,62,68
   Bolivia (Plurinational State of),   Dominica,4,3,2,2,2,1
   Bolivia (Plurinational State of),   Dominican Republic,117,128,62,69,55,59
   Bolivia (Plurinational State of),   Ecuador,1003,1115,554,615,449,500
   Bolivia (Plurinational State of),   El Salvador,128,140,56,62,72,78
   Bolivia (Plurinational State of),   Ethiopia,3,2,3,2,0,0
   Bolivia (Plurinational State of),   Eritrea,0,0,0,0,0,0
   Bolivia (Plurinational State of),   Estonia,7,6,1,1,6,5
   Bolivia (Plurinational State of),   Fiji,0,0,0,0,0,0
   Bolivia (Plurinational State of),   Finland*,41,43,20,22,21,21
   Bolivia (Plurinational State of),   France*,1238,1377,719,800,519,577
   Bolivia (Plurinational State of),   French Guiana*,2,1,2,1,0,0
   Bolivia (Plurinational State of),   Gabon,0,0,0,0,0,0
   Bolivia (Plurinational State of),   Georgia*,3,2,1,1,2,1
   Bolivia (Plurinational State of),   State of Palestine*,14,14,10,11,4,3
   Bolivia (Plurinational State of),   Germany,2023,2251,1007,1119,1016,1132
   Bolivia (Plurinational State of),   Ghana,15,15,12,13,3,2
   Bolivia (Plurinational State of),   Gibraltar*,0,0,0,0,0,0
   Bolivia (Plurinational State of),   Greece,27,28,19,21,8,7
   Bolivia (Plurinational State of),   Grenada,0,0,0,0,0,0
   Bolivia (Plurinational State of),   Guatemala,143,158,79,89,64,69
   Bolivia (Plurinational State of),   Guinea,10,9,7,7,3,2
   Bolivia (Plurinational State of),   Guyana,6,5,4,4,2,1
   Bolivia (Plurinational State of),   Haiti,16,16,10,11,6,5
   Bolivia (Plurinational State of),   Honduras,232,257,116,130,116,127
   Bolivia (Plurinational State of),"   China, Hong Kong SAR*",3,2,1,1,2,1
   Bolivia (Plurinational State of),   Hungary,28,29,14,15,14,14
   Bolivia (Plurinational State of),   Iceland,3,2,1,1,2,1
   Bolivia (Plurinational State of),   India,108,118,73,81,35,37
   Bolivia (Plurinational State of),   Indonesia,11,10,4,4,7,6
   Bolivia (Plurinational State of),   Iran (Islamic Republic of),63,68,39,43,24,25
   Bolivia (Plurinational State of),   Iraq,11,10,8,8,3,2
   Bolivia (Plurinational State of),   Ireland,78,85,43,48,35,37
   Bolivia (Plurinational State of),   Israel,183,201,106,118,77,83
   Bolivia (Plurinational State of),   Italy,1428,1588,826,918,602,670
   Bolivia (Plurinational State of),   Côte d'Ivoire,4,3,1,1,3,2
   Bolivia (Plurinational State of),   Jamaica,8,7,5,5,3,2
   Bolivia (Plurinational State of),   Japan,1661,1848,851,946,810,902
   Bolivia (Plurinational State of),   Kazakhstan,24,25,9,10,15,15
   Bolivia (Plurinational State of),   Jordan,17,17,14,15,3,2
   Bolivia (Plurinational State of),   Kenya,15,15,5,6,10,9
   Bolivia (Plurinational State of),   Dem. People's Republic of Korea,11,10,7,7,4,3
   Bolivia (Plurinational State of),   Republic of Korea,506,561,267,296,239,265
   Bolivia (Plurinational State of),   Kuwait,6,5,4,4,2,1
   Bolivia (Plurinational State of),   Kyrgyzstan,6,5,3,3,3,2
   Bolivia (Plurinational State of),   Lao People's Democratic Republic,0,0,0,0,0,0
   Bolivia (Plurinational State of),   Lebanon,38,40,29,32,9,8
   Bolivia (Plurinational State of),   Lesotho,0,0,0,0,0,0
   Bolivia (Plurinational State of),   Latvia,0,0,0,0,0,0
   Bolivia (Plurinational State of),   Liberia,3,2,1,1,2,1
   Bolivia (Plurinational State of),   Libya,4,3,1,1,3,2
   Bolivia (Plurinational State of),   Liechtenstein,0,0,0,0,0,0
   Bolivia (Plurinational State of),   Lithuania,10,9,2,2,8,7
   Bolivia (Plurinational State of),   Luxembourg,7,6,5,5,2,1
   Bolivia (Plurinational State of),   Madagascar,6,5,3,3,3,2
   Bolivia (Plurinational State of),   Malawi,8,7,0,0,8,7
   Bolivia (Plurinational State of),   Malaysia*,9,8,5,5,4,3
   Bolivia (Plurinational State of),   Mali,2,1,0,0,2,1
   Bolivia (Plurinational State of),   Malta,6,5,6,5,0,0
   Bolivia (Plurinational State of),   Mauritania,2,1,0,0,2,1
   Bolivia (Plurinational State of),   Mexico,9524,10606,4655,5176,4869,5430
   Bolivia (Plurinational State of),   Monaco,0,0,0,0,0,0
   Bolivia (Plurinational State of),   Mongolia,2,1,0,0,2,1
   Bolivia (Plurinational State of),   Republic of Moldova*,9,8,6,6,3,2
   Bolivia (Plurinational State of),   Montenegro,3,2,3,2,0,0
   Bolivia (Plurinational State of),   Morocco,25,26,11,12,14,14
   Bolivia (Plurinational State of),   Mozambique,4,3,2,2,2,1
   Bolivia (Plurinational State of),   Oman,0,0,0,0,0,0
   Bolivia (Plurinational State of),   Nepal,7,6,3,3,4,3
   Bolivia (Plurinational State of),   Netherlands*,383,425,205,228,178,197
   Bolivia (Plurinational State of),   Curaçao*,168,185,85,95,83,90
   Bolivia (Plurinational State of),   Aruba*,3,2,1,1,2,1
   Bolivia (Plurinational State of),   Sint Maarten (Dutch part)*,49,53,25,28,24,25
   Bolivia (Plurinational State of),"   Bonaire, Sint Eustatius and Saba*",21,21,10,11,11,10
   Bolivia (Plurinational State of),   New Caledonia*,0,0,0,0,0,0
   Bolivia (Plurinational State of),   Vanuatu,0,0,0,0,0,0
   Bolivia (Plurinational State of),   New Zealand*,65,70,36,40,29,30
   Bolivia (Plurinational State of),   Nicaragua,112,123,49,55,63,68
   Bolivia (Plurinational State of),   Niger,0,0,0,0,0,0
   Bolivia (Plurinational State of),   Nigeria,14,14,14,14,0,0
   Bolivia (Plurinational State of),   Niue*,2,1,0,0,2,1
   Bolivia (Plurinational State of),   Norway*,98,107,46,51,52,56
   Bolivia (Plurinational State of),   Pakistan,24,25,18,20,6,5
   Bolivia (Plurinational State of),   Panama,110,121,58,65,52,56
   Bolivia (Plurinational State of),   Papua New Guinea,2,1,2,1,0,0
   Bolivia (Plurinational State of),   Paraguay,4286,4772,2206,2454,2080,2318
   Bolivia (Plurinational State of),   Peru,11284,12565,6520,7251,4764,5314
   Bolivia (Plurinational State of),   Philippines,48,52,20,23,28,29
   Bolivia (Plurinational State of),   Poland,219,243,110,124,109,119
   Bolivia (Plurinational State of),   Portugal,176,195,110,124,66,71
   Bolivia (Plurinational State of),   Puerto Rico*,39,41,19,21,20,20
   Bolivia (Plurinational State of),   Qatar,2,1,2,1,0,0
   Bolivia (Plurinational State of),   Romania,73,79,30,34,43,45
   Bolivia (Plurinational State of),   Russian Federation,329,364,135,150,194,214
   Bolivia (Plurinational State of),   Rwanda,2,1,0,0,2,1
   Bolivia (Plurinational State of),   Saint Kitts and Nevis,0,0,0,0,0,0
   Bolivia (Plurinational State of),   Saudi Arabia,14,14,10,11,4,3
   Bolivia (Plurinational State of),   Senegal,9,8,7,7,2,1
   Bolivia (Plurinational State of),   Serbia*,22,22,16,17,6,5
   Bolivia (Plurinational State of),   Sierra Leone,3,2,3,2,0,0
   Bolivia (Plurinational State of),   Singapore,2,1,2,1,0,0
   Bolivia (Plurinational State of),   Slovakia,21,21,15,16,6,5
   Bolivia (Plurinational State of),   Viet Nam,13,13,10,11,3,2
   Bolivia (Plurinational State of),   Slovenia,10,9,6,6,4,3
   Bolivia (Plurinational State of),   Somalia,4,3,0,0,4,3
   Bolivia (Plurinational State of),   South Africa,18,18,9,10,9,8
   Bolivia (Plurinational State of),   Zimbabwe,4,3,2,2,2,1
   Bolivia (Plurinational State of),   Spain*,12183,13568,6471,7196,5712,6372
   Bolivia (Plurinational State of),   Sudan,3,2,3,2,0,0
   Bolivia (Plurinational State of),   Suriname,0,0,0,0,0,0
   Bolivia (Plurinational State of),   Sweden,294,325,149,165,145,160
   Bolivia (Plurinational State of),   Switzerland,660,733,347,386,313,347
   Bolivia (Plurinational State of),   Syrian Arab Republic,3,2,1,1,2,1
   Bolivia (Plurinational State of),   Tajikistan,2,1,0,0,2,1
   Bolivia (Plurinational State of),   Thailand,10,9,2,2,8,7
   Bolivia (Plurinational State of),   Togo,2,1,2,1,0,0
   Bolivia (Plurinational State of),   Tonga,0,0,0,0,0,0
   Bolivia (Plurinational State of),   Trinidad and Tobago,6,5,3,3,3,2
   Bolivia (Plurinational State of),   United Arab Emirates,0,0,0,0,0,0
   Bolivia (Plurinational State of),   Tunisia,2,1,2,1,0,0
   Bolivia (Plurinational State of),   Turkey,38,40,23,25,15,15
   Bolivia (Plurinational State of),   Turkmenistan,0,0,0,0,0,0
   Bolivia (Plurinational State of),   Uganda,0,0,0,0,0,0
   Bolivia (Plurinational State of),   Ukraine*,115,126,30,34,85,92
   Bolivia (Plurinational State of),   North Macedonia,13,13,10,11,3,2
   Bolivia (Plurinational State of),   Egypt,22,22,15,16,7,6
   Bolivia (Plurinational State of),   United Kingdom*,904,1004,478,530,426,474
   Bolivia (Plurinational State of),   Isle of Man*,3,2,3,2,0,0
   Bolivia (Plurinational State of),   United Republic of Tanzania*,6,5,2,2,4,3
   Bolivia (Plurinational State of),   United States of America*,4897,5453,2551,2837,2346,2616
   Bolivia (Plurinational State of),   Uruguay,510,565,301,333,209,232
   Bolivia (Plurinational State of),   Uzbekistan,6,5,3,3,3,2
   Bolivia (Plurinational State of),   Venezuela (Bolivarian Republic of),774,5707,417,3076,357,2631
   Bolivia (Plurinational State of),   Yemen,0,0,0,0,0,0
   Bolivia (Plurinational State of),   Zambia,3,2,1,1,2,1
   Bolivia (Plurinational State of),Other,3339,3932,1811,2040,1528,1892
   Brazil,WORLD,710304,1079708,383457,582881,326847,496827
   Brazil,  Sub-Saharan Africa,24611,33024,15965,22212,8646,10812
   Brazil,  Northern Africa and Western Asia,27740,34399,17015,21195,10725,13204
   Brazil,  Central and Southern Asia,2240,9518,1338,7832,902,1686
   Brazil,  Eastern and South-Eastern Asia,92712,100716,47095,52402,45617,48314
   Brazil,  Latin America and the Caribbean,214621,523386,113631,270124,100990,253262
   Brazil,  Oceania (excluding Australia and New Zealand),124,133,77,85,47,48
   Brazil,  Australia and New Zealand,1009,1093,775,848,234,245
   Brazil,  Europe and Northern America,330629,359233,174835,194210,155794,165023
   Brazil,  Developed regions,388974,422622,204602,227332,184372,195290
   Brazil,  Less developed regions,304712,638880,166129,341576,138583,297304
   Brazil," Less developed regions, excluding least developed countries",286162,577896,154150,309671,132012,268225
   Brazil," Less developed regions, excluding China",282041,614248,153932,328037,128109,286211
   Brazil,  Least developed countries,18550,60984,11979,31905,6571,29079
   Brazil,  Land-locked Developing Countries (LLDC),91898,99827,45328,50507,46570,49320
   Brazil,  Small island developing States (SIDS),9093,55617,4691,23828,4402,31789
   Brazil,  High-income countries,445840,484401,235374,261475,210466,222926
   Brazil,  Middle-income countries,238145,527366,129597,285774,108548,241592
   Brazil, Upper-middle-income countries,166860,438746,89355,231858,77505,206888
   Brazil, Lower-middle-income countries,71285,88620,40242,53916,31043,34704
   Brazil,  Low-income countries,8874,48839,5276,21124,3598,27715
   Brazil, AFRICA,29268,38077,18508,25032,10760,13045
   Brazil,  Eastern Africa,2160,2334,985,1098,1175,1236
   Brazil,  Middle Africa,9966,13027,5548,7781,4418,5246
   Brazil,  Northern Africa,4657,5053,2543,2820,2114,2233
   Brazil,  Southern Africa,1912,2075,1364,1497,548,578
   Brazil,  Western Africa,10573,15588,8068,11836,2505,3752
   Brazil, ASIA,118035,139580,62905,78609,55130,60971
   Brazil,  Central Asia,93,97,16,18,77,79
   Brazil,  Eastern Asia,90201,98001,45979,51164,44222,46837
   Brazil,  South-Eastern Asia,2511,2715,1116,1238,1395,1477
   Brazil,  Southern Asia,2147,9421,1322,7814,825,1607
   Brazil,  Western Asia,23083,29346,14472,18375,8611,10971
   Brazil, EUROPE,308148,334809,164215,182347,143933,152462
   Brazil,  Eastern Europe,11385,12357,5186,5802,6199,6555
   Brazil,  Northern Europe,10260,11134,6028,6664,4232,4470
   Brazil,  Southern Europe,244031,265180,127175,141369,116856,123811
   Brazil,  Western Europe,42472,46138,25826,28512,16646,17626
   Brazil, LATIN AMERICA AND THE CARIBBEAN,214621,523386,113631,270124,100990,253262
   Brazil,  Caribbean,3586,49651,1906,20744,1680,28907
   Brazil,  Central America,5382,5838,3021,3346,2361,2492
   Brazil,  South America,205653,467897,108704,246034,96949,221863
   Brazil, NORTHERN AMERICA,22481,24424,10620,11863,11861,12561
   Brazil, OCEANIA ,1133,1226,852,933,281,293
   Brazil,  Australia and New Zealand,1009,1093,775,848,234,245
   Brazil,  Melanesia,0,0,0,0,0,0
   Brazil,  Micronesia,124,133,77,85,47,48
   Brazil,  Polynesia*,0,0,0,0,0,0
   Brazil,   Afghanistan,68,73,44,48,24,25
   Brazil,   Algeria,215,232,108,120,107,112
   Brazil,   Andorra,12,13,12,13,0,0
   Brazil,   Angola,7533,8184,3840,4273,3693,3911
   Brazil,   Argentina,33971,36910,19662,21754,14309,15156
   Brazil,   Australia*,689,747,519,568,170,179
   Brazil,   Austria,2733,2968,1223,1369,1510,1599
   Brazil,   Bahamas,18,19,6,7,12,12
   Brazil,   Bahrain,31,32,31,32,0,0
   Brazil,   Bangladesh,53,5384,53,5384,0,0
   Brazil,   Armenia,62,65,51,54,11,11
   Brazil,   Barbados,33,35,9,10,24,25
   Brazil,   Belgium,1980,2151,1414,1553,566,598
   Brazil,   Bolivia (Plurinational State of),45364,49289,24156,26825,21208,22464
   Brazil,   Bosnia and Herzegovina,81,86,36,40,45,46
   Brazil,   Belize,6,5,0,0,6,5
   Brazil,   Brunei Darussalam,167,180,11,17,156,163
   Brazil,   Bulgaria,279,301,139,155,140,146
   Brazil,   Myanmar,14,14,7,7,7,7
   Brazil,   Burundi,25,27,25,27,0,0
   Brazil,   Belarus,10,10,10,10,0,0
   Brazil,   Cambodia,33,35,17,19,16,16
   Brazil,   Cameroon,163,175,93,103,70,72
   Brazil,   Canada,1855,2014,1240,1364,615,650
   Brazil,   Cabo Verde,1397,1516,616,690,781,826
   Brazil,   Central African Republic,13,13,3,3,10,10
   Brazil,   Chile,18036,19596,10731,11859,7305,7737
   Brazil,   China*,22671,24632,12197,13539,10474,11093
   Brazil,   Colombia,8008,8700,4002,4458,4006,4242
   Brazil,   Congo,94,99,84,89,10,10
   Brazil,   Democratic Republic of the Congo,1993,4375,1461,3237,532,1138
   Brazil,   Costa Rica,452,490,271,300,181,190
   Brazil,   Croatia,669,726,254,287,415,439
   Brazil,   Cuba,2427,14798,1431,8773,996,6025
   Brazil,   Czechia,522,566,285,316,237,250
   Brazil,   Benin,31,32,21,22,10,10
   Brazil,   Denmark*,577,626,389,429,188,197
   Brazil,   Dominica,25,27,12,14,13,13
   Brazil,   Dominican Republic,365,1274,80,284,285,990
   Brazil,   Ecuador,2022,2195,1016,1131,1006,1064
   Brazil,   El Salvador,267,289,196,214,71,75
   Brazil,   Equatorial Guinea,65,70,16,20,49,50
   Brazil,   Ethiopia,12,13,0,1,12,12
   Brazil,   Estonia,213,231,61,71,152,160
   Brazil,   Finland*,605,655,320,354,285,301
   Brazil,   France*,11172,12138,7026,7747,4146,4391
   Brazil,   French Guiana*,827,896,484,535,343,361
   Brazil,   Gabon,36,38,36,38,0,0
   Brazil,   Georgia*,75,80,24,28,51,52
   Brazil,   Germany,18983,20625,10953,12121,8030,8504
   Brazil,   Ghana,72,2459,49,1708,23,751
   Brazil,   Kiribati,100,108,63,70,37,38
   Brazil,   Greece,1801,1956,998,1107,803,849
   Brazil,   Grenada,31,32,26,27,5,5
   Brazil,   Guatemala,341,369,179,199,162,170
   Brazil,   Guinea,68,73,38,43,30,30
   Brazil,   Guyana,2217,2407,1059,1181,1158,1226
   Brazil,   Haiti,64,32796,21,11274,43,21522
   Brazil,   Honduras,148,160,88,98,60,62
   Brazil,   Hungary,1783,1936,848,947,935,989
   Brazil,   Iceland,564,612,375,413,189,199
   Brazil,   India,1030,1118,664,732,366,386
   Brazil,   Indonesia,851,924,392,440,459,484
   Brazil,   Iran (Islamic Republic of),625,678,328,365,297,313
   Brazil,   Iraq,597,646,381,418,216,228
   Brazil,   Ireland,201,217,158,173,43,44
   Brazil,   Israel,2351,2554,1420,1569,931,985
   Brazil,   Italy,43436,47193,25433,28123,18003,19070
   Brazil,   Côte d'Ivoire,388,421,283,310,105,111
   Brazil,   Jamaica,162,174,137,148,25,26
   Brazil,   Japan,57336,62296,28992,32274,28344,30022
   Brazil,   Kazakhstan,29,30,0,0,29,30
   Brazil,   Jordan,1232,1338,886,973,346,365
   Brazil,   Kenya,53,56,2,4,51,52
   Brazil,   Dem. People's Republic of Korea,169,182,102,113,67,69
   Brazil,   Republic of Korea,10025,10891,4688,5238,5337,5653
   Brazil,   Kuwait,24,25,0,0,24,25
   Brazil,   Lao People's Democratic Republic,6,5,6,5,0,0
   Brazil,   Lebanon,14418,15664,9096,10028,5322,5636
   Brazil,   Latvia,166,179,33,40,133,139
   Brazil,   Liberia,41,43,23,24,18,19
   Brazil,   Libya,112,121,58,66,54,55
   Brazil,   Liechtenstein,19,20,19,20,0,0
   Brazil,   Lithuania,739,801,169,198,570,603
   Brazil,   Luxembourg,63,68,46,50,17,18
   Brazil,   Madagascar,42,44,5,6,37,38
   Brazil,   Malawi,11,11,11,11,0,0
   Brazil,   Malaysia*,142,154,66,75,76,79
   Brazil,   Maldives,11,11,0,0,11,11
   Brazil,   Mali,7,7,7,7,0,0
   Brazil,   Malta,33,35,33,35,0,0
   Brazil,   Mexico,3131,3400,1669,1852,1462,1548
   Brazil,   Monaco,148,160,54,62,94,98
   Brazil,   Montenegro,26,27,12,13,14,14
   Brazil,   Morocco,594,644,365,402,229,242
   Brazil,   Mozambique,1667,1809,721,807,946,1002
   Brazil,   Oman,23,24,13,14,10,10
   Brazil,   Namibia,57,61,46,50,11,11
   Brazil,   Nepal,59,63,59,63,0,0
   Brazil,   Netherlands*,3885,4219,2746,3013,1139,1206
   Brazil,   New Zealand*,320,346,256,280,64,66
   Brazil,   Nicaragua,429,465,224,249,205,216
   Brazil,   Niger,16,17,16,17,0,0
   Brazil,   Nigeria,2181,3505,1620,2606,561,899
   Brazil,   Norway*,671,728,488,535,183,193
   Brazil,   Palau,24,25,14,15,10,10
   Brazil,   Pakistan,301,2094,174,1222,127,872
   Brazil,   Panama,608,660,394,434,214,226
   Brazil,   Paraguay,45874,49842,20766,23247,25108,26595
   Brazil,   Peru,17555,19074,10610,11718,6945,7356
   Brazil,   Philippines,418,452,198,219,220,233
   Brazil,   Poland,4070,4421,1951,2178,2119,2243
   Brazil,   Portugal,161250,175251,80618,89800,80632,85451
   Brazil,   Guinea-Bissau,1105,1199,732,805,373,394
   Brazil,   Timor-Leste,58,62,10,1,48,61
   Brazil,   Romania,1994,2164,858,961,1136,1203
   Brazil,   Russian Federation,1622,1761,615,696,1007,1065
   Brazil,   Rwanda,16,17,16,17,0,0
   Brazil,   Saint Kitts and Nevis,36,38,31,33,5,5
   Brazil,   Saint Lucia,170,183,55,63,115,120
   Brazil,   Saint Vincent and the Grenadines,35,37,0,1,35,36
   Brazil,   San Marino,41,43,0,1,41,42
   Brazil,   Sao Tome and Principe,69,73,15,18,54,55
   Brazil,   Saudi Arabia,383,416,277,305,106,111
   Brazil,   Senegal,5219,6267,4632,5573,587,694
   Brazil,   Serbia*,507,550,176,201,331,349
   Brazil,   Seychelles,35,37,35,37,0,0
   Brazil,   Sierra Leone,7,7,7,7,0,0
   Brazil,   Singapore,135,145,26,31,109,114
   Brazil,   Slovakia,248,268,118,132,130,136
   Brazil,   Viet Nam,149,161,96,106,53,55
   Brazil,   Slovenia,207,224,113,126,94,98
   Brazil,   South Africa,1855,2014,1318,1447,537,567
   Brazil,   Zimbabwe,120,129,68,76,52,53
   Brazil,   Spain*,35922,39028,19461,21593,16461,17435
   Brazil,   Suriname,319,346,184,204,135,142
   Brazil,   Sweden,742,804,499,548,243,256
   Brazil,   Switzerland,3489,3789,2345,2577,1144,1212
   Brazil,   Syrian Arab Republic,3425,8003,1970,4600,1455,3403
   Brazil,   Tajikistan,8,8,8,8,0,0
   Brazil,   Thailand,538,583,287,318,251,265
   Brazil,   Togo,11,11,11,11,0,0
   Brazil,   Trinidad and Tobago,220,238,98,110,122,128
   Brazil,   United Arab Emirates,39,40,39,40,0,0
   Brazil,   Tunisia,94,99,80,85,14,14
   Brazil,   Turkey,423,459,284,314,139,145
   Brazil,   Turkmenistan,25,27,7,8,18,19
   Brazil,   Uganda,76,80,42,45,34,35
   Brazil,   Ukraine*,857,930,362,407,495,523
   Brazil,   North Macedonia,46,48,29,30,17,18
   Brazil,   Egypt,3642,3957,1932,2147,1710,1810
   Brazil,   United Kingdom*,5782,6281,3536,3903,2246,2378
   Brazil,   United Republic of Tanzania*,103,111,60,67,43,44
   Brazil,   United States of America*,20626,22410,9380,10499,11246,11911
   Brazil,   Burkina Faso,30,31,13,13,17,18
   Brazil,   Uruguay,28106,30537,14328,15944,13778,14593
   Brazil,   Uzbekistan,31,32,1,2,30,30
   Brazil,   Venezuela (Bolivarian Republic of),3354,248105,1706,127178,1648,120927
   Brazil,Other,16618,18206,12726,13973,3892,4233
   Chile,WORLD,639724,1645015,319714,830073,320010,814942
   Chile,  Sub-Saharan Africa,0,0,0,0,0,0
   Chile,  Northern Africa and Western Asia,0,0,0,0,0,0
   Chile,  Central and Southern Asia,0,0,0,0,0,0
   Chile,  Eastern and South-Eastern Asia,7889,15921,4541,9028,3348,6893
   Chile,  Latin America and the Caribbean,484543,1526171,233770,767500,250773,758671
   Chile,  Oceania (excluding Australia and New Zealand),0,0,0,0,0,0
   Chile,  Australia and New Zealand,0,0,0,0,0,0
   Chile,  Europe and Northern America,69144,60302,38267,31298,30877,29004
   Chile,  Developed regions,69144,60302,38267,31298,30877,29004
   Chile,  Less developed regions,492432,1542092,238311,776528,254121,765564
   Chile," Less developed regions, excluding least developed countries",452607,1305180,214989,626928,237618,678252
   Chile," Less developed regions, excluding China",484543,1526171,233770,767500,250773,758671
   Chile,  Least developed countries,39825,236912,23322,149600,16503,87312
   Chile,  Land-locked Developing Countries (LLDC),56876,134827,27893,59486,28983,75341
   Chile,  Small island developing States (SIDS),42697,297326,24858,177691,17839,119635
   Chile,  High-income countries,75930,65954,41992,34399,33938,31555
   Chile,  Middle-income countries,445821,1299528,211264,623827,234557,675701
   Chile, Upper-middle-income countries,392577,1170746,185214,566633,207363,604113
   Chile, Lower-middle-income countries,53244,128782,26050,57194,27194,71588
   Chile,  Low-income countries,39825,236912,23322,149600,16503,87312
   Chile, AFRICA,0,0,0,0,0,0
   Chile,  Eastern Africa,0,0,0,0,0,0
   Chile,  Middle Africa,0,0,0,0,0,0
   Chile,  Northern Africa,0,0,0,0,0,0
   Chile,  Southern Africa,0,0,0,0,0,0
   Chile,  Western Africa,0,0,0,0,0,0
   Chile, ASIA,7889,15921,4541,9028,3348,6893
   Chile,  Central Asia,0,0,0,0,0,0
   Chile,  Eastern Asia,7889,15921,4541,9028,3348,6893
   Chile,  South-Eastern Asia,0,0,0,0,0,0
   Chile,  Southern Asia,0,0,0,0,0,0
   Chile,  Western Asia,0,0,0,0,0,0
   Chile, EUROPE,53966,43287,29411,22869,24555,20418
   Chile,  Eastern Europe,0,0,0,0,0,0
   Chile,  Northern Europe,0,0,0,0,0,0
   Chile,  Southern Europe,28313,26468,15803,14617,12510,11851
   Chile,  Western Europe,25653,16819,13608,8252,12045,8567
   Chile, LATIN AMERICA AND THE CARIBBEAN,484543,1526171,233770,767500,250773,758671
   Chile,  Caribbean,42697,297326,24858,177691,17839,119635
   Chile,  Central America,5155,10558,2729,4913,2426,5645
   Chile,  South America,436691,1218287,206183,584896,230508,633391
   Chile, NORTHERN AMERICA,15178,17015,8856,8429,6322,8586
   Chile, OCEANIA ,0,0,0,0,0,0
   Chile,  Australia and New Zealand,0,0,0,0,0,0
   Chile,  Melanesia,0,0,0,0,0,0
   Chile,  Micronesia,0,0,0,0,0,0
   Chile,  Polynesia*,0,0,0,0,0,0
   Chile,   Argentina,56363,79253,29777,39468,26586,39785
   Chile,   Bolivia (Plurinational State of),53244,128782,26050,57194,27194,71588
   Chile,   Brazil,15247,18976,7647,8404,7600,10572
   Chile,   China*,7889,15921,4541,9028,3348,6893
   Chile,   Colombia,73601,173487,35152,79942,38449,93545
   Chile,   Cuba,2051,23929,1133,13685,918,10244
   Chile,   Dominican Republic,821,36485,403,14406,418,22079
   Chile,   Ecuador,22146,42266,10518,20309,11628,21957
   Chile,   France*,9403,9260,5123,4722,4280,4538
   Chile,   Germany,16250,7559,8485,3530,7765,4029
   Chile,   Haiti,39825,236912,23322,149600,16503,87312
   Chile,   Italy,11216,4670,6449,2690,4767,1980
   Chile,   Mexico,5155,10558,2729,4913,2426,5645
   Chile,   Paraguay,3632,6045,1843,2292,1789,3753
   Chile,   Peru,150885,240273,63463,112709,87422,127564
   Chile,   Spain*,17097,21798,9354,11927,7743,9871
   Chile,   United States of America*,15178,17015,8856,8429,6322,8586
   Chile,   Uruguay,6786,5652,3725,3101,3061,2551
   Chile,   Venezuela (Bolivarian Republic of),54787,523553,28008,261477,26779,262076
   Chile,Other,78148,42621,43136,22247,35012,20374
   Colombia,WORLD,159407,1905393,85158,953735,74249,951658
   Colombia,  Sub-Saharan Africa,0,0,0,0,0,0
   Colombia,  Northern Africa and Western Asia,0,0,0,0,0,0
   Colombia,  Central and Southern Asia,0,0,0,0,0,0
   Colombia,  Eastern and South-Eastern Asia,2274,2273,1329,1341,945,932
   Colombia,  Latin America and the Caribbean,103221,1838774,53291,915460,49930,923314
   Colombia,  Oceania (excluding Australia and New Zealand),0,0,0,0,0,0
   Colombia,  Australia and New Zealand,0,0,0,0,0,0
   Colombia,  Europe and Northern America,43037,51957,24263,29729,18774,22228
   Colombia,  Developed regions,43695,52646,24638,30119,19057,22527
   Colombia,  Less developed regions,104837,1840358,54245,916411,50592,923947
   Colombia," Less developed regions, excluding least developed countries",104837,1840358,54245,916411,50592,923947
   Colombia," Less developed regions, excluding China",103221,1838774,53291,915460,49930,923314
   Colombia,  Least developed countries,0,0,0,0,0,0
   Colombia,  Land-locked Developing Countries (LLDC),958,1129,485,559,473,570
   Colombia,  Small island developing States (SIDS),2858,3580,1721,2168,1137,1412
   Colombia,  High-income countries,49584,60517,28006,34684,21578,25833
   Colombia,  Middle-income countries,98948,1832487,50877,911846,48071,920641
   Colombia, Upper-middle-income countries,96881,1829886,49825,910545,47056,919341
   Colombia, Lower-middle-income countries,2067,2601,1052,1301,1015,1300
   Colombia,  Low-income countries,0,0,0,0,0,0
   Colombia, AFRICA,0,0,0,0,0,0
   Colombia,  Eastern Africa,0,0,0,0,0,0
   Colombia,  Middle Africa,0,0,0,0,0,0
   Colombia,  Northern Africa,0,0,0,0,0,0
   Colombia,  Southern Africa,0,0,0,0,0,0
   Colombia,  Western Africa,0,0,0,0,0,0
   Colombia, ASIA,2274,2273,1329,1341,945,932
   Colombia,  Central Asia,0,0,0,0,0,0
   Colombia,  Eastern Asia,2274,2273,1329,1341,945,932
   Colombia,  South-Eastern Asia,0,0,0,0,0,0
   Colombia,  Southern Asia,0,0,0,0,0,0
   Colombia,  Western Asia,0,0,0,0,0,0
   Colombia, EUROPE,22724,29432,13282,17380,9442,12052
   Colombia,  Eastern Europe,616,646,226,235,390,411
   Colombia,  Northern Europe,1439,1686,891,1061,548,625
   Colombia,  Southern Europe,14779,20347,8583,11891,6196,8456
   Colombia,  Western Europe,5890,6753,3582,4193,2308,2560
   Colombia, LATIN AMERICA AND THE CARIBBEAN,103221,1838774,53291,915460,49930,923314
   Colombia,  Caribbean,2858,3580,1721,2168,1137,1412
   Colombia,  Central America,10050,12921,5259,6852,4791,6069
   Colombia,  South America,90313,1822273,46311,906440,44002,915833
   Colombia, NORTHERN AMERICA,20313,22525,10981,12349,9332,10176
   Colombia, OCEANIA ,0,0,0,0,0,0
   Colombia,  Australia and New Zealand,0,0,0,0,0,0
   Colombia,  Melanesia,0,0,0,0,0,0
   Colombia,  Micronesia,0,0,0,0,0,0
   Colombia,  Polynesia*,0,0,0,0,0,0
   Colombia,   Argentina,4464,5719,2651,3450,1813,2269
   Colombia,   Bolivia (Plurinational State of),958,1129,485,559,473,570
   Colombia,   Brazil,3525,4685,1641,2226,1884,2459
   Colombia,   Canada,1350,1715,777,1006,573,709
   Colombia,   Chile,3388,4732,1942,2752,1446,1980
   Colombia,   China*,1616,1584,954,951,662,633
   Colombia,   Costa Rica,1442,1828,718,918,724,910
   Colombia,   Cuba,2144,2534,1340,1591,804,943
   Colombia,   Dominican Republic,714,1046,381,577,333,469
   Colombia,   Ecuador,16397,19180,8399,9792,7998,9388
   Colombia,   El Salvador,586,782,320,423,266,359
   Colombia,   France*,2603,3180,1543,1940,1060,1240
   Colombia,   Germany,2088,2156,1251,1313,837,843
   Colombia,   Guatemala,661,857,358,481,303,376
   Colombia,   Honduras,523,690,247,319,276,371
   Colombia,   Italy,2902,3225,1908,2130,994,1095
   Colombia,   Japan,658,689,375,390,283,299
   Colombia,   Mexico,4265,5641,2323,3107,1942,2534
   Colombia,   Netherlands*,495,635,330,427,165,208
   Colombia,   Panama,2573,3123,1293,1604,1280,1519
   Colombia,   Peru,5144,5680,3090,3442,2054,2238
   Colombia,   Russian Federation,616,646,226,235,390,411
   Colombia,   Spain*,11877,17122,6675,9761,5202,7361
   Colombia,   Switzerland,704,782,458,513,246,269
   Colombia,   United Kingdom*,1439,1686,891,1061,548,625
   Colombia,   United States of America*,18963,20810,10204,11343,8759,9467
   Colombia,   Uruguay,544,662,359,444,185,218
   Colombia,   Venezuela (Bolivarian Republic of),55893,1780486,27744,883775,28149,896711
   Colombia,Other,10875,12389,6275,7205,4600,5184
   Ecuador,WORLD,387513,784787,200352,406860,187161,377927
   Ecuador,  Sub-Saharan Africa,304,326,203,229,101,97
   Ecuador,  Northern Africa and Western Asia,1536,1731,970,1147,566,584
   Ecuador,  Central and Southern Asia,561,643,366,437,195,206
   Ecuador,  Eastern and South-Eastern Asia,5325,5562,3052,3461,2273,2101
   Ecuador,  Latin America and the Caribbean,249547,640387,127059,322434,122488,317953
   Ecuador,  Oceania (excluding Australia and New Zealand),0,0,0,0,0,0
   Ecuador,  Australia and New Zealand,485,505,254,292,231,213
   Ecuador,  Europe and Northern America,58446,61109,30440,35159,28006,25950
   Ecuador,  Developed regions,59665,62380,31116,35928,28549,26452
   Ecuador,  Less developed regions,256539,647883,131228,327231,125311,320652
   Ecuador," Less developed regions, excluding least developed countries",256256,647539,131056,327009,125200,320530
   Ecuador," Less developed regions, excluding China",253514,644721,129437,325211,124077,319510
   Ecuador,  Least developed countries,283,344,172,222,111,122
   Ecuador,  Land-locked Developing Countries (LLDC),1920,2069,1013,1203,907,866
   Ecuador,  Small island developing States (SIDS),4073,4256,2183,2510,1890,1746
   Ecuador,  High-income countries,72874,76179,38652,44483,34222,31696
   Ecuador,  Middle-income countries,242488,633058,123201,318045,119287,315013
   Ecuador, Upper-middle-income countries,238320,628693,121022,315525,117298,313168
   Ecuador, Lower-middle-income countries,4168,4365,2179,2520,1989,1845
   Ecuador,  Low-income countries,790,972,465,600,325,372
   Ecuador, AFRICA,484,513,327,366,157,147
   Ecuador,  Eastern Africa,0,0,0,0,0,0
   Ecuador,  Middle Africa,87,89,48,54,39,35
   Ecuador,  Northern Africa,180,187,124,137,56,50
   Ecuador,  Southern Africa,122,127,87,95,35,32
   Ecuador,  Western Africa,95,110,68,80,27,30
   Ecuador, ASIA,7242,7749,4264,4908,2978,2841
   Ecuador,  Central Asia,0,0,0,0,0,0
   Ecuador,  Eastern Asia,5054,5281,2879,3268,2175,2013
   Ecuador,  South-Eastern Asia,271,281,173,193,98,88
   Ecuador,  Southern Asia,561,643,366,437,195,206
   Ecuador,  Western Asia,1356,1544,846,1010,510,534
   Ecuador, EUROPE,29303,30636,15339,17702,13964,12934
   Ecuador,  Eastern Europe,3284,3427,1416,1700,1868,1727
   Ecuador,  Northern Europe,3250,3394,1720,1979,1530,1415
   Ecuador,  Southern Europe,11908,12461,6409,7362,5499,5099
   Ecuador,  Western Europe,10861,11354,5794,6661,5067,4693
   Ecuador, LATIN AMERICA AND THE CARIBBEAN,249547,640387,127059,322434,122488,317953
   Ecuador,  Caribbean,4073,4256,2183,2510,1890,1746
   Ecuador,  Central America,5973,6286,2807,3355,3166,2931
   Ecuador,  South America,239501,629845,122069,316569,117432,313276
   Ecuador, NORTHERN AMERICA,29143,30473,15101,17457,14042,13016
   Ecuador, OCEANIA ,485,505,254,292,231,213
   Ecuador,  Australia and New Zealand,485,505,254,292,231,213
   Ecuador,  Melanesia,0,0,0,0,0,0
   Ecuador,  Micronesia,0,0,0,0,0,0
   Ecuador,  Polynesia*,0,0,0,0,0,0
   Ecuador,   Afghanistan,112,167,59,96,53,71
   Ecuador,   Albania,71,73,38,43,33,30
   Ecuador,   Algeria,48,50,37,40,11,10
   Ecuador,   Angola,42,43,16,20,26,23
   Ecuador,   Argentina,5399,5645,3149,3560,2250,2085
   Ecuador,   Australia*,373,389,206,235,167,154
   Ecuador,   Austria,546,571,306,349,240,222
   Ecuador,   Bahamas,48,50,28,32,20,18
   Ecuador,   Armenia,37,38,18,21,19,17
   Ecuador,   Belgium,855,893,432,501,423,392
   Ecuador,   Bolivia (Plurinational State of),1528,1597,808,930,720,667
   Ecuador,   Brazil,2654,2774,1212,1438,1442,1336
   Ecuador,   Bulgaria,194,201,88,103,106,98
   Ecuador,   Cameroon,45,46,32,34,13,12
   Ecuador,   Canada,2341,2447,1121,1316,1220,1131
   Ecuador,   Chile,11341,11859,6148,7047,5193,4812
   Ecuador,   China*,2928,3061,1735,1956,1193,1105
   Ecuador,   Colombia,194721,203470,97851,113685,96870,89785
   Ecuador,   Costa Rica,938,1027,430,556,508,471
   Ecuador,   Croatia,81,84,54,60,27,24
   Ecuador,   Cuba,2994,3130,1642,1878,1352,1252
   Ecuador,   Czechia,315,329,229,250,86,79
   Ecuador,   Denmark*,183,191,126,139,57,52
   Ecuador,   Dominican Republic,353,369,154,185,199,184
   Ecuador,   El Salvador,522,544,246,289,276,255
   Ecuador,   Falkland Islands (Malvinas)*,52,54,26,31,26,23
   Ecuador,   Finland*,126,131,47,58,79,73
   Ecuador,   France*,2264,2366,1134,1320,1130,1046
   Ecuador,   Gambia,33,34,28,30,5,4
   Ecuador,   State of Palestine*,97,101,48,56,49,45
   Ecuador,   Germany,4405,4606,2173,2537,2232,2069
   Ecuador,   Ghana,37,38,26,28,11,10
   Ecuador,   Greece,71,73,58,61,13,12
   Ecuador,   Guatemala,430,449,206,242,224,207
   Ecuador,   Haiti,96,100,69,76,27,24
   Ecuador,   Honduras,469,489,209,248,260,241
   Ecuador,"   China, Hong Kong SAR*",97,101,56,64,41,37
   Ecuador,   Hungary,216,225,83,103,133,122
   Ecuador,   India,228,238,154,170,74,68
   Ecuador,   Indonesia,64,66,37,42,27,24
   Ecuador,   Iran (Islamic Republic of),192,200,137,149,55,51
   Ecuador,   Iraq,36,72,19,42,17,30
   Ecuador,   Ireland,199,207,115,130,84,77
   Ecuador,   Israel,520,542,318,357,202,185
   Ecuador,   Italy,3845,4020,2263,2554,1582,1466
   Ecuador,   Jamaica,37,38,17,20,20,18
   Ecuador,   Japan,734,766,422,477,312,289
   Ecuador,   Jordan,71,73,58,61,13,12
   Ecuador,   Dem. People's Republic of Korea,485,507,264,303,221,204
   Ecuador,   Republic of Korea,810,846,402,468,408,378
   Ecuador,   Lebanon,443,463,285,317,158,146
   Ecuador,   Malaysia*,34,35,21,23,13,12
   Ecuador,   Mexico,2258,2361,1028,1221,1230,1140
   Ecuador,   Morocco,48,50,29,33,19,17
   Ecuador,   Netherlands*,829,867,459,525,370,342
   Ecuador,   New Zealand*,112,116,48,57,64,59
   Ecuador,   Nicaragua,392,408,198,229,194,179
   Ecuador,   Nigeria,25,38,14,22,11,16
   Ecuador,   Norway*,235,245,114,133,121,112
   Ecuador,   Pakistan,29,38,16,22,13,16
   Ecuador,   Panama,964,1008,490,570,474,438
   Ecuador,   Paraguay,242,252,128,147,114,105
   Ecuador,   Peru,13705,14331,8045,9086,5660,5245
   Ecuador,   Philippines,125,130,87,96,38,34
   Ecuador,   Poland,312,326,154,180,158,146
   Ecuador,   Portugal,366,382,229,256,137,126
   Ecuador,   Puerto Rico*,500,523,254,296,246,227
   Ecuador,   Romania,302,315,133,159,169,156
   Ecuador,   Russian Federation,1495,1562,533,670,962,892
   Ecuador,   Saudi Arabia,88,91,55,61,33,30
   Ecuador,   Slovakia,49,51,23,28,26,23
   Ecuador,   Viet Nam,48,50,28,32,20,18
   Ecuador,   South Africa,122,127,87,95,35,32
   Ecuador,   Spain*,7473,7814,3767,4379,3706,3435
   Ecuador,   Sweden,349,365,184,213,165,152
   Ecuador,   Switzerland,1962,2051,1290,1429,672,622
   Ecuador,   Syrian Arab Republic,64,164,45,95,19,69
   Ecuador,   Trinidad and Tobago,45,46,19,23,26,23
   Ecuador,   Ukraine*,401,418,173,207,228,211
   Ecuador,   North Macedonia,1,15,0,9,1,6
   Ecuador,   Egypt,84,87,58,64,26,23
   Ecuador,   United Kingdom*,2158,2255,1134,1306,1024,949
   Ecuador,   United States of America*,26802,28026,13980,16141,12822,11885
   Ecuador,   Uruguay,958,1002,598,669,360,333
   Ecuador,   Venezuela (Bolivarian Republic of),8901,388861,4104,179976,4797,208885
   Ecuador,Other,71309,74524,38008,43701,33301,30823
   Falkland Islands (Malvinas)*,WORLD,1571,1957,873,1089,698,868
   Falkland Islands (Malvinas)*,  Sub-Saharan Africa,323,402,181,227,142,175
   Falkland Islands (Malvinas)*,  Northern Africa and Western Asia,0,0,0,0,0,0
   Falkland Islands (Malvinas)*,  Central and Southern Asia,0,0,0,0,0,0
   Falkland Islands (Malvinas)*,  Eastern and South-Eastern Asia,0,0,0,0,0,0
   Falkland Islands (Malvinas)*,  Latin America and the Caribbean,224,276,124,155,100,121
   Falkland Islands (Malvinas)*,  Oceania (excluding Australia and New Zealand),0,0,0,0,0,0
   Falkland Islands (Malvinas)*,  Australia and New Zealand,68,82,37,48,31,34
   Falkland Islands (Malvinas)*,  Europe and Northern America,891,1112,494,616,397,496
   Falkland Islands (Malvinas)*,  Developed regions,959,1194,531,664,428,530
   Falkland Islands (Malvinas)*,  Less developed regions,547,678,305,382,242,296
   Falkland Islands (Malvinas)*," Less developed regions, excluding least developed countries",547,678,305,382,242,296
   Falkland Islands (Malvinas)*," Less developed regions, excluding China",547,678,305,382,242,296
   Falkland Islands (Malvinas)*,  Least developed countries,0,0,0,0,0,0
   Falkland Islands (Malvinas)*,  Land-locked Developing Countries (LLDC),0,0,0,0,0,0
   Falkland Islands (Malvinas)*,  Small island developing States (SIDS),0,0,0,0,0,0
   Falkland Islands (Malvinas)*,  High-income countries,1157,1439,642,802,515,637
   Falkland Islands (Malvinas)*,  Middle-income countries,26,31,13,17,13,14
   Falkland Islands (Malvinas)*, Upper-middle-income countries,26,31,13,17,13,14
   Falkland Islands (Malvinas)*, Lower-middle-income countries,0,0,0,0,0,0
   Falkland Islands (Malvinas)*,  Low-income countries,0,0,0,0,0,0
   Falkland Islands (Malvinas)*, AFRICA,323,402,181,227,142,175
   Falkland Islands (Malvinas)*,  Eastern Africa,0,0,0,0,0,0
   Falkland Islands (Malvinas)*,  Middle Africa,0,0,0,0,0,0
   Falkland Islands (Malvinas)*,  Northern Africa,0,0,0,0,0,0
   Falkland Islands (Malvinas)*,  Southern Africa,0,0,0,0,0,0
   Falkland Islands (Malvinas)*,  Western Africa,323,402,181,227,142,175
   Falkland Islands (Malvinas)*, ASIA,0,0,0,0,0,0
   Falkland Islands (Malvinas)*,  Central Asia,0,0,0,0,0,0
   Falkland Islands (Malvinas)*,  Eastern Asia,0,0,0,0,0,0
   Falkland Islands (Malvinas)*,  South-Eastern Asia,0,0,0,0,0,0
   Falkland Islands (Malvinas)*,  Southern Asia,0,0,0,0,0,0
   Falkland Islands (Malvinas)*,  Western Asia,0,0,0,0,0,0
   Falkland Islands (Malvinas)*, EUROPE,872,1089,486,605,386,484
   Falkland Islands (Malvinas)*,  Eastern Europe,0,0,0,0,0,0
   Falkland Islands (Malvinas)*,  Northern Europe,872,1089,486,605,386,484
   Falkland Islands (Malvinas)*,  Southern Europe,0,0,0,0,0,0
   Falkland Islands (Malvinas)*,  Western Europe,0,0,0,0,0,0
   Falkland Islands (Malvinas)*, LATIN AMERICA AND THE CARIBBEAN,224,276,124,155,100,121
   Falkland Islands (Malvinas)*,  Caribbean,0,0,0,0,0,0
   Falkland Islands (Malvinas)*,  Central America,0,0,0,0,0,0
   Falkland Islands (Malvinas)*,  South America,224,276,124,155,100,121
   Falkland Islands (Malvinas)*, NORTHERN AMERICA,19,23,8,11,11,12
   Falkland Islands (Malvinas)*, OCEANIA ,68,82,37,48,31,34
   Falkland Islands (Malvinas)*,  Australia and New Zealand,68,82,37,48,31,34
   Falkland Islands (Malvinas)*,  Melanesia,0,0,0,0,0,0
   Falkland Islands (Malvinas)*,  Micronesia,0,0,0,0,0,0
   Falkland Islands (Malvinas)*,  Polynesia*,0,0,0,0,0,0
   Falkland Islands (Malvinas)*,   Argentina,26,31,13,17,13,14
   Falkland Islands (Malvinas)*,   Australia*,42,51,25,32,17,19
   Falkland Islands (Malvinas)*,   Chile,198,245,111,138,87,107
   Falkland Islands (Malvinas)*,   New Zealand*,26,31,12,16,14,15
   Falkland Islands (Malvinas)*,   Saint Helena*,323,402,181,227,142,175
   Falkland Islands (Malvinas)*,   United Kingdom*,872,1089,486,605,386,484
   Falkland Islands (Malvinas)*,   United States of America*,19,23,8,11,11,12
   Falkland Islands (Malvinas)*,Other,65,85,37,43,28,42
   French Guiana*,WORLD,106108,119249,50399,56642,55709,62607
   French Guiana*,  Sub-Saharan Africa,353,396,163,183,190,213
   French Guiana*,  Northern Africa and Western Asia,359,403,209,235,150,168
   French Guiana*,  Central and Southern Asia,0,0,0,0,0,0
   French Guiana*,  Eastern and South-Eastern Asia,2316,2602,1087,1221,1229,1381
   French Guiana*,  Latin America and the Caribbean,75737,85121,36668,41211,39069,43910
   French Guiana*,  Oceania (excluding Australia and New Zealand),0,0,0,0,0,0
   French Guiana*,  Australia and New Zealand,0,0,0,0,0,0
   French Guiana*,  Europe and Northern America,21283,23917,11224,12614,10059,11303
   French Guiana*,  Developed regions,21283,23917,11224,12614,10059,11303
   French Guiana*,  Less developed regions,78765,88522,38127,42850,40638,45672
   French Guiana*," Less developed regions, excluding least developed countries",58264,65483,29362,33000,28902,32483
   French Guiana*," Less developed regions, excluding China",77299,86875,37445,42084,39854,44791
   French Guiana*,  Least developed countries,20501,23039,8765,9850,11736,13189
   French Guiana*,  Land-locked Developing Countries (LLDC),850,955,405,455,445,500
   French Guiana*,  Small island developing States (SIDS),52232,58706,23662,26594,28570,32112
   French Guiana*,  High-income countries,21283,23917,11224,12614,10059,11303
   French Guiana*,  Middle-income countries,54086,60789,27267,30645,26819,30144
   French Guiana*, Upper-middle-income countries,52877,59431,26653,29955,26224,29476
   French Guiana*, Lower-middle-income countries,1209,1358,614,690,595,668
   French Guiana*,  Low-income countries,19651,22084,8360,9395,11291,12689
   French Guiana*, AFRICA,712,799,372,418,340,381
   French Guiana*,  Eastern Africa,353,396,163,183,190,213
   French Guiana*,  Middle Africa,0,0,0,0,0,0
   French Guiana*,  Northern Africa,359,403,209,235,150,168
   French Guiana*,  Southern Africa,0,0,0,0,0,0
   French Guiana*,  Western Africa,0,0,0,0,0,0
   French Guiana*, ASIA,2316,2602,1087,1221,1229,1381
   French Guiana*,  Central Asia,0,0,0,0,0,0
   French Guiana*,  Eastern Asia,1466,1647,682,766,784,881
   French Guiana*,  South-Eastern Asia,850,955,405,455,445,500
   French Guiana*,  Southern Asia,0,0,0,0,0,0
   French Guiana*,  Western Asia,0,0,0,0,0,0
   French Guiana*, EUROPE,21283,23917,11224,12614,10059,11303
   French Guiana*,  Eastern Europe,0,0,0,0,0,0
   French Guiana*,  Northern Europe,0,0,0,0,0,0
   French Guiana*,  Southern Europe,160,179,98,110,62,69
   French Guiana*,  Western Europe,21123,23738,11126,12504,9997,11234
   French Guiana*, LATIN AMERICA AND THE CARIBBEAN,75737,85121,36668,41211,39069,43910
   French Guiana*,  Caribbean,25525,28684,11142,12523,14383,16161
   French Guiana*,  Central America,0,0,0,0,0,0
   French Guiana*,  South America,50212,56437,25526,28688,24686,27749
   French Guiana*, NORTHERN AMERICA,0,0,0,0,0,0
   French Guiana*, OCEANIA ,0,0,0,0,0,0
   French Guiana*,  Australia and New Zealand,0,0,0,0,0,0
   French Guiana*,  Melanesia,0,0,0,0,0,0
   French Guiana*,  Micronesia,0,0,0,0,0,0
   French Guiana*,  Polynesia*,0,0,0,0,0,0
   French Guiana*,   Algeria,359,403,209,235,150,168
   French Guiana*,   Belgium,189,212,97,109,92,103
   French Guiana*,   Brazil,22921,25759,12709,14283,10212,11476
   French Guiana*,   China*,1466,1647,682,766,784,881
   French Guiana*,   Dominica,414,465,104,117,310,348
   French Guiana*,   France*,20934,23526,11029,12395,9905,11131
   French Guiana*,   Guadeloupe*,2021,2271,1039,1168,982,1103
   French Guiana*,   Guyana,3522,3958,1600,1799,1922,2159
   French Guiana*,   Haiti,19651,22084,8360,9395,11291,12689
   French Guiana*,   Italy,160,179,98,110,62,69
   French Guiana*,   Lao People's Democratic Republic,850,955,405,455,445,500
   French Guiana*,   Martinique*,2654,2982,1298,1459,1356,1523
   French Guiana*,   Peru,584,656,297,334,287,322
   French Guiana*,   Réunion*,353,396,163,183,190,213
   French Guiana*,   Saint Lucia,785,882,341,384,444,498
   French Guiana*,   Suriname,23185,26064,10920,12272,12265,13792
   French Guiana*,Other,6060,6810,1048,1178,5012,5632
   Guyana,WORLD,8661,31169,4794,14497,3867,16672
   Guyana,  Sub-Saharan Africa,0,0,0,0,0,0
   Guyana,  Northern Africa and Western Asia,0,0,0,0,0,0
   Guyana,  Central and Southern Asia,0,0,0,0,0,0
   Guyana,  Eastern and South-Eastern Asia,645,676,397,416,248,260
   Guyana,  Latin America and the Caribbean,6255,28648,3472,13109,2783,15539
   Guyana,  Oceania (excluding Australia and New Zealand),0,0,0,0,0,0
   Guyana,  Australia and New Zealand,0,0,0,0,0,0
   Guyana,  Europe and Northern America,1252,1312,707,743,545,569
   Guyana,  Developed regions,1252,1312,707,743,545,569
   Guyana,  Less developed regions,6900,29324,3869,13525,3031,15799
   Guyana," Less developed regions, excluding least developed countries",6900,29324,3869,13525,3031,15799
   Guyana," Less developed regions, excluding China",6255,28648,3472,13109,2783,15539
   Guyana,  Least developed countries,0,0,0,0,0,0
   Guyana,  Land-locked Developing Countries (LLDC),0,0,0,0,0,0
   Guyana,  Small island developing States (SIDS),3873,4062,2084,2189,1789,1873
   Guyana,  High-income countries,1914,2005,1083,1137,831,868
   Guyana,  Middle-income countries,6238,28631,3493,13131,2745,15500
   Guyana, Upper-middle-income countries,6238,28631,3493,13131,2745,15500
   Guyana, Lower-middle-income countries,0,0,0,0,0,0
   Guyana,  Low-income countries,0,0,0,0,0,0
   Guyana, AFRICA,0,0,0,0,0,0
   Guyana,  Eastern Africa,0,0,0,0,0,0
   Guyana,  Middle Africa,0,0,0,0,0,0
   Guyana,  Northern Africa,0,0,0,0,0,0
   Guyana,  Southern Africa,0,0,0,0,0,0
   Guyana,  Western Africa,0,0,0,0,0,0
   Guyana, ASIA,645,676,397,416,248,260
   Guyana,  Central Asia,0,0,0,0,0,0
   Guyana,  Eastern Asia,645,676,397,416,248,260
   Guyana,  South-Eastern Asia,0,0,0,0,0,0
   Guyana,  Southern Asia,0,0,0,0,0,0
   Guyana,  Western Asia,0,0,0,0,0,0
   Guyana, EUROPE,322,337,184,193,138,144
   Guyana,  Eastern Europe,0,0,0,0,0,0
   Guyana,  Northern Europe,322,337,184,193,138,144
   Guyana,  Southern Europe,0,0,0,0,0,0
   Guyana,  Western Europe,0,0,0,0,0,0
   Guyana, LATIN AMERICA AND THE CARIBBEAN,6255,28648,3472,13109,2783,15539
   Guyana,  Caribbean,1287,1348,738,775,549,573
   Guyana,  Central America,0,0,0,0,0,0
   Guyana,  South America,4968,27300,2734,12334,2234,14966
   Guyana, NORTHERN AMERICA,930,975,523,550,407,425
   Guyana, OCEANIA ,0,0,0,0,0,0
   Guyana,  Australia and New Zealand,0,0,0,0,0,0
   Guyana,  Melanesia,0,0,0,0,0,0
   Guyana,  Micronesia,0,0,0,0,0,0
   Guyana,  Polynesia*,0,0,0,0,0,0
   Guyana,   Antigua and Barbuda,9,9,4,4,5,5
   Guyana,   Bahamas,8,8,4,4,4,4
   Guyana,   Barbados,150,157,83,87,67,70
   Guyana,   Brazil,1201,1260,753,791,448,469
   Guyana,   Canada,224,235,123,130,101,105
   Guyana,   China*,645,676,397,416,248,260
   Guyana,   Dominica,24,25,15,16,9,9
   Guyana,   Grenada,107,112,61,64,46,48
   Guyana,   Jamaica,166,174,94,99,72,75
   Guyana,   Saint Lucia,122,128,74,78,48,50
   Guyana,   Saint Vincent and the Grenadines,206,216,118,124,88,92
   Guyana,   Suriname,2586,2714,1346,1414,1240,1300
   Guyana,   Trinidad and Tobago,495,519,285,299,210,220
   Guyana,   United Kingdom*,322,337,184,193,138,144
   Guyana,   United States of America*,706,740,400,420,306,320
   Guyana,   Venezuela (Bolivarian Republic of),1181,23326,635,10129,546,13197
   Guyana,Other,509,533,218,229,291,304
   Paraguay,WORLD,156462,169567,81303,88311,75159,81256
   Paraguay,  Sub-Saharan Africa,0,0,0,0,0,0
   Paraguay,  Northern Africa and Western Asia,0,0,0,0,0,0
   Paraguay,  Central and Southern Asia,0,0,0,0,0,0
   Paraguay,  Eastern and South-Eastern Asia,5310,5751,2804,3047,2506,2704
   Paraguay,  Latin America and the Caribbean,138419,150011,71486,77649,66933,72362
   Paraguay,  Oceania (excluding Australia and New Zealand),0,0,0,0,0,0
   Paraguay,  Australia and New Zealand,0,0,0,0,0,0
   Paraguay,  Europe and Northern America,8935,9669,5249,5695,3686,3974
   Paraguay,  Developed regions,10918,11817,6284,6820,4634,4997
   Paraguay,  Less developed regions,141746,153614,73255,79571,68491,74043
   Paraguay," Less developed regions, excluding least developed countries",141746,153614,73255,79571,68491,74043
   Paraguay," Less developed regions, excluding China",140966,152770,72819,79097,68147,73673
   Paraguay,  Least developed countries,0,0,0,0,0,0
   Paraguay,  Land-locked Developing Countries (LLDC),1009,1092,522,567,487,525
   Paraguay,  Small island developing States (SIDS),0,0,0,0,0,0
   Paraguay,  High-income countries,18499,20027,10521,11419,7978,8608
   Paraguay,  Middle-income countries,134165,145404,69018,74972,65147,70432
   Paraguay, Upper-middle-income countries,133156,144312,68496,74405,64660,69907
   Paraguay, Lower-middle-income countries,1009,1092,522,567,487,525
   Paraguay,  Low-income countries,0,0,0,0,0,0
   Paraguay, AFRICA,0,0,0,0,0,0
   Paraguay,  Eastern Africa,0,0,0,0,0,0
   Paraguay,  Middle Africa,0,0,0,0,0,0
   Paraguay,  Northern Africa,0,0,0,0,0,0
   Paraguay,  Southern Africa,0,0,0,0,0,0
   Paraguay,  Western Africa,0,0,0,0,0,0
   Paraguay, ASIA,5310,5751,2804,3047,2506,2704
   Paraguay,  Central Asia,0,0,0,0,0,0
   Paraguay,  Eastern Asia,5310,5751,2804,3047,2506,2704
   Paraguay,  South-Eastern Asia,0,0,0,0,0,0
   Paraguay,  Southern Asia,0,0,0,0,0,0
   Paraguay,  Western Asia,0,0,0,0,0,0
   Paraguay, EUROPE,5078,5492,2936,3185,2142,2307
   Paraguay,  Eastern Europe,872,943,462,502,410,441
   Paraguay,  Northern Europe,174,187,95,102,79,85
   Paraguay,  Southern Europe,1759,1902,1050,1139,709,763
   Paraguay,  Western Europe,2273,2460,1329,1442,944,1018
   Paraguay, LATIN AMERICA AND THE CARIBBEAN,138419,150011,71486,77649,66933,72362
   Paraguay,  Caribbean,0,0,0,0,0,0
   Paraguay,  Central America,1605,1738,806,876,799,862
   Paraguay,  South America,136814,148273,70680,76773,66134,71500
   Paraguay, NORTHERN AMERICA,3857,4177,2313,2510,1544,1667
   Paraguay, OCEANIA ,0,0,0,0,0,0
   Paraguay,  Australia and New Zealand,0,0,0,0,0,0
   Paraguay,  Melanesia,0,0,0,0,0,0
   Paraguay,  Micronesia,0,0,0,0,0,0
   Paraguay,  Polynesia*,0,0,0,0,0,0
   Paraguay,   Argentina,57056,61833,28685,31162,28371,30671
   Paraguay,   Bolivia (Plurinational State of),1009,1092,522,567,487,525
   Paraguay,   Brazil,73715,79897,38569,41893,35146,38004
   Paraguay,   Canada,2281,2471,1470,1595,811,876
   Paraguay,   Chile,2109,2283,1239,1344,870,939
   Paraguay,   China*,780,844,436,474,344,370
   Paraguay,   France*,614,663,371,401,243,262
   Paraguay,   Germany,1659,1797,958,1041,701,756
   Paraguay,   Italy,876,947,539,585,337,362
   Paraguay,   Japan,1983,2148,1035,1125,948,1023
   Paraguay,   Republic of Korea,2547,2759,1333,1448,1214,1311
   Paraguay,   Mexico,1605,1738,806,876,799,862
   Paraguay,   Poland,872,943,462,502,410,441
   Paraguay,   Spain*,883,955,511,554,372,401
   Paraguay,   United Kingdom*,174,187,95,102,79,85
   Paraguay,   United States of America*,1576,1706,843,915,733,791
   Paraguay,   Uruguay,2925,3168,1665,1807,1260,1361
   Paraguay,Other,3798,4136,1764,1920,2034,2216
   Peru,WORLD,154774,1224519,91090,642404,63684,582115
   Peru,  Sub-Saharan Africa,133,243,79,144,54,99
   Peru,  Northern Africa and Western Asia,807,1483,513,955,294,528
   Peru,  Central and Southern Asia,1566,2914,1325,2471,241,443
   Peru,  Eastern and South-Eastern Asia,24415,42426,18143,30966,6272,11460
   Peru,  Latin America and the Caribbean,75113,1072890,40703,545595,34410,527295
   Peru,  Oceania (excluding Australia and New Zealand),0,0,0,0,0,0
   Peru,  Australia and New Zealand,696,1294,387,726,309,568
   Peru,  Europe and Northern America,50050,98773,29204,59866,20846,38907
   Peru,  Developed regions,54163,106443,31360,64086,22803,42357
   Peru,  Less developed regions,98617,1113580,58994,576637,39623,536943
   Peru," Less developed regions, excluding least developed countries",98553,1113465,58970,576592,39583,536873
   Peru," Less developed regions, excluding China",79834,1081649,44058,551854,35776,529795
   Peru,  Least developed countries,64,115,24,45,40,70
   Peru,  Land-locked Developing Countries (LLDC),17322,29199,9370,14586,7952,14613
   Peru,  Small island developing States (SIDS),1316,3898,740,2272,576,1626
   Peru,  High-income countries,65997,128741,38035,76724,27962,52017
   Peru,  Middle-income countries,86612,1090971,52235,563844,34377,527127
   Peru, Upper-middle-income countries,67231,1057954,41285,546310,25946,511644
   Peru, Lower-middle-income countries,19381,33017,10950,17534,8431,15483
   Peru,  Low-income countries,137,250,69,127,68,123
   Peru, AFRICA,210,380,134,246,76,134
   Peru,  Eastern Africa,0,0,0,0,0,0
   Peru,  Middle Africa,15,26,5,10,10,16
   Peru,  Northern Africa,77,137,55,102,22,35
   Peru,  Southern Africa,118,217,74,134,44,83
   Peru,  Western Africa,0,0,0,0,0,0
   Peru, ASIA,26711,46686,19926,34290,6785,12396
   Peru,  Central Asia,0,0,0,0,0,0
   Peru,  Eastern Asia,23979,41622,17882,30477,6097,11145
   Peru,  South-Eastern Asia,436,804,261,489,175,315
   Peru,  Southern Asia,1566,2914,1325,2471,241,443
   Peru,  Western Asia,730,1346,458,853,272,493
   Peru, EUROPE,28030,51767,15649,29098,12381,22669
   Peru,  Eastern Europe,1498,2772,651,1212,847,1560
   Peru,  Northern Europe,3905,7104,2207,4034,1698,3070
   Peru,  Southern Europe,11134,20453,6383,11817,4751,8636
   Peru,  Western Europe,11493,21438,6408,12035,5085,9403
   Peru, LATIN AMERICA AND THE CARIBBEAN,75113,1072890,40703,545595,34410,527295
   Peru,  Caribbean,1316,3898,740,2272,576,1626
   Peru,  Central America,4595,8555,2526,4725,2069,3830
   Peru,  South America,69202,1060437,37437,538598,31765,521839
   Peru, NORTHERN AMERICA,22020,47006,13555,30768,8465,16238
   Peru, OCEANIA ,696,1294,387,726,309,568
   Peru,  Australia and New Zealand,696,1294,387,726,309,568
   Peru,  Melanesia,0,0,0,0,0,0
   Peru,  Micronesia,0,0,0,0,0,0
   Peru,  Polynesia*,0,0,0,0,0,0
   Peru,   Algeria,19,33,13,24,6,9
   Peru,   Angola,15,26,5,10,10,16
   Peru,   Argentina,14386,26854,7795,14769,6591,12085
   Peru,   Australia*,601,1120,343,643,258,477
   Peru,   Austria,200,371,111,209,89,162
   Peru,   Belgium,626,1166,335,628,291,538
   Peru,   Bolivia (Plurinational State of),16767,28165,9112,14102,7655,14063
   Peru,   Brazil,8817,16458,5147,9639,3670,6819
   Peru,   Bulgaria,69,126,43,80,26,46
   Peru,   Canada,3062,5714,2083,3898,979,1816
   Peru,   Chile,9437,17615,4983,9339,4454,8276
   Peru,   China*,18783,31931,14936,24783,3847,7148
   Peru,   Colombia,7599,14182,3948,7399,3651,6783
   Peru,   Costa Rica,343,638,170,318,173,320
   Peru,   Croatia,92,169,72,134,20,35
   Peru,   Cuba,922,3170,558,1930,364,1240
   Peru,   Czechia,91,168,51,96,40,72
   Peru,   Denmark*,247,458,139,259,108,199
   Peru,   Dominican Republic,184,342,92,172,92,170
   Peru,   Ecuador,6855,12795,3683,6902,3172,5893
   Peru,   El Salvador,110,203,55,104,55,99
   Peru,   Estonia,17,29,9,17,8,12
   Peru,   Finland*,72,132,36,68,36,64
   Peru,   France*,3952,7375,2204,4128,1748,3247
   Peru,   French Guiana*,34,61,15,28,19,33
   Peru,   Germany,5215,9733,2925,5510,2290,4223
   Peru,   Greece,60,111,43,81,17,30
   Peru,   Guatemala,166,308,84,157,82,151
   Peru,   Haiti,49,89,19,35,30,54
   Peru,   Honduras,168,311,67,125,101,186
   Peru,   Hungary,65,118,32,59,33,59
   Peru,   Iceland,15,26,12,22,3,4
   Peru,   India,1434,2673,1228,2292,206,381
   Peru,   Indonesia,43,77,18,32,25,45
   Peru,   Iran (Islamic Republic of),59,107,41,75,18,32
   Peru,   Iraq,19,33,15,27,4,6
   Peru,   Ireland,215,401,111,210,104,191
   Peru,   Israel,516,961,319,596,197,365
   Peru,   Italy,4153,7748,2479,4673,1674,3075
   Peru,   Japan,3417,6376,1769,3494,1648,2882
   Peru,   Jordan,39,69,29,53,10,16
   Peru,   Dem. People's Republic of Korea,88,161,50,92,38,69
   Peru,   Republic of Korea,1691,3154,1127,2108,564,1046
   Peru,   Lebanon,71,131,44,83,27,48
   Peru,   Luxembourg,15,26,9,17,6,9
   Peru,   Malaysia*,44,80,23,44,21,36
   Peru,   Malta,21,37,20,37,1,0
   Peru,   Mexico,3294,6148,1905,3570,1389,2578
   Peru,   Morocco,38,69,26,49,12,20
   Peru,   Netherlands*,691,1288,387,725,304,563
   Peru,   New Zealand*,95,174,44,83,51,91
   Peru,   Nicaragua,164,303,69,128,95,175
   Peru,   Norway*,107,197,58,109,49,88
   Peru,   Pakistan,73,134,56,104,17,30
   Peru,   Panama,350,644,176,323,174,321
   Peru,   Paraguay,555,1034,258,484,297,550
   Peru,   Philippines,328,610,215,403,113,207
   Peru,   Poland,201,371,105,195,96,176
   Peru,   Portugal,131,242,85,159,46,83
   Peru,   Puerto Rico*,139,257,65,122,74,135
   Peru,   Romania,186,340,89,162,97,178
   Peru,   Russian Federation,641,1194,243,456,398,738
   Peru,   Saint Vincent and the Grenadines,22,40,6,13,16,27
   Peru,   Saudi Arabia,33,58,18,33,15,25
   Peru,   Slovenia,29,52,17,32,12,20
   Peru,   South Africa,118,217,74,134,44,83
   Peru,   Spain*,6648,12094,3667,6701,2981,5393
   Peru,   Sweden,287,535,155,293,132,242
   Peru,   Switzerland,794,1479,437,818,357,661
   Peru,   Thailand,21,37,5,10,16,27
   Peru,   Turkey,52,94,33,61,19,33
   Peru,   Ukraine*,245,455,88,164,157,291
   Peru,   Egypt,20,35,16,29,4,6
   Peru,   United Kingdom*,2945,5326,1687,3056,1258,2270
   Peru,   United States of America*,18958,41292,11472,26870,7486,14422
   Peru,   Uruguay,623,1384,361,817,262,567
   Peru,   Venezuela (Bolivarian Republic of),4129,941889,2135,475119,1994,466770
   Peru,Other,1994,4496,736,1681,1258,2815
   Suriname,WORLD,43127,47801,23544,26271,19583,21530
   Suriname,  Sub-Saharan Africa,0,0,0,0,0,0
   Suriname,  Northern Africa and Western Asia,0,0,0,0,0,0
   Suriname,  Central and Southern Asia,0,0,0,0,0,0
   Suriname,  Eastern and South-Eastern Asia,4915,5446,2683,2993,2232,2453
   Suriname,  Latin America and the Caribbean,17255,19123,9421,10513,7834,8610
   Suriname,  Oceania (excluding Australia and New Zealand),0,0,0,0,0,0
   Suriname,  Australia and New Zealand,0,0,0,0,0,0
   Suriname,  Europe and Northern America,3138,3476,1713,1910,1425,1566
   Suriname,  Developed regions,3138,3476,1713,1910,1425,1566
   Suriname,  Less developed regions,22170,24569,12104,13506,10066,11063
   Suriname," Less developed regions, excluding least developed countries",22170,24569,12104,13506,10066,11063
   Suriname," Less developed regions, excluding China",17255,19123,9421,10513,7834,8610
   Suriname,  Least developed countries,0,0,0,0,0,0
   Suriname,  Land-locked Developing Countries (LLDC),0,0,0,0,0,0
   Suriname,  Small island developing States (SIDS),12232,13557,6678,7452,5554,6105
   Suriname,  High-income countries,3138,3476,1713,1910,1425,1566
   Suriname,  Middle-income countries,22170,24569,12104,13506,10066,11063
   Suriname, Upper-middle-income countries,22170,24569,12104,13506,10066,11063
   Suriname, Lower-middle-income countries,0,0,0,0,0,0
   Suriname,  Low-income countries,0,0,0,0,0,0
   Suriname, AFRICA,0,0,0,0,0,0
   Suriname,  Eastern Africa,0,0,0,0,0,0
   Suriname,  Middle Africa,0,0,0,0,0,0
   Suriname,  Northern Africa,0,0,0,0,0,0
   Suriname,  Southern Africa,0,0,0,0,0,0
   Suriname,  Western Africa,0,0,0,0,0,0
   Suriname, ASIA,4915,5446,2683,2993,2232,2453
   Suriname,  Central Asia,0,0,0,0,0,0
   Suriname,  Eastern Asia,4915,5446,2683,2993,2232,2453
   Suriname,  South-Eastern Asia,0,0,0,0,0,0
   Suriname,  Southern Asia,0,0,0,0,0,0
   Suriname,  Western Asia,0,0,0,0,0,0
   Suriname, EUROPE,3138,3476,1713,1910,1425,1566
   Suriname,  Eastern Europe,0,0,0,0,0,0
   Suriname,  Northern Europe,0,0,0,0,0,0
   Suriname,  Southern Europe,0,0,0,0,0,0
   Suriname,  Western Europe,3138,3476,1713,1910,1425,1566
   Suriname, LATIN AMERICA AND THE CARIBBEAN,17255,19123,9421,10513,7834,8610
   Suriname,  Caribbean,0,0,0,0,0,0
   Suriname,  Central America,0,0,0,0,0,0
   Suriname,  South America,17255,19123,9421,10513,7834,8610
   Suriname, NORTHERN AMERICA,0,0,0,0,0,0
   Suriname, OCEANIA ,0,0,0,0,0,0
   Suriname,  Australia and New Zealand,0,0,0,0,0,0
   Suriname,  Melanesia,0,0,0,0,0,0
   Suriname,  Micronesia,0,0,0,0,0,0
   Suriname,  Polynesia*,0,0,0,0,0,0
   Suriname,   Brazil,5023,5566,2743,3061,2280,2505
   Suriname,   China*,4915,5446,2683,2993,2232,2453
   Suriname,   Guyana,12232,13557,6678,7452,5554,6105
   Suriname,   Netherlands*,3138,3476,1713,1910,1425,1566
   Suriname,Other,17819,19756,9727,10855,8092,8901
   Uruguay,WORLD,78799,108267,35642,50937,43157,57330
   Uruguay,  Sub-Saharan Africa,0,0,0,0,0,0
   Uruguay,  Northern Africa and Western Asia,0,0,0,0,0,0
   Uruguay,  Central and Southern Asia,0,0,0,0,0,0
   Uruguay,  Eastern and South-Eastern Asia,0,0,0,0,0,0
   Uruguay,  Latin America and the Caribbean,43551,66194,18572,30030,24979,36164
   Uruguay,  Oceania (excluding Australia and New Zealand),0,0,0,0,0,0
   Uruguay,  Australia and New Zealand,0,0,0,0,0,0
   Uruguay,  Europe and Northern America,29140,34771,13903,17030,15237,17741
   Uruguay,  Developed regions,29140,34771,13903,17030,15237,17741
   Uruguay,  Less developed regions,43551,66194,18572,30030,24979,36164
   Uruguay," Less developed regions, excluding least developed countries",43551,66194,18572,30030,24979,36164
   Uruguay," Less developed regions, excluding China",43551,66194,18572,30030,24979,36164
   Uruguay,  Least developed countries,0,0,0,0,0,0
   Uruguay,  Land-locked Developing Countries (LLDC),1027,1225,326,409,701,816
   Uruguay,  Small island developing States (SIDS),0,0,0,0,0,0
   Uruguay,  High-income countries,30428,36307,14517,17782,15911,18525
   Uruguay,  Middle-income countries,42263,64658,17958,29278,24305,35380
   Uruguay, Upper-middle-income countries,42263,64658,17958,29278,24305,35380
   Uruguay, Lower-middle-income countries,0,0,0,0,0,0
   Uruguay,  Low-income countries,0,0,0,0,0,0
   Uruguay, AFRICA,0,0,0,0,0,0
   Uruguay,  Eastern Africa,0,0,0,0,0,0
   Uruguay,  Middle Africa,0,0,0,0,0,0
   Uruguay,  Northern Africa,0,0,0,0,0,0
   Uruguay,  Southern Africa,0,0,0,0,0,0
   Uruguay,  Western Africa,0,0,0,0,0,0
   Uruguay, ASIA,0,0,0,0,0,0
   Uruguay,  Central Asia,0,0,0,0,0,0
   Uruguay,  Eastern Asia,0,0,0,0,0,0
   Uruguay,  South-Eastern Asia,0,0,0,0,0,0
   Uruguay,  Southern Asia,0,0,0,0,0,0
   Uruguay,  Western Asia,0,0,0,0,0,0
   Uruguay, EUROPE,28204,33656,13473,16502,14731,17154
   Uruguay,  Eastern Europe,1777,2118,798,981,979,1137
   Uruguay,  Northern Europe,454,541,191,235,263,306
   Uruguay,  Southern Europe,24119,28786,11630,14238,12489,14548
   Uruguay,  Western Europe,1854,2211,854,1048,1000,1163
   Uruguay, LATIN AMERICA AND THE CARIBBEAN,43551,66194,18572,30030,24979,36164
   Uruguay,  Caribbean,0,0,0,0,0,0
   Uruguay,  Central America,532,635,235,290,297,345
   Uruguay,  South America,43019,65559,18337,29740,24682,35819
   Uruguay, NORTHERN AMERICA,936,1115,430,528,506,587
   Uruguay, OCEANIA ,0,0,0,0,0,0
   Uruguay,  Australia and New Zealand,0,0,0,0,0,0
   Uruguay,  Melanesia,0,0,0,0,0,0
   Uruguay,  Micronesia,0,0,0,0,0,0
   Uruguay,  Polynesia*,0,0,0,0,0,0
   Uruguay,   Argentina,27662,33022,12086,14856,15576,18166
   Uruguay,   Brazil,12369,14762,4965,6137,7404,8625
   Uruguay,   Canada,313,372,103,128,210,244
   Uruguay,   Chile,1288,1536,614,752,674,784
   Uruguay,   France*,470,560,225,275,245,285
   Uruguay,   Germany,1384,1651,629,773,755,878
   Uruguay,   Italy,7327,8744,3987,4854,3340,3890
   Uruguay,   Mexico,532,635,235,290,297,345
   Uruguay,   Paraguay,1027,1225,326,409,701,816
   Uruguay,   Peru,90,106,62,75,28,31
   Uruguay,   Poland,1166,1390,508,625,658,765
   Uruguay,   Portugal,560,668,290,354,270,314
   Uruguay,   Romania,611,728,290,356,321,372
   Uruguay,   Spain*,16232,19374,7353,9030,8879,10344
   Uruguay,   United Kingdom*,454,541,191,235,263,306
   Uruguay,   United States of America*,623,743,327,400,296,343
   Uruguay,   Venezuela (Bolivarian Republic of),583,14908,284,7511,299,7397
   Uruguay,Other,6108,7302,3167,3877,2941,3425
   Venezuela (Bolivarian Republic of),WORLD,1404448,1324193,703458,652823,700990,671370
   Venezuela (Bolivarian Republic of),  Sub-Saharan Africa,542,499,319,298,223,201
   Venezuela (Bolivarian Republic of),  Northern Africa and Western Asia,27666,26062,16833,15709,10833,10353
   Venezuela (Bolivarian Republic of),  Central and Southern Asia,362,338,204,191,158,147
   Venezuela (Bolivarian Republic of),  Eastern and South-Eastern Asia,15474,14576,8906,8300,6568,6276
   Venezuela (Bolivarian Republic of),  Latin America and the Caribbean,1147608,1082038,556952,516318,590656,565720
   Venezuela (Bolivarian Republic of),  Oceania (excluding Australia and New Zealand),0,0,0,0,0,0
   Venezuela (Bolivarian Republic of),  Australia and New Zealand,166,153,84,78,82,75
   Venezuela (Bolivarian Republic of),  Europe and Northern America,212438,200248,120043,111803,92395,88445
   Venezuela (Bolivarian Republic of),  Developed regions,212963,200738,120339,112079,92624,88659
   Venezuela (Bolivarian Republic of),  Less developed regions,1191293,1123176,583002,540618,608291,582558
   Venezuela (Bolivarian Republic of)," Less developed regions, excluding least developed countries",1189075,1121093,581765,539466,607310,581627
   Venezuela (Bolivarian Republic of)," Less developed regions, excluding China",1176855,1109566,574646,532831,602209,576735
   Venezuela (Bolivarian Republic of),  Least developed countries,2218,2083,1237,1152,981,931
   Venezuela (Bolivarian Republic of),  Land-locked Developing Countries (LLDC),2265,2129,1171,1089,1094,1040
   Venezuela (Bolivarian Republic of),  Small island developing States (SIDS),42421,39975,19142,17704,23279,22271
   Venezuela (Bolivarian Republic of),  High-income countries,239463,225711,134255,125011,105208,100700
   Venezuela (Bolivarian Republic of),  Middle-income countries,1146975,1081414,558401,517718,588574,563696
   Venezuela (Bolivarian Republic of), Upper-middle-income countries,1138860,1073788,554379,513984,584481,559804
   Venezuela (Bolivarian Republic of), Lower-middle-income countries,8115,7626,4022,3734,4093,3892
   Venezuela (Bolivarian Republic of),  Low-income countries,17694,16675,10634,9921,7060,6754
   Venezuela (Bolivarian Republic of), AFRICA,1979,1848,1087,1012,892,836
   Venezuela (Bolivarian Republic of),  Eastern Africa,131,118,71,66,60,52
   Venezuela (Bolivarian Republic of),  Middle Africa,188,176,99,92,89,84
   Venezuela (Bolivarian Republic of),  Northern Africa,1437,1349,768,714,669,635
   Venezuela (Bolivarian Republic of),  Southern Africa,71,66,35,33,36,33
   Venezuela (Bolivarian Republic of),  Western Africa,152,139,114,107,38,32
   Venezuela (Bolivarian Republic of), ASIA,42065,39627,25175,23486,16890,16141
   Venezuela (Bolivarian Republic of),  Central Asia,0,0,0,0,0,0
   Venezuela (Bolivarian Republic of),  Eastern Asia,15120,14250,8750,8155,6370,6095
   Venezuela (Bolivarian Republic of),  South-Eastern Asia,354,326,156,145,198,181
   Venezuela (Bolivarian Republic of),  Southern Asia,362,338,204,191,158,147
   Venezuela (Bolivarian Republic of),  Western Asia,26229,24713,16065,14995,10164,9718
   Venezuela (Bolivarian Republic of), EUROPE,200060,188580,113823,106030,86237,82550
   Venezuela (Bolivarian Republic of),  Eastern Europe,4239,3987,1958,1813,2281,2174
   Venezuela (Bolivarian Republic of),  Northern Europe,2625,2463,1355,1257,1270,1206
   Venezuela (Bolivarian Republic of),  Southern Europe,182634,172183,104933,97780,77701,74403
   Venezuela (Bolivarian Republic of),  Western Europe,10562,9947,5577,5180,4985,4767
   Venezuela (Bolivarian Republic of), LATIN AMERICA AND THE CARIBBEAN,1147608,1082038,556952,516318,590656,565720
   Venezuela (Bolivarian Republic of),  Caribbean,33239,31321,14642,13529,18597,17792
   Venezuela (Bolivarian Republic of),  Central America,9640,9077,4259,3934,5381,5143
   Venezuela (Bolivarian Republic of),  South America,1104729,1041640,538051,498855,566678,542785
   Venezuela (Bolivarian Republic of), NORTHERN AMERICA,12378,11668,6220,5773,6158,5895
   Venezuela (Bolivarian Republic of), OCEANIA ,166,153,84,78,82,75
   Venezuela (Bolivarian Republic of),  Australia and New Zealand,166,153,84,78,82,75
   Venezuela (Bolivarian Republic of),  Melanesia,0,0,0,0,0,0
   Venezuela (Bolivarian Republic of),  Micronesia,0,0,0,0,0,0
   Venezuela (Bolivarian Republic of),  Polynesia*,0,0,0,0,0,0
   Venezuela (Bolivarian Republic of),   Albania,19,17,9,9,10,8
   Venezuela (Bolivarian Republic of),   Algeria,95,89,45,42,50,47
   Venezuela (Bolivarian Republic of),   Angola,188,176,99,92,89,84
   Venezuela (Bolivarian Republic of),   Argentina,9944,9374,5158,4791,4786,4583
   Venezuela (Bolivarian Republic of),   Australia*,148,137,76,70,72,67
   Venezuela (Bolivarian Republic of),   Austria,828,779,410,380,418,399
   Venezuela (Bolivarian Republic of),   Armenia,34,31,18,17,16,14
   Venezuela (Bolivarian Republic of),   Barbados,7,5,5,5,2,0
   Venezuela (Bolivarian Republic of),   Belgium,395,370,210,194,185,176
   Venezuela (Bolivarian Republic of),   Bolivia (Plurinational State of),1967,1853,1018,946,949,907
   Venezuela (Bolivarian Republic of),   Bosnia and Herzegovina,24,22,13,13,11,9
   Venezuela (Bolivarian Republic of),   Brazil,6026,5680,2936,2722,3090,2958
   Venezuela (Bolivarian Republic of),   Belize,20,18,10,10,10,8
   Venezuela (Bolivarian Republic of),   Bulgaria,142,133,89,83,53,50
   Venezuela (Bolivarian Republic of),   Canada,1136,1070,593,551,543,519
   Venezuela (Bolivarian Republic of),   Chile,15263,14390,7894,7334,7369,7056
   Venezuela (Bolivarian Republic of),   China*,13865,13071,8024,7478,5841,5593
   Venezuela (Bolivarian Republic of),   Colombia,973315,917753,469595,435251,503720,482502
   Venezuela (Bolivarian Republic of),   Costa Rica,1127,1061,480,442,647,619
   Venezuela (Bolivarian Republic of),   Croatia,410,385,234,218,176,167
   Venezuela (Bolivarian Republic of),   Cuba,11423,10769,5728,5316,5695,5453
   Venezuela (Bolivarian Republic of),   Cyprus*,15,13,7,7,8,6
   Venezuela (Bolivarian Republic of),   Czechia,376,353,187,174,189,179
   Venezuela (Bolivarian Republic of),   Denmark*,145,136,92,86,53,50
   Venezuela (Bolivarian Republic of),   Dominica,0,0,0,0,0,0
   Venezuela (Bolivarian Republic of),   Dominican Republic,14743,13899,5470,5019,9273,8880
   Venezuela (Bolivarian Republic of),   Ecuador,36973,34858,18095,16779,18878,18079
   Venezuela (Bolivarian Republic of),   El Salvador,1015,956,439,406,576,550
   Venezuela (Bolivarian Republic of),   Ethiopia,35,32,23,22,12,10
   Venezuela (Bolivarian Republic of),   Eritrea,28,25,15,14,13,11
   Venezuela (Bolivarian Republic of),   Estonia,52,47,15,13,37,34
   Venezuela (Bolivarian Republic of),   Finland*,72,67,30,28,42,39
   Venezuela (Bolivarian Republic of),   France*,3777,3559,1916,1778,1861,1781
   Venezuela (Bolivarian Republic of),   French Guiana*,30,27,13,12,17,15
   Venezuela (Bolivarian Republic of),   Georgia*,13,11,3,3,10,8
   Venezuela (Bolivarian Republic of),   State of Palestine*,481,453,310,291,171,162
   Venezuela (Bolivarian Republic of),   Germany,4211,3968,2232,2074,1979,1894
   Venezuela (Bolivarian Republic of),   Ghana,33,30,27,26,6,4
   Venezuela (Bolivarian Republic of),   Greece,735,691,468,437,267,254
   Venezuela (Bolivarian Republic of),   Grenada,163,152,53,48,110,104
   Venezuela (Bolivarian Republic of),   Guatemala,428,402,197,182,231,220
   Venezuela (Bolivarian Republic of),   Guyana,9149,8624,4483,4157,4666,4467
   Venezuela (Bolivarian Republic of),   Haiti,1900,1790,1069,996,831,794
   Venezuela (Bolivarian Republic of),   Honduras,294,275,130,120,164,155
   Venezuela (Bolivarian Republic of),"   China, Hong Kong SAR*",573,539,332,309,241,230
   Venezuela (Bolivarian Republic of),   Hungary,1027,966,513,475,514,491
   Venezuela (Bolivarian Republic of),   India,258,242,136,126,122,116
   Venezuela (Bolivarian Republic of),   Indonesia,59,54,24,22,35,32
   Venezuela (Bolivarian Republic of),   Iran (Islamic Republic of),90,84,56,53,34,31
   Venezuela (Bolivarian Republic of),   Iraq,79,73,55,51,24,22
   Venezuela (Bolivarian Republic of),   Ireland,62,57,36,33,26,24
   Venezuela (Bolivarian Republic of),   Israel,468,440,276,258,192,182
   Venezuela (Bolivarian Republic of),   Italy,51068,48148,31971,29860,19097,18288
   Venezuela (Bolivarian Republic of),   Jamaica,95,89,41,38,54,51
   Venezuela (Bolivarian Republic of),   Japan,359,337,212,198,147,139
   Venezuela (Bolivarian Republic of),   Jordan,200,186,119,110,81,76
   Venezuela (Bolivarian Republic of),   Dem. People's Republic of Korea,46,43,22,21,24,22
   Venezuela (Bolivarian Republic of),   Republic of Korea,277,260,160,149,117,111
   Venezuela (Bolivarian Republic of),   Kuwait,71,66,41,38,30,28
   Venezuela (Bolivarian Republic of),   Lebanon,7486,7056,4566,4261,2920,2795
   Venezuela (Bolivarian Republic of),   Latvia,140,131,68,64,72,67
   Venezuela (Bolivarian Republic of),   Libya,135,126,83,77,52,49
   Venezuela (Bolivarian Republic of),   Lithuania,147,136,68,62,79,74
   Venezuela (Bolivarian Republic of),   Malaysia*,34,31,17,16,17,15
   Venezuela (Bolivarian Republic of),   Martinique*,43,40,14,13,29,27
   Venezuela (Bolivarian Republic of),   Mexico,3831,3610,1681,1552,2150,2058
   Venezuela (Bolivarian Republic of),   Montenegro,272,255,131,122,141,133
   Venezuela (Bolivarian Republic of),   Morocco,1008,949,534,496,474,453
   Venezuela (Bolivarian Republic of),   Mozambique,53,48,25,22,28,26
   Venezuela (Bolivarian Republic of),   Netherlands*,690,649,407,379,283,270
   Venezuela (Bolivarian Republic of),   Curaçao*,718,677,336,311,382,366
   Venezuela (Bolivarian Republic of),   Aruba*,486,457,200,184,286,273
   Venezuela (Bolivarian Republic of),   Sint Maarten (Dutch part)*,256,240,120,111,136,129
   Venezuela (Bolivarian Republic of),"   Bonaire, Sint Eustatius and Saba*",51,47,24,22,27,25
   Venezuela (Bolivarian Republic of),   New Zealand*,18,16,8,8,10,8
   Venezuela (Bolivarian Republic of),   Nicaragua,2045,1927,915,846,1130,1081
   Venezuela (Bolivarian Republic of),   Nigeria,105,97,81,75,24,22
   Venezuela (Bolivarian Republic of),   Norway*,90,84,48,45,42,39
   Venezuela (Bolivarian Republic of),   Pakistan,14,12,12,12,2,0
   Venezuela (Bolivarian Republic of),   Panama,880,828,407,376,473,452
   Venezuela (Bolivarian Republic of),   Paraguay,214,200,104,96,110,104
   Venezuela (Bolivarian Republic of),   Peru,47007,44319,26206,24398,20801,19921
   Venezuela (Bolivarian Republic of),   Philippines,161,150,66,60,95,90
   Venezuela (Bolivarian Republic of),   Poland,911,858,396,366,515,492
   Venezuela (Bolivarian Republic of),   Portugal,54591,51471,31672,29521,22919,21950
   Venezuela (Bolivarian Republic of),   Puerto Rico*,419,393,191,176,228,217
   Venezuela (Bolivarian Republic of),   Romania,874,823,394,364,480,459
   Venezuela (Bolivarian Republic of),   Russian Federation,674,635,286,265,388,370
   Venezuela (Bolivarian Republic of),   Saint Lucia,6,4,4,4,2,0
   Venezuela (Bolivarian Republic of),   Saint Vincent and the Grenadines,121,113,73,68,48,45
   Venezuela (Bolivarian Republic of),   Saudi Arabia,1618,1524,1112,1041,506,483
   Venezuela (Bolivarian Republic of),   Senegal,14,12,6,6,8,6
   Venezuela (Bolivarian Republic of),   Serbia*,830,781,400,370,430,411
   Venezuela (Bolivarian Republic of),   Singapore,18,16,8,8,10,8
   Venezuela (Bolivarian Republic of),   Slovakia,24,22,8,8,16,14
   Venezuela (Bolivarian Republic of),   Viet Nam,12,10,5,5,7,5
   Venezuela (Bolivarian Republic of),   Slovenia,103,95,56,51,47,44
   Venezuela (Bolivarian Republic of),   South Africa,71,66,35,33,36,33
   Venezuela (Bolivarian Republic of),   Zimbabwe,15,13,8,8,7,5
   Venezuela (Bolivarian Republic of),   Spain*,74582,70318,39979,37179,34603,33139
   Venezuela (Bolivarian Republic of),   Suriname,46,43,23,22,23,21
   Venezuela (Bolivarian Republic of),   Sweden,114,106,59,54,55,52
   Venezuela (Bolivarian Republic of),   Switzerland,661,622,402,375,259,247
   Venezuela (Bolivarian Republic of),   Syrian Arab Republic,15632,14737,9480,8846,6152,5891
   Venezuela (Bolivarian Republic of),   Thailand,70,65,36,34,34,31
   Venezuela (Bolivarian Republic of),   Trinidad and Tobago,2808,2646,1314,1218,1494,1428
   Venezuela (Bolivarian Republic of),   Tunisia,14,12,6,6,8,6
   Venezuela (Bolivarian Republic of),   Turkey,132,123,78,72,54,51
   Venezuela (Bolivarian Republic of),   Ukraine*,211,197,85,78,126,119
   Venezuela (Bolivarian Republic of),   Egypt,185,173,100,93,85,80
   Venezuela (Bolivarian Republic of),   United Kingdom*,1803,1699,939,872,864,827
   Venezuela (Bolivarian Republic of),   United States of America*,11242,10598,5627,5222,5615,5376
   Venezuela (Bolivarian Republic of),   Uruguay,4795,4519,2526,2347,2269,2172
   Venezuela (Bolivarian Republic of),Other,192,279,117,126,75,153
 NORTHERN AMERICA,WORLD,55633741,58708795,26993925,28321426,28639816,30387369
 NORTHERN AMERICA,  Sub-Saharan Africa,1974121,2466926,980939,1214440,993182,1252486
 NORTHERN AMERICA,  Northern Africa and Western Asia,2434443,2421383,1209932,1214082,1224511,1207301
 NORTHERN AMERICA,  Central and Southern Asia,5021586,5682115,2576944,2905827,2444642,2776288
 NORTHERN AMERICA,  Eastern and South-Eastern Asia,10506967,10247568,4782087,4629160,5724880,5618408
 NORTHERN AMERICA,  Latin America and the Caribbean,24980329,25535633,12384729,12498762,12595600,13036871
 NORTHERN AMERICA,  Oceania (excluding Australia and New Zealand),125873,156994,60021,74353,65852,82641
 NORTHERN AMERICA,  Australia and New Zealand,154382,186631,59934,72009,94448,114622
 NORTHERN AMERICA,  Europe and Northern America,8026249,7958392,3675496,3641890,4350753,4316502
 NORTHERN AMERICA,  Developed regions,8543515,8494353,3907936,3878951,4635579,4615402
 NORTHERN AMERICA,  Less developed regions,44680435,46161289,21822146,22371572,22858289,23789717
 NORTHERN AMERICA," Less developed regions, excluding least developed countries",41767826,42834882,20403467,20766778,21364359,22068104
 NORTHERN AMERICA," Less developed regions, excluding China",40883531,42797880,20006459,20772517,20877072,22025363
 NORTHERN AMERICA,  Least developed countries,2912609,3326407,1418679,1604794,1493930,1721613
 NORTHERN AMERICA,  Land-locked Developing Countries (LLDC),1397118,1631132,677685,780467,719433,850665
 NORTHERN AMERICA,  Small island developing States (SIDS),7002774,7473820,3233980,3431126,3768794,4042694
 NORTHERN AMERICA,  High-income countries,11616618,11674525,5363296,5386933,6253322,6287592
 NORTHERN AMERICA,  Middle-income countries,39689762,40777887,19433755,19801334,20256007,20976553
 NORTHERN AMERICA, Upper-middle-income countries,26135020,25815819,12949596,12665386,13185424,13150433
 NORTHERN AMERICA, Lower-middle-income countries,13554742,14962068,6484159,7135948,7070583,7826120
 NORTHERN AMERICA,  Low-income countries,1904071,2186124,926970,1054670,977101,1131454
 NORTHERN AMERICA, AFRICA,2663579,3268757,1328799,1615287,1334780,1653470
 NORTHERN AMERICA,  Eastern Africa,846463,1041477,410331,498947,436132,542530
 NORTHERN AMERICA,  Middle Africa,142131,185367,72521,94235,69610,91132
 NORTHERN AMERICA,  Northern Africa,689458,801831,347860,400847,341598,400984
 NORTHERN AMERICA,  Southern Africa,148023,168266,71955,81117,76068,87149
 NORTHERN AMERICA,  Western Africa,837504,1071816,426132,540141,411372,531675
 NORTHERN AMERICA, ASIA,17273538,17549235,8221103,8348222,9052435,9201013
 NORTHERN AMERICA,  Central Asia,126795,144491,61589,69531,65206,74960
 NORTHERN AMERICA,  Eastern Asia,5344541,4886669,2560216,2329473,2784325,2557196
 NORTHERN AMERICA,  South-Eastern Asia,5162426,5360899,2221871,2299687,2940555,3061212
 NORTHERN AMERICA,  Southern Asia,4894791,5537624,2515355,2836296,2379436,2701328
 NORTHERN AMERICA,  Western Asia,1744985,1619552,862072,813235,882913,806317
 NORTHERN AMERICA, EUROPE,6926249,6869872,3284835,3252887,3641414,3616985
 NORTHERN AMERICA,  Eastern Europe,2205201,2227714,1047894,1052437,1157307,1175277
 NORTHERN AMERICA,  Northern Europe,1600179,1610643,755674,762271,844505,848372
 NORTHERN AMERICA,  Southern Europe,1741818,1707336,816647,800074,925171,907262
 NORTHERN AMERICA,  Western Europe,1379051,1324179,664620,638105,714431,686074
 NORTHERN AMERICA, LATIN AMERICA AND THE CARIBBEAN,24980329,25535633,12384729,12498762,12595600,13036871
 NORTHERN AMERICA,  Caribbean,6303743,6798694,2912168,3122539,3391575,3676155
 NORTHERN AMERICA,  Central America,15308301,14943682,8002375,7754276,7305926,7189406
 NORTHERN AMERICA,  South America,3368285,3793257,1470186,1621947,1898099,2171310
 NORTHERN AMERICA, NORTHERN AMERICA,1100000,1088520,390661,389003,709339,699517
 NORTHERN AMERICA, OCEANIA ,280255,343625,119955,146362,160300,197263
 NORTHERN AMERICA,  Australia and New Zealand,154382,186631,59934,72009,94448,114622
 NORTHERN AMERICA,  Melanesia,71785,78579,33627,36514,38158,42065
 NORTHERN AMERICA,  Micronesia,15252,22159,7509,10791,7743,11368
 NORTHERN AMERICA,  Polynesia*,38836,56256,18885,27048,19951,29208
 NORTHERN AMERICA,   Burundi,8418,9119,4143,4488,4275,4631
 NORTHERN AMERICA,   Comoros,134,144,65,71,69,73
 NORTHERN AMERICA,   Djibouti,2221,2405,994,1078,1227,1327
 NORTHERN AMERICA,   Eritrea,51249,67787,25601,33476,25648,34311
 NORTHERN AMERICA,   Ethiopia,254077,280980,124720,136548,129357,144432
 NORTHERN AMERICA,   Kenya,152173,186201,77606,94301,74567,91900
 NORTHERN AMERICA,   Madagascar,3528,3821,1600,1733,1928,2088
 NORTHERN AMERICA,   Malawi,665,719,352,381,313,338
 NORTHERN AMERICA,   Mauritius*,15802,17120,7908,8568,7894,8552
 NORTHERN AMERICA,   Mayotte*,0,0,0,0,0,0
 NORTHERN AMERICA,   Mozambique,1242,1344,591,640,651,704
 NORTHERN AMERICA,   Réunion*,293,316,144,156,149,160
 NORTHERN AMERICA,   Rwanda,6067,6572,2836,3073,3231,3499
 NORTHERN AMERICA,   Seychelles,1028,1112,452,489,576,623
 NORTHERN AMERICA,   Somalia,120070,149998,57734,71669,62336,78329
 NORTHERN AMERICA,   South Sudan,5506,5965,2976,3225,2530,2740
 NORTHERN AMERICA,   Uganda,58831,80645,25929,34918,32902,45727
 NORTHERN AMERICA,   United Republic of Tanzania*,70718,95203,34512,46117,36206,49086
 NORTHERN AMERICA,   Zambia,28548,40121,11953,16474,16595,23647
 NORTHERN AMERICA,   Zimbabwe,65893,91905,30215,41542,35678,50363
 NORTHERN AMERICA,   Angola,17168,23803,8480,11634,8688,12169
 NORTHERN AMERICA,   Cameroon,67707,90083,36087,47869,31620,42214
 NORTHERN AMERICA,   Central African Republic,1048,1134,536,581,512,553
 NORTHERN AMERICA,   Chad,1585,1716,835,905,750,811
 NORTHERN AMERICA,   Congo,2444,2647,1346,1459,1098,1188
 NORTHERN AMERICA,   Democratic Republic of the Congo,51052,64765,24705,31209,26347,33556
 NORTHERN AMERICA,   Equatorial Guinea,59,63,35,39,24,24
 NORTHERN AMERICA,   Gabon,1068,1156,497,539,571,617
 NORTHERN AMERICA,   Sao Tome and Principe,0,0,0,0,0,0
 NORTHERN AMERICA,   Algeria,83856,98118,43247,50231,40609,47887
 NORTHERN AMERICA,   Egypt,252393,274580,132794,143393,119599,131187
 NORTHERN AMERICA,   Libya,15937,20842,8052,10407,7885,10435
 NORTHERN AMERICA,   Morocco,142981,151469,69011,72759,73970,78710
 NORTHERN AMERICA,   Sudan,56080,62363,25516,28039,30564,34324
 NORTHERN AMERICA,   Tunisia,138211,194459,69240,96018,68971,98441
 NORTHERN AMERICA,   Western Sahara,0,0,0,0,0,0
 NORTHERN AMERICA,   Botswana,844,913,347,376,497,537
 NORTHERN AMERICA,   Eswatini,397,429,159,172,238,257
 NORTHERN AMERICA,   Lesotho,104,111,60,65,44,46
 NORTHERN AMERICA,   Namibia,1028,1112,482,522,546,590
 NORTHERN AMERICA,   South Africa,145650,165701,70907,79982,74743,85719
 NORTHERN AMERICA,   Benin,2748,2976,1600,1733,1148,1243
 NORTHERN AMERICA,   Burkina Faso,1967,2130,978,1060,989,1070
 NORTHERN AMERICA,   Cabo Verde,40658,36257,18677,16443,21981,19814
 NORTHERN AMERICA,   Côte d'Ivoire,40068,54067,19900,26566,20168,27501
 NORTHERN AMERICA,   Gambia,23822,34372,11765,16774,12057,17598
 NORTHERN AMERICA,   Ghana,183876,225776,107021,130807,76855,94969
 NORTHERN AMERICA,   Guinea,25491,35136,12600,17189,12891,17947
 NORTHERN AMERICA,   Guinea-Bissau,109,116,70,76,39,40
 NORTHERN AMERICA,   Liberia,87941,107897,41881,50780,46060,57117
 NORTHERN AMERICA,   Mali,2082,2255,1083,1174,999,1081
 NORTHERN AMERICA,   Mauritania,899,973,576,624,323,349
 NORTHERN AMERICA,   Niger,1023,1107,546,591,477,516
 NORTHERN AMERICA,   Nigeria,328992,447910,162647,218904,166345,229006
 NORTHERN AMERICA,   Saint Helena*,0,0,0,0,0,0
 NORTHERN AMERICA,   Senegal,49777,69582,24990,34426,24787,35156
 NORTHERN AMERICA,   Sierra Leone,44722,47656,19895,20932,24827,26724
 NORTHERN AMERICA,   Togo,3329,3606,1903,2062,1426,1544
 NORTHERN AMERICA,   Kazakhstan,41265,49759,19938,23882,21327,25877
 NORTHERN AMERICA,   Kyrgyzstan,9075,12091,4376,5808,4699,6283
 NORTHERN AMERICA,   Tajikistan,6104,8388,3001,4091,3103,4297
 NORTHERN AMERICA,   Turkmenistan,2802,3883,1236,1694,1566,2189
 NORTHERN AMERICA,   Uzbekistan,67549,70370,33038,34056,34511,36314
 NORTHERN AMERICA,   China*,3322051,2883364,1587275,1369896,1734776,1513468
 NORTHERN AMERICA,"   China, Hong Kong SAR*",456571,455590,219703,217536,236868,238054
 NORTHERN AMERICA,"   China, Macao SAR*",18282,24455,8709,11623,9573,12832
 NORTHERN AMERICA,"   China, Taiwan Province of China*",0,0,0,0,0,0
 NORTHERN AMERICA,   Dem. People's Republic of Korea,775,838,413,448,362,390
 NORTHERN AMERICA,   Japan,362884,349330,172506,165052,190378,184278
 NORTHERN AMERICA,   Mongolia,1411,1528,636,690,775,838
 NORTHERN AMERICA,   Republic of Korea,1182567,1171564,570974,564228,611593,607336
 NORTHERN AMERICA,   Brunei Darussalam,4457,4828,2330,2524,2127,2304
 NORTHERN AMERICA,   Cambodia,204679,180002,94792,82435,109887,97567
 NORTHERN AMERICA,   Indonesia,118714,120994,57717,58195,60997,62799
 NORTHERN AMERICA,   Lao People's Democratic Republic,228163,188862,114513,93799,113650,95063
 NORTHERN AMERICA,   Malaysia*,95589,99613,46095,47583,49494,52030
 NORTHERN AMERICA,   Myanmar,142588,165255,70324,80631,72264,84624
 NORTHERN AMERICA,   Philippines,2568498,2696634,1001092,1048970,1567406,1647664
 NORTHERN AMERICA,   Singapore,47874,46226,20083,19242,27791,26984
 NORTHERN AMERICA,   Thailand,283077,273027,99941,96138,183136,176889
 NORTHERN AMERICA,   Timor-Leste,0,0,0,0,0,0
 NORTHERN AMERICA,   Viet Nam,1468787,1585458,714984,770170,753803,815288
 NORTHERN AMERICA,   Afghanistan,125747,198458,63771,100157,61976,98301
 NORTHERN AMERICA,   Bangladesh,280990,324746,139074,159189,141916,165557
 NORTHERN AMERICA,   Bhutan,4218,4569,2116,2293,2102,2276
 NORTHERN AMERICA,   India,3054597,3444419,1590897,1791912,1463700,1652507
 NORTHERN AMERICA,   Iran (Islamic Republic of),547696,553540,282340,284777,265356,268763
 NORTHERN AMERICA,   Maldives,0,0,0,0,0,0
 NORTHERN AMERICA,   Nepal,119978,191957,59210,93615,60768,98342
 NORTHERN AMERICA,   Pakistan,577472,626248,287546,309531,289926,316717
 NORTHERN AMERICA,   Sri Lanka,184093,193687,90401,94822,93692,98865
 NORTHERN AMERICA,   Armenia,98368,91978,48288,44653,50080,47325
 NORTHERN AMERICA,   Azerbaijan*,25782,36053,12481,17337,13301,18716
 NORTHERN AMERICA,   Bahrain,2375,2572,1282,1389,1093,1183
 NORTHERN AMERICA,   Cyprus*,24410,33996,13487,18716,10923,15280
 NORTHERN AMERICA,   Georgia*,29680,42187,14529,20454,15151,21733
 NORTHERN AMERICA,   Iraq,281482,329778,139435,161822,142047,167956
 NORTHERN AMERICA,   Israel,156265,162569,80318,83450,75947,79119
 NORTHERN AMERICA,   Jordan,88563,105518,52730,62836,35833,42682
 NORTHERN AMERICA,   Kuwait,44967,45488,22539,22670,22428,22818
 NORTHERN AMERICA,   Lebanon,207813,214713,111859,115413,95954,99300
 NORTHERN AMERICA,   Oman,1530,1656,770,834,760,822
 NORTHERN AMERICA,   Qatar,2474,2680,1256,1362,1218,1318
 NORTHERN AMERICA,   Saudi Arabia,107819,99568,49099,45121,58720,54447
 NORTHERN AMERICA,   State of Palestine*,48336,67229,24290,33297,24046,33932
 NORTHERN AMERICA,   Syrian Arab Republic,137516,141200,68136,69521,69380,71679
 NORTHERN AMERICA,   Turkey,405737,141712,180511,64405,225226,77307
 NORTHERN AMERICA,   United Arab Emirates,33285,40654,17173,20765,16112,19889
 NORTHERN AMERICA,   Yemen,48583,60001,23889,29190,24694,30811
 NORTHERN AMERICA,   Belarus,71615,63556,34978,30713,36637,32843
 NORTHERN AMERICA,   Bulgaria,92164,84551,46869,42581,45295,41970
 NORTHERN AMERICA,   Czechia,96794,132934,47197,64311,49597,68623
 NORTHERN AMERICA,   Hungary,115354,103328,55705,49579,59649,53749
 NORTHERN AMERICA,   Poland,564970,564595,256763,256085,308207,308510
 NORTHERN AMERICA,   Republic of Moldova*,61425,64671,30137,31474,31288,33197
 NORTHERN AMERICA,   Romania,267691,267873,126309,125440,141382,142433
 NORTHERN AMERICA,   Russian Federation,464731,481796,223504,231066,241227,250730
 NORTHERN AMERICA,   Slovakia,14316,15511,6745,7309,7571,8202
 NORTHERN AMERICA,   Ukraine*,456141,448899,219687,213879,236454,235020
 NORTHERN AMERICA,   Channel Islands*,0,0,0,0,0,0
 NORTHERN AMERICA,   Denmark*,48666,51250,21202,22199,27464,29051
 NORTHERN AMERICA,   Estonia,14266,19553,6706,9162,7560,10391
 NORTHERN AMERICA,   Faroe Islands*,279,273,229,224,50,49
 NORTHERN AMERICA,   Finland*,31358,42062,14607,19626,16751,22436
 NORTHERN AMERICA,   Iceland,6421,9033,3193,4433,3228,4600
 NORTHERN AMERICA,   Ireland,148580,136737,61248,56796,87332,79941
 NORTHERN AMERICA,   Isle of Man*,0,0,0,0,0,0
 NORTHERN AMERICA,   Latvia,31006,28672,12436,11539,18570,17133
 NORTHERN AMERICA,   Lithuania,44398,37795,19029,15993,25369,21802
 NORTHERN AMERICA,   Norway*,32798,22297,14065,9563,18733,12734
 NORTHERN AMERICA,   Sweden,58792,47909,24293,19612,34499,28297
 NORTHERN AMERICA,   United Kingdom*,1183615,1215062,578666,593124,604949,621938
 NORTHERN AMERICA,   Albania,107135,113796,52687,55418,54448,58378
 NORTHERN AMERICA,   Andorra,0,0,0,0,0,0
 NORTHERN AMERICA,   Bosnia and Herzegovina,163409,143042,80587,70016,82822,73026
 NORTHERN AMERICA,   Croatia,84743,79233,41735,38894,43008,40339
 NORTHERN AMERICA,   Gibraltar*,163,175,74,80,89,95
 NORTHERN AMERICA,   Greece,214033,184157,109286,93263,104747,90894
 NORTHERN AMERICA,   Holy See*,0,0,0,0,0,0
 NORTHERN AMERICA,   Italy,587793,564904,271412,262345,316381,302559
 NORTHERN AMERICA,   Malta,15784,20191,8030,10206,7754,9985
 NORTHERN AMERICA,   Montenegro,1853,2006,919,996,934,1010
 NORTHERN AMERICA,   North Macedonia,38254,43956,18820,21441,19434,22515
 NORTHERN AMERICA,   Portugal,317024,343079,152448,164701,164576,178378
 NORTHERN AMERICA,   San Marino,0,0,0,0,0,0
 NORTHERN AMERICA,   Serbia*,71440,75722,35054,36932,36386,38790
 NORTHERN AMERICA,   Slovenia,17830,22891,8492,10883,9338,12008
 NORTHERN AMERICA,   Spain*,122357,114184,37103,34899,85254,79285
 NORTHERN AMERICA,   Austria,66918,56241,25970,22224,40948,34017
 NORTHERN AMERICA,   Belgium,55739,51134,27425,24995,28314,26139
 NORTHERN AMERICA,   France*,279321,276866,140572,139491,138749,137375
 NORTHERN AMERICA,   Germany,730470,691476,353109,333486,377361,357990
 NORTHERN AMERICA,   Liechtenstein,0,0,0,0,0,0
 NORTHERN AMERICA,   Luxembourg,3339,4599,1668,2271,1671,2328
 NORTHERN AMERICA,   Monaco,109,116,95,102,14,14
 NORTHERN AMERICA,   Netherlands*,180733,175201,87688,85025,93045,90176
 NORTHERN AMERICA,   Switzerland,62422,68546,28093,30511,34329,38035
 NORTHERN AMERICA,   Anguilla*,64,68,40,44,24,24
 NORTHERN AMERICA,   Antigua and Barbuda,33972,48523,15124,21307,18848,27216
 NORTHERN AMERICA,   Aruba*,7162,10193,2892,4060,4270,6133
 NORTHERN AMERICA,   Bahamas,38128,48680,15817,19871,22311,28809
 NORTHERN AMERICA,   Barbados,72488,66915,32872,30037,39616,36878
 NORTHERN AMERICA,"   Bonaire, Sint Eustatius and Saba*",4069,4407,1849,2004,2220,2403
 NORTHERN AMERICA,   British Virgin Islands*,84,90,40,44,44,46
 NORTHERN AMERICA,   Cayman Islands*,268,289,144,156,124,133
 NORTHERN AMERICA,   Cuba,1228438,1395456,580088,657351,648350,738105
 NORTHERN AMERICA,   Curaçao*,467,505,194,211,273,294
 NORTHERN AMERICA,   Dominica,35141,39007,15080,16515,20061,22492
 NORTHERN AMERICA,   Dominican Republic,1097482,1179385,472251,500132,625231,679253
 NORTHERN AMERICA,   Grenada,45854,36356,19548,15228,26306,21128
 NORTHERN AMERICA,   Guadeloupe*,511,552,243,263,268,289
 NORTHERN AMERICA,   Haiti,775442,806036,378965,389740,396477,416296
 NORTHERN AMERICA,   Jamaica,850167,943010,367702,406872,482465,536138
 NORTHERN AMERICA,   Martinique*,641,693,293,318,348,375
 NORTHERN AMERICA,   Montserrat*,7355,10460,3199,4485,4156,5975
 NORTHERN AMERICA,   Puerto Rico*,1696138,1829792,831343,894774,864795,935018
 NORTHERN AMERICA,   Saint Barthélemy*,0,0,0,0,0,0
 NORTHERN AMERICA,   Saint Kitts and Nevis,21199,30030,9295,12992,11904,17038
 NORTHERN AMERICA,   Saint Lucia,29434,40534,12295,16804,17139,23730
 NORTHERN AMERICA,   Saint Martin (French part)*,0,0,0,0,0,0
 NORTHERN AMERICA,   Saint Vincent and the Grenadines,38164,29114,17853,12959,20311,16155
 NORTHERN AMERICA,   Sint Maarten (Dutch part)*,104,111,40,43,64,68
 NORTHERN AMERICA,   Trinidad and Tobago,320821,278329,134919,116240,185902,162089
 NORTHERN AMERICA,   Turks and Caicos Islands*,61,64,32,34,29,30
 NORTHERN AMERICA,   United States Virgin Islands*,89,95,50,55,39,40
 NORTHERN AMERICA,   Belize,56129,45116,23432,18596,32697,26520
 NORTHERN AMERICA,   Costa Rica,95864,101155,38726,40231,57138,60924
 NORTHERN AMERICA,   El Salvador,1400142,1462435,706796,736687,693346,725748
 NORTHERN AMERICA,   Guatemala,1008685,1245451,506609,618765,502076,626686
 NORTHERN AMERICA,   Honduras,615194,781427,262173,328025,353021,453402
 NORTHERN AMERICA,   Mexico,11723388,10939885,6268181,5837169,5455207,5102716
 NORTHERN AMERICA,   Nicaragua,290246,265635,138197,125005,152049,140630
 NORTHERN AMERICA,   Panama,118653,102578,58261,49798,60392,52780
 NORTHERN AMERICA,   Argentina,218624,240369,99678,108251,118946,132118
 NORTHERN AMERICA,   Bolivia (Plurinational State of),90897,84759,44633,41164,46264,43595
 NORTHERN AMERICA,   Brazil,390509,549087,151312,211408,239197,337679
 NORTHERN AMERICA,   Chile,133258,118471,58197,51528,75061,66943
 NORTHERN AMERICA,   Colombia,769009,893029,340165,393929,428844,499100
 NORTHERN AMERICA,   Ecuador,492912,441409,245536,217399,247376,224010
 NORTHERN AMERICA,   Falkland Islands (Malvinas)*,0,0,0,0,0,0
 NORTHERN AMERICA,   French Guiana*,278,299,134,144,144,155
 NORTHERN AMERICA,   Guyana,386380,336089,179149,153939,207231,182150
 NORTHERN AMERICA,   Paraguay,39025,54029,13823,18740,25202,35289
 NORTHERN AMERICA,   Peru,516076,467758,205966,186446,310110,281312
 NORTHERN AMERICA,   Suriname,15837,22626,7105,9980,8732,12646
 NORTHERN AMERICA,   Uruguay,58564,57310,23260,22789,35304,34521
 NORTHERN AMERICA,   Venezuela (Bolivarian Republic of),256916,528022,101228,206230,155688,321792
 NORTHERN AMERICA,   Bermuda*,10901,15161,5417,7445,5484,7716
 NORTHERN AMERICA,   Canada,832978,796118,270786,257641,562192,538477
 NORTHERN AMERICA,   Greenland*,0,0,0,0,0,0
 NORTHERN AMERICA,   Saint Pierre and Miquelon*,288,311,159,172,129,139
 NORTHERN AMERICA,   United States of America*,255833,276930,114299,123745,141534,153185
 NORTHERN AMERICA,   Australia*,110406,126353,41347,46997,69059,79356
 NORTHERN AMERICA,   New Zealand*,43976,60278,18587,25012,25389,35266
 NORTHERN AMERICA,   Fiji,71334,78094,33419,36289,37915,41805
 NORTHERN AMERICA,   New Caledonia*,218,234,109,118,109,116
 NORTHERN AMERICA,   Papua New Guinea,233,251,99,107,134,144
 NORTHERN AMERICA,   Solomon Islands,0,0,0,0,0,0
 NORTHERN AMERICA,   Vanuatu,0,0,0,0,0,0
 NORTHERN AMERICA,   Guam*,0,0,0,0,0,0
 NORTHERN AMERICA,   Kiribati,0,0,0,0,0,0
 NORTHERN AMERICA,   Marshall Islands,7188,10442,3541,5088,3647,5354
 NORTHERN AMERICA,   Micronesia (Fed. States of),8064,11717,3968,5703,4096,6014
 NORTHERN AMERICA,   Nauru,0,0,0,0,0,0
 NORTHERN AMERICA,   Northern Mariana Islands*,0,0,0,0,0,0
 NORTHERN AMERICA,   Palau,0,0,0,0,0,0
 NORTHERN AMERICA,   American Samoa*,0,0,0,0,0,0
 NORTHERN AMERICA,   Cook Islands*,0,0,0,0,0,0
 NORTHERN AMERICA,   French Polynesia*,178,191,89,96,89,95
 NORTHERN AMERICA,   Niue*,0,0,0,0,0,0
 NORTHERN AMERICA,   Samoa,18867,27357,9278,13303,9589,14054
 NORTHERN AMERICA,   Tokelau*,0,0,0,0,0,0
 NORTHERN AMERICA,   Tonga,19791,28708,9518,13649,10273,15059
 NORTHERN AMERICA,   Tuvalu,0,0,0,0,0,0
 NORTHERN AMERICA,   Wallis and Futuna Islands*,0,0,0,0,0,0
   Bermuda*,WORLD,19212,19739,9421,9724,9791,10015
   Bermuda*,  Sub-Saharan Africa,291,341,160,202,131,139
   Bermuda*,  Northern Africa and Western Asia,22,15,12,8,10,7
   Bermuda*,  Central and Southern Asia,519,601,410,428,109,173
   Bermuda*,  Eastern and South-Eastern Asia,1454,1914,697,890,757,1024
   Bermuda*,  Latin America and the Caribbean,2009,2233,912,1032,1097,1201
   Bermuda*,  Oceania (excluding Australia and New Zealand),0,0,0,0,0,0
   Bermuda*,  Australia and New Zealand,133,176,67,90,66,86
   Bermuda*,  Europe and Northern America,12394,12190,5901,5827,6493,6363
   Bermuda*,  Developed regions,12572,12396,5992,5929,6580,6467
   Bermuda*,  Less developed regions,4250,5074,2167,2548,2083,2526
   Bermuda*," Less developed regions, excluding least developed countries",4240,5071,2162,2547,2078,2524
   Bermuda*," Less developed regions, excluding China",4185,5020,2148,2525,2037,2495
   Bermuda*,  Least developed countries,10,3,5,1,5,2
   Bermuda*,  Land-locked Developing Countries (LLDC),0,0,0,0,0,0
   Bermuda*,  Small island developing States (SIDS),2009,2233,912,1032,1097,1201
   Bermuda*,  High-income countries,12805,12625,6114,6050,6691,6575
   Bermuda*,  Middle-income countries,4007,4842,2040,2426,1967,2416
   Bermuda*, Upper-middle-income countries,2122,2405,960,1134,1162,1271
   Bermuda*, Lower-middle-income countries,1885,2437,1080,1292,805,1145
   Bermuda*,  Low-income countries,10,3,5,1,5,2
   Bermuda*, AFRICA,291,341,160,202,131,139
   Bermuda*,  Eastern Africa,0,0,0,0,0,0
   Bermuda*,  Middle Africa,0,0,0,0,0,0
   Bermuda*,  Northern Africa,0,0,0,0,0,0
   Bermuda*,  Southern Africa,227,287,119,167,108,120
   Bermuda*,  Western Africa,64,54,41,35,23,19
   Bermuda*, ASIA,1995,2530,1119,1326,876,1204
   Bermuda*,  Central Asia,0,0,0,0,0,0
   Bermuda*,  Eastern Asia,110,84,43,35,67,49
   Bermuda*,  South-Eastern Asia,1344,1830,654,855,690,975
   Bermuda*,  Southern Asia,519,601,410,428,109,173
   Bermuda*,  Western Asia,22,15,12,8,10,7
   Bermuda*, EUROPE,6668,6552,3481,3411,3187,3141
   Bermuda*,  Eastern Europe,125,176,57,98,68,78
   Bermuda*,  Northern Europe,4371,4272,2161,2120,2210,2152
   Bermuda*,  Southern Europe,1792,1740,1068,999,724,741
   Bermuda*,  Western Europe,380,364,195,194,185,170
   Bermuda*, LATIN AMERICA AND THE CARIBBEAN,2009,2233,912,1032,1097,1201
   Bermuda*,  Caribbean,1919,2138,878,992,1041,1146
   Bermuda*,  Central America,0,0,0,0,0,0
   Bermuda*,  South America,90,95,34,40,56,55
   Bermuda*, NORTHERN AMERICA,5726,5638,2420,2416,3306,3222
   Bermuda*, OCEANIA ,133,176,67,90,66,86
   Bermuda*,  Australia and New Zealand,133,176,67,90,66,86
   Bermuda*,  Melanesia,0,0,0,0,0,0
   Bermuda*,  Micronesia,0,0,0,0,0,0
   Bermuda*,  Polynesia*,0,0,0,0,0,0
   Bermuda*,   Australia*,133,176,67,90,66,86
   Bermuda*,   Austria,42,47,30,32,12,15
   Bermuda*,   Belgium,10,6,4,3,6,3
   Bermuda*,   Canada,2154,2032,921,890,1233,1142
   Bermuda*,   China*,65,54,19,23,46,31
   Bermuda*,   Cuba,24,24,7,8,17,16
   Bermuda*,   Denmark*,20,18,10,9,10,9
   Bermuda*,   Dominican Republic,128,233,25,75,103,158
   Bermuda*,   France*,101,99,50,53,51,46
   Bermuda*,   Germany,164,158,76,76,88,82
   Bermuda*,   Ghana,25,20,15,12,10,8
   Bermuda*,   Greece,4,2,1,1,3,1
   Bermuda*,   Guyana,90,95,34,40,56,55
   Bermuda*,   Haiti,10,3,5,1,5,2
   Bermuda*,   India,493,572,395,411,98,161
   Bermuda*,   Ireland,285,377,138,206,147,171
   Bermuda*,   Israel,13,9,5,3,8,6
   Bermuda*,   Italy,118,108,95,88,23,20
   Bermuda*,   Jamaica,1537,1658,724,790,813,868
   Bermuda*,   Japan,45,30,24,12,21,18
   Bermuda*,   Malaysia*,42,48,25,26,17,22
   Bermuda*,   Nigeria,39,34,26,23,13,11
   Bermuda*,   Pakistan,26,29,15,17,11,12
   Bermuda*,   Philippines,1302,1782,629,829,673,953
   Bermuda*,   Poland,36,39,18,15,18,24
   Bermuda*,   Portugal,1632,1600,954,894,678,706
   Bermuda*,   Romania,89,137,39,83,50,54
   Bermuda*,   South Africa,227,287,119,167,108,120
   Bermuda*,   Spain*,38,30,18,16,20,14
   Bermuda*,   Switzerland,63,54,35,30,28,24
   Bermuda*,   Trinidad and Tobago,218,219,115,117,103,102
   Bermuda*,   Turkey,9,6,7,5,2,1
   Bermuda*,   Turks and Caicos Islands*,2,1,2,1,0,0
   Bermuda*,   United Kingdom*,4066,3877,2013,1905,2053,1972
   Bermuda*,   United States of America*,3572,3606,1499,1526,2073,2080
   Bermuda*,Other,2390,2269,1262,1247,1128,1022
   Canada,WORLD,7428657,8049323,3533164,3828361,3895493,4220962
   Canada,  Sub-Saharan Africa,401477,434948,198238,214801,203239,220147
   Canada,  Northern Africa and Western Asia,595186,644879,311379,337394,283807,307485
   Canada,  Central and Southern Asia,1302142,1411022,652043,706626,650099,704396
   Canada,  Eastern and South-Eastern Asia,1878109,2035001,829315,898509,1048794,1136492
   Canada,  Latin America and the Caribbean,870486,943145,394737,427719,475749,515426
   Canada,  Oceania (excluding Australia and New Zealand),25440,27555,11711,12688,13729,14867
   Canada,  Australia and New Zealand,30799,33369,16094,17439,14705,15930
   Canada,  Europe and Northern America,2321220,2515092,1117841,1211231,1203379,1303861
   Canada,  Developed regions,2379091,2577793,1141832,1237226,1237259,1340567
   Canada,  Less developed regions,5045768,5467218,2389526,2589181,2656242,2878037
   Canada," Less developed regions, excluding least developed countries",4563004,4944178,2156306,2336474,2406698,2607704
   Canada," Less developed regions, excluding China",4187118,4536832,2000759,2168028,2186359,2368804
   Canada,  Least developed countries,482764,523040,233220,252707,249544,270333
   Canada,  Land-locked Developing Countries (LLDC),246288,266821,120701,130787,125587,136034
   Canada,  Small island developing States (SIDS),527981,572029,234249,253819,293732,318210
   Canada,  High-income countries,2669178,2892087,1282588,1389745,1386590,1502342
   Canada,  Middle-income countries,4374910,4740395,2066441,2239102,2308469,2501293
   Canada, Upper-middle-income countries,1932929,2094349,897012,971861,1035917,1122488
   Canada, Lower-middle-income countries,2441981,2646046,1169429,1267241,1272552,1378805
   Canada,  Low-income countries,374021,405228,179189,194158,194832,211070
   Canada, AFRICA,633492,686338,320368,347133,313124,339205
   Canada,  Eastern Africa,194187,210380,93443,101247,100744,109133
   Canada,  Middle Africa,53252,57690,26176,28366,27076,29324
   Canada,  Northern Africa,232015,251390,122130,132332,109885,119058
   Canada,  Southern Africa,46759,50658,23107,25038,23652,25620
   Canada,  Western Africa,107279,116220,55512,60150,51767,56070
   Canada, ASIA,3543422,3839512,1670607,1810197,1872815,2029315
   Canada,  Central Asia,23471,25426,10905,11817,12566,13609
   Canada,  Eastern Asia,1010456,1094870,454497,492376,555959,602494
   Canada,  South-Eastern Asia,867653,940131,374818,406133,492835,533998
   Canada,  Southern Asia,1278671,1385596,641138,694809,637533,690787
   Canada,  Western Asia,363171,393489,189249,205062,173922,188427
   Canada, EUROPE,2066940,2239570,1003983,1087859,1062957,1151711
   Canada,  Eastern Europe,505084,547270,233048,252518,272036,294752
   Canada,  Northern Europe,571112,618813,277346,300517,293766,318296
   Canada,  Southern Europe,598668,648665,297510,322364,301158,326301
   Canada,  Western Europe,392076,424822,196079,212460,195997,212362
   Canada, LATIN AMERICA AND THE CARIBBEAN,870486,943145,394737,427719,475749,515426
   Canada,  Caribbean,383257,415241,168026,182066,215231,233175
   Canada,  Central America,171095,185379,81933,88781,89162,96598
   Canada,  South America,316134,342525,144778,156872,171356,185653
   Canada, NORTHERN AMERICA,254280,275522,113858,123372,140422,152150
   Canada, OCEANIA ,56239,60924,27805,30127,28434,30797
   Canada,  Australia and New Zealand,30799,33369,16094,17439,14705,15930
   Canada,  Melanesia,24964,27044,11487,12446,13477,14598
   Canada,  Micronesia,0,0,0,0,0,0
   Canada,  Polynesia*,476,511,224,242,252,269
   Canada,   Afghanistan,51641,55954,25859,28019,25782,27935
   Canada,   Albania,15270,16544,7540,8170,7730,8374
   Canada,   Algeria,64223,69587,33698,36513,30525,33074
   Canada,   Angola,3100,3358,1564,1696,1536,1662
   Canada,   Antigua and Barbuda,2295,2486,1063,1152,1232,1334
   Canada,   Azerbaijan*,3821,4139,1684,1824,2137,2315
   Canada,   Argentina,19310,20921,9482,10274,9828,10647
   Canada,   Australia*,20980,22731,10819,11723,10161,11008
   Canada,   Austria,15747,17061,7475,8099,8272,8962
   Canada,   Bahamas,1624,1759,779,845,845,914
   Canada,   Bahrain,2375,2572,1282,1389,1093,1183
   Canada,   Bangladesh,58374,63250,29673,32153,28701,31097
   Canada,   Armenia,4139,4484,1977,2143,2162,2341
   Canada,   Barbados,14008,15177,6367,6899,7641,8278
   Canada,   Belgium,18823,20395,9283,10059,9540,10336
   Canada,   Bermuda*,1833,1985,958,1039,875,946
   Canada,   Bhutan,4218,4569,2116,2293,2102,2276
   Canada,   Bolivia (Plurinational State of),4368,4731,2106,2282,2262,2449
   Canada,   Bosnia and Herzegovina,35908,38906,17926,19424,17982,19482
   Canada,   Botswana,844,913,347,376,497,537
   Canada,   Brazil,29135,31568,13147,14246,15988,17322
   Canada,   Belize,1982,2146,953,1033,1029,1113
   Canada,   British Virgin Islands*,84,90,40,44,44,46
   Canada,   Brunei Darussalam,4457,4828,2330,2524,2127,2304
   Canada,   Bulgaria,18515,20060,9074,9831,9441,10229
   Canada,   Myanmar,8164,8845,3998,4332,4166,4513
   Canada,   Burundi,8418,9119,4143,4488,4275,4631
   Canada,   Belarus,11121,12049,5245,5684,5876,6365
   Canada,   Cambodia,23177,25111,10694,11587,12483,13524
   Canada,   Cameroon,18456,19996,9229,10000,9227,9996
   Canada,   Cabo Verde,163,175,84,91,79,84
   Canada,   Cayman Islands*,268,289,144,156,124,133
   Canada,   Central African Republic,1048,1134,536,581,512,553
   Canada,   Sri Lanka,131185,142144,64397,69778,66788,72366
   Canada,   Chad,1585,1716,835,905,750,811
   Canada,   Chile,26541,28757,13078,14170,13463,14587
   Canada,   China*,645278,699190,288860,312899,356418,386291
   Canada,   Colombia,69610,75425,31856,34519,37754,40906
   Canada,   Comoros,134,144,65,71,69,73
   Canada,   Congo,2444,2647,1346,1459,1098,1188
   Canada,   Democratic Republic of the Congo,25492,27620,12134,13147,13358,14473
   Canada,   Costa Rica,3925,4252,1773,1921,2152,2331
   Canada,   Croatia,39799,43123,19873,21534,19926,21589
   Canada,   Cuba,17740,19221,8518,9230,9222,9991
   Canada,   Cyprus*,3990,4322,2007,2174,1983,2148
   Canada,   Czechia,20930,22677,9913,10741,11017,11936
   Canada,   Benin,2748,2976,1600,1733,1148,1243
   Canada,   Denmark*,12433,13470,6383,6916,6050,6554
   Canada,   Dominica,2762,2991,1137,1231,1625,1760
   Canada,   Dominican Republic,10535,11414,5087,5512,5448,5902
   Canada,   Ecuador,14873,16115,6755,7320,8118,8795
   Canada,   El Salvador,47785,51776,23713,25695,24072,26081
   Canada,   Equatorial Guinea,59,63,35,39,24,24
   Canada,   Ethiopia,32588,35309,15874,17200,16714,18109
   Canada,   Eritrea,14917,16162,7739,8385,7178,7777
   Canada,   Estonia,3180,3444,1331,1442,1849,2002
   Canada,   Fiji,24513,26559,11279,12221,13234,14338
   Canada,   Finland*,9466,10255,3849,4170,5617,6085
   Canada,   France*,104922,113686,55037,59634,49885,54052
   Canada,   French Guiana*,278,299,134,144,144,155
   Canada,   French Polynesia*,178,191,89,96,89,95
   Canada,   Djibouti,2221,2405,994,1078,1227,1327
   Canada,   Gabon,1068,1156,497,539,571,617
   Canada,   Georgia*,2554,2765,1192,1291,1362,1474
   Canada,   Gambia,665,719,372,403,293,316
   Canada,   State of Palestine*,8159,8840,4540,4920,3619,3920
   Canada,   Germany,144950,157059,69064,74834,75886,82225
   Canada,   Ghana,22769,24670,11424,12378,11345,12292
   Canada,   Gibraltar*,163,175,74,80,89,95
   Canada,   Greece,62330,67536,31372,33992,30958,33544
   Canada,   Grenada,10202,11053,4043,4380,6159,6673
   Canada,   Guadeloupe*,511,552,243,263,268,289
   Canada,   Guatemala,17169,18602,8603,9322,8566,9280
   Canada,   Guinea,5158,5588,2598,2816,2560,2772
   Canada,   Guyana,87142,94421,38674,41905,48468,52516
   Canada,   Haiti,92911,100672,40685,44083,52226,56589
   Canada,   Honduras,7737,8382,3691,4000,4046,4382
   Canada,"   China, Hong Kong SAR*",207658,225006,97379,105515,110279,119491
   Canada,   Hungary,36594,39650,17827,19317,18767,20333
   Canada,   Iceland,586,633,268,290,318,343
   Canada,   India,664465,720083,331826,359654,332639,360429
   Canada,   Indonesia,14192,15377,6352,6883,7840,8494
   Canada,   Iran (Islamic Republic of),153473,166294,77453,83923,76020,82371
   Canada,   Iraq,68065,73750,34557,37444,33508,36306
   Canada,   Ireland,28151,30502,14261,15453,13890,15049
   Canada,   Israel,26571,28789,14287,15481,12284,13308
   Canada,   Italy,235183,254831,117814,127657,117369,127174
   Canada,   Côte d'Ivoire,11255,12194,5737,6216,5518,5978
   Canada,   Jamaica,137496,148982,59552,64528,77944,84454
   Canada,   Japan,27072,29332,7897,8556,19175,20776
   Canada,   Kazakhstan,12373,13406,5736,6216,6637,7190
   Canada,   Jordan,13208,14310,7049,7637,6159,6673
   Canada,   Kenya,26988,29241,12730,13793,14258,15448
   Canada,   Dem. People's Republic of Korea,775,838,413,448,362,390
   Canada,   Republic of Korea,122548,132786,56784,61529,65764,71257
   Canada,   Kuwait,15141,16405,7878,8536,7263,7869
   Canada,   Kyrgyzstan,2956,3201,1361,1474,1595,1727
   Canada,   Lao People's Democratic Republic,14386,15587,7078,7670,7308,7917
   Canada,   Lebanon,88200,95568,46986,50912,41214,44656
   Canada,   Lesotho,104,111,60,65,44,46
   Canada,   Latvia,5843,6330,2652,2874,3191,3456
   Canada,   Liberia,2459,2664,1142,1238,1317,1426
   Canada,   Libya,6261,6783,3293,3568,2968,3215
   Canada,   Lithuania,4949,5361,2111,2287,2838,3074
   Canada,   Luxembourg,670,724,352,381,318,343
   Canada,"   China, Macao SAR*",5714,6190,2528,2739,3186,3451
   Canada,   Madagascar,3528,3821,1600,1733,1928,2088
   Canada,   Malawi,665,719,352,381,313,338
   Canada,   Malaysia*,23644,25618,10733,11630,12911,13988
   Canada,   Mali,2082,2255,1083,1174,999,1081
   Canada,   Malta,7419,8037,3780,4095,3639,3942
   Canada,   Martinique*,641,693,293,318,348,375
   Canada,   Mauritania,899,973,576,624,323,349
   Canada,   Mauritius*,15802,17120,7908,8568,7894,8552
   Canada,   Mexico,80090,86780,37280,40395,42810,46385
   Canada,   Monaco,109,116,95,102,14,14
   Canada,   Mongolia,1411,1528,636,690,775,838
   Canada,   Republic of Moldova*,17497,18958,8544,9258,8953,9700
   Canada,   Montenegro,1853,2006,919,996,934,1010
   Canada,   Montserrat*,606,655,278,301,328,354
   Canada,   Morocco,69227,75009,35883,38881,33344,36128
   Canada,   Mozambique,1242,1344,591,640,651,704
   Canada,   Oman,1530,1656,770,834,760,822
   Canada,   Namibia,1028,1112,482,522,546,590
   Canada,   Nepal,14301,15495,7272,7880,7029,7615
   Canada,   Netherlands*,87932,95278,44883,48634,43049,46644
   Canada,   Curaçao*,467,505,194,211,273,294
   Canada,   Aruba*,571,617,223,242,348,375
   Canada,   Sint Maarten (Dutch part)*,104,111,40,43,64,68
   Canada,"   Bonaire, Sint Eustatius and Saba*",4069,4407,1849,2004,2220,2403
   Canada,   New Caledonia*,218,234,109,118,109,116
   Canada,   New Zealand*,9819,10638,5275,5716,4544,4922
   Canada,   Nicaragua,9809,10627,4694,5086,5115,5541
   Canada,   Niger,1023,1107,546,591,477,516
   Canada,   Nigeria,42169,45690,21687,23499,20482,22191
   Canada,   Norway*,3856,4177,1893,2051,1963,2126
   Canada,   Pakistan,201014,217807,102542,111109,98472,106698
   Canada,   Panama,2598,2814,1226,1329,1372,1485
   Canada,   Papua New Guinea,233,251,99,107,134,144
   Canada,   Paraguay,7255,7859,3522,3816,3733,4043
   Canada,   Peru,29433,31890,12863,13937,16570,17953
   Canada,   Philippines,584697,633547,245426,265931,339271,367616
   Canada,   Poland,145571,157733,66006,71521,79565,86212
   Canada,   Portugal,138589,150166,67695,73350,70894,76816
   Canada,   Guinea-Bissau,109,116,70,76,39,40
   Canada,   Puerto Rico*,501,541,193,208,308,333
   Canada,   Qatar,2474,2680,1256,1362,1218,1318
   Canada,   Réunion*,293,316,144,156,149,160
   Canada,   Romania,89756,97253,42516,46067,47240,51186
   Canada,   Russian Federation,78202,84735,34035,36879,44167,47856
   Canada,   Rwanda,6067,6572,2836,3073,3231,3499
   Canada,   Saint Kitts and Nevis,2092,2265,929,1006,1163,1259
   Canada,   Anguilla*,64,68,40,44,24,24
   Canada,   Saint Lucia,6057,6561,2304,2496,3753,4065
   Canada,   Saint Pierre and Miquelon*,288,311,159,172,129,139
   Canada,   Saint Vincent and the Grenadines,12865,13939,4816,5219,8049,8720
   Canada,   Saudi Arabia,19956,21622,10406,11276,9550,10346
   Canada,   Senegal,7463,8085,4192,4542,3271,3543
   Canada,   Serbia*,33120,35885,16217,17571,16903,18314
   Canada,   Seychelles,1028,1112,452,489,576,623
   Canada,   Sierra Leone,3021,3272,1520,1647,1501,1625
   Canada,   Singapore,11742,12721,5354,5801,6388,6920
   Canada,   Slovakia,14316,15511,6745,7309,7571,8202
   Canada,   Viet Nam,168212,182265,77481,83955,90731,98310
   Canada,   Slovenia,8164,8845,3735,4047,4429,4798
   Canada,   Somalia,27067,29327,11989,12991,15078,16336
   Canada,   South Africa,44386,48093,22059,23903,22327,24190
   Canada,   Zimbabwe,10430,11299,5081,5504,5349,5795
   Canada,   Spain*,10634,11521,5519,5980,5115,5541
   Canada,   South Sudan,5506,5965,2976,3225,2530,2740
   Canada,   Sudan,10753,11650,5543,6006,5210,5644
   Canada,   Suriname,1043,1128,561,607,482,521
   Canada,   Eswatini,397,429,159,172,238,257
   Canada,   Sweden,6589,7137,2980,3228,3609,3909
   Canada,   Switzerland,18923,20503,9890,10717,9033,9786
   Canada,   Syrian Arab Republic,52635,57031,26420,28627,26215,28404
   Canada,   Tajikistan,1301,1409,635,689,666,720
   Canada,   Thailand,14982,16232,5372,5820,9610,10412
   Canada,   Togo,3329,3606,1903,2062,1426,1544
   Canada,   Tonga,139,149,55,59,84,90
   Canada,   Trinidad and Tobago,64636,70035,29129,31563,35507,38472
   Canada,   United Arab Emirates,20866,22608,11067,11992,9799,10616
   Canada,   Tunisia,17328,18774,9806,10625,7522,8149
   Canada,   Turkey,26546,28763,14426,15633,12120,13130
   Canada,   Turkmenistan,496,536,213,230,283,306
   Canada,   Turks and Caicos Islands*,59,63,30,33,29,30
   Canada,   Uganda,13128,14224,6352,6883,6776,7341
   Canada,   Ukraine*,72582,78644,33143,35911,39439,42733
   Canada,   North Macedonia,10236,11090,5046,5468,5190,5622
   Canada,   Egypt,64223,69587,33907,36739,30316,32848
   Canada,   United Kingdom*,496059,537504,241618,261806,254441,275698
   Canada,   United Republic of Tanzania*,20473,22182,9819,10640,10654,11542
   Canada,   United States of America*,252159,273226,112741,122161,139418,151065
   Canada,   United States Virgin Islands*,89,95,50,55,39,40
   Canada,   Burkina Faso,1967,2130,978,1060,989,1070
   Canada,   Uruguay,6494,7036,3233,3504,3261,3532
   Canada,   Uzbekistan,6345,6874,2960,3208,3385,3666
   Canada,   Venezuela (Bolivarian Republic of),20652,22375,9367,10148,11285,12227
   Canada,   Samoa,159,171,80,87,79,84
   Canada,   Yemen,2941,3185,1465,1587,1476,1598
   Canada,   Zambia,3692,3999,1798,1949,1894,2050
   Canada,Other,3798,4312,1806,1954,1992,2358
   Greenland*,WORLD,6009,5899,3951,3822,2058,2077
   Greenland*,  Sub-Saharan Africa,0,0,0,0,0,0
   Greenland*,  Northern Africa and Western Asia,0,0,0,0,0,0
   Greenland*,  Central and Southern Asia,0,0,0,0,0,0
   Greenland*,  Eastern and South-Eastern Asia,298,290,113,107,185,183
   Greenland*,  Latin America and the Caribbean,0,0,0,0,0,0
   Greenland*,  Oceania (excluding Australia and New Zealand),0,0,0,0,0,0
   Greenland*,  Australia and New Zealand,0,0,0,0,0,0
   Greenland*,  Europe and Northern America,5429,5328,3671,3551,1758,1777
   Greenland*,  Developed regions,5429,5328,3671,3551,1758,1777
   Greenland*,  Less developed regions,298,290,113,107,185,183
   Greenland*," Less developed regions, excluding least developed countries",298,290,113,107,185,183
   Greenland*," Less developed regions, excluding China",287,280,111,105,176,175
   Greenland*,  Least developed countries,0,0,0,0,0,0
   Greenland*,  Land-locked Developing Countries (LLDC),0,0,0,0,0,0
   Greenland*,  Small island developing States (SIDS),0,0,0,0,0,0
   Greenland*,  High-income countries,5411,5311,3659,3539,1752,1772
   Greenland*,  Middle-income countries,316,307,125,119,191,188
   Greenland*, Upper-middle-income countries,186,180,74,70,112,110
   Greenland*, Lower-middle-income countries,130,127,51,49,79,78
   Greenland*,  Low-income countries,0,0,0,0,0,0
   Greenland*, AFRICA,0,0,0,0,0,0
   Greenland*,  Eastern Africa,0,0,0,0,0,0
   Greenland*,  Middle Africa,0,0,0,0,0,0
   Greenland*,  Northern Africa,0,0,0,0,0,0
   Greenland*,  Southern Africa,0,0,0,0,0,0
   Greenland*,  Western Africa,0,0,0,0,0,0
   Greenland*, ASIA,298,290,113,107,185,183
   Greenland*,  Central Asia,0,0,0,0,0,0
   Greenland*,  Eastern Asia,11,10,2,2,9,8
   Greenland*,  South-Eastern Asia,287,280,111,105,176,175
   Greenland*,  Southern Asia,0,0,0,0,0,0
   Greenland*,  Western Asia,0,0,0,0,0,0
   Greenland*, EUROPE,5375,5276,3637,3517,1738,1759
   Greenland*,  Eastern Europe,64,60,48,47,16,13
   Greenland*,  Northern Europe,5239,5147,3535,3417,1704,1730
   Greenland*,  Southern Europe,0,0,0,0,0,0
   Greenland*,  Western Europe,72,69,54,53,18,16
   Greenland*, LATIN AMERICA AND THE CARIBBEAN,0,0,0,0,0,0
   Greenland*,  Caribbean,0,0,0,0,0,0
   Greenland*,  Central America,0,0,0,0,0,0
   Greenland*,  South America,0,0,0,0,0,0
   Greenland*, NORTHERN AMERICA,54,52,34,34,20,18
   Greenland*, OCEANIA ,0,0,0,0,0,0
   Greenland*,  Australia and New Zealand,0,0,0,0,0,0
   Greenland*,  Melanesia,0,0,0,0,0,0
   Greenland*,  Micronesia,0,0,0,0,0,0
   Greenland*,  Polynesia*,0,0,0,0,0,0
   Greenland*,   Bulgaria,18,17,12,12,6,5
   Greenland*,   Canada,15,14,10,10,5,4
   Greenland*,   China*,11,10,2,2,9,8
   Greenland*,   Denmark*,4614,4539,3052,2946,1562,1593
   Greenland*,   Faroe Islands*,279,273,229,224,50,49
   Greenland*,   Finland*,13,12,4,4,9,8
   Greenland*,   France*,14,13,9,9,5,4
   Greenland*,   Germany,58,56,45,44,13,12
   Greenland*,   United Kingdom*,15,14,12,12,3,2
   Greenland*,   Iceland,163,159,135,132,28,27
   Greenland*,   Norway*,68,65,46,44,22,21
   Greenland*,   Philippines,130,127,51,49,79,78
   Greenland*,   Poland,31,29,23,22,8,7
   Greenland*,   Romania,15,14,13,13,2,1
   Greenland*,   Sweden,87,85,57,55,30,30
   Greenland*,   Thailand,157,153,60,56,97,97
   Greenland*,   United States of America*,39,38,24,24,15,14
   Greenland*,Other,282,281,167,164,115,117
   Saint Pierre and Miquelon*,WORLD,986,998,516,523,470,475
   Saint Pierre and Miquelon*,  Sub-Saharan Africa,0,0,0,0,0,0
   Saint Pierre and Miquelon*,  Northern Africa and Western Asia,0,0,0,0,0,0
   Saint Pierre and Miquelon*,  Central and Southern Asia,0,0,0,0,0,0
   Saint Pierre and Miquelon*,  Eastern and South-Eastern Asia,0,0,0,0,0,0
   Saint Pierre and Miquelon*,  Latin America and the Caribbean,0,0,0,0,0,0
   Saint Pierre and Miquelon*,  Oceania (excluding Australia and New Zealand),0,0,0,0,0,0
   Saint Pierre and Miquelon*,  Australia and New Zealand,0,0,0,0,0,0
   Saint Pierre and Miquelon*,  Europe and Northern America,967,938,504,489,463,449
   Saint Pierre and Miquelon*,  Developed regions,967,938,504,489,463,449
   Saint Pierre and Miquelon*,  Less developed regions,0,0,0,0,0,0
   Saint Pierre and Miquelon*," Less developed regions, excluding least developed countries",0,0,0,0,0,0
   Saint Pierre and Miquelon*," Less developed regions, excluding China",0,0,0,0,0,0
   Saint Pierre and Miquelon*,  Least developed countries,0,0,0,0,0,0
   Saint Pierre and Miquelon*,  Land-locked Developing Countries (LLDC),0,0,0,0,0,0
   Saint Pierre and Miquelon*,  Small island developing States (SIDS),0,0,0,0,0,0
   Saint Pierre and Miquelon*,  High-income countries,967,938,504,489,463,449
   Saint Pierre and Miquelon*,  Middle-income countries,0,0,0,0,0,0
   Saint Pierre and Miquelon*, Upper-middle-income countries,0,0,0,0,0,0
   Saint Pierre and Miquelon*, Lower-middle-income countries,0,0,0,0,0,0
   Saint Pierre and Miquelon*,  Low-income countries,0,0,0,0,0,0
   Saint Pierre and Miquelon*, AFRICA,0,0,0,0,0,0
   Saint Pierre and Miquelon*,  Eastern Africa,0,0,0,0,0,0
   Saint Pierre and Miquelon*,  Middle Africa,0,0,0,0,0,0
   Saint Pierre and Miquelon*,  Northern Africa,0,0,0,0,0,0
   Saint Pierre and Miquelon*,  Southern Africa,0,0,0,0,0,0
   Saint Pierre and Miquelon*,  Western Africa,0,0,0,0,0,0
   Saint Pierre and Miquelon*, ASIA,0,0,0,0,0,0
   Saint Pierre and Miquelon*,  Central Asia,0,0,0,0,0,0
   Saint Pierre and Miquelon*,  Eastern Asia,0,0,0,0,0,0
   Saint Pierre and Miquelon*,  South-Eastern Asia,0,0,0,0,0,0
   Saint Pierre and Miquelon*,  Southern Asia,0,0,0,0,0,0
   Saint Pierre and Miquelon*,  Western Asia,0,0,0,0,0,0
   Saint Pierre and Miquelon*, EUROPE,723,703,400,388,323,315
   Saint Pierre and Miquelon*,  Eastern Europe,0,0,0,0,0,0
   Saint Pierre and Miquelon*,  Northern Europe,0,0,0,0,0,0
   Saint Pierre and Miquelon*,  Southern Europe,0,0,0,0,0,0
   Saint Pierre and Miquelon*,  Western Europe,723,703,400,388,323,315
   Saint Pierre and Miquelon*, LATIN AMERICA AND THE CARIBBEAN,0,0,0,0,0,0
   Saint Pierre and Miquelon*,  Caribbean,0,0,0,0,0,0
   Saint Pierre and Miquelon*,  Central America,0,0,0,0,0,0
   Saint Pierre and Miquelon*,  South America,0,0,0,0,0,0
   Saint Pierre and Miquelon*, NORTHERN AMERICA,244,235,104,101,140,134
   Saint Pierre and Miquelon*, OCEANIA ,0,0,0,0,0,0
   Saint Pierre and Miquelon*,  Australia and New Zealand,0,0,0,0,0,0
   Saint Pierre and Miquelon*,  Melanesia,0,0,0,0,0,0
   Saint Pierre and Miquelon*,  Micronesia,0,0,0,0,0,0
   Saint Pierre and Miquelon*,  Polynesia*,0,0,0,0,0,0
   Saint Pierre and Miquelon*,   Canada,181,175,69,67,112,108
   Saint Pierre and Miquelon*,   France*,723,703,400,388,323,315
   Saint Pierre and Miquelon*,   United States of America*,63,60,35,34,28,26
   Saint Pierre and Miquelon*,Other,19,60,12,34,7,26
   United States of America*,WORLD,48178877,50632836,23446873,24478996,24732004,26153840
   United States of America*,  Sub-Saharan Africa,1572353,2031637,782541,999437,789812,1032200
   United States of America*,  Northern Africa and Western Asia,1839235,1776489,898541,876680,940694,899809
   United States of America*,  Central and Southern Asia,3718925,4270492,1924491,2198773,1794434,2071719
   United States of America*,  Eastern and South-Eastern Asia,8627106,8210363,3951962,3729654,4675144,4480709
   United States of America*,  Latin America and the Caribbean,24107834,24590255,11989080,12070011,12118754,12520244
   United States of America*,  Oceania (excluding Australia and New Zealand),100433,129439,48310,61665,52123,67774
   United States of America*,  Australia and New Zealand,123450,153086,43773,54480,79677,98606
   United States of America*,  Europe and Northern America,5686239,5424844,2547579,2420792,3138660,3004052
   United States of America*,  Developed regions,6145456,5897898,2755937,2631756,3389519,3266142
   United States of America*,  Less developed regions,39630119,40688707,19430340,19779736,20199779,20908971
   United States of America*," Less developed regions, excluding least developed countries",37200284,37885343,18244886,18427650,18955398,19457693
   United States of America*," Less developed regions, excluding China",36691941,38255748,18003441,18601859,18688500,19653889
   United States of America*,  Least developed countries,2429835,2803364,1185454,1352086,1244381,1451278
   United States of America*,  Land-locked Developing Countries (LLDC),1150830,1364311,556984,649680,593846,714631
   United States of America*,  Small island developing States (SIDS),6472784,6899558,2998819,3176275,3473965,3723283
   United States of America*,  High-income countries,8928257,8763564,4070431,3987110,4857826,4776454
   United States of America*,  Middle-income countries,35310529,36032343,17365149,17559687,17945380,18472656
   United States of America*, Upper-middle-income countries,24199783,23718885,12051550,11692321,12148233,12026564
   United States of America*, Lower-middle-income countries,11110746,12313458,5313599,5867366,5797147,6446092
   United States of America*,  Low-income countries,1530040,1780893,747776,860511,782264,920382
   United States of America*, AFRICA,2029796,2582078,1008271,1267952,1021525,1314126
   United States of America*,  Eastern Africa,652276,831097,316888,397700,335388,433397
   United States of America*,  Middle Africa,88879,127677,46345,65869,42534,61808
   United States of America*,  Northern Africa,457443,550441,225730,268515,231713,281926
   United States of America*,  Southern Africa,101037,117321,48729,55912,52308,61409
   United States of America*,  Western Africa,730161,955542,370579,479956,359582,475586
   United States of America*, ASIA,13727823,13706903,6549264,6536592,7178559,7170311
   United States of America*,  Central Asia,103324,119065,50684,57714,52640,61351
   United States of America*,  Eastern Asia,4333964,3791705,2105674,1837060,2228290,1954645
   United States of America*,  South-Eastern Asia,4293142,4418658,1846288,1892594,2446854,2526064
   United States of America*,  Southern Asia,3615601,4151427,1873807,2141059,1741794,2010368
   United States of America*,  Western Asia,1381792,1226048,672811,608165,708981,617883
   United States of America*, EUROPE,4846543,4617771,2273334,2157712,2573209,2460059
   United States of America*,  Eastern Europe,1699928,1680208,814741,799774,885187,880434
   United States of America*,  Northern Europe,1019457,982411,472632,456217,546825,526194
   United States of America*,  Southern Europe,1141358,1056931,518069,476711,623289,580220
   United States of America*,  Western Europe,985800,898221,467892,425010,517908,473211
   United States of America*, LATIN AMERICA AND THE CARIBBEAN,24107834,24590255,11989080,12070011,12118754,12520244
   United States of America*,  Caribbean,5918567,6381315,2743264,2939481,3175303,3441834
   United States of America*,  Central America,15137206,14758303,7920442,7665495,7216764,7092808
   United States of America*,  South America,3052061,3450637,1325374,1465035,1726687,1985602
   United States of America*, NORTHERN AMERICA,839696,807073,274245,263080,565451,543993
   United States of America*, OCEANIA ,223883,282525,92083,116145,131800,166380
   United States of America*,  Australia and New Zealand,123450,153086,43773,54480,79677,98606
   United States of America*,  Melanesia,46821,51535,22140,24068,24681,27467
   United States of America*,  Micronesia,15252,22159,7509,10791,7743,11368
   United States of America*,  Polynesia*,38360,55745,18661,26806,19699,28939
   United States of America*,   Afghanistan,74106,142504,37912,72138,36194,70366
   United States of America*,   Albania,91865,97252,45147,47248,46718,50004
   United States of America*,   Algeria,19633,28531,9549,13718,10084,14813
   United States of America*,   Angola,14068,20445,6916,9938,7152,10507
   United States of America*,   Antigua and Barbuda,31677,46037,14061,20155,17616,25882
   United States of America*,   Argentina,199314,219448,90196,97977,109118,121471
   United States of America*,   Armenia,94229,87494,46311,42510,47918,44984
   United States of America*,   Aruba*,6591,9576,2669,3818,3922,5758
   United States of America*,   Australia*,89293,103446,30461,35184,58832,68262
   United States of America*,   Austria,51129,39133,18465,14093,32664,25040
   United States of America*,   Azerbaijan*,21961,31914,10797,15513,11164,16401
   United States of America*,   Bahamas,36504,46921,15038,19026,21466,27895
   United States of America*,   Bangladesh,222616,261496,109401,127036,113215,134460
   United States of America*,   Barbados,58480,51738,26505,23138,31975,28600
   United States of America*,   Belarus,60494,51507,29733,25029,30761,26478
   United States of America*,   Belgium,36906,30733,18138,14933,18768,15800
   United States of America*,   Belize,54147,42970,22479,17563,31668,25407
   United States of America*,   Bermuda*,9068,13176,4459,6406,4609,6770
   United States of America*,   Bolivia (Plurinational State of),86529,80028,42527,38882,44002,41146
   United States of America*,   Bosnia and Herzegovina,127501,104136,62661,50592,64840,53544
   United States of America*,   Brazil,361374,517519,138165,197162,223209,320357
   United States of America*,   Bulgaria,73631,64474,37783,32738,35848,31736
   United States of America*,   Cambodia,181502,154891,84098,70848,97404,84043
   United States of America*,   Cameroon,49251,70087,26858,37869,22393,32218
   United States of America*,   Canada,830628,793897,269786,256674,560842,537223
   United States of America*,   Cabo Verde,40495,36082,18593,16352,21902,19730
   United States of America*,   Chile,106717,89714,45119,37358,61598,52356
   United States of America*,   China*,2676697,2184110,1298394,1056972,1378303,1127138
   United States of America*,"   China, Hong Kong SAR*",248913,230584,122324,112021,126589,118563
   United States of America*,"   China, Macao SAR*",12568,18265,6181,8884,6387,9381
   United States of America*,   Colombia,699399,817604,308309,359410,391090,458194
   United States of America*,   Costa Rica,91939,96903,36953,38310,54986,58593
   United States of America*,   Côte d'Ivoire,28813,41873,14163,20350,14650,21523
   United States of America*,   Croatia,44944,36110,21862,17360,23082,18750
   United States of America*,   Cuba,1210674,1376211,571563,648113,639111,728098
   United States of America*,   Cyprus*,20420,29674,11480,16542,8940,13132
   United States of America*,   Czechia,75864,110257,37284,53570,38580,56687
   United States of America*,   Democratic Republic of the Congo,25560,37145,12571,18062,12989,19083
   United States of America*,   Denmark*,31599,33223,11757,12328,19842,20895
   United States of America*,   Dominica,32379,36016,13943,15284,18436,20732
   United States of America*,   Dominican Republic,1086819,1167738,467139,494545,619680,673193
   United States of America*,   Ecuador,478039,425294,238781,210079,239258,215215
   United States of America*,   Egypt,188170,204993,98887,106654,89283,98339
   United States of America*,   El Salvador,1352357,1410659,683083,710992,669274,699667
   United States of America*,   Eritrea,36332,51625,17862,25091,18470,26534
   United States of America*,   Estonia,11086,16109,5375,7720,5711,8389
   United States of America*,   Ethiopia,221489,245671,108846,119348,112643,126323
   United States of America*,   Fiji,46821,51535,22140,24068,24681,27467
   United States of America*,   Finland*,21879,31795,10754,15452,11125,16343
   United States of America*,   France*,173561,162365,85076,79407,88485,82958
   United States of America*,   Gambia,23157,33653,11393,16371,11764,17282
   United States of America*,   Georgia*,27126,39422,13337,19163,13789,20259
   United States of America*,   Germany,585298,534203,283924,258532,301374,275671
   United States of America*,   Ghana,161082,201086,95582,118417,65500,82669
   United States of America*,   Greece,151699,116619,77913,59270,73786,57349
   United States of America*,   Grenada,35652,25303,15505,10848,20147,14455
   United States of America*,   Guatemala,991516,1226849,498006,609443,493510,617406
   United States of America*,   Guinea,20333,29548,10002,14373,10331,15175
   United States of America*,   Guyana,299148,241573,140441,111994,158707,129579
   United States of America*,   Haiti,682521,705361,338275,345656,344246,359705
   United States of America*,   Honduras,607457,773045,258482,324025,348975,449020
   United States of America*,   Hungary,78760,63678,37878,30262,40882,33416
   United States of America*,   Iceland,5672,8241,2790,4011,2882,4230
   United States of America*,   India,2389639,2723764,1258676,1431847,1130963,1291917
   United States of America*,   Indonesia,104522,105617,51365,51312,53157,54305
   United States of America*,   Iran (Islamic Republic of),394223,387246,204887,200854,189336,186392
   United States of America*,   Iraq,213417,256028,104878,124378,108539,131650
   United States of America*,   Ireland,120144,105858,46849,41137,73295,64721
   United States of America*,   Israel,129681,133771,66026,67966,63655,65805
   United States of America*,   Italy,352492,309965,153503,134600,198989,175365
   United States of America*,   Jamaica,711134,792370,307426,341554,403708,450816
   United States of America*,   Japan,335767,319968,164585,156484,171182,163484
   United States of America*,   Jordan,75355,91208,45681,55199,29674,36009
   United States of America*,   Kazakhstan,28892,36353,14202,17666,14690,18687
   United States of America*,   Kenya,125185,156960,64876,80508,60309,76452
   United States of America*,   Kuwait,29826,29083,14661,14134,15165,14949
   United States of America*,   Kyrgyzstan,6119,8890,3015,4334,3104,4556
   United States of America*,   Lao People's Democratic Republic,213777,173275,107435,86129,106342,87146
   United States of America*,   Latvia,25163,22342,9784,8665,15379,13677
   United States of America*,   Lebanon,119613,119145,64873,64501,54740,54644
   United States of America*,   Liberia,85482,105233,40739,49542,44743,55691
   United States of America*,   Libya,9676,14059,4759,6839,4917,7220
   United States of America*,   Lithuania,39449,32434,16918,13706,22531,18728
   United States of America*,   Luxembourg,2669,3875,1316,1890,1353,1985
   United States of America*,   Malaysia*,71903,73947,35337,35927,36566,38020
   United States of America*,   Malta,8365,12154,4250,6111,4115,6043
   United States of America*,   Marshall Islands,7188,10442,3541,5088,3647,5354
   United States of America*,   Mexico,11643298,10853105,6230901,5796774,5412397,5056331
   United States of America*,   Micronesia (Fed. States of),8064,11717,3968,5703,4096,6014
   United States of America*,   Montserrat*,6749,9805,2921,4184,3828,5621
   United States of America*,   Morocco,73754,76460,33128,33878,40626,42582
   United States of America*,   Myanmar,134424,156410,66326,76299,68098,80111
   United States of America*,   Nepal,105677,176462,51938,85735,53739,90727
   United States of America*,   Netherlands*,92801,79923,42805,36391,49996,43532
   United States of America*,   New Zealand*,34157,49640,13312,19296,20845,30344
   United States of America*,   Nicaragua,280437,255008,133503,119919,146934,135089
   United States of America*,   Nigeria,286784,402186,140934,195382,145850,206804
   United States of America*,   Norway*,28874,18055,12126,7468,16748,10587
   United States of America*,   Pakistan,376432,408412,184989,198405,191443,210007
   United States of America*,   Panama,116055,99764,57035,48469,59020,51295
   United States of America*,   Paraguay,31770,46170,10301,14924,21469,31246
   United States of America*,   Peru,486643,435868,193103,172509,293540,263359
   United States of America*,   Philippines,1982369,2061178,754986,782161,1227383,1279017
   United States of America*,   Poland,419332,406794,190716,184527,228616,222267
   United States of America*,   Portugal,176803,191313,83799,90457,93004,100856
   United States of America*,   Republic of Korea,1060019,1038778,514190,502699,545829,536079
   United States of America*,   Republic of Moldova*,43928,45713,21593,22216,22335,23497
   United States of America*,   Romania,177831,170469,83741,79277,94090,91192
   United States of America*,   Russian Federation,386529,397061,189469,194187,197060,202874
   United States of America*,   Saint Kitts and Nevis,19107,27765,8366,11986,10741,15779
   United States of America*,   Saint Lucia,23377,33973,9991,14308,13386,19665
   United States of America*,   Saint Vincent and the Grenadines,25299,15175,13037,7740,12262,7435
   United States of America*,   Samoa,18708,27186,9198,13216,9510,13970
   United States of America*,   Saudi Arabia,87863,77946,38693,33845,49170,44101
   United States of America*,   Senegal,42314,61497,20798,29884,21516,31613
   United States of America*,   Serbia*,38320,39837,18837,19361,19483,20476
   United States of America*,   Sierra Leone,41701,44384,18375,19285,23326,25099
   United States of America*,   Singapore,36132,33505,14729,13441,21403,20064
   United States of America*,   Slovenia,9666,14046,4757,6836,4909,7210
   United States of America*,   Somalia,93003,120671,45745,58678,47258,61993
   United States of America*,   South Africa,101037,117321,48729,55912,52308,61409
   United States of America*,   Spain*,111685,102633,31566,28903,80119,73730
   United States of America*,   Sri Lanka,52908,51543,26004,25044,26904,26499
   United States of America*,   State of Palestine*,40177,58389,19750,28377,20427,30012
   United States of America*,   Sudan,45327,50713,19973,22033,25354,28680
   United States of America*,   Suriname,14794,21498,6544,9373,8250,12125
   United States of America*,   Sweden,52116,40687,21256,16329,30860,24358
   United States of America*,   Switzerland,43436,47989,18168,19764,25268,28225
   United States of America*,   Syrian Arab Republic,84881,84169,41716,40894,43165,43275
   United States of America*,   Tajikistan,4803,6979,2366,3402,2437,3577
   United States of America*,   Thailand,267938,256642,94509,90262,173429,166380
   United States of America*,   North Macedonia,28018,32866,13774,15973,14244,16893
   United States of America*,   Tonga,19652,28559,9463,13590,10189,14969
   United States of America*,   Trinidad and Tobago,255967,208075,105675,84560,150292,123515
   United States of America*,   Tunisia,120883,175685,59434,85393,61449,90292
   United States of America*,   Turkey,379182,112943,166078,48767,213104,64176
   United States of America*,   Turkmenistan,2306,3347,1023,1464,1283,1883
   United States of America*,   Uganda,45703,66421,19577,28035,26126,38386
   United States of America*,   Ukraine*,383559,370255,186544,177968,197015,192287
   United States of America*,   United Arab Emirates,12419,18046,6106,8773,6313,9273
   United States of America*,   United Kingdom*,683475,673667,335023,329401,348452,344266
   United States of America*,   United Republic of Tanzania*,50245,73021,24693,35477,25552,37544
   United States of America*,   Uruguay,52070,50274,20027,19285,32043,30989
   United States of America*,   Uzbekistan,61204,63496,30078,30848,31126,32648
   United States of America*,   Venezuela (Bolivarian Republic of),236264,505647,91861,196082,144403,309565
   United States of America*,   Viet Nam,1300575,1403193,637503,686215,663072,716978
   United States of America*,   Yemen,45642,56816,22424,27603,23218,29213
   United States of America*,   Zambia,24856,36122,10155,14525,14701,21597
   United States of America*,   Zimbabwe,55463,80606,25134,36038,30329,44568
   United States of America*,   Puerto Rico*,1695637,1829251,831150,894566,864487,934685
   United States of America*,Other,2403302,4046231,1260596,2067504,1142706,1978727
 OCEANIA ,WORLD,8072276,9380653,4006465,4645856,4065811,4734797
 OCEANIA ,  Sub-Saharan Africa,430368,504999,216437,252782,213931,252217
 OCEANIA ,  Northern Africa and Western Asia,379123,441956,199039,232144,180084,209812
 OCEANIA ,  Central and Southern Asia,943762,1247120,513047,680389,430715,566731
 OCEANIA ,  Eastern and South-Eastern Asia,1984532,2444109,895454,1099373,1089078,1344736
 OCEANIA ,  Latin America and the Caribbean,164648,214569,79593,103380,85055,111189
 OCEANIA ,  Oceania (excluding Australia and New Zealand),351616,389779,172321,190523,179295,199256
 OCEANIA ,  Australia and New Zealand,661634,717927,340388,367593,321246,350334
 OCEANIA ,  Europe and Northern America,3002186,3237714,1515316,1624370,1486870,1613344
 OCEANIA ,  Developed regions,3725297,4029027,1878331,2019199,1846966,2009828
 OCEANIA ,  Less developed regions,4192572,5169146,2053264,2531355,2139308,2637791
 OCEANIA ," Less developed regions, excluding least developed countries",3828368,4716181,1862735,2291971,1965633,2424210
 OCEANIA ," Less developed regions, excluding China",3477500,4240980,1724798,2105713,1752702,2135267
 OCEANIA ,  Least developed countries,364204,452965,190529,239384,173675,213581
 OCEANIA ,  Land-locked Developing Countries (LLDC),272264,340559,142706,180270,129558,160289
 OCEANIA ,  Small island developing States (SIDS),459853,510779,225113,248594,234740,262185
 OCEANIA ,  High-income countries,4017525,4372564,2024472,2190791,1993053,2181773
 OCEANIA ,  Middle-income countries,3712778,4599668,1809583,2240103,1903195,2359565
 OCEANIA , Upper-middle-income countries,2001083,2448553,951642,1160700,1049441,1287853
 OCEANIA , Lower-middle-income countries,1711695,2151115,857941,1079403,853754,1071712
 OCEANIA ,  Low-income countries,146834,185156,77546,99677,69288,85479
 OCEANIA , AFRICA,505762,587673,256106,296252,249656,291421
 OCEANIA ,  Eastern Africa,161591,187674,81035,93311,80556,94363
 OCEANIA ,  Middle Africa,7040,8737,3607,4459,3433,4278
 OCEANIA ,  Northern Africa,75394,82674,39669,43470,35725,39204
 OCEANIA ,  Southern Africa,237076,277311,118147,137726,118929,139585
 OCEANIA ,  Western Africa,24661,31277,13648,17286,11013,13991
 OCEANIA , ASIA,3232023,4050511,1567871,1968436,1664152,2082075
 OCEANIA ,  Central Asia,4510,5389,1820,2175,2690,3214
 OCEANIA ,  Eastern Asia,917391,1166404,418304,531790,499087,634614
 OCEANIA ,  South-Eastern Asia,1067141,1277705,477150,567583,589991,710122
 OCEANIA ,  Southern Asia,939252,1241731,511227,678214,428025,563517
 OCEANIA ,  Western Asia,303729,359282,159370,188674,144359,170608
 OCEANIA , EUROPE,2785934,2983395,1406694,1499791,1379240,1483604
 OCEANIA ,  Eastern Europe,177003,194893,79659,86929,97344,107964
 OCEANIA ,  Northern Europe,1624755,1736498,825777,880917,798978,855581
 OCEANIA ,  Southern Europe,597250,625526,304195,316045,293055,309481
 OCEANIA ,  Western Europe,386926,426478,197063,215900,189863,210578
 OCEANIA , LATIN AMERICA AND THE CARIBBEAN,164648,214569,79593,103380,85055,111189
 OCEANIA ,  Caribbean,10930,11687,5600,5904,5330,5783
 OCEANIA ,  Central America,19290,22048,9469,10718,9821,11330
 OCEANIA ,  South America,134428,180834,64524,86758,69904,94076
 OCEANIA , NORTHERN AMERICA,216252,254319,108622,124579,107630,129740
 OCEANIA , OCEANIA ,1013250,1107706,512709,558116,500541,549590
 OCEANIA ,  Australia and New Zealand,661634,717927,340388,367593,321246,350334
 OCEANIA ,  Melanesia,146335,165289,70449,79274,75886,86015
 OCEANIA ,  Micronesia,24755,26803,12397,13375,12358,13428
 OCEANIA ,  Polynesia*,180526,197687,89475,97874,91051,99813
 OCEANIA ,   Burundi,2390,2789,1228,1422,1162,1367
 OCEANIA ,   Comoros,0,0,0,0,0,0
 OCEANIA ,   Djibouti,190,214,99,113,91,101
 OCEANIA ,   Eritrea,4660,5879,2308,2940,2352,2939
 OCEANIA ,   Ethiopia,14317,17471,7025,8544,7292,8927
 OCEANIA ,   Kenya,21434,26512,10705,13024,10729,13488
 OCEANIA ,   Madagascar,290,343,116,134,174,209
 OCEANIA ,   Malawi,1400,1658,698,827,702,831
 OCEANIA ,   Mauritius*,28660,31947,14323,15853,14337,16094
 OCEANIA ,   Mayotte*,38,27,26,18,12,9
 OCEANIA ,   Mozambique,1010,1108,501,542,509,566
 OCEANIA ,   Réunion*,220,268,99,125,121,143
 OCEANIA ,   Rwanda,980,1173,480,547,500,626
 OCEANIA ,   Seychelles,3030,3231,1395,1472,1635,1759
 OCEANIA ,   Somalia,9797,11320,4794,5486,5003,5834
 OCEANIA ,   South Sudan,7480,9510,4171,5106,3309,4404
 OCEANIA ,   Uganda,3800,4480,1936,2247,1864,2233
 OCEANIA ,   United Republic of Tanzania*,4528,5088,2431,2698,2097,2390
 OCEANIA ,   Zambia,8781,9747,4354,4800,4427,4947
 OCEANIA ,   Zimbabwe,48586,54909,24346,27413,24240,27496
 OCEANIA ,   Angola,560,602,293,324,267,278
 OCEANIA ,   Cameroon,450,548,268,331,182,217
 OCEANIA ,   Central African Republic,30,42,18,23,12,19
 OCEANIA ,   Chad,70,63,40,34,30,29
 OCEANIA ,   Congo,1610,1884,809,880,801,1004
 OCEANIA ,   Democratic Republic of the Congo,4270,5535,2150,2833,2120,2702
 OCEANIA ,   Equatorial Guinea,0,0,0,0,0,0
 OCEANIA ,   Gabon,50,63,29,34,21,29
 OCEANIA ,   Sao Tome and Principe,0,0,0,0,0,0
 OCEANIA ,   Algeria,2867,3078,1713,1800,1154,1278
 OCEANIA ,   Egypt,46004,51031,24118,26740,21886,24291
 OCEANIA ,   Libya,2790,3079,1500,1649,1290,1430
 OCEANIA ,   Morocco,2718,3078,1488,1674,1230,1404
 OCEANIA ,   Sudan,19730,20992,10142,10851,9588,10141
 OCEANIA ,   Tunisia,1285,1416,708,756,577,660
 OCEANIA ,   Western Sahara,0,0,0,0,0,0
 OCEANIA ,   Botswana,1320,1539,668,763,652,776
 OCEANIA ,   Eswatini,390,408,181,197,209,211
 OCEANIA ,   Lesotho,150,160,83,83,67,77
 OCEANIA ,   Namibia,1430,1668,713,824,717,844
 OCEANIA ,   South Africa,233786,273536,116502,135859,117284,137677
 OCEANIA ,   Benin,110,117,76,84,34,33
 OCEANIA ,   Burkina Faso,60,63,34,34,26,29
 OCEANIA ,   Cabo Verde,40,42,23,23,17,19
 OCEANIA ,   Côte d'Ivoire,600,688,313,355,287,333
 OCEANIA ,   Gambia,130,138,77,90,53,48
 OCEANIA ,   Ghana,5900,7194,3264,4000,2636,3194
 OCEANIA ,   Guinea,940,1129,487,546,453,583
 OCEANIA ,   Guinea-Bissau,20,20,12,12,8,8
 OCEANIA ,   Liberia,3520,3973,1699,1897,1821,2076
 OCEANIA ,   Mali,80,96,45,50,35,46
 OCEANIA ,   Mauritania,60,63,34,34,26,29
 OCEANIA ,   Niger,30,42,18,23,12,19
 OCEANIA ,   Nigeria,8360,12354,5073,7431,3287,4923
 OCEANIA ,   Saint Helena*,21,20,13,13,8,7
 OCEANIA ,   Senegal,430,483,277,275,153,208
 OCEANIA ,   Sierra Leone,3990,4447,2010,2217,1980,2230
 OCEANIA ,   Togo,370,408,193,202,177,206
 OCEANIA ,   Kazakhstan,1920,2304,722,839,1198,1465
 OCEANIA ,   Kyrgyzstan,490,602,190,225,300,377
 OCEANIA ,   Tajikistan,160,171,59,71,101,100
 OCEANIA ,   Turkmenistan,100,127,29,35,71,92
 OCEANIA ,   Uzbekistan,1840,2185,820,1005,1020,1180
 OCEANIA ,   China*,609887,806051,277301,366317,332586,439734
 OCEANIA ,"   China, Hong Kong SAR*",102405,118821,49931,57811,52474,61010
 OCEANIA ,"   China, Macao SAR*",2780,3294,1234,1514,1546,1780
 OCEANIA ,"   China, Taiwan Province of China*",0,0,0,0,0,0
 OCEANIA ,   Dem. People's Republic of Korea,220,268,99,134,121,134
 OCEANIA ,   Japan,61477,73386,22627,27236,38850,46150
 OCEANIA ,   Mongolia,1780,3854,792,1798,988,2056
 OCEANIA ,   Republic of Korea,138842,160730,66320,76980,72522,83750
 OCEANIA ,   Brunei Darussalam,2890,3294,1406,1587,1484,1707
 OCEANIA ,   Cambodia,41797,47484,19378,21836,22419,25648
 OCEANIA ,   Indonesia,96656,111003,43879,50027,52777,60976
 OCEANIA ,   Lao People's Democratic Republic,11620,12537,5474,5833,6146,6704
 OCEANIA ,   Malaysia*,160598,198786,76622,95137,83976,103649
 OCEANIA ,   Myanmar,34360,41262,17064,21091,17296,20171
 OCEANIA ,   Philippines,326556,405310,139483,172887,187073,232423
 OCEANIA ,   Singapore,65110,73223,30940,34073,34170,39150
 OCEANIA ,   Thailand,74423,93497,25985,32253,48438,61244
 OCEANIA ,   Timor-Leste,10000,10555,5019,5276,4981,5279
 OCEANIA ,   Viet Nam,243131,280754,111900,127583,131231,153171
 OCEANIA ,   Afghanistan,52090,64706,29816,39144,22274,25562
 OCEANIA ,   Bangladesh,46356,57328,25842,31959,20514,25369
 OCEANIA ,   Bhutan,5850,7937,3017,4037,2833,3900
 OCEANIA ,   India,520514,703462,281306,377726,239208,325736
 OCEANIA ,   Iran (Islamic Republic of),65263,79429,34555,43246,30708,36183
 OCEANIA ,   Maldives,610,656,284,306,326,350
 OCEANIA ,   Nepal,51740,83366,28944,45894,22796,37472
 OCEANIA ,   Pakistan,67055,90263,40407,54494,26648,35769
 OCEANIA ,   Sri Lanka,129774,154584,67056,81408,62718,73176
 OCEANIA ,   Armenia,1460,1658,638,750,822,908
 OCEANIA ,   Azerbaijan*,650,753,273,340,377,413
 OCEANIA ,   Bahrain,1730,2055,933,1123,797,932
 OCEANIA ,   Cyprus*,20100,20884,9995,10300,10105,10584
 OCEANIA ,   Georgia*,620,720,296,334,324,386
 OCEANIA ,   Iraq,76568,96679,39569,50029,36999,46650
 OCEANIA ,   Israel,11240,12666,6356,7112,4884,5554
 OCEANIA ,   Jordan,6530,8012,3660,4470,2870,3542
 OCEANIA ,   Kuwait,6580,7754,3928,4630,2652,3124
 OCEANIA ,   Lebanon,93290,101508,49037,53450,44253,48058
 OCEANIA ,   Oman,1560,2260,836,1294,724,966
 OCEANIA ,   Qatar,1100,1507,606,799,494,708
 OCEANIA ,   Saudi Arabia,16431,17417,9071,9532,7360,7885
 OCEANIA ,   State of Palestine*,3190,3424,1814,1933,1376,1491
 OCEANIA ,   Syrian Arab Republic,14170,26291,6922,13133,7248,13158
 OCEANIA ,   Turkey,39710,43655,20737,22938,18973,20717
 OCEANIA ,   United Arab Emirates,8090,11136,4295,5993,3795,5143
 OCEANIA ,   Yemen,710,903,404,514,306,389
 OCEANIA ,   Belarus,2180,2433,900,969,1280,1464
 OCEANIA ,   Bulgaria,3930,4361,1844,2014,2086,2347
 OCEANIA ,   Czechia,14577,16801,6931,7961,7646,8840
 OCEANIA ,   Hungary,22541,23805,11207,11667,11334,12138
 OCEANIA ,   Poland,56549,60030,24974,26391,31575,33639
 OCEANIA ,   Republic of Moldova*,1160,1269,529,554,631,715
 OCEANIA ,   Romania,19389,20774,9414,10013,9975,10761
 OCEANIA ,   Russian Federation,31465,37436,12796,15190,18669,22246
 OCEANIA ,   Slovakia,6720,7366,3143,3409,3577,3957
 OCEANIA ,   Ukraine*,18492,20618,7921,8761,10571,11857
 OCEANIA ,   Channel Islands*,0,0,0,0,0,0
 OCEANIA ,   Denmark*,11695,13135,6055,6706,5640,6429
 OCEANIA ,   Estonia,3440,3887,1472,1638,1968,2249
 OCEANIA ,   Faroe Islands*,30,20,18,12,12,8
 OCEANIA ,   Finland*,9210,9779,3793,3962,5417,5817
 OCEANIA ,   Iceland,610,613,333,320,277,293
 OCEANIA ,   Ireland,99970,105144,53352,56034,46618,49110
 OCEANIA ,   Isle of Man*,810,1000,453,523,357,477
 OCEANIA ,   Latvia,4990,5072,2020,2067,2970,3005
 OCEANIA ,   Lithuania,3370,3822,1392,1561,1978,2261
 OCEANIA ,   Norway*,4360,4748,1961,2175,2399,2573
 OCEANIA ,   Sweden,12882,15052,5567,6474,7315,8578
 OCEANIA ,   United Kingdom*,1473388,1574226,749361,799445,724027,774781
 OCEANIA ,   Albania,3460,3941,1793,2052,1667,1889
 OCEANIA ,   Andorra,20,30,12,17,8,13
 OCEANIA ,   Bosnia and Herzegovina,36750,38485,18404,19186,18346,19299
 OCEANIA ,   Croatia,63615,65511,32241,32839,31374,32672
 OCEANIA ,   Gibraltar*,490,515,244,266,246,249
 OCEANIA ,   Greece,115820,119831,57050,58397,58770,61434
 OCEANIA ,   Holy See*,0,0,0,0,0,0
 OCEANIA ,   Italy,200965,210495,104907,109099,96058,101396
 OCEANIA ,   Malta,44070,45357,22558,23106,21512,22251
 OCEANIA ,   Montenegro,2030,2196,1033,1089,997,1107
 OCEANIA ,   North Macedonia,49990,53144,25344,26787,24646,26357
 OCEANIA ,   Portugal,19140,20550,9921,10603,9219,9947
 OCEANIA ,   San Marino,0,0,0,0,0,0
 OCEANIA ,   Serbia*,34923,36878,17436,18240,17487,18638
 OCEANIA ,   Slovenia,8060,8454,4080,4183,3980,4271
 OCEANIA ,   Spain*,17917,20139,9172,10181,8745,9958
 OCEANIA ,   Austria,19330,20323,10076,10574,9254,9749
 OCEANIA ,   Belgium,7290,8067,3722,4087,3568,3980
 OCEANIA ,   France*,108291,122472,58873,65783,49418,56689
 OCEANIA ,   Germany,132944,150036,63853,71820,69091,78216
 OCEANIA ,   Liechtenstein,20,20,12,12,8,8
 OCEANIA ,   Luxembourg,250,301,115,145,135,156
 OCEANIA ,   Monaco,80,96,45,50,35,46
 OCEANIA ,   Netherlands*,101226,105361,51332,53219,49894,52142
 OCEANIA ,   Switzerland,17495,19802,9035,10210,8460,9592
 OCEANIA ,   Anguilla*,0,0,0,0,0,0
 OCEANIA ,   Antigua and Barbuda,60,63,34,34,26,29
 OCEANIA ,   Aruba*,70,75,40,40,30,35
 OCEANIA ,   Bahamas,310,332,144,155,166,177
 OCEANIA ,   Barbados,450,483,246,271,204,212
 OCEANIA ,"   Bonaire, Sint Eustatius and Saba*",0,0,0,0,0,0
 OCEANIA ,   British Virgin Islands*,0,0,0,0,0,0
 OCEANIA ,   Cayman Islands*,130,160,67,68,63,92
 OCEANIA ,   Cuba,880,990,489,548,391,442
 OCEANIA ,   Curaçao*,150,160,65,70,85,90
 OCEANIA ,   Dominica,40,42,23,23,17,19
 OCEANIA ,   Dominican Republic,210,235,90,85,120,150
 OCEANIA ,   Grenada,140,150,75,81,65,69
 OCEANIA ,   Guadeloupe*,20,20,12,12,8,8
 OCEANIA ,   Haiti,120,138,64,74,56,64
 OCEANIA ,   Jamaica,1290,1409,696,738,594,671
 OCEANIA ,   Martinique*,40,42,23,23,17,19
 OCEANIA ,   Montserrat*,0,0,0,0,0,0
 OCEANIA ,   Puerto Rico*,5031,5298,2503,2636,2528,2662
 OCEANIA ,   Saint Barthélemy*,0,0,0,0,0,0
 OCEANIA ,   Saint Kitts and Nevis,19,18,12,12,7,6
 OCEANIA ,   Saint Lucia,13,12,9,9,4,3
 OCEANIA ,   Saint Martin (French part)*,0,0,0,0,0,0
 OCEANIA ,   Saint Vincent and the Grenadines,47,47,27,28,20,19
 OCEANIA ,   Sint Maarten (Dutch part)*,0,0,0,0,0,0
 OCEANIA ,   Trinidad and Tobago,1910,2013,981,997,929,1016
 OCEANIA ,   Turks and Caicos Islands*,0,0,0,0,0,0
 OCEANIA ,   United States Virgin Islands*,0,0,0,0,0,0
 OCEANIA ,   Belize,80,85,45,44,35,41
 OCEANIA ,   Costa Rica,500,580,254,299,246,281
 OCEANIA ,   El Salvador,11350,12310,5565,5984,5785,6326
 OCEANIA ,   Guatemala,540,613,258,296,282,317
 OCEANIA ,   Honduras,320,343,153,163,167,180
 OCEANIA ,   Mexico,5390,6881,2650,3336,2740,3545
 OCEANIA ,   Nicaragua,860,947,410,458,450,489
 OCEANIA ,   Panama,250,289,134,138,116,151
 OCEANIA ,   Argentina,17280,22036,8472,10696,8808,11340
 OCEANIA ,   Bolivia (Plurinational State of),1050,1183,500,558,550,625
 OCEANIA ,   Brazil,30518,51640,14606,24928,15912,26712
 OCEANIA ,   Chile,32683,38578,15983,18833,16700,19745
 OCEANIA ,   Colombia,21007,31101,9863,14651,11144,16450
 OCEANIA ,   Ecuador,2810,2949,1397,1468,1413,1481
 OCEANIA ,   Falkland Islands (Malvinas)*,120,117,60,58,60,59
 OCEANIA ,   French Guiana*,20,20,12,12,8,8
 OCEANIA ,   Guyana,660,709,312,346,348,363
 OCEANIA ,   Paraguay,500,613,234,287,266,326
 OCEANIA ,   Peru,11270,12698,4974,5549,6296,7149
 OCEANIA ,   Suriname,170,181,71,71,99,110
 OCEANIA ,   Uruguay,10580,11449,5129,5506,5451,5943
 OCEANIA ,   Venezuela (Bolivarian Republic of),5760,7560,2911,3795,2849,3765
 OCEANIA ,   Bermuda*,580,623,290,302,290,321
 OCEANIA ,   Canada,62912,74187,29870,34846,33042,39341
 OCEANIA ,   Greenland*,0,0,0,0,0,0
 OCEANIA ,   Saint Pierre and Miquelon*,0,0,0,0,0,0
 OCEANIA ,   United States of America*,152760,179509,78462,89431,74298,90078
 OCEANIA ,   Australia*,78338,98606,39839,49669,38499,48937
 OCEANIA ,   New Zealand*,583296,619321,300549,317924,282747,301397
 OCEANIA ,   Fiji,130088,147865,62396,70683,67692,77182
 OCEANIA ,   New Caledonia*,5106,5305,2492,2599,2614,2706
 OCEANIA ,   Papua New Guinea,2087,2289,1049,1147,1038,1142
 OCEANIA ,   Solomon Islands,3418,3768,1697,1840,1721,1928
 OCEANIA ,   Vanuatu,5636,6062,2815,3005,2821,3057
 OCEANIA ,   Guam*,1119,1136,528,523,591,613
 OCEANIA ,   Kiribati,3780,4741,1854,2326,1926,2415
 OCEANIA ,   Marshall Islands,422,435,213,220,209,215
 OCEANIA ,   Micronesia (Fed. States of),12436,13062,6286,6587,6150,6475
 OCEANIA ,   Nauru,2173,2380,1083,1178,1090,1202
 OCEANIA ,   Northern Mariana Islands*,2532,2664,1296,1354,1236,1310
 OCEANIA ,   Palau,2293,2385,1137,1187,1156,1198
 OCEANIA ,   American Samoa*,1522,1329,785,684,737,645
 OCEANIA ,   Cook Islands*,21544,21095,10689,10451,10855,10644
 OCEANIA ,   French Polynesia*,1194,1291,698,760,496,531
 OCEANIA ,   Niue*,5326,5162,2605,2537,2721,2625
 OCEANIA ,   Samoa,97024,107370,47774,52874,49250,54496
 OCEANIA ,   Tokelau*,2171,2112,1096,1068,1075,1044
 OCEANIA ,   Tonga,37979,44401,19157,22297,18822,22104
 OCEANIA ,   Tuvalu,2554,3025,1312,1537,1242,1488
 OCEANIA ,   Wallis and Futuna Islands*,11212,11902,5359,5666,5853,6236
  Australia and New Zealand,WORLD,7769466,9067584,3846117,4480351,3923349,4587233
  Australia and New Zealand,  Sub-Saharan Africa,430302,504945,216390,252742,213912,252203
  Australia and New Zealand,  Northern Africa and Western Asia,376683,439410,197710,230761,178973,208649
  Australia and New Zealand,  Central and Southern Asia,937913,1241100,509557,676776,428356,564324
  Australia and New Zealand,  Eastern and South-Eastern Asia,1904449,2361394,854826,1057477,1049623,1303917
  Australia and New Zealand,  Latin America and the Caribbean,159787,209475,77186,100853,82601,108622
  Australia and New Zealand,  Oceania (excluding Australia and New Zealand),283916,319996,138085,155254,145831,164742
  Australia and New Zealand,  Australia and New Zealand,640591,696555,327826,354848,312765,341707
  Australia and New Zealand,  Europe and Northern America,2904774,3136402,1461513,1568549,1443261,1567853
  Australia and New Zealand,  Developed regions,3603595,3902982,1810225,1948834,1793370,1954148
  Australia and New Zealand,  Less developed regions,4034820,5006295,1972868,2448426,2061952,2557869
  Australia and New Zealand," Less developed regions, excluding least developed countries",3681497,4564617,1788117,2215040,1893380,2349577
  Australia and New Zealand," Less developed regions, excluding China",3328184,4086761,1647944,2026425,1680240,2060336
  Australia and New Zealand,  Least developed countries,353323,441678,184751,233386,168572,208292
  Australia and New Zealand,  Land-locked Developing Countries (LLDC),271549,339810,142363,179913,129186,159897
  Australia and New Zealand,  Small island developing States (SIDS),398564,447858,193850,216482,204714,231376
  Australia and New Zealand,  High-income countries,3874747,4224660,1945725,2109393,1929022,2115267
  Australia and New Zealand,  Middle-income countries,3587529,4470771,1745302,2173979,1842227,2296792
  Australia and New Zealand, Upper-middle-income countries,1952793,2399850,927540,1136318,1025253,1263532
  Australia and New Zealand, Lower-middle-income countries,1634736,2070921,817762,1037661,816974,1033260
  Australia and New Zealand,  Low-income countries,146834,185156,77546,99677,69288,85479
  Australia and New Zealand, AFRICA,503256,585073,254730,294829,248526,290244
  Australia and New Zealand,  Eastern Africa,161525,187620,80988,93271,80537,94349
  Australia and New Zealand,  Middle Africa,7040,8737,3607,4459,3433,4278
  Australia and New Zealand,  Northern Africa,72954,80128,38340,42087,34614,38041
  Australia and New Zealand,  Southern Africa,237076,277311,118147,137726,118929,139585
  Australia and New Zealand,  Western Africa,24661,31277,13648,17286,11013,13991
  Australia and New Zealand, ASIA,3146091,3961776,1523753,1922927,1622338,2038849
  Australia and New Zealand,  Central Asia,4510,5389,1820,2175,2690,3214
  Australia and New Zealand,  Eastern Asia,901056,1149596,410717,523960,490339,625636
  Australia and New Zealand,  South-Eastern Asia,1003393,1211798,444109,533517,559284,678281
  Australia and New Zealand,  Southern Asia,933403,1235711,507737,674601,425666,561110
  Australia and New Zealand,  Western Asia,303729,359282,159370,188674,144359,170608
  Australia and New Zealand, EUROPE,2714704,2909353,1366819,1458457,1347885,1450896
  Australia and New Zealand,  Eastern Europe,176977,194868,79638,86907,97339,107961
  Australia and New Zealand,  Northern Europe,1622399,1734126,824396,879516,798003,854610
  Australia and New Zealand,  Southern Europe,596652,624909,303781,315618,292871,309291
  Australia and New Zealand,  Western Europe,318676,355450,159004,176416,159672,179034
  Australia and New Zealand, LATIN AMERICA AND THE CARIBBEAN,159787,209475,77186,100853,82601,108622
  Australia and New Zealand,  Caribbean,6069,6593,3193,3377,2876,3216
  Australia and New Zealand,  Central America,19290,22048,9469,10718,9821,11330
  Australia and New Zealand,  South America,134428,180834,64524,86758,69904,94076
  Australia and New Zealand, NORTHERN AMERICA,190070,227049,94694,110092,95376,116957
  Australia and New Zealand, OCEANIA ,924507,1016551,465911,510102,458596,506449
  Australia and New Zealand,  Australia and New Zealand,640591,696555,327826,354848,312765,341707
  Australia and New Zealand,  Melanesia,134054,152722,64097,72759,69957,79963
  Australia and New Zealand,  Micronesia,3083,4096,1450,1930,1633,2166
  Australia and New Zealand,  Polynesia*,146779,163178,72538,80565,74241,82613
  Australia and New Zealand,   Burundi,2390,2789,1228,1422,1162,1367
  Australia and New Zealand,   Comoros,0,0,0,0,0,0
  Australia and New Zealand,   Djibouti,190,214,99,113,91,101
  Australia and New Zealand,   Eritrea,4660,5879,2308,2940,2352,2939
  Australia and New Zealand,   Ethiopia,14317,17471,7025,8544,7292,8927
  Australia and New Zealand,   Kenya,21434,26512,10705,13024,10729,13488
  Australia and New Zealand,   Madagascar,290,343,116,134,174,209
  Australia and New Zealand,   Malawi,1400,1658,698,827,702,831
  Australia and New Zealand,   Mauritius*,28660,31947,14323,15853,14337,16094
  Australia and New Zealand,   Mayotte*,0,0,0,0,0,0
  Australia and New Zealand,   Mozambique,1010,1108,501,542,509,566
  Australia and New Zealand,   Réunion*,220,268,99,125,121,143
  Australia and New Zealand,   Rwanda,980,1173,480,547,500,626
  Australia and New Zealand,   Seychelles,3030,3231,1395,1472,1635,1759
  Australia and New Zealand,   Somalia,9797,11320,4794,5486,5003,5834
  Australia and New Zealand,   South Sudan,7480,9510,4171,5106,3309,4404
  Australia and New Zealand,   Uganda,3800,4480,1936,2247,1864,2233
  Australia and New Zealand,   United Republic of Tanzania*,4500,5061,2410,2676,2090,2385
  Australia and New Zealand,   Zambia,8781,9747,4354,4800,4427,4947
  Australia and New Zealand,   Zimbabwe,48586,54909,24346,27413,24240,27496
  Australia and New Zealand,   Angola,560,602,293,324,267,278
  Australia and New Zealand,   Cameroon,450,548,268,331,182,217
  Australia and New Zealand,   Central African Republic,30,42,18,23,12,19
  Australia and New Zealand,   Chad,70,63,40,34,30,29
  Australia and New Zealand,   Congo,1610,1884,809,880,801,1004
  Australia and New Zealand,   Democratic Republic of the Congo,4270,5535,2150,2833,2120,2702
  Australia and New Zealand,   Equatorial Guinea,0,0,0,0,0,0
  Australia and New Zealand,   Gabon,50,63,29,34,21,29
  Australia and New Zealand,   Sao Tome and Principe,0,0,0,0,0,0
  Australia and New Zealand,   Algeria,1600,1776,982,1051,618,725
  Australia and New Zealand,   Egypt,46004,51031,24118,26740,21886,24291
  Australia and New Zealand,   Libya,2790,3079,1500,1649,1290,1430
  Australia and New Zealand,   Morocco,2170,2497,1206,1375,964,1122
  Australia and New Zealand,   Sudan,19730,20992,10142,10851,9588,10141
  Australia and New Zealand,   Tunisia,660,753,392,421,268,332
  Australia and New Zealand,   Western Sahara,0,0,0,0,0,0
  Australia and New Zealand,   Botswana,1320,1539,668,763,652,776
  Australia and New Zealand,   Eswatini,390,408,181,197,209,211
  Australia and New Zealand,   Lesotho,150,160,83,83,67,77
  Australia and New Zealand,   Namibia,1430,1668,713,824,717,844
  Australia and New Zealand,   South Africa,233786,273536,116502,135859,117284,137677
  Australia and New Zealand,   Benin,110,117,76,84,34,33
  Australia and New Zealand,   Burkina Faso,60,63,34,34,26,29
  Australia and New Zealand,   Cabo Verde,40,42,23,23,17,19
  Australia and New Zealand,   Côte d'Ivoire,600,688,313,355,287,333
  Australia and New Zealand,   Gambia,130,138,77,90,53,48
  Australia and New Zealand,   Ghana,5900,7194,3264,4000,2636,3194
  Australia and New Zealand,   Guinea,940,1129,487,546,453,583
  Australia and New Zealand,   Guinea-Bissau,20,20,12,12,8,8
  Australia and New Zealand,   Liberia,3520,3973,1699,1897,1821,2076
  Australia and New Zealand,   Mali,80,96,45,50,35,46
  Australia and New Zealand,   Mauritania,60,63,34,34,26,29
  Australia and New Zealand,   Niger,30,42,18,23,12,19
  Australia and New Zealand,   Nigeria,8360,12354,5073,7431,3287,4923
  Australia and New Zealand,   Saint Helena*,21,20,13,13,8,7
  Australia and New Zealand,   Senegal,430,483,277,275,153,208
  Australia and New Zealand,   Sierra Leone,3990,4447,2010,2217,1980,2230
  Australia and New Zealand,   Togo,370,408,193,202,177,206
  Australia and New Zealand,   Kazakhstan,1920,2304,722,839,1198,1465
  Australia and New Zealand,   Kyrgyzstan,490,602,190,225,300,377
  Australia and New Zealand,   Tajikistan,160,171,59,71,101,100
  Australia and New Zealand,   Turkmenistan,100,127,29,35,71,92
  Australia and New Zealand,   Uzbekistan,1840,2185,820,1005,1020,1180
  Australia and New Zealand,   China*,601472,797439,273773,362690,327699,434749
  Australia and New Zealand,"   China, Hong Kong SAR*",102384,118801,49917,57797,52467,61004
  Australia and New Zealand,"   China, Macao SAR*",2780,3294,1234,1514,1546,1780
  Australia and New Zealand,"   China, Taiwan Province of China*",0,0,0,0,0,0
  Australia and New Zealand,   Dem. People's Republic of Korea,220,268,99,134,121,134
  Australia and New Zealand,   Japan,58230,70025,20886,25437,37344,44588
  Australia and New Zealand,   Mongolia,1780,3854,792,1798,988,2056
  Australia and New Zealand,   Republic of Korea,134190,155915,64016,74590,70174,81325
  Australia and New Zealand,   Brunei Darussalam,2890,3294,1406,1587,1484,1707
  Australia and New Zealand,   Cambodia,41246,46900,19152,21597,22094,25303
  Australia and New Zealand,   Indonesia,82105,96333,36353,42407,45752,53926
  Australia and New Zealand,   Lao People's Democratic Republic,11030,11912,5232,5577,5798,6335
  Australia and New Zealand,   Malaysia*,160411,198603,76513,95028,83898,103575
  Australia and New Zealand,   Myanmar,34360,41262,17064,21091,17296,20171
  Australia and New Zealand,   Philippines,279886,356715,115107,147631,164779,209084
  Australia and New Zealand,   Singapore,65059,73173,30907,34039,34152,39134
  Australia and New Zealand,   Thailand,74423,93497,25985,32253,48438,61244
  Australia and New Zealand,   Timor-Leste,10000,10555,5019,5276,4981,5279
  Australia and New Zealand,   Viet Nam,241983,279554,111371,127031,130612,152523
  Australia and New Zealand,   Afghanistan,52090,64706,29816,39144,22274,25562
  Australia and New Zealand,   Bangladesh,44620,55559,24752,30850,19868,24709
  Australia and New Zealand,   Bhutan,5850,7937,3017,4037,2833,3900
  Australia and New Zealand,   India,518840,701770,280359,376767,238481,325003
  Australia and New Zealand,   Iran (Islamic Republic of),64891,79073,34281,42978,30610,36095
  Australia and New Zealand,   Maldives,610,656,284,306,326,350
  Australia and New Zealand,   Nepal,51615,83242,28843,45793,22772,37449
  Australia and New Zealand,   Pakistan,65231,88396,39423,53486,25808,34910
  Australia and New Zealand,   Sri Lanka,129656,154372,66962,81240,62694,73132
  Australia and New Zealand,   Armenia,1460,1658,638,750,822,908
  Australia and New Zealand,   Azerbaijan*,650,753,273,340,377,413
  Australia and New Zealand,   Bahrain,1730,2055,933,1123,797,932
  Australia and New Zealand,   Cyprus*,20100,20884,9995,10300,10105,10584
  Australia and New Zealand,   Georgia*,620,720,296,334,324,386
  Australia and New Zealand,   Iraq,76568,96679,39569,50029,36999,46650
  Australia and New Zealand,   Israel,11240,12666,6356,7112,4884,5554
  Australia and New Zealand,   Jordan,6530,8012,3660,4470,2870,3542
  Australia and New Zealand,   Kuwait,6580,7754,3928,4630,2652,3124
  Australia and New Zealand,   Lebanon,93290,101508,49037,53450,44253,48058
  Australia and New Zealand,   Oman,1560,2260,836,1294,724,966
  Australia and New Zealand,   Qatar,1100,1507,606,799,494,708
  Australia and New Zealand,   Saudi Arabia,16431,17417,9071,9532,7360,7885
  Australia and New Zealand,   State of Palestine*,3190,3424,1814,1933,1376,1491
  Australia and New Zealand,   Syrian Arab Republic,14170,26291,6922,13133,7248,13158
  Australia and New Zealand,   Turkey,39710,43655,20737,22938,18973,20717
  Australia and New Zealand,   United Arab Emirates,8090,11136,4295,5993,3795,5143
  Australia and New Zealand,   Yemen,710,903,404,514,306,389
  Australia and New Zealand,   Belarus,2180,2433,900,969,1280,1464
  Australia and New Zealand,   Bulgaria,3930,4361,1844,2014,2086,2347
  Australia and New Zealand,   Czechia,14577,16801,6931,7961,7646,8840
  Australia and New Zealand,   Hungary,22541,23805,11207,11667,11334,12138
  Australia and New Zealand,   Poland,56549,60030,24974,26391,31575,33639
  Australia and New Zealand,   Republic of Moldova*,1160,1269,529,554,631,715
  Australia and New Zealand,   Romania,19389,20774,9414,10013,9975,10761
  Australia and New Zealand,   Russian Federation,31439,37411,12775,15168,18664,22243
  Australia and New Zealand,   Slovakia,6720,7366,3143,3409,3577,3957
  Australia and New Zealand,   Ukraine*,18492,20618,7921,8761,10571,11857
  Australia and New Zealand,   Channel Islands*,0,0,0,0,0,0
  Australia and New Zealand,   Denmark*,11695,13135,6055,6706,5640,6429
  Australia and New Zealand,   Estonia,3440,3887,1472,1638,1968,2249
  Australia and New Zealand,   Faroe Islands*,30,20,18,12,12,8
  Australia and New Zealand,   Finland*,9210,9779,3793,3962,5417,5817
  Australia and New Zealand,   Iceland,610,613,333,320,277,293
  Australia and New Zealand,   Ireland,99928,105103,53332,56013,46596,49090
  Australia and New Zealand,   Isle of Man*,810,1000,453,523,357,477
  Australia and New Zealand,   Latvia,4990,5072,2020,2067,2970,3005
  Australia and New Zealand,   Lithuania,3370,3822,1392,1561,1978,2261
  Australia and New Zealand,   Norway*,4360,4748,1961,2175,2399,2573
  Australia and New Zealand,   Sweden,12882,15052,5567,6474,7315,8578
  Australia and New Zealand,   United Kingdom*,1471074,1571895,748000,798065,723074,773830
  Australia and New Zealand,   Albania,3460,3941,1793,2052,1667,1889
  Australia and New Zealand,   Andorra,20,30,12,17,8,13
  Australia and New Zealand,   Bosnia and Herzegovina,36750,38485,18404,19186,18346,19299
  Australia and New Zealand,   Croatia,63615,65511,32241,32839,31374,32672
  Australia and New Zealand,   Gibraltar*,490,515,244,266,246,249
  Australia and New Zealand,   Greece,115820,119831,57050,58397,58770,61434
  Australia and New Zealand,   Holy See*,0,0,0,0,0,0
  Australia and New Zealand,   Italy,200554,210070,104606,108788,95948,101282
  Australia and New Zealand,   Malta,44070,45357,22558,23106,21512,22251
  Australia and New Zealand,   Montenegro,2030,2196,1033,1089,997,1107
  Australia and New Zealand,   North Macedonia,49990,53144,25344,26787,24646,26357
  Australia and New Zealand,   Portugal,19140,20550,9921,10603,9219,9947
  Australia and New Zealand,   San Marino,0,0,0,0,0,0
  Australia and New Zealand,   Serbia*,34923,36878,17436,18240,17487,18638
  Australia and New Zealand,   Slovenia,8060,8454,4080,4183,3980,4271
  Australia and New Zealand,   Spain*,17730,19947,9059,10065,8671,9882
  Australia and New Zealand,   Austria,19330,20323,10076,10574,9254,9749
  Australia and New Zealand,   Belgium,7290,8067,3722,4087,3568,3980
  Australia and New Zealand,   France*,40575,51976,21207,26692,19368,25284
  Australia and New Zealand,   Germany,132547,149642,63579,71547,68968,78095
  Australia and New Zealand,   Liechtenstein,20,20,12,12,8,8
  Australia and New Zealand,   Luxembourg,250,301,115,145,135,156
  Australia and New Zealand,   Monaco,80,96,45,50,35,46
  Australia and New Zealand,   Netherlands*,101209,105343,51319,53205,49890,52138
  Australia and New Zealand,   Switzerland,17375,19682,8929,10104,8446,9578
  Australia and New Zealand,   Anguilla*,0,0,0,0,0,0
  Australia and New Zealand,   Antigua and Barbuda,60,63,34,34,26,29
  Australia and New Zealand,   Aruba*,70,75,40,40,30,35
  Australia and New Zealand,   Bahamas,310,332,144,155,166,177
  Australia and New Zealand,   Barbados,450,483,246,271,204,212
  Australia and New Zealand,"   Bonaire, Sint Eustatius and Saba*",0,0,0,0,0,0
  Australia and New Zealand,   British Virgin Islands*,0,0,0,0,0,0
  Australia and New Zealand,   Cayman Islands*,130,160,67,68,63,92
  Australia and New Zealand,   Cuba,880,990,489,548,391,442
  Australia and New Zealand,   Curaçao*,150,160,65,70,85,90
  Australia and New Zealand,   Dominica,40,42,23,23,17,19
  Australia and New Zealand,   Dominican Republic,210,235,90,85,120,150
  Australia and New Zealand,   Grenada,140,150,75,81,65,69
  Australia and New Zealand,   Guadeloupe*,20,20,12,12,8,8
  Australia and New Zealand,   Haiti,120,138,64,74,56,64
  Australia and New Zealand,   Jamaica,1290,1409,696,738,594,671
  Australia and New Zealand,   Martinique*,40,42,23,23,17,19
  Australia and New Zealand,   Montserrat*,0,0,0,0,0,0
  Australia and New Zealand,   Puerto Rico*,170,204,96,109,74,95
  Australia and New Zealand,   Saint Barthélemy*,0,0,0,0,0,0
  Australia and New Zealand,   Saint Kitts and Nevis,19,18,12,12,7,6
  Australia and New Zealand,   Saint Lucia,13,12,9,9,4,3
  Australia and New Zealand,   Saint Martin (French part)*,0,0,0,0,0,0
  Australia and New Zealand,   Saint Vincent and the Grenadines,47,47,27,28,20,19
  Australia and New Zealand,   Sint Maarten (Dutch part)*,0,0,0,0,0,0
  Australia and New Zealand,   Trinidad and Tobago,1910,2013,981,997,929,1016
  Australia and New Zealand,   Turks and Caicos Islands*,0,0,0,0,0,0
  Australia and New Zealand,   United States Virgin Islands*,0,0,0,0,0,0
  Australia and New Zealand,   Belize,80,85,45,44,35,41
  Australia and New Zealand,   Costa Rica,500,580,254,299,246,281
  Australia and New Zealand,   El Salvador,11350,12310,5565,5984,5785,6326
  Australia and New Zealand,   Guatemala,540,613,258,296,282,317
  Australia and New Zealand,   Honduras,320,343,153,163,167,180
  Australia and New Zealand,   Mexico,5390,6881,2650,3336,2740,3545
  Australia and New Zealand,   Nicaragua,860,947,410,458,450,489
  Australia and New Zealand,   Panama,250,289,134,138,116,151
  Australia and New Zealand,   Argentina,17280,22036,8472,10696,8808,11340
  Australia and New Zealand,   Bolivia (Plurinational State of),1050,1183,500,558,550,625
  Australia and New Zealand,   Brazil,30518,51640,14606,24928,15912,26712
  Australia and New Zealand,   Chile,32683,38578,15983,18833,16700,19745
  Australia and New Zealand,   Colombia,21007,31101,9863,14651,11144,16450
  Australia and New Zealand,   Ecuador,2810,2949,1397,1468,1413,1481
  Australia and New Zealand,   Falkland Islands (Malvinas)*,120,117,60,58,60,59
  Australia and New Zealand,   French Guiana*,20,20,12,12,8,8
  Australia and New Zealand,   Guyana,660,709,312,346,348,363
  Australia and New Zealand,   Paraguay,500,613,234,287,266,326
  Australia and New Zealand,   Peru,11270,12698,4974,5549,6296,7149
  Australia and New Zealand,   Suriname,170,181,71,71,99,110
  Australia and New Zealand,   Uruguay,10580,11449,5129,5506,5451,5943
  Australia and New Zealand,   Venezuela (Bolivarian Republic of),5760,7560,2911,3795,2849,3765
  Australia and New Zealand,   Bermuda*,580,623,290,302,290,321
  Australia and New Zealand,   Canada,62540,73817,29606,34580,32934,39237
  Australia and New Zealand,   Greenland*,0,0,0,0,0,0
  Australia and New Zealand,   Saint Pierre and Miquelon*,0,0,0,0,0,0
  Australia and New Zealand,   United States of America*,126950,152609,64798,75210,62152,77399
  Australia and New Zealand,   Australia*,65161,85289,31511,41245,33650,44044
  Australia and New Zealand,   New Zealand*,575430,611266,296315,313603,279115,297663
  Australia and New Zealand,   Fiji,127415,145131,60958,69202,66457,75929
  Australia and New Zealand,   New Caledonia*,1560,1754,693,795,867,959
  Australia and New Zealand,   Papua New Guinea,1399,1618,677,783,722,835
  Australia and New Zealand,   Solomon Islands,2300,2627,1055,1179,1245,1448
  Australia and New Zealand,   Vanuatu,1380,1592,714,800,666,792
  Australia and New Zealand,   Guam*,120,127,66,65,54,62
  Australia and New Zealand,   Kiribati,2183,3102,992,1437,1191,1665
  Australia and New Zealand,   Marshall Islands,50,52,29,28,21,24
  Australia and New Zealand,   Micronesia (Fed. States of),40,30,23,17,17,13
  Australia and New Zealand,   Nauru,690,785,340,383,350,402
  Australia and New Zealand,   Northern Mariana Islands*,0,0,0,0,0,0
  Australia and New Zealand,   Palau,0,0,0,0,0,0
  Australia and New Zealand,   American Samoa*,120,0,67,0,53,0
  Australia and New Zealand,   Cook Islands*,21500,21054,10669,10431,10831,10623
  Australia and New Zealand,   French Polynesia*,530,590,231,268,299,322
  Australia and New Zealand,   Niue*,5304,5141,2590,2521,2714,2620
  Australia and New Zealand,   Samoa,80420,90701,39459,44525,40961,46176
  Australia and New Zealand,   Tokelau*,2060,2008,1042,1016,1018,992
  Australia and New Zealand,   Tonga,35171,41567,17661,20783,17510,20784
  Australia and New Zealand,   Tuvalu,1674,2117,819,1021,855,1096
  Australia and New Zealand,   Wallis and Futuna Islands*,0,0,0,0,0,0
   Australia*,WORLD,6729730,7685860,3343330,3812187,3386400,3873673
   Australia*,  Sub-Saharan Africa,359971,415873,182378,209664,177593,206209
   Australia*,  Northern Africa and Western Asia,367710,429764,193369,226093,174341,203671
   Australia*,  Central and Southern Asia,846460,1082734,465330,600187,381130,482547
   Australia*,  Eastern and South-Eastern Asia,1676330,2018646,744510,891722,931820,1126924
   Australia*,  Latin America and the Caribbean,150589,189995,72737,91428,77852,98567
   Australia*,  Oceania (excluding Australia and New Zealand),129550,145935,63434,71074,66116,74861
   Australia*,  Australia and New Zealand,575430,611266,296315,313603,279115,297663
   Australia*,  Europe and Northern America,2533660,2692375,1282042,1353806,1251618,1338569
   Australia*,  Developed regions,3156650,3357777,1594083,1685162,1562567,1672615
   Australia*,  Less developed regions,3483050,4228811,1706032,2072415,1777018,2156396
   Australia*," Less developed regions, excluding least developed countries",3151100,3816894,1531620,1853431,1619480,1963463
   Australia*," Less developed regions, excluding China",2876350,3465218,1429435,1725825,1446915,1739393
   Australia*,  Least developed countries,331950,411917,174412,218984,157538,192933
   Australia*,  Land-locked Developing Countries (LLDC),256470,320062,135069,170357,121401,149705
   Australia*,  Small island developing States (SIDS),240009,267821,117174,129413,122835,138408
   Australia*,  High-income countries,3390979,3633136,1711776,1823320,1679203,1809816
   Australia*,  Middle-income countries,3096670,3763802,1507924,1832076,1588746,1931726
   Australia*, Upper-middle-income countries,1619080,1954091,766160,920745,852920,1033346
   Australia*, Lower-middle-income countries,1477590,1809711,741764,911331,735826,898380
   Australia*,  Low-income countries,141960,178644,75188,96525,66772,82119
   Australia*, AFRICA,431601,494227,220077,250892,211524,243335
   Australia*,  Eastern Africa,147590,172394,74248,85904,73342,86490
   Australia*,  Middle Africa,7040,8737,3607,4459,3433,4278
   Australia*,  Northern Africa,71630,78354,37699,41228,33931,37126
   Australia*,  Southern Africa,180680,203465,90875,102015,89805,101450
   Australia*,  Western Africa,24661,31277,13648,17286,11013,13991
   Australia*, ASIA,2818870,3452790,1365510,1676774,1453360,1776016
   Australia*,  Central Asia,4510,5389,1820,2175,2690,3214
   Australia*,  Eastern Asia,762810,945247,343864,425139,418946,520108
   Australia*,  South-Eastern Asia,913520,1073399,400646,466583,512874,606816
   Australia*,  Southern Asia,841950,1077345,463510,598012,378440,479333
   Australia*,  Western Asia,296080,351410,155670,184865,140410,166545
   Australia*, EUROPE,2375840,2516289,1202944,1268360,1172896,1247929
   Australia*,  Eastern Europe,162800,174903,72779,77245,90021,97658
   Australia*,  Northern Europe,1345120,1431213,690310,733031,654810,698182
   Australia*,  Southern Europe,591710,618041,301389,312293,290321,305748
   Australia*,  Western Europe,276210,292132,138466,145791,137744,146341
   Australia*, LATIN AMERICA AND THE CARIBBEAN,150589,189995,72737,91428,77852,98567
   Australia*,  Caribbean,6069,6593,3193,3377,2876,3216
   Australia*,  Central America,19290,22048,9469,10718,9821,11330
   Australia*,  South America,125230,161354,60075,77333,65155,84021
   Australia*, NORTHERN AMERICA,157820,176086,79098,85446,78722,90640
   Australia*, OCEANIA ,704980,757201,359749,384677,345231,372524
   Australia*,  Australia and New Zealand,575430,611266,296315,313603,279115,297663
   Australia*,  Melanesia,77840,86833,36913,40896,40927,45937
   Australia*,  Micronesia,1550,1789,708,813,842,976
   Australia*,  Polynesia*,50160,57313,25813,29365,24347,27948
   Australia*,   Afghanistan,49550,60879,28587,37292,20963,23587
   Australia*,   Albania,3460,3941,1793,2052,1667,1889
   Australia*,   Algeria,1600,1776,982,1051,618,725
   Australia*,   American Samoa*,120,0,67,0,53,0
   Australia*,   Andorra,20,30,12,17,8,13
   Australia*,   Angola,560,602,293,324,267,278
   Australia*,   Antigua and Barbuda,60,63,34,34,26,29
   Australia*,   Azerbaijan*,650,753,273,340,377,413
   Australia*,   Argentina,15510,17900,7616,8695,7894,9205
   Australia*,   Austria,17990,18417,9428,9652,8562,8765
   Australia*,   Bahamas,310,332,144,155,166,177
   Australia*,   Bahrain,1730,2055,933,1123,797,932
   Australia*,   Bangladesh,43090,52907,24012,29567,19078,23340
   Australia*,   Armenia,1460,1658,638,750,822,908
   Australia*,   Barbados,450,483,246,271,204,212
   Australia*,   Belgium,7290,8067,3722,4087,3568,3980
   Australia*,   Bermuda*,580,623,290,302,290,321
   Australia*,   Bhutan,5850,7937,3017,4037,2833,3900
   Australia*,   Bolivia (Plurinational State of),1050,1183,500,558,550,625
   Australia*,   Bosnia and Herzegovina,36750,38485,18404,19186,18346,19299
   Australia*,   Botswana,1320,1539,668,763,652,776
   Australia*,   Brazil,26790,43321,12803,20904,13987,22417
   Australia*,   Belize,80,85,45,44,35,41
   Australia*,   Solomon Islands,2300,2627,1055,1179,1245,1448
   Australia*,   British Virgin Islands*,0,0,0,0,0,0
   Australia*,   Brunei Darussalam,2890,3294,1406,1587,1484,1707
   Australia*,   Bulgaria,3930,4361,1844,2014,2086,2347
   Australia*,   Myanmar,32160,38215,16000,19617,16160,18598
   Australia*,   Burundi,2390,2789,1228,1422,1162,1367
   Australia*,   Belarus,2180,2433,900,969,1280,1464
   Australia*,   Cambodia,34420,38969,15851,17761,18569,21208
   Australia*,   Cameroon,450,548,268,331,182,217
   Australia*,   Canada,52590,58843,24794,27338,27796,31505
   Australia*,   Cabo Verde,40,42,23,23,17,19
   Australia*,   Cayman Islands*,130,160,67,68,63,92
   Australia*,   Central African Republic,30,42,18,23,12,19
   Australia*,   Sri Lanka,119700,139456,62147,74026,57553,65430
   Australia*,   Chad,70,63,40,34,30,29
   Australia*,   Chile,30180,34316,14772,16770,15408,17546
   Australia*,   China*,508870,653232,228993,292955,279877,360277
   Australia*,   Colombia,19810,28338,9284,13314,10526,15024
   Australia*,   Congo,1610,1884,809,880,801,1004
   Australia*,   Democratic Republic of the Congo,4270,5535,2150,2833,2120,2702
   Australia*,   Cook Islands*,8040,8745,4160,4478,3880,4267
   Australia*,   Costa Rica,500,580,254,299,246,281
   Australia*,   Croatia,61820,63657,31372,31941,30448,31716
   Australia*,   Cuba,880,990,489,548,391,442
   Australia*,   Cyprus*,20100,20884,9995,10300,10105,10584
   Australia*,   Czechia,13240,14045,6284,6627,6956,7418
   Australia*,   Benin,110,117,76,84,34,33
   Australia*,   Denmark*,10230,10877,5346,5613,4884,5264
   Australia*,   Dominica,40,42,23,23,17,19
   Australia*,   Dominican Republic,210,235,90,85,120,150
   Australia*,   Ecuador,2810,2949,1397,1468,1413,1481
   Australia*,   El Salvador,11350,12310,5565,5984,5785,6326
   Australia*,   Ethiopia,13130,15951,6451,7808,6679,8143
   Australia*,   Eritrea,4660,5879,2308,2940,2352,2939
   Australia*,   Estonia,3440,3887,1472,1638,1968,2249
   Australia*,   Faroe Islands*,30,20,18,12,12,8
   Australia*,   Falkland Islands (Malvinas)*,120,117,60,58,60,59
   Australia*,   Fiji,72600,80860,34451,38122,38149,42738
   Australia*,   Finland*,9210,9779,3793,3962,5417,5817
   Australia*,   France*,36670,41469,19318,21609,17352,19860
   Australia*,   French Guiana*,20,20,12,12,8,8
   Australia*,   French Polynesia*,530,590,231,268,299,322
   Australia*,   Djibouti,190,214,99,113,91,101
   Australia*,   Gabon,50,63,29,34,21,29
   Australia*,   Georgia*,620,720,296,334,324,386
   Australia*,   Gambia,130,138,77,90,53,48
   Australia*,   State of Palestine*,3190,3424,1814,1933,1376,1491
   Australia*,   Germany,119100,124818,57076,59542,62024,65276
   Australia*,   Ghana,5900,7194,3264,4000,2636,3194
   Australia*,   Gibraltar*,490,515,244,266,246,249
   Australia*,   Kiribati,650,795,250,320,400,475
   Australia*,   Greece,115820,119831,57050,58397,58770,61434
   Australia*,   Grenada,140,150,75,81,65,69
   Australia*,   Guadeloupe*,20,20,12,12,8,8
   Australia*,   Guam*,120,127,66,65,54,62
   Australia*,   Guatemala,540,613,258,296,282,317
   Australia*,   Guinea,940,1129,487,546,453,583
   Australia*,   Guyana,660,709,312,346,348,363
   Australia*,   Haiti,120,138,64,74,56,64
   Australia*,   Honduras,320,343,153,163,167,180
   Australia*,"   China, Hong Kong SAR*",95050,107067,46370,52121,48680,54946
   Australia*,   Hungary,21120,22037,10519,10810,10601,11227
   Australia*,   Iceland,610,613,333,320,277,293
   Australia*,   India,449040,579264,246605,317525,202435,261739
   Australia*,   Indonesia,77000,88852,33884,38788,43116,50064
   Australia*,   Iran (Islamic Republic of),61690,74322,32733,40680,28957,33642
   Australia*,   Iraq,70870,90780,36813,47175,34057,43605
   Australia*,   Ireland,90530,93742,48787,50518,41743,43224
   Australia*,   Israel,11240,12666,6356,7112,4884,5554
   Australia*,   Italy,198510,206282,103617,106955,94893,99327
   Australia*,   Côte d'Ivoire,600,688,313,355,287,333
   Australia*,   Jamaica,1290,1409,696,738,594,671
   Australia*,   Japan,47560,54136,15726,17753,31834,36383
   Australia*,   Kazakhstan,1920,2304,722,839,1198,1465
   Australia*,   Jordan,6530,8012,3660,4470,2870,3542
   Australia*,   Kenya,19720,24557,9876,12078,9844,12479
   Australia*,   Dem. People's Republic of Korea,220,268,99,134,121,134
   Australia*,   Republic of Korea,106550,123396,50650,58864,55900,64532
   Australia*,   Kuwait,6580,7754,3928,4630,2652,3124
   Australia*,   Kyrgyzstan,490,602,190,225,300,377
   Australia*,   Lao People's Democratic Republic,11030,11912,5232,5577,5798,6335
   Australia*,   Lebanon,93290,101508,49037,53450,44253,48058
   Australia*,   Lesotho,150,160,83,83,67,77
   Australia*,   Latvia,4990,5072,2020,2067,2970,3005
   Australia*,   Liberia,3520,3973,1699,1897,1821,2076
   Australia*,   Libya,2790,3079,1500,1649,1290,1430
   Australia*,   Liechtenstein,20,20,12,12,8,8
   Australia*,   Lithuania,3370,3822,1392,1561,1978,2261
   Australia*,   Luxembourg,250,301,115,145,135,156
   Australia*,"   China, Macao SAR*",2780,3294,1234,1514,1546,1780
   Australia*,   Madagascar,290,343,116,134,174,209
   Australia*,   Malawi,1400,1658,698,827,702,831
   Australia*,   Malaysia*,143420,177286,68296,84718,75124,92568
   Australia*,   Maldives,610,656,284,306,326,350
   Australia*,   Mali,80,96,45,50,35,46
   Australia*,   Malta,44070,45357,22558,23106,21512,22251
   Australia*,   Martinique*,40,42,23,23,17,19
   Australia*,   Mauritania,60,63,34,34,26,29
   Australia*,   Mauritius*,28660,31947,14323,15853,14337,16094
   Australia*,   Mexico,5390,6881,2650,3336,2740,3545
   Australia*,   Monaco,80,96,45,50,35,46
   Australia*,   Mongolia,1780,3854,792,1798,988,2056
   Australia*,   Republic of Moldova*,1160,1269,529,554,631,715
   Australia*,   Montenegro,2030,2196,1033,1089,997,1107
   Australia*,   Morocco,2170,2497,1206,1375,964,1122
   Australia*,   Mozambique,1010,1108,501,542,509,566
   Australia*,   Oman,1560,2260,836,1294,724,966
   Australia*,   Namibia,1430,1668,713,824,717,844
   Australia*,   Nauru,690,785,340,383,350,402
   Australia*,   Nepal,50150,79427,28134,43946,22016,35481
   Australia*,   Netherlands*,80620,83585,41362,42682,39258,40903
   Australia*,   Curaçao*,150,160,65,70,85,90
   Australia*,   Aruba*,70,75,40,40,30,35
   Australia*,   New Caledonia*,1560,1754,693,795,867,959
   Australia*,   Vanuatu,1380,1592,714,800,666,792
   Australia*,   New Zealand*,575430,611266,296315,313603,279115,297663
   Australia*,   Nicaragua,860,947,410,458,450,489
   Australia*,   Niger,30,42,18,23,12,19
   Australia*,   Nigeria,8360,12354,5073,7431,3287,4923
   Australia*,   Niue*,940,1054,479,543,461,511
   Australia*,   Norway*,4360,4748,1961,2175,2399,2573
   Australia*,   Northern Mariana Islands*,0,0,0,0,0,0
   Australia*,   Micronesia (Fed. States of),40,30,23,17,17,13
   Australia*,   Marshall Islands,50,52,29,28,21,24
   Australia*,   Pakistan,62270,82497,37991,50633,24279,31864
   Australia*,   Panama,250,289,134,138,116,151
   Australia*,   Paraguay,500,613,234,287,266,326
   Australia*,   Peru,11270,12698,4974,5549,6296,7149
   Australia*,   Philippines,241130,286303,96365,113580,144765,172723
   Australia*,   Poland,54530,57292,23997,25066,30533,32226
   Australia*,   Portugal,19140,20550,9921,10603,9219,9947
   Australia*,   Guinea-Bissau,20,20,12,12,8,8
   Australia*,   Timor-Leste,10000,10555,5019,5276,4981,5279
   Australia*,   Puerto Rico*,170,204,96,109,74,95
   Australia*,   Qatar,1100,1507,606,799,494,708
   Australia*,   Réunion*,220,268,99,125,121,143
   Australia*,   Romania,17070,18278,8292,8805,8778,9473
   Australia*,   Russian Federation,25760,29254,10028,11222,15732,18032
   Australia*,   Rwanda,980,1173,480,547,500,626
   Australia*,   Saint Helena*,21,20,13,13,8,7
   Australia*,   Saint Kitts and Nevis,19,18,12,12,7,6
   Australia*,   Saint Lucia,13,12,9,9,4,3
   Australia*,   Saint Vincent and the Grenadines,47,47,27,28,20,19
   Australia*,   Saudi Arabia,14480,15444,8127,8577,6353,6867
   Australia*,   Senegal,430,483,277,275,153,208
   Australia*,   Serbia*,33820,35652,16902,17646,16918,18006
   Australia*,   Seychelles,3030,3231,1395,1472,1635,1759
   Australia*,   Sierra Leone,3990,4447,2010,2217,1980,2230
   Australia*,   Singapore,59480,65909,28209,30526,31271,35383
   Australia*,   Slovakia,6720,7366,3143,3409,3577,3957
   Australia*,   Viet Nam,235590,269812,108279,122319,127311,147493
   Australia*,   Slovenia,8060,8454,4080,4183,3980,4271
   Australia*,   Somalia,8650,10155,4239,4922,4411,5233
   Australia*,   South Africa,177390,199690,89230,100148,88160,99542
   Australia*,   Zimbabwe,40170,45917,20276,23064,19894,22853
   Australia*,   Spain*,17730,19947,9059,10065,8671,9882
   Australia*,   South Sudan,7480,9510,4171,5106,3309,4404
   Australia*,   Sudan,19730,20992,10142,10851,9588,10141
   Australia*,   Suriname,170,181,71,71,99,110
   Australia*,   Eswatini,390,408,181,197,209,211
   Australia*,   Sweden,11480,12504,4889,5241,6591,7263
   Australia*,   Switzerland,14190,15359,7388,8012,6802,7347
   Australia*,   Syrian Arab Republic,14170,26291,6922,13133,7248,13158
   Australia*,   Tajikistan,160,171,59,71,101,100
   Australia*,   Thailand,66400,82292,22105,26834,44295,55458
   Australia*,   Togo,370,408,193,202,177,206
   Australia*,   Tokelau*,670,720,369,392,301,328
   Australia*,   Tonga,11880,13236,6398,7082,5482,6154
   Australia*,   Trinidad and Tobago,1910,2013,981,997,929,1016
   Australia*,   United Arab Emirates,8090,11136,4295,5993,3795,5143
   Australia*,   Tunisia,660,753,392,421,268,332
   Australia*,   Turkey,39710,43655,20737,22938,18973,20717
   Australia*,   Turkmenistan,100,127,29,35,71,92
   Australia*,   Tuvalu,200,214,106,100,94,114
   Australia*,   Uganda,3800,4480,1936,2247,1864,2233
   Australia*,   Ukraine*,17090,18568,7243,7769,9847,10799
   Australia*,   North Macedonia,49990,53144,25344,26787,24646,26357
   Australia*,   Egypt,44680,49257,23477,25881,21203,23376
   Australia*,   United Kingdom*,1206060,1285149,619846,659401,586214,625748
   Australia*,   Isle of Man*,810,1000,453,523,357,477
   Australia*,   United Republic of Tanzania*,4500,5061,2410,2676,2090,2385
   Australia*,   United States of America*,104650,116620,54014,57806,50636,58814
   Australia*,   Burkina Faso,60,63,34,34,26,29
   Australia*,   Uruguay,10580,11449,5129,5506,5451,5943
   Australia*,   Uzbekistan,1840,2185,820,1005,1020,1180
   Australia*,   Venezuela (Bolivarian Republic of),5760,7560,2911,3795,2849,3765
   Australia*,   Samoa,27780,32754,14003,16502,13777,16252
   Australia*,   Yemen,710,903,404,514,306,389
   Australia*,   Zambia,7310,8153,3642,4028,3668,4125
   Australia*,Other,90030,99272,43215,54610,46815,44662
   New Zealand*,WORLD,1039736,1381724,502787,668164,536949,713560
   New Zealand*,  Sub-Saharan Africa,70331,89072,34012,43078,36319,45994
   New Zealand*,  Northern Africa and Western Asia,8973,9646,4341,4668,4632,4978
   New Zealand*,  Central and Southern Asia,91453,158366,44227,76589,47226,81777
   New Zealand*,  Eastern and South-Eastern Asia,228119,342748,110316,165755,117803,176993
   New Zealand*,  Latin America and the Caribbean,9198,19480,4449,9425,4749,10055
   New Zealand*,  Oceania (excluding Australia and New Zealand),154366,174061,74651,84180,79715,89881
   New Zealand*,  Australia and New Zealand,65161,85289,31511,41245,33650,44044
   New Zealand*,  Europe and Northern America,371114,444027,179471,214743,191643,229284
   New Zealand*,  Developed regions,446945,545205,216142,263672,230803,281533
   New Zealand*,  Less developed regions,551770,777484,266836,376011,284934,401473
   New Zealand*," Less developed regions, excluding least developed countries",530397,747723,256497,361609,273900,386114
   New Zealand*," Less developed regions, excluding China",451834,621543,218509,300600,233325,320943
   New Zealand*,  Least developed countries,21373,29761,10339,14402,11034,15359
   New Zealand*,  Land-locked Developing Countries (LLDC),15079,19748,7294,9556,7785,10192
   New Zealand*,  Small island developing States (SIDS),158555,180037,76676,87069,81879,92968
   New Zealand*,  High-income countries,483768,591524,233949,286073,249819,305451
   New Zealand*,  Middle-income countries,490859,706969,237378,341903,253481,365066
   New Zealand*, Upper-middle-income countries,333713,445759,161380,215573,172333,230186
   New Zealand*, Lower-middle-income countries,157146,261210,75998,126330,81148,134880
   New Zealand*,  Low-income countries,4874,6512,2358,3152,2516,3360
   New Zealand*, AFRICA,71655,90846,34653,43937,37002,46909
   New Zealand*,  Eastern Africa,13935,15226,6740,7367,7195,7859
   New Zealand*,  Middle Africa,0,0,0,0,0,0
   New Zealand*,  Northern Africa,1324,1774,641,859,683,915
   New Zealand*,  Southern Africa,56396,73846,27272,35711,29124,38135
   New Zealand*,  Western Africa,0,0,0,0,0,0
   New Zealand*, ASIA,327221,508986,158243,246153,168978,262833
   New Zealand*,  Central Asia,0,0,0,0,0,0
   New Zealand*,  Eastern Asia,138246,204349,66853,98821,71393,105528
   New Zealand*,  South-Eastern Asia,89873,138399,43463,66934,46410,71465
   New Zealand*,  Southern Asia,91453,158366,44227,76589,47226,81777
   New Zealand*,  Western Asia,7649,7872,3700,3809,3949,4063
   New Zealand*, EUROPE,338864,393064,163875,190097,174989,202967
   New Zealand*,  Eastern Europe,14177,19965,6859,9662,7318,10303
   New Zealand*,  Northern Europe,277279,302913,134086,146485,143193,156428
   New Zealand*,  Southern Europe,4942,6868,2392,3325,2550,3543
   New Zealand*,  Western Europe,42466,63318,20538,30625,21928,32693
   New Zealand*, LATIN AMERICA AND THE CARIBBEAN,9198,19480,4449,9425,4749,10055
   New Zealand*,  Caribbean,0,0,0,0,0,0
   New Zealand*,  Central America,0,0,0,0,0,0
   New Zealand*,  South America,9198,19480,4449,9425,4749,10055
   New Zealand*, NORTHERN AMERICA,32250,50963,15596,24646,16654,26317
   New Zealand*, OCEANIA ,219527,259350,106162,125425,113365,133925
   New Zealand*,  Australia and New Zealand,65161,85289,31511,41245,33650,44044
   New Zealand*,  Melanesia,56214,65889,27184,31863,29030,34026
   New Zealand*,  Micronesia,1533,2307,742,1117,791,1190
   New Zealand*,  Polynesia*,96619,105865,46725,51200,49894,54665
   New Zealand*,   Australia*,65161,85289,31511,41245,33650,44044
   New Zealand*,   Fiji,54815,64271,26507,31080,28308,33191
   New Zealand*,   Samoa,52640,57947,25456,28023,27184,29924
   New Zealand*,   Tonga,23291,28331,11263,13701,12028,14630
   New Zealand*,   Cook Islands*,13460,12309,6509,5953,6951,6356
   New Zealand*,   Niue*,4364,4087,2111,1978,2253,2109
   New Zealand*,   Kiribati,1533,2307,742,1117,791,1190
   New Zealand*,   Tuvalu,1474,1903,713,921,761,982
   New Zealand*,   Papua New Guinea,1399,1618,677,783,722,835
   New Zealand*,   Tokelau*,1390,1288,673,624,717,664
   New Zealand*,   Ireland,9398,11361,4545,5495,4853,5866
   New Zealand*,   United Kingdom*,265014,286746,128154,138664,136860,148082
   New Zealand*,   Netherlands*,20589,21758,9957,10523,10632,11235
   New Zealand*,   Germany,13447,24824,6503,12005,6944,12819
   New Zealand*,   France*,3905,10507,1889,5083,2016,5424
   New Zealand*,   Switzerland,3185,4323,1541,2092,1644,2231
   New Zealand*,   Denmark*,1465,2258,709,1093,756,1165
   New Zealand*,   Sweden,1402,2548,678,1233,724,1315
   New Zealand*,   Austria,1340,1906,648,922,692,984
   New Zealand*,   Russian Federation,5679,8157,2747,3946,2932,4211
   New Zealand*,   Romania,2319,2496,1122,1208,1197,1288
   New Zealand*,   Italy,2044,3788,989,1833,1055,1955
   New Zealand*,   Poland,2019,2738,977,1325,1042,1413
   New Zealand*,   Croatia,1795,1854,869,898,926,956
   New Zealand*,   Hungary,1421,1768,688,857,733,911
   New Zealand*,   Ukraine*,1402,2050,678,992,724,1058
   New Zealand*,   Czechia,1337,2756,647,1334,690,1422
   New Zealand*,   Serbia*,1103,1226,534,594,569,632
   New Zealand*,   Iraq,5698,5899,2756,2854,2942,3045
   New Zealand*,   Iran (Islamic Republic of),3201,4751,1548,2298,1653,2453
   New Zealand*,   Saudi Arabia,1951,1973,944,955,1007,1018
   New Zealand*,   Egypt,1324,1774,641,859,683,915
   New Zealand*,   Philippines,38756,70412,18742,34051,20014,36361
   New Zealand*,   Malaysia*,16991,21317,8217,10310,8774,11007
   New Zealand*,   Thailand,8023,11205,3880,5419,4143,5786
   New Zealand*,   Cambodia,6826,7931,3301,3836,3525,4095
   New Zealand*,   Viet Nam,6393,9742,3092,4712,3301,5030
   New Zealand*,   Singapore,5579,7264,2698,3513,2881,3751
   New Zealand*,   Indonesia,5105,7481,2469,3619,2636,3862
   New Zealand*,   Myanmar,2200,3047,1064,1474,1136,1573
   New Zealand*,   China*,92602,144207,44780,69735,47822,74472
   New Zealand*,   Republic of Korea,27640,32519,13366,15726,14274,16793
   New Zealand*,   Japan,10670,15889,5160,7684,5510,8205
   New Zealand*,"   China, Hong Kong SAR*",7334,11734,3547,5676,3787,6058
   New Zealand*,   India,69800,122506,33754,59242,36046,63264
   New Zealand*,   Sri Lanka,9956,14916,4815,7214,5141,7702
   New Zealand*,   Pakistan,2961,5899,1432,2853,1529,3046
   New Zealand*,   Afghanistan,2540,3827,1229,1852,1311,1975
   New Zealand*,   Bangladesh,1530,2652,740,1283,790,1369
   New Zealand*,   Nepal,1465,3815,709,1847,756,1968
   New Zealand*,   United States of America*,22300,35989,10784,17404,11516,18585
   New Zealand*,   Canada,9950,14974,4812,7242,5138,7732
   New Zealand*,   Brazil,3728,8319,1803,4024,1925,4295
   New Zealand*,   Chile,2503,4262,1211,2063,1292,2199
   New Zealand*,   Argentina,1770,4136,856,2001,914,2135
   New Zealand*,   Colombia,1197,2763,579,1337,618,1426
   New Zealand*,   South Africa,56396,73846,27272,35711,29124,38135
   New Zealand*,   Zimbabwe,8416,8992,4070,4349,4346,4643
   New Zealand*,   Kenya,1714,1955,829,946,885,1009
   New Zealand*,   Zambia,1471,1594,712,772,759,822
   New Zealand*,   Ethiopia,1187,1520,574,736,613,784
   New Zealand*,   Somalia,1147,1165,555,564,592,601
   New Zealand*,Other,41021,59035,19809,28481,21212,30554
  Melanesia,WORLD,119343,124073,65369,67814,53974,56259
  Melanesia,  Sub-Saharan Africa,28,27,21,22,7,5
  Melanesia,  Northern Africa and Western Asia,1759,1865,897,951,862,914
  Melanesia,  Central and Southern Asia,4717,4820,2606,2665,2111,2155
  Melanesia,  Eastern and South-Eastern Asia,19754,19986,10421,10577,9333,9409
  Melanesia,  Latin America and the Caribbean,0,0,0,0,0,0
  Melanesia,  Oceania (excluding Australia and New Zealand),21220,22223,10753,11235,10467,10988
  Melanesia,  Australia and New Zealand,15144,15282,9641,9739,5503,5543
  Melanesia,  Europe and Northern America,47986,50770,26573,28020,21413,22750
  Melanesia,  Developed regions,63417,66338,36417,37964,27000,28374
  Melanesia,  Less developed regions,47191,48635,24495,25245,22696,23390
  Melanesia," Less developed regions, excluding least developed countries",38201,39289,19946,20522,18255,18767
  Melanesia," Less developed regions, excluding China",45894,47319,23813,24549,22081,22770
  Melanesia,  Least developed countries,8990,9346,4549,4723,4441,4623
  Melanesia,  Land-locked Developing Countries (LLDC),590,625,242,256,348,369
  Melanesia,  Small island developing States (SIDS),10094,10406,5439,5615,4655,4791
  Melanesia,  High-income countries,64359,67313,37053,38629,27306,28684
  Melanesia,  Middle-income countries,35039,35761,18494,18908,16545,16853
  Melanesia, Upper-middle-income countries,18557,18735,9694,9835,8863,8900
  Melanesia, Lower-middle-income countries,16482,17026,8800,9073,7682,7953
  Melanesia,  Low-income countries,0,0,0,0,0,0
  Melanesia, AFRICA,1787,1892,918,973,869,919
  Melanesia,  Eastern Africa,28,27,21,22,7,5
  Melanesia,  Middle Africa,0,0,0,0,0,0
  Melanesia,  Northern Africa,1759,1865,897,951,862,914
  Melanesia,  Southern Africa,0,0,0,0,0,0
  Melanesia,  Western Africa,0,0,0,0,0,0
  Melanesia, ASIA,24471,24806,13027,13242,11444,11564
  Melanesia,  Central Asia,0,0,0,0,0,0
  Melanesia,  Eastern Asia,1679,1695,938,955,741,740
  Melanesia,  South-Eastern Asia,18075,18291,9483,9622,8592,8669
  Melanesia,  Southern Asia,4717,4820,2606,2665,2111,2155
  Melanesia,  Western Asia,0,0,0,0,0,0
  Melanesia, EUROPE,46991,49774,25786,27227,21205,22547
  Melanesia,  Eastern Europe,26,25,21,22,5,3
  Melanesia,  Northern Europe,2151,2163,1215,1230,936,933
  Melanesia,  Southern Europe,370,389,236,249,134,140
  Melanesia,  Western Europe,44444,47197,24314,25726,20130,21471
  Melanesia, LATIN AMERICA AND THE CARIBBEAN,0,0,0,0,0,0
  Melanesia,  Caribbean,0,0,0,0,0,0
  Melanesia,  Central America,0,0,0,0,0,0
  Melanesia,  South America,0,0,0,0,0,0
  Melanesia, NORTHERN AMERICA,995,996,787,793,208,203
  Melanesia, OCEANIA ,36364,37505,20394,20974,15970,16531
  Melanesia,  Australia and New Zealand,15144,15282,9641,9739,5503,5543
  Melanesia,  Melanesia,6342,6570,3260,3373,3082,3197
  Melanesia,  Micronesia,1040,1051,569,577,471,474
  Melanesia,  Polynesia*,13838,14602,6924,7285,6914,7317
  Melanesia,   Burundi,0,0,0,0,0,0
  Melanesia,   Comoros,0,0,0,0,0,0
  Melanesia,   Djibouti,0,0,0,0,0,0
  Melanesia,   Eritrea,0,0,0,0,0,0
  Melanesia,   Ethiopia,0,0,0,0,0,0
  Melanesia,   Kenya,0,0,0,0,0,0
  Melanesia,   Madagascar,0,0,0,0,0,0
  Melanesia,   Malawi,0,0,0,0,0,0
  Melanesia,   Mauritius*,0,0,0,0,0,0
  Melanesia,   Mayotte*,0,0,0,0,0,0
  Melanesia,   Mozambique,0,0,0,0,0,0
  Melanesia,   Réunion*,0,0,0,0,0,0
  Melanesia,   Rwanda,0,0,0,0,0,0
  Melanesia,   Seychelles,0,0,0,0,0,0
  Melanesia,   Somalia,0,0,0,0,0,0
  Melanesia,   South Sudan,0,0,0,0,0,0
  Melanesia,   Uganda,0,0,0,0,0,0
  Melanesia,   United Republic of Tanzania*,28,27,21,22,7,5
  Melanesia,   Zambia,0,0,0,0,0,0
  Melanesia,   Zimbabwe,0,0,0,0,0,0
  Melanesia,   Angola,0,0,0,0,0,0
  Melanesia,   Cameroon,0,0,0,0,0,0
  Melanesia,   Central African Republic,0,0,0,0,0,0
  Melanesia,   Chad,0,0,0,0,0,0
  Melanesia,   Congo,0,0,0,0,0,0
  Melanesia,   Democratic Republic of the Congo,0,0,0,0,0,0
  Melanesia,   Equatorial Guinea,0,0,0,0,0,0
  Melanesia,   Gabon,0,0,0,0,0,0
  Melanesia,   Sao Tome and Principe,0,0,0,0,0,0
  Melanesia,   Algeria,586,621,299,317,287,304
  Melanesia,   Egypt,0,0,0,0,0,0
  Melanesia,   Libya,0,0,0,0,0,0
  Melanesia,   Morocco,548,581,282,299,266,282
  Melanesia,   Sudan,0,0,0,0,0,0
  Melanesia,   Tunisia,625,663,316,335,309,328
  Melanesia,   Western Sahara,0,0,0,0,0,0
  Melanesia,   Botswana,0,0,0,0,0,0
  Melanesia,   Eswatini,0,0,0,0,0,0
  Melanesia,   Lesotho,0,0,0,0,0,0
  Melanesia,   Namibia,0,0,0,0,0,0
  Melanesia,   South Africa,0,0,0,0,0,0
  Melanesia,   Benin,0,0,0,0,0,0
  Melanesia,   Burkina Faso,0,0,0,0,0,0
  Melanesia,   Cabo Verde,0,0,0,0,0,0
  Melanesia,   Côte d'Ivoire,0,0,0,0,0,0
  Melanesia,   Gambia,0,0,0,0,0,0
  Melanesia,   Ghana,0,0,0,0,0,0
  Melanesia,   Guinea,0,0,0,0,0,0
  Melanesia,   Guinea-Bissau,0,0,0,0,0,0
  Melanesia,   Liberia,0,0,0,0,0,0
  Melanesia,   Mali,0,0,0,0,0,0
  Melanesia,   Mauritania,0,0,0,0,0,0
  Melanesia,   Niger,0,0,0,0,0,0
  Melanesia,   Nigeria,0,0,0,0,0,0
  Melanesia,   Saint Helena*,0,0,0,0,0,0
  Melanesia,   Senegal,0,0,0,0,0,0
  Melanesia,   Sierra Leone,0,0,0,0,0,0
  Melanesia,   Togo,0,0,0,0,0,0
  Melanesia,   Kazakhstan,0,0,0,0,0,0
  Melanesia,   Kyrgyzstan,0,0,0,0,0,0
  Melanesia,   Tajikistan,0,0,0,0,0,0
  Melanesia,   Turkmenistan,0,0,0,0,0,0
  Melanesia,   Uzbekistan,0,0,0,0,0,0
  Melanesia,   China*,1297,1316,682,696,615,620
  Melanesia,"   China, Hong Kong SAR*",0,0,0,0,0,0
  Melanesia,"   China, Macao SAR*",0,0,0,0,0,0
  Melanesia,"   China, Taiwan Province of China*",0,0,0,0,0,0
  Melanesia,   Dem. People's Republic of Korea,0,0,0,0,0,0
  Melanesia,   Japan,287,286,203,205,84,81
  Melanesia,   Mongolia,0,0,0,0,0,0
  Melanesia,   Republic of Korea,95,93,53,54,42,39
  Melanesia,   Brunei Darussalam,0,0,0,0,0,0
  Melanesia,   Cambodia,551,584,226,239,325,345
  Melanesia,   Indonesia,14534,14653,7516,7610,7018,7043
  Melanesia,   Lao People's Democratic Republic,590,625,242,256,348,369
  Melanesia,   Malaysia*,187,183,109,109,78,74
  Melanesia,   Myanmar,0,0,0,0,0,0
  Melanesia,   Philippines,1579,1579,1119,1123,460,456
  Melanesia,   Singapore,51,50,33,34,18,16
  Melanesia,   Thailand,0,0,0,0,0,0
  Melanesia,   Timor-Leste,0,0,0,0,0,0
  Melanesia,   Viet Nam,583,617,238,251,345,366
  Melanesia,   Afghanistan,0,0,0,0,0,0
  Melanesia,   Bangladesh,1366,1398,738,755,628,643
  Melanesia,   Bhutan,0,0,0,0,0,0
  Melanesia,   India,1448,1477,820,837,628,640
  Melanesia,   Iran (Islamic Republic of),0,0,0,0,0,0
  Melanesia,   Maldives,0,0,0,0,0,0
  Melanesia,   Nepal,0,0,0,0,0,0
  Melanesia,   Pakistan,1824,1867,984,1008,840,859
  Melanesia,   Sri Lanka,79,78,64,65,15,13
  Melanesia,   Armenia,0,0,0,0,0,0
  Melanesia,   Azerbaijan*,0,0,0,0,0,0
  Melanesia,   Bahrain,0,0,0,0,0,0
  Melanesia,   Cyprus*,0,0,0,0,0,0
  Melanesia,   Georgia*,0,0,0,0,0,0
  Melanesia,   Iraq,0,0,0,0,0,0
  Melanesia,   Israel,0,0,0,0,0,0
  Melanesia,   Jordan,0,0,0,0,0,0
  Melanesia,   Kuwait,0,0,0,0,0,0
  Melanesia,   Lebanon,0,0,0,0,0,0
  Melanesia,   Oman,0,0,0,0,0,0
  Melanesia,   Qatar,0,0,0,0,0,0
  Melanesia,   Saudi Arabia,0,0,0,0,0,0
  Melanesia,   State of Palestine*,0,0,0,0,0,0
  Melanesia,   Syrian Arab Republic,0,0,0,0,0,0
  Melanesia,   Turkey,0,0,0,0,0,0
  Melanesia,   United Arab Emirates,0,0,0,0,0,0
  Melanesia,   Yemen,0,0,0,0,0,0
  Melanesia,   Belarus,0,0,0,0,0,0
  Melanesia,   Bulgaria,0,0,0,0,0,0
  Melanesia,   Czechia,0,0,0,0,0,0
  Melanesia,   Hungary,0,0,0,0,0,0
  Melanesia,   Poland,0,0,0,0,0,0
  Melanesia,   Republic of Moldova*,0,0,0,0,0,0
  Melanesia,   Romania,0,0,0,0,0,0
  Melanesia,   Russian Federation,26,25,21,22,5,3
  Melanesia,   Slovakia,0,0,0,0,0,0
  Melanesia,   Ukraine*,0,0,0,0,0,0
  Melanesia,   Channel Islands*,0,0,0,0,0,0
  Melanesia,   Denmark*,0,0,0,0,0,0
  Melanesia,   Estonia,0,0,0,0,0,0
  Melanesia,   Faroe Islands*,0,0,0,0,0,0
  Melanesia,   Finland*,0,0,0,0,0,0
  Melanesia,   Iceland,0,0,0,0,0,0
  Melanesia,   Ireland,42,41,20,21,22,20
  Melanesia,   Isle of Man*,0,0,0,0,0,0
  Melanesia,   Latvia,0,0,0,0,0,0
  Melanesia,   Lithuania,0,0,0,0,0,0
  Melanesia,   Norway*,0,0,0,0,0,0
  Melanesia,   Sweden,0,0,0,0,0,0
  Melanesia,   United Kingdom*,2109,2122,1195,1209,914,913
  Melanesia,   Albania,0,0,0,0,0,0
  Melanesia,   Andorra,0,0,0,0,0,0
  Melanesia,   Bosnia and Herzegovina,0,0,0,0,0,0
  Melanesia,   Croatia,0,0,0,0,0,0
  Melanesia,   Gibraltar*,0,0,0,0,0,0
  Melanesia,   Greece,0,0,0,0,0,0
  Melanesia,   Holy See*,0,0,0,0,0,0
  Melanesia,   Italy,263,277,184,194,79,83
  Melanesia,   Malta,0,0,0,0,0,0
  Melanesia,   Montenegro,0,0,0,0,0,0
  Melanesia,   North Macedonia,0,0,0,0,0,0
  Melanesia,   Portugal,0,0,0,0,0,0
  Melanesia,   San Marino,0,0,0,0,0,0
  Melanesia,   Serbia*,0,0,0,0,0,0
  Melanesia,   Slovenia,0,0,0,0,0,0
  Melanesia,   Spain*,107,112,52,55,55,57
  Melanesia,   Austria,0,0,0,0,0,0
  Melanesia,   Belgium,0,0,0,0,0,0
  Melanesia,   France*,44444,47197,24314,25726,20130,21471
  Melanesia,   Germany,0,0,0,0,0,0
  Melanesia,   Liechtenstein,0,0,0,0,0,0
  Melanesia,   Luxembourg,0,0,0,0,0,0
  Melanesia,   Monaco,0,0,0,0,0,0
  Melanesia,   Netherlands*,0,0,0,0,0,0
  Melanesia,   Switzerland,0,0,0,0,0,0
  Melanesia,   Anguilla*,0,0,0,0,0,0
  Melanesia,   Antigua and Barbuda,0,0,0,0,0,0
  Melanesia,   Aruba*,0,0,0,0,0,0
  Melanesia,   Bahamas,0,0,0,0,0,0
  Melanesia,   Barbados,0,0,0,0,0,0
  Melanesia,"   Bonaire, Sint Eustatius and Saba*",0,0,0,0,0,0
  Melanesia,   British Virgin Islands*,0,0,0,0,0,0
  Melanesia,   Cayman Islands*,0,0,0,0,0,0
  Melanesia,   Cuba,0,0,0,0,0,0
  Melanesia,   Curaçao*,0,0,0,0,0,0
  Melanesia,   Dominica,0,0,0,0,0,0
  Melanesia,   Dominican Republic,0,0,0,0,0,0
  Melanesia,   Grenada,0,0,0,0,0,0
  Melanesia,   Guadeloupe*,0,0,0,0,0,0
  Melanesia,   Haiti,0,0,0,0,0,0
  Melanesia,   Jamaica,0,0,0,0,0,0
  Melanesia,   Martinique*,0,0,0,0,0,0
  Melanesia,   Montserrat*,0,0,0,0,0,0
  Melanesia,   Puerto Rico*,0,0,0,0,0,0
  Melanesia,   Saint Barthélemy*,0,0,0,0,0,0
  Melanesia,   Saint Kitts and Nevis,0,0,0,0,0,0
  Melanesia,   Saint Lucia,0,0,0,0,0,0
  Melanesia,   Saint Martin (French part)*,0,0,0,0,0,0
  Melanesia,   Saint Vincent and the Grenadines,0,0,0,0,0,0
  Melanesia,   Sint Maarten (Dutch part)*,0,0,0,0,0,0
  Melanesia,   Trinidad and Tobago,0,0,0,0,0,0
  Melanesia,   Turks and Caicos Islands*,0,0,0,0,0,0
  Melanesia,   United States Virgin Islands*,0,0,0,0,0,0
  Melanesia,   Belize,0,0,0,0,0,0
  Melanesia,   Costa Rica,0,0,0,0,0,0
  Melanesia,   El Salvador,0,0,0,0,0,0
  Melanesia,   Guatemala,0,0,0,0,0,0
  Melanesia,   Honduras,0,0,0,0,0,0
  Melanesia,   Mexico,0,0,0,0,0,0
  Melanesia,   Nicaragua,0,0,0,0,0,0
  Melanesia,   Panama,0,0,0,0,0,0
  Melanesia,   Argentina,0,0,0,0,0,0
  Melanesia,   Bolivia (Plurinational State of),0,0,0,0,0,0
  Melanesia,   Brazil,0,0,0,0,0,0
  Melanesia,   Chile,0,0,0,0,0,0
  Melanesia,   Colombia,0,0,0,0,0,0
  Melanesia,   Ecuador,0,0,0,0,0,0
  Melanesia,   Falkland Islands (Malvinas)*,0,0,0,0,0,0
  Melanesia,   French Guiana*,0,0,0,0,0,0
  Melanesia,   Guyana,0,0,0,0,0,0
  Melanesia,   Paraguay,0,0,0,0,0,0
  Melanesia,   Peru,0,0,0,0,0,0
  Melanesia,   Suriname,0,0,0,0,0,0
  Melanesia,   Uruguay,0,0,0,0,0,0
  Melanesia,   Venezuela (Bolivarian Republic of),0,0,0,0,0,0
  Melanesia,   Bermuda*,0,0,0,0,0,0
  Melanesia,   Canada,235,235,170,172,65,63
  Melanesia,   Greenland*,0,0,0,0,0,0
  Melanesia,   Saint Pierre and Miquelon*,0,0,0,0,0,0
  Melanesia,   United States of America*,760,761,617,621,143,140
  Melanesia,   Australia*,12258,12368,7821,7897,4437,4471
  Melanesia,   New Zealand*,2886,2914,1820,1842,1066,1072
  Melanesia,   Fiji,417,418,230,233,187,185
  Melanesia,   New Caledonia*,290,294,148,151,142,143
  Melanesia,   Papua New Guinea,631,617,351,344,280,273
  Melanesia,   Solomon Islands,1044,1060,595,606,449,454
  Melanesia,   Vanuatu,3960,4181,1936,2039,2024,2142
  Melanesia,   Guam*,0,0,0,0,0,0
  Melanesia,   Kiribati,1040,1051,569,577,471,474
  Melanesia,   Marshall Islands,0,0,0,0,0,0
  Melanesia,   Micronesia (Fed. States of),0,0,0,0,0,0
  Melanesia,   Nauru,0,0,0,0,0,0
  Melanesia,   Northern Mariana Islands*,0,0,0,0,0,0
  Melanesia,   Palau,0,0,0,0,0,0
  Melanesia,   American Samoa*,0,0,0,0,0,0
  Melanesia,   Cook Islands*,33,32,18,18,15,14
  Melanesia,   French Polynesia*,532,563,423,448,109,115
  Melanesia,   Niue*,0,0,0,0,0,0
  Melanesia,   Samoa,296,302,161,166,135,136
  Melanesia,   Tokelau*,0,0,0,0,0,0
  Melanesia,   Tonga,1389,1418,753,770,636,648
  Melanesia,   Tuvalu,411,420,222,229,189,191
  Melanesia,   Wallis and Futuna Islands*,11177,11867,5347,5654,5830,6213
   Fiji,WORLD,13751,14087,7421,7601,6330,6486
   Fiji,  Sub-Saharan Africa,0,0,0,0,0,0
   Fiji,  Northern Africa and Western Asia,0,0,0,0,0,0
   Fiji,  Central and Southern Asia,4482,4586,2419,2475,2063,2111
   Fiji,  Eastern and South-Eastern Asia,925,946,499,511,426,435
   Fiji,  Latin America and the Caribbean,0,0,0,0,0,0
   Fiji,  Oceania (excluding Australia and New Zealand),3734,3813,2017,2067,1717,1746
   Fiji,  Australia and New Zealand,2493,2560,1346,1378,1147,1182
   Fiji,  Europe and Northern America,341,348,184,189,157,159
   Fiji,  Developed regions,2834,2908,1530,1567,1304,1341
   Fiji,  Less developed regions,9141,9345,4935,5053,4206,4292
   Fiji," Less developed regions, excluding least developed countries",5702,5830,3079,3151,2623,2679
   Fiji," Less developed regions, excluding China",8216,8399,4436,4542,3780,3857
   Fiji,  Least developed countries,3439,3515,1856,1902,1583,1613
   Fiji,  Land-locked Developing Countries (LLDC),0,0,0,0,0,0
   Fiji,  Small island developing States (SIDS),3734,3813,2017,2067,1717,1746
   Fiji,  High-income countries,2834,2908,1530,1567,1304,1341
   Fiji,  Middle-income countries,9108,9313,4917,5035,4191,4278
   Fiji, Upper-middle-income countries,2964,3030,1602,1642,1362,1388
   Fiji, Lower-middle-income countries,6144,6283,3315,3393,2829,2890
   Fiji,  Low-income countries,0,0,0,0,0,0
   Fiji, AFRICA,0,0,0,0,0,0
   Fiji,  Eastern Africa,0,0,0,0,0,0
   Fiji,  Middle Africa,0,0,0,0,0,0
   Fiji,  Northern Africa,0,0,0,0,0,0
   Fiji,  Southern Africa,0,0,0,0,0,0
   Fiji,  Western Africa,0,0,0,0,0,0
   Fiji, ASIA,5407,5532,2918,2986,2489,2546
   Fiji,  Central Asia,0,0,0,0,0,0
   Fiji,  Eastern Asia,925,946,499,511,426,435
   Fiji,  South-Eastern Asia,0,0,0,0,0,0
   Fiji,  Southern Asia,4482,4586,2419,2475,2063,2111
   Fiji,  Western Asia,0,0,0,0,0,0
   Fiji, EUROPE,341,348,184,189,157,159
   Fiji,  Eastern Europe,0,0,0,0,0,0
   Fiji,  Northern Europe,341,348,184,189,157,159
   Fiji,  Southern Europe,0,0,0,0,0,0
   Fiji,  Western Europe,0,0,0,0,0,0
   Fiji, LATIN AMERICA AND THE CARIBBEAN,0,0,0,0,0,0
   Fiji,  Caribbean,0,0,0,0,0,0
   Fiji,  Central America,0,0,0,0,0,0
   Fiji,  South America,0,0,0,0,0,0
   Fiji, NORTHERN AMERICA,0,0,0,0,0,0
   Fiji, OCEANIA ,6227,6373,3363,3445,2864,2928
   Fiji,  Australia and New Zealand,2493,2560,1346,1378,1147,1182
   Fiji,  Melanesia,887,904,477,488,410,416
   Fiji,  Micronesia,775,793,419,430,356,363
   Fiji,  Polynesia*,2072,2116,1121,1149,951,967
   Fiji,   Australia*,1887,1941,1019,1043,868,898
   Fiji,   Bangladesh,1366,1398,738,755,628,643
   Fiji,   Solomon Islands,703,718,379,388,324,330
   Fiji,   China*,925,946,499,511,426,435
   Fiji,   Cook Islands*,33,32,18,18,15,14
   Fiji,   Kiribati,775,793,419,430,356,363
   Fiji,   India,1292,1321,697,712,595,609
   Fiji,   Vanuatu,184,186,98,100,86,86
   Fiji,   New Zealand*,606,619,327,335,279,284
   Fiji,   Pakistan,1824,1867,984,1008,840,859
   Fiji,   Tonga,1332,1362,720,736,612,626
   Fiji,   Tuvalu,411,420,222,229,189,191
   Fiji,   United Kingdom*,341,348,184,189,157,159
   Fiji,   Samoa,296,302,161,166,135,136
   Fiji,Other,1776,1834,956,981,820,853
   New Caledonia*,WORLD,68881,73141,36181,38284,32700,34857
   New Caledonia*,  Sub-Saharan Africa,0,0,0,0,0,0
   New Caledonia*,  Northern Africa and Western Asia,1759,1865,897,951,862,914
   New Caledonia*,  Central and Southern Asia,0,0,0,0,0,0
   New Caledonia*,  Eastern and South-Eastern Asia,2749,2911,1274,1347,1475,1564
   New Caledonia*,  Latin America and the Caribbean,0,0,0,0,0,0
   New Caledonia*,  Oceania (excluding Australia and New Zealand),15320,16263,7519,7952,7801,8311
   New Caledonia*,  Australia and New Zealand,369,388,147,154,222,234
   New Caledonia*,  Europe and Northern America,44271,47031,24279,25697,19992,21334
   New Caledonia*,  Developed regions,44640,47419,24426,25851,20214,21568
   New Caledonia*,  Less developed regions,19828,21039,9690,10250,10138,10789
   New Caledonia*," Less developed regions, excluding least developed countries",15076,15997,7473,7905,7603,8092
   New Caledonia*," Less developed regions, excluding China",19741,20948,9648,10205,10093,10743
   New Caledonia*,  Least developed countries,4752,5042,2217,2345,2535,2697
   New Caledonia*,  Land-locked Developing Countries (LLDC),590,625,242,256,348,369
   New Caledonia*,  Small island developing States (SIDS),4143,4396,2172,2298,1971,2098
   New Caledonia*,  High-income countries,45172,47982,24849,26299,20323,21683
   New Caledonia*,  Middle-income countries,8119,8609,3920,4148,4199,4461
   New Caledonia*, Upper-middle-income countries,1025,1085,568,601,457,484
   New Caledonia*, Lower-middle-income countries,7094,7524,3352,3547,3742,3977
   New Caledonia*,  Low-income countries,0,0,0,0,0,0
   New Caledonia*, AFRICA,1759,1865,897,951,862,914
   New Caledonia*,  Eastern Africa,0,0,0,0,0,0
   New Caledonia*,  Middle Africa,0,0,0,0,0,0
   New Caledonia*,  Northern Africa,1759,1865,897,951,862,914
   New Caledonia*,  Southern Africa,0,0,0,0,0,0
   New Caledonia*,  Western Africa,0,0,0,0,0,0
   New Caledonia*, ASIA,2749,2911,1274,1347,1475,1564
   New Caledonia*,  Central Asia,0,0,0,0,0,0
   New Caledonia*,  Eastern Asia,87,91,42,45,45,46
   New Caledonia*,  South-Eastern Asia,2662,2820,1232,1302,1430,1518
   New Caledonia*,  Southern Asia,0,0,0,0,0,0
   New Caledonia*,  Western Asia,0,0,0,0,0,0
   New Caledonia*, EUROPE,44271,47031,24279,25697,19992,21334
   New Caledonia*,  Eastern Europe,0,0,0,0,0,0
   New Caledonia*,  Northern Europe,0,0,0,0,0,0
   New Caledonia*,  Southern Europe,370,389,236,249,134,140
   New Caledonia*,  Western Europe,43901,46642,24043,25448,19858,21194
   New Caledonia*, LATIN AMERICA AND THE CARIBBEAN,0,0,0,0,0,0
   New Caledonia*,  Caribbean,0,0,0,0,0,0
   New Caledonia*,  Central America,0,0,0,0,0,0
   New Caledonia*,  South America,0,0,0,0,0,0
   New Caledonia*, NORTHERN AMERICA,0,0,0,0,0,0
   New Caledonia*, OCEANIA ,15689,16651,7666,8106,8023,8545
   New Caledonia*,  Australia and New Zealand,369,388,147,154,222,234
   New Caledonia*,  Melanesia,3611,3833,1749,1850,1862,1983
   New Caledonia*,  Micronesia,0,0,0,0,0,0
   New Caledonia*,  Polynesia*,11709,12430,5770,6102,5939,6328
   New Caledonia*,   Algeria,586,621,299,317,287,304
   New Caledonia*,   Australia*,258,272,98,102,160,170
   New Caledonia*,   Cambodia,551,584,226,239,325,345
   New Caledonia*,   China*,87,91,42,45,45,46
   New Caledonia*,   France*,43901,46642,24043,25448,19858,21194
   New Caledonia*,   French Polynesia*,532,563,423,448,109,115
   New Caledonia*,   Indonesia,938,994,526,556,412,438
   New Caledonia*,   Italy,263,277,184,194,79,83
   New Caledonia*,   Lao People's Democratic Republic,590,625,242,256,348,369
   New Caledonia*,   Morocco,548,581,282,299,266,282
   New Caledonia*,   Vanuatu,3611,3833,1749,1850,1862,1983
   New Caledonia*,   New Zealand*,111,116,49,52,62,64
   New Caledonia*,   Viet Nam,583,617,238,251,345,366
   New Caledonia*,   Spain*,107,112,52,55,55,57
   New Caledonia*,   Tunisia,625,663,316,335,309,328
   New Caledonia*,   Wallis and Futuna Islands*,11177,11867,5347,5654,5830,6213
   New Caledonia*,Other,4413,4683,2065,2183,2348,2500
   Papua New Guinea,WORLD,30940,31068,18734,18895,12206,12173
   Papua New Guinea,  Sub-Saharan Africa,28,27,21,22,7,5
   Papua New Guinea,  Northern Africa and Western Asia,0,0,0,0,0,0
   Papua New Guinea,  Central and Southern Asia,235,234,187,190,48,44
   Papua New Guinea,  Eastern and South-Eastern Asia,15526,15591,8333,8410,7193,7181
   Papua New Guinea,  Latin America and the Caribbean,0,0,0,0,0,0
   Papua New Guinea,  Oceania (excluding Australia and New Zealand),431,427,279,283,152,144
   Papua New Guinea,  Australia and New Zealand,10961,11002,7466,7519,3495,3483
   Papua New Guinea,  Europe and Northern America,2650,2655,1742,1758,908,897
   Papua New Guinea,  Developed regions,13869,13915,9394,9465,4475,4450
   Papua New Guinea,  Less developed regions,15962,16021,8634,8717,7328,7304
   Papua New Guinea," Less developed regions, excluding least developed countries",15614,15676,8407,8487,7207,7189
   Papua New Guinea," Less developed regions, excluding China",15874,15934,8604,8686,7270,7248
   Papua New Guinea,  Least developed countries,348,345,227,230,121,115
   Papua New Guinea,  Land-locked Developing Countries (LLDC),0,0,0,0,0,0
   Papua New Guinea,  Small island developing States (SIDS),482,477,312,317,170,160
   Papua New Guinea,  High-income countries,13958,14003,9441,9513,4517,4490
   Papua New Guinea,  Middle-income countries,15873,15933,8587,8669,7286,7264
   Papua New Guinea, Upper-middle-income countries,13831,13891,7122,7192,6709,6699
   Papua New Guinea, Lower-middle-income countries,2042,2042,1465,1477,577,565
   Papua New Guinea,  Low-income countries,0,0,0,0,0,0
   Papua New Guinea, AFRICA,28,27,21,22,7,5
   Papua New Guinea,  Eastern Africa,28,27,21,22,7,5
   Papua New Guinea,  Middle Africa,0,0,0,0,0,0
   Papua New Guinea,  Northern Africa,0,0,0,0,0,0
   Papua New Guinea,  Southern Africa,0,0,0,0,0,0
   Papua New Guinea,  Western Africa,0,0,0,0,0,0
   Papua New Guinea, ASIA,15761,15825,8520,8600,7241,7225
   Papua New Guinea,  Central Asia,0,0,0,0,0,0
   Papua New Guinea,  Eastern Asia,410,408,251,255,159,153
   Papua New Guinea,  South-Eastern Asia,15116,15183,8082,8155,7034,7028
   Papua New Guinea,  Southern Asia,235,234,187,190,48,44
   Papua New Guinea,  Western Asia,0,0,0,0,0,0
   Papua New Guinea, EUROPE,1684,1687,972,982,712,705
   Papua New Guinea,  Eastern Europe,26,25,21,22,5,3
   Papua New Guinea,  Northern Europe,1658,1662,951,960,707,702
   Papua New Guinea,  Southern Europe,0,0,0,0,0,0
   Papua New Guinea,  Western Europe,0,0,0,0,0,0
   Papua New Guinea, LATIN AMERICA AND THE CARIBBEAN,0,0,0,0,0,0
   Papua New Guinea,  Caribbean,0,0,0,0,0,0
   Papua New Guinea,  Central America,0,0,0,0,0,0
   Papua New Guinea,  South America,0,0,0,0,0,0
   Papua New Guinea, NORTHERN AMERICA,966,968,770,776,196,192
   Papua New Guinea, OCEANIA ,11392,11429,7745,7802,3647,3627
   Papua New Guinea,  Australia and New Zealand,10961,11002,7466,7519,3495,3483
   Papua New Guinea,  Melanesia,404,401,262,265,142,136
   Papua New Guinea,  Micronesia,0,0,0,0,0,0
   Papua New Guinea,  Polynesia*,27,26,17,18,10,8
   Papua New Guinea,   Australia*,9183,9219,6223,6268,2960,2951
   Papua New Guinea,   Solomon Islands,221,220,155,156,66,64
   Papua New Guinea,   Canada,235,235,170,172,65,63
   Papua New Guinea,   Sri Lanka,79,78,64,65,15,13
   Papua New Guinea,   China*,88,87,30,31,58,56
   Papua New Guinea,   Fiji,84,83,56,57,28,26
   Papua New Guinea,   India,156,156,123,125,33,31
   Papua New Guinea,   Indonesia,13527,13592,6950,7015,6577,6577
   Papua New Guinea,   Ireland,42,41,20,21,22,20
   Papua New Guinea,   Japan,258,258,186,188,72,70
   Papua New Guinea,   Republic of Korea,64,63,35,36,29,27
   Papua New Guinea,   Malaysia*,79,78,48,49,31,29
   Papua New Guinea,   Vanuatu,99,98,51,52,48,46
   Papua New Guinea,   New Zealand*,1778,1783,1243,1251,535,532
   Papua New Guinea,   Philippines,1459,1463,1051,1057,408,406
   Papua New Guinea,   Russian Federation,26,25,21,22,5,3
   Papua New Guinea,   Singapore,51,50,33,34,18,16
   Papua New Guinea,   Tonga,27,26,17,18,10,8
   Papua New Guinea,   United Kingdom*,1616,1621,931,939,685,682
   Papua New Guinea,   United Republic of Tanzania*,28,27,21,22,7,5
   Papua New Guinea,   United States of America*,731,733,600,604,131,129
   Papua New Guinea,Other,1109,1132,706,713,403,419
   Solomon Islands,WORLD,2585,2520,1450,1415,1135,1105
   Solomon Islands,  Sub-Saharan Africa,0,0,0,0,0,0
   Solomon Islands,  Northern Africa and Western Asia,0,0,0,0,0,0
   Solomon Islands,  Central and Southern Asia,0,0,0,0,0,0
   Solomon Islands,  Eastern and South-Eastern Asia,554,538,315,309,239,229
   Solomon Islands,  Latin America and the Caribbean,0,0,0,0,0,0
   Solomon Islands,  Oceania (excluding Australia and New Zealand),1031,1003,583,570,448,433
   Solomon Islands,  Australia and New Zealand,352,342,199,194,153,148
   Solomon Islands,  Europe and Northern America,68,66,40,40,28,26
   Solomon Islands,  Developed regions,449,436,256,251,193,185
   Solomon Islands,  Less developed regions,1556,1513,881,862,675,651
   Solomon Islands," Less developed regions, excluding least developed countries",1225,1191,693,678,532,513
   Solomon Islands," Less developed regions, excluding China",1359,1321,770,753,589,568
   Solomon Islands,  Least developed countries,331,322,188,184,143,138
   Solomon Islands,  Land-locked Developing Countries (LLDC),0,0,0,0,0,0
   Solomon Islands,  Small island developing States (SIDS),1031,1003,583,570,448,433
   Solomon Islands,  High-income countries,513,498,293,288,220,210
   Solomon Islands,  Middle-income countries,1492,1451,844,825,648,626
   Solomon Islands, Upper-middle-income countries,477,464,271,266,206,198
   Solomon Islands, Lower-middle-income countries,1015,987,573,559,442,428
   Solomon Islands,  Low-income countries,0,0,0,0,0,0
   Solomon Islands, AFRICA,0,0,0,0,0,0
   Solomon Islands,  Eastern Africa,0,0,0,0,0,0
   Solomon Islands,  Middle Africa,0,0,0,0,0,0
   Solomon Islands,  Northern Africa,0,0,0,0,0,0
   Solomon Islands,  Southern Africa,0,0,0,0,0,0
   Solomon Islands,  Western Africa,0,0,0,0,0,0
   Solomon Islands, ASIA,554,538,315,309,239,229
   Solomon Islands,  Central Asia,0,0,0,0,0,0
   Solomon Islands,  Eastern Asia,257,250,146,144,111,106
   Solomon Islands,  South-Eastern Asia,297,288,169,165,128,123
   Solomon Islands,  Southern Asia,0,0,0,0,0,0
   Solomon Islands,  Western Asia,0,0,0,0,0,0
   Solomon Islands, EUROPE,39,38,23,23,16,15
   Solomon Islands,  Eastern Europe,0,0,0,0,0,0
   Solomon Islands,  Northern Europe,39,38,23,23,16,15
   Solomon Islands,  Southern Europe,0,0,0,0,0,0
   Solomon Islands,  Western Europe,0,0,0,0,0,0
   Solomon Islands, LATIN AMERICA AND THE CARIBBEAN,0,0,0,0,0,0
   Solomon Islands,  Caribbean,0,0,0,0,0,0
   Solomon Islands,  Central America,0,0,0,0,0,0
   Solomon Islands,  South America,0,0,0,0,0,0
   Solomon Islands, NORTHERN AMERICA,29,28,17,17,12,11
   Solomon Islands, OCEANIA ,1383,1345,782,764,601,581
   Solomon Islands,  Australia and New Zealand,352,342,199,194,153,148
   Solomon Islands,  Melanesia,766,745,433,423,333,322
   Solomon Islands,  Micronesia,265,258,150,147,115,111
   Solomon Islands,  Polynesia*,0,0,0,0,0,0
   Solomon Islands,   Australia*,279,271,157,153,122,118
   Solomon Islands,   Fiji,103,100,59,58,44,42
   Solomon Islands,   Kiribati,265,258,150,147,115,111
   Solomon Islands,   New Caledonia*,33,32,19,19,14,13
   Solomon Islands,   New Zealand*,73,71,42,41,31,30
   Solomon Islands,   Papua New Guinea,564,549,317,309,247,240
   Solomon Islands,   Vanuatu,66,64,38,37,28,27
   Solomon Islands,   China*,197,192,111,109,86,83
   Solomon Islands,   Indonesia,69,67,40,39,29,28
   Solomon Islands,   Japan,29,28,17,17,12,11
   Solomon Islands,   Republic of Korea,31,30,18,18,13,12
   Solomon Islands,   Malaysia*,108,105,61,60,47,45
   Solomon Islands,   Philippines,120,116,68,66,52,50
   Solomon Islands,   United States of America*,29,28,17,17,12,11
   Solomon Islands,   United Kingdom*,39,38,23,23,16,15
   Solomon Islands,Other,580,571,313,302,267,269
   Vanuatu,WORLD,3186,3257,1583,1619,1603,1638
   Vanuatu,  Sub-Saharan Africa,0,0,0,0,0,0
   Vanuatu,  Northern Africa and Western Asia,0,0,0,0,0,0
   Vanuatu,  Central and Southern Asia,0,0,0,0,0,0
   Vanuatu,  Eastern and South-Eastern Asia,0,0,0,0,0,0
   Vanuatu,  Latin America and the Caribbean,0,0,0,0,0,0
   Vanuatu,  Oceania (excluding Australia and New Zealand),704,717,355,363,349,354
   Vanuatu,  Australia and New Zealand,969,990,483,494,486,496
   Vanuatu,  Europe and Northern America,656,670,328,336,328,334
   Vanuatu,  Developed regions,1625,1660,811,830,814,830
   Vanuatu,  Less developed regions,704,717,355,363,349,354
   Vanuatu," Less developed regions, excluding least developed countries",584,595,294,301,290,294
   Vanuatu," Less developed regions, excluding China",704,717,355,363,349,354
   Vanuatu,  Least developed countries,120,122,61,62,59,60
   Vanuatu,  Land-locked Developing Countries (LLDC),0,0,0,0,0,0
   Vanuatu,  Small island developing States (SIDS),704,717,355,363,349,354
   Vanuatu,  High-income countries,1882,1922,940,962,942,960
   Vanuatu,  Middle-income countries,447,455,226,231,221,224
   Vanuatu, Upper-middle-income countries,260,265,131,134,129,131
   Vanuatu, Lower-middle-income countries,187,190,95,97,92,93
   Vanuatu,  Low-income countries,0,0,0,0,0,0
   Vanuatu, AFRICA,0,0,0,0,0,0
   Vanuatu,  Eastern Africa,0,0,0,0,0,0
   Vanuatu,  Middle Africa,0,0,0,0,0,0
   Vanuatu,  Northern Africa,0,0,0,0,0,0
   Vanuatu,  Southern Africa,0,0,0,0,0,0
   Vanuatu,  Western Africa,0,0,0,0,0,0
   Vanuatu, ASIA,0,0,0,0,0,0
   Vanuatu,  Central Asia,0,0,0,0,0,0
   Vanuatu,  Eastern Asia,0,0,0,0,0,0
   Vanuatu,  South-Eastern Asia,0,0,0,0,0,0
   Vanuatu,  Southern Asia,0,0,0,0,0,0
   Vanuatu,  Western Asia,0,0,0,0,0,0
   Vanuatu, EUROPE,656,670,328,336,328,334
   Vanuatu,  Eastern Europe,0,0,0,0,0,0
   Vanuatu,  Northern Europe,113,115,57,58,56,57
   Vanuatu,  Southern Europe,0,0,0,0,0,0
   Vanuatu,  Western Europe,543,555,271,278,272,277
   Vanuatu, LATIN AMERICA AND THE CARIBBEAN,0,0,0,0,0,0
   Vanuatu,  Caribbean,0,0,0,0,0,0
   Vanuatu,  Central America,0,0,0,0,0,0
   Vanuatu,  South America,0,0,0,0,0,0
   Vanuatu, NORTHERN AMERICA,0,0,0,0,0,0
   Vanuatu, OCEANIA ,1673,1707,838,857,835,850
   Vanuatu,  Australia and New Zealand,969,990,483,494,486,496
   Vanuatu,  Melanesia,674,687,339,347,335,340
   Vanuatu,  Micronesia,0,0,0,0,0,0
   Vanuatu,  Polynesia*,30,30,16,16,14,14
   Vanuatu,   Australia*,651,665,324,331,327,334
   Vanuatu,   New Zealand*,318,325,159,163,159,162
   Vanuatu,   France*,543,555,271,278,272,277
   Vanuatu,   United Kingdom*,113,115,57,58,56,57
   Vanuatu,   Fiji,230,235,115,118,115,117
   Vanuatu,   New Caledonia*,257,262,129,132,128,130
   Vanuatu,   Tonga,30,30,16,16,14,14
   Vanuatu,   Solomon Islands,120,122,61,62,59,60
   Vanuatu,   Papua New Guinea,67,68,34,35,33,33
   Vanuatu,Other,857,880,417,426,440,454
  Micronesia,WORLD,113466,118860,57402,60062,56064,58798
  Micronesia,  Sub-Saharan Africa,0,0,0,0,0,0
  Micronesia,  Northern Africa and Western Asia,0,0,0,0,0,0
  Micronesia,  Central and Southern Asia,906,985,757,826,149,159
  Micronesia,  Eastern and South-Eastern Asia,57170,59588,28391,29508,28779,30080
  Micronesia,  Latin America and the Caribbean,4861,5094,2407,2527,2454,2567
  Micronesia,  Oceania (excluding Australia and New Zealand),21704,22808,11008,11557,10696,11251
  Micronesia,  Australia and New Zealand,177,188,108,119,69,69
  Micronesia,  Europe and Northern America,21731,22829,11368,11924,10363,10905
  Micronesia,  Developed regions,24732,25965,12927,13554,11805,12411
  Micronesia,  Less developed regions,81817,85527,41112,42907,40705,42620
  Micronesia," Less developed regions, excluding least developed countries",80449,84095,40157,41903,40292,42192
  Micronesia," Less developed regions, excluding China",76063,79585,39091,40797,36972,38788
  Micronesia,  Least developed countries,1368,1432,955,1004,413,428
  Micronesia,  Land-locked Developing Countries (LLDC),125,124,101,101,24,23
  Micronesia,  Small island developing States (SIDS),26565,27902,13415,14084,13150,13818
  Micronesia,  High-income countries,41171,43150,21083,22070,20088,21080
  Micronesia,  Middle-income countries,65378,68342,32956,34391,32422,33951
  Micronesia, Upper-middle-income countries,7570,7821,3075,3213,4495,4608
  Micronesia, Lower-middle-income countries,57808,60521,29881,31178,27927,29343
  Micronesia,  Low-income countries,0,0,0,0,0,0
  Micronesia, AFRICA,0,0,0,0,0,0
  Micronesia,  Eastern Africa,0,0,0,0,0,0
  Micronesia,  Middle Africa,0,0,0,0,0,0
  Micronesia,  Northern Africa,0,0,0,0,0,0
  Micronesia,  Southern Africa,0,0,0,0,0,0
  Micronesia,  Western Africa,0,0,0,0,0,0
  Micronesia, ASIA,58076,60573,29148,30334,28928,30239
  Micronesia,  Central Asia,0,0,0,0,0,0
  Micronesia,  Eastern Asia,12840,13317,5572,5805,7268,7512
  Micronesia,  South-Eastern Asia,44330,46271,22819,23703,21511,22568
  Micronesia,  Southern Asia,906,985,757,826,149,159
  Micronesia,  Western Asia,0,0,0,0,0,0
  Micronesia, EUROPE,8,7,4,4,4,3
  Micronesia,  Eastern Europe,0,0,0,0,0,0
  Micronesia,  Northern Europe,8,7,4,4,4,3
  Micronesia,  Southern Europe,0,0,0,0,0,0
  Micronesia,  Western Europe,0,0,0,0,0,0
  Micronesia, LATIN AMERICA AND THE CARIBBEAN,4861,5094,2407,2527,2454,2567
  Micronesia,  Caribbean,4861,5094,2407,2527,2454,2567
  Micronesia,  Central America,0,0,0,0,0,0
  Micronesia,  South America,0,0,0,0,0,0
  Micronesia, NORTHERN AMERICA,21723,22822,11364,11920,10359,10902
  Micronesia, OCEANIA ,21881,22996,11116,11676,10765,11320
  Micronesia,  Australia and New Zealand,177,188,108,119,69,69
  Micronesia,  Melanesia,770,826,436,475,334,351
  Micronesia,  Micronesia,20547,21575,10355,10849,10192,10726
  Micronesia,  Polynesia*,387,407,217,233,170,174
  Micronesia,   Burundi,0,0,0,0,0,0
  Micronesia,   Comoros,0,0,0,0,0,0
  Micronesia,   Djibouti,0,0,0,0,0,0
  Micronesia,   Eritrea,0,0,0,0,0,0
  Micronesia,   Ethiopia,0,0,0,0,0,0
  Micronesia,   Kenya,0,0,0,0,0,0
  Micronesia,   Madagascar,0,0,0,0,0,0
  Micronesia,   Malawi,0,0,0,0,0,0
  Micronesia,   Mauritius*,0,0,0,0,0,0
  Micronesia,   Mayotte*,0,0,0,0,0,0
  Micronesia,   Mozambique,0,0,0,0,0,0
  Micronesia,   Réunion*,0,0,0,0,0,0
  Micronesia,   Rwanda,0,0,0,0,0,0
  Micronesia,   Seychelles,0,0,0,0,0,0
  Micronesia,   Somalia,0,0,0,0,0,0
  Micronesia,   South Sudan,0,0,0,0,0,0
  Micronesia,   Uganda,0,0,0,0,0,0
  Micronesia,   United Republic of Tanzania*,0,0,0,0,0,0
  Micronesia,   Zambia,0,0,0,0,0,0
  Micronesia,   Zimbabwe,0,0,0,0,0,0
  Micronesia,   Angola,0,0,0,0,0,0
  Micronesia,   Cameroon,0,0,0,0,0,0
  Micronesia,   Central African Republic,0,0,0,0,0,0
  Micronesia,   Chad,0,0,0,0,0,0
  Micronesia,   Congo,0,0,0,0,0,0
  Micronesia,   Democratic Republic of the Congo,0,0,0,0,0,0
  Micronesia,   Equatorial Guinea,0,0,0,0,0,0
  Micronesia,   Gabon,0,0,0,0,0,0
  Micronesia,   Sao Tome and Principe,0,0,0,0,0,0
  Micronesia,   Algeria,0,0,0,0,0,0
  Micronesia,   Egypt,0,0,0,0,0,0
  Micronesia,   Libya,0,0,0,0,0,0
  Micronesia,   Morocco,0,0,0,0,0,0
  Micronesia,   Sudan,0,0,0,0,0,0
  Micronesia,   Tunisia,0,0,0,0,0,0
  Micronesia,   Western Sahara,0,0,0,0,0,0
  Micronesia,   Botswana,0,0,0,0,0,0
  Micronesia,   Eswatini,0,0,0,0,0,0
  Micronesia,   Lesotho,0,0,0,0,0,0
  Micronesia,   Namibia,0,0,0,0,0,0
  Micronesia,   South Africa,0,0,0,0,0,0
  Micronesia,   Benin,0,0,0,0,0,0
  Micronesia,   Burkina Faso,0,0,0,0,0,0
  Micronesia,   Cabo Verde,0,0,0,0,0,0
  Micronesia,   Côte d'Ivoire,0,0,0,0,0,0
  Micronesia,   Gambia,0,0,0,0,0,0
  Micronesia,   Ghana,0,0,0,0,0,0
  Micronesia,   Guinea,0,0,0,0,0,0
  Micronesia,   Guinea-Bissau,0,0,0,0,0,0
  Micronesia,   Liberia,0,0,0,0,0,0
  Micronesia,   Mali,0,0,0,0,0,0
  Micronesia,   Mauritania,0,0,0,0,0,0
  Micronesia,   Niger,0,0,0,0,0,0
  Micronesia,   Nigeria,0,0,0,0,0,0
  Micronesia,   Saint Helena*,0,0,0,0,0,0
  Micronesia,   Senegal,0,0,0,0,0,0
  Micronesia,   Sierra Leone,0,0,0,0,0,0
  Micronesia,   Togo,0,0,0,0,0,0
  Micronesia,   Kazakhstan,0,0,0,0,0,0
  Micronesia,   Kyrgyzstan,0,0,0,0,0,0
  Micronesia,   Tajikistan,0,0,0,0,0,0
  Micronesia,   Turkmenistan,0,0,0,0,0,0
  Micronesia,   Uzbekistan,0,0,0,0,0,0
  Micronesia,   China*,5733,5922,2007,2096,3726,3826
  Micronesia,"   China, Hong Kong SAR*",21,20,14,14,7,6
  Micronesia,"   China, Macao SAR*",0,0,0,0,0,0
  Micronesia,"   China, Taiwan Province of China*",0,0,0,0,0,0
  Micronesia,   Dem. People's Republic of Korea,0,0,0,0,0,0
  Micronesia,   Japan,2824,2948,1451,1511,1373,1437
  Micronesia,   Mongolia,0,0,0,0,0,0
  Micronesia,   Republic of Korea,4262,4427,2100,2184,2162,2243
  Micronesia,   Brunei Darussalam,0,0,0,0,0,0
  Micronesia,   Cambodia,0,0,0,0,0,0
  Micronesia,   Indonesia,0,0,0,0,0,0
  Micronesia,   Lao People's Democratic Republic,0,0,0,0,0,0
  Micronesia,   Malaysia*,0,0,0,0,0,0
  Micronesia,   Myanmar,0,0,0,0,0,0
  Micronesia,   Philippines,43976,45898,22635,23509,21341,22389
  Micronesia,   Singapore,0,0,0,0,0,0
  Micronesia,   Thailand,0,0,0,0,0,0
  Micronesia,   Timor-Leste,0,0,0,0,0,0
  Micronesia,   Viet Nam,354,373,184,194,170,179
  Micronesia,   Afghanistan,0,0,0,0,0,0
  Micronesia,   Bangladesh,370,371,352,354,18,17
  Micronesia,   Bhutan,0,0,0,0,0,0
  Micronesia,   India,0,0,0,0,0,0
  Micronesia,   Iran (Islamic Republic of),372,356,274,268,98,88
  Micronesia,   Maldives,0,0,0,0,0,0
  Micronesia,   Nepal,125,124,101,101,24,23
  Micronesia,   Pakistan,0,0,0,0,0,0
  Micronesia,   Sri Lanka,39,134,30,103,9,31
  Micronesia,   Armenia,0,0,0,0,0,0
  Micronesia,   Azerbaijan*,0,0,0,0,0,0
  Micronesia,   Bahrain,0,0,0,0,0,0
  Micronesia,   Cyprus*,0,0,0,0,0,0
  Micronesia,   Georgia*,0,0,0,0,0,0
  Micronesia,   Iraq,0,0,0,0,0,0
  Micronesia,   Israel,0,0,0,0,0,0
  Micronesia,   Jordan,0,0,0,0,0,0
  Micronesia,   Kuwait,0,0,0,0,0,0
  Micronesia,   Lebanon,0,0,0,0,0,0
  Micronesia,   Oman,0,0,0,0,0,0
  Micronesia,   Qatar,0,0,0,0,0,0
  Micronesia,   Saudi Arabia,0,0,0,0,0,0
  Micronesia,   State of Palestine*,0,0,0,0,0,0
  Micronesia,   Syrian Arab Republic,0,0,0,0,0,0
  Micronesia,   Turkey,0,0,0,0,0,0
  Micronesia,   United Arab Emirates,0,0,0,0,0,0
  Micronesia,   Yemen,0,0,0,0,0,0
  Micronesia,   Belarus,0,0,0,0,0,0
  Micronesia,   Bulgaria,0,0,0,0,0,0
  Micronesia,   Czechia,0,0,0,0,0,0
  Micronesia,   Hungary,0,0,0,0,0,0
  Micronesia,   Poland,0,0,0,0,0,0
  Micronesia,   Republic of Moldova*,0,0,0,0,0,0
  Micronesia,   Romania,0,0,0,0,0,0
  Micronesia,   Russian Federation,0,0,0,0,0,0
  Micronesia,   Slovakia,0,0,0,0,0,0
  Micronesia,   Ukraine*,0,0,0,0,0,0
  Micronesia,   Channel Islands*,0,0,0,0,0,0
  Micronesia,   Denmark*,0,0,0,0,0,0
  Micronesia,   Estonia,0,0,0,0,0,0
  Micronesia,   Faroe Islands*,0,0,0,0,0,0
  Micronesia,   Finland*,0,0,0,0,0,0
  Micronesia,   Iceland,0,0,0,0,0,0
  Micronesia,   Ireland,0,0,0,0,0,0
  Micronesia,   Isle of Man*,0,0,0,0,0,0
  Micronesia,   Latvia,0,0,0,0,0,0
  Micronesia,   Lithuania,0,0,0,0,0,0
  Micronesia,   Norway*,0,0,0,0,0,0
  Micronesia,   Sweden,0,0,0,0,0,0
  Micronesia,   United Kingdom*,8,7,4,4,4,3
  Micronesia,   Albania,0,0,0,0,0,0
  Micronesia,   Andorra,0,0,0,0,0,0
  Micronesia,   Bosnia and Herzegovina,0,0,0,0,0,0
  Micronesia,   Croatia,0,0,0,0,0,0
  Micronesia,   Gibraltar*,0,0,0,0,0,0
  Micronesia,   Greece,0,0,0,0,0,0
  Micronesia,   Holy See*,0,0,0,0,0,0
  Micronesia,   Italy,0,0,0,0,0,0
  Micronesia,   Malta,0,0,0,0,0,0
  Micronesia,   Montenegro,0,0,0,0,0,0
  Micronesia,   North Macedonia,0,0,0,0,0,0
  Micronesia,   Portugal,0,0,0,0,0,0
  Micronesia,   San Marino,0,0,0,0,0,0
  Micronesia,   Serbia*,0,0,0,0,0,0
  Micronesia,   Slovenia,0,0,0,0,0,0
  Micronesia,   Spain*,0,0,0,0,0,0
  Micronesia,   Austria,0,0,0,0,0,0
  Micronesia,   Belgium,0,0,0,0,0,0
  Micronesia,   France*,0,0,0,0,0,0
  Micronesia,   Germany,0,0,0,0,0,0
  Micronesia,   Liechtenstein,0,0,0,0,0,0
  Micronesia,   Luxembourg,0,0,0,0,0,0
  Micronesia,   Monaco,0,0,0,0,0,0
  Micronesia,   Netherlands*,0,0,0,0,0,0
  Micronesia,   Switzerland,0,0,0,0,0,0
  Micronesia,   Anguilla*,0,0,0,0,0,0
  Micronesia,   Antigua and Barbuda,0,0,0,0,0,0
  Micronesia,   Aruba*,0,0,0,0,0,0
  Micronesia,   Bahamas,0,0,0,0,0,0
  Micronesia,   Barbados,0,0,0,0,0,0
  Micronesia,"   Bonaire, Sint Eustatius and Saba*",0,0,0,0,0,0
  Micronesia,   British Virgin Islands*,0,0,0,0,0,0
  Micronesia,   Cayman Islands*,0,0,0,0,0,0
  Micronesia,   Cuba,0,0,0,0,0,0
  Micronesia,   Curaçao*,0,0,0,0,0,0
  Micronesia,   Dominica,0,0,0,0,0,0
  Micronesia,   Dominican Republic,0,0,0,0,0,0
  Micronesia,   Grenada,0,0,0,0,0,0
  Micronesia,   Guadeloupe*,0,0,0,0,0,0
  Micronesia,   Haiti,0,0,0,0,0,0
  Micronesia,   Jamaica,0,0,0,0,0,0
  Micronesia,   Martinique*,0,0,0,0,0,0
  Micronesia,   Montserrat*,0,0,0,0,0,0
  Micronesia,   Puerto Rico*,4861,5094,2407,2527,2454,2567
  Micronesia,   Saint Barthélemy*,0,0,0,0,0,0
  Micronesia,   Saint Kitts and Nevis,0,0,0,0,0,0
  Micronesia,   Saint Lucia,0,0,0,0,0,0
  Micronesia,   Saint Martin (French part)*,0,0,0,0,0,0
  Micronesia,   Saint Vincent and the Grenadines,0,0,0,0,0,0
  Micronesia,   Sint Maarten (Dutch part)*,0,0,0,0,0,0
  Micronesia,   Trinidad and Tobago,0,0,0,0,0,0
  Micronesia,   Turks and Caicos Islands*,0,0,0,0,0,0
  Micronesia,   United States Virgin Islands*,0,0,0,0,0,0
  Micronesia,   Belize,0,0,0,0,0,0
  Micronesia,   Costa Rica,0,0,0,0,0,0
  Micronesia,   El Salvador,0,0,0,0,0,0
  Micronesia,   Guatemala,0,0,0,0,0,0
  Micronesia,   Honduras,0,0,0,0,0,0
  Micronesia,   Mexico,0,0,0,0,0,0
  Micronesia,   Nicaragua,0,0,0,0,0,0
  Micronesia,   Panama,0,0,0,0,0,0
  Micronesia,   Argentina,0,0,0,0,0,0
  Micronesia,   Bolivia (Plurinational State of),0,0,0,0,0,0
  Micronesia,   Brazil,0,0,0,0,0,0
  Micronesia,   Chile,0,0,0,0,0,0
  Micronesia,   Colombia,0,0,0,0,0,0
  Micronesia,   Ecuador,0,0,0,0,0,0
  Micronesia,   Falkland Islands (Malvinas)*,0,0,0,0,0,0
  Micronesia,   French Guiana*,0,0,0,0,0,0
  Micronesia,   Guyana,0,0,0,0,0,0
  Micronesia,   Paraguay,0,0,0,0,0,0
  Micronesia,   Peru,0,0,0,0,0,0
  Micronesia,   Suriname,0,0,0,0,0,0
  Micronesia,   Uruguay,0,0,0,0,0,0
  Micronesia,   Venezuela (Bolivarian Republic of),0,0,0,0,0,0
  Micronesia,   Bermuda*,0,0,0,0,0,0
  Micronesia,   Canada,0,0,0,0,0,0
  Micronesia,   Greenland*,0,0,0,0,0,0
  Micronesia,   Saint Pierre and Miquelon*,0,0,0,0,0,0
  Micronesia,   United States of America*,21723,22822,11364,11920,10359,10902
  Micronesia,   Australia*,120,129,69,77,51,52
  Micronesia,   New Zealand*,57,59,39,42,18,17
  Micronesia,   Fiji,706,753,393,424,313,329
  Micronesia,   New Caledonia*,0,0,0,0,0,0
  Micronesia,   Papua New Guinea,0,0,0,0,0,0
  Micronesia,   Solomon Islands,64,73,43,51,21,22
  Micronesia,   Vanuatu,0,0,0,0,0,0
  Micronesia,   Guam*,999,1009,462,458,537,551
  Micronesia,   Kiribati,484,516,273,296,211,220
  Micronesia,   Marshall Islands,372,383,184,192,188,191
  Micronesia,   Micronesia (Fed. States of),12396,13032,6263,6570,6133,6462
  Micronesia,   Nauru,1471,1586,740,792,731,794
  Micronesia,   Northern Mariana Islands*,2532,2664,1296,1354,1236,1310
  Micronesia,   Palau,2293,2385,1137,1187,1156,1198
  Micronesia,   American Samoa*,23,22,12,12,11,10
  Micronesia,   Cook Islands*,0,0,0,0,0,0
  Micronesia,   French Polynesia*,0,0,0,0,0,0
  Micronesia,   Niue*,0,0,0,0,0,0
  Micronesia,   Samoa,21,20,10,10,11,10
  Micronesia,   Tokelau*,0,0,0,0,0,0
  Micronesia,   Tonga,18,17,9,9,9,8
  Micronesia,   Tuvalu,325,348,186,202,139,146
  Micronesia,   Wallis and Futuna Islands*,0,0,0,0,0,0
   Guam*,WORLD,76089,80472,39246,41508,36843,38964
   Guam*,  Sub-Saharan Africa,0,0,0,0,0,0
   Guam*,  Northern Africa and Western Asia,0,0,0,0,0,0
   Guam*,  Central and Southern Asia,0,0,0,0,0,0
   Guam*,  Eastern and South-Eastern Asia,36606,38726,18884,19974,17722,18752
   Guam*,  Latin America and the Caribbean,3950,4176,2038,2155,1912,2021
   Guam*,  Oceania (excluding Australia and New Zealand),14538,15370,7500,7933,7038,7437
   Guam*,  Australia and New Zealand,0,0,0,0,0,0
   Guam*,  Europe and Northern America,18508,19572,9547,10096,8961,9476
   Guam*,  Developed regions,20608,21791,10631,11242,9977,10549
   Guam*,  Less developed regions,52994,56053,27338,28916,25656,27137
   Guam*," Less developed regions, excluding least developed countries",52994,56053,27338,28916,25656,27137
   Guam*," Less developed regions, excluding China",50842,53778,26228,27741,24614,26037
   Guam*,  Least developed countries,0,0,0,0,0,0
   Guam*,  Land-locked Developing Countries (LLDC),0,0,0,0,0,0
   Guam*,  Small island developing States (SIDS),18488,19546,9538,10088,8950,9458
   Guam*,  High-income countries,30934,32705,15959,16876,14975,15829
   Guam*,  Middle-income countries,42668,45139,22010,23282,20658,21857
   Guam*, Upper-middle-income countries,2386,2521,1231,1303,1155,1218
   Guam*, Lower-middle-income countries,40282,42618,20779,21979,19503,20639
   Guam*,  Low-income countries,0,0,0,0,0,0
   Guam*, AFRICA,0,0,0,0,0,0
   Guam*,  Eastern Africa,0,0,0,0,0,0
   Guam*,  Middle Africa,0,0,0,0,0,0
   Guam*,  Northern Africa,0,0,0,0,0,0
   Guam*,  Southern Africa,0,0,0,0,0,0
   Guam*,  Western Africa,0,0,0,0,0,0
   Guam*, ASIA,36606,38726,18884,19974,17722,18752
   Guam*,  Central Asia,0,0,0,0,0,0
   Guam*,  Eastern Asia,6963,7359,3593,3800,3370,3559
   Guam*,  South-Eastern Asia,29643,31367,15291,16174,14352,15193
   Guam*,  Southern Asia,0,0,0,0,0,0
   Guam*,  Western Asia,0,0,0,0,0,0
   Guam*, EUROPE,0,0,0,0,0,0
   Guam*,  Eastern Europe,0,0,0,0,0,0
   Guam*,  Northern Europe,0,0,0,0,0,0
   Guam*,  Southern Europe,0,0,0,0,0,0
   Guam*,  Western Europe,0,0,0,0,0,0
   Guam*, LATIN AMERICA AND THE CARIBBEAN,3950,4176,2038,2155,1912,2021
   Guam*,  Caribbean,3950,4176,2038,2155,1912,2021
   Guam*,  Central America,0,0,0,0,0,0
   Guam*,  South America,0,0,0,0,0,0
   Guam*, NORTHERN AMERICA,18508,19572,9547,10096,8961,9476
   Guam*, OCEANIA ,14538,15370,7500,7933,7038,7437
   Guam*,  Australia and New Zealand,0,0,0,0,0,0
   Guam*,  Melanesia,0,0,0,0,0,0
   Guam*,  Micronesia,14538,15370,7500,7933,7038,7437
   Guam*,  Polynesia*,0,0,0,0,0,0
   Guam*,   China*,2152,2275,1110,1175,1042,1100
   Guam*,   Japan,2100,2219,1084,1146,1016,1073
   Guam*,   Republic of Korea,2711,2865,1399,1479,1312,1386
   Guam*,   Northern Mariana Islands*,2216,2342,1143,1209,1073,1133
   Guam*,   Micronesia (Fed. States of),10639,11251,5488,5805,5151,5446
   Guam*,   Marshall Islands,234,246,121,128,113,118
   Guam*,   Palau,1449,1531,748,791,701,740
   Guam*,   Philippines,29289,30994,15107,15980,14182,15014
   Guam*,   Puerto Rico*,3950,4176,2038,2155,1912,2021
   Guam*,   Viet Nam,354,373,184,194,170,179
   Guam*,   United States of America*,18508,19572,9547,10096,8961,9476
   Guam*,Other,2487,2628,1277,1350,1210,1278
   Kiribati,WORLD,2919,3126,1539,1650,1380,1476
   Kiribati,  Sub-Saharan Africa,0,0,0,0,0,0
   Kiribati,  Northern Africa and Western Asia,0,0,0,0,0,0
   Kiribati,  Central and Southern Asia,0,0,0,0,0,0
   Kiribati,  Eastern and South-Eastern Asia,0,0,0,0,0,0
   Kiribati,  Latin America and the Caribbean,0,0,0,0,0,0
   Kiribati,  Oceania (excluding Australia and New Zealand),2260,2428,1168,1251,1092,1177
   Kiribati,  Australia and New Zealand,136,142,82,88,54,54
   Kiribati,  Europe and Northern America,48,49,33,36,15,13
   Kiribati,  Developed regions,184,191,115,124,69,67
   Kiribati,  Less developed regions,2260,2428,1168,1251,1092,1177
   Kiribati," Less developed regions, excluding least developed countries",1968,2117,1003,1074,965,1043
   Kiribati," Less developed regions, excluding China",2260,2428,1168,1251,1092,1177
   Kiribati,  Least developed countries,292,311,165,177,127,134
   Kiribati,  Land-locked Developing Countries (LLDC),0,0,0,0,0,0
   Kiribati,  Small island developing States (SIDS),2260,2428,1168,1251,1092,1177
   Kiribati,  High-income countries,1655,1777,855,916,800,861
   Kiribati,  Middle-income countries,789,842,428,459,361,383
   Kiribati, Upper-middle-income countries,789,842,428,459,361,383
   Kiribati, Lower-middle-income countries,0,0,0,0,0,0
   Kiribati,  Low-income countries,0,0,0,0,0,0
   Kiribati, AFRICA,0,0,0,0,0,0
   Kiribati,  Eastern Africa,0,0,0,0,0,0
   Kiribati,  Middle Africa,0,0,0,0,0,0
   Kiribati,  Northern Africa,0,0,0,0,0,0
   Kiribati,  Southern Africa,0,0,0,0,0,0
   Kiribati,  Western Africa,0,0,0,0,0,0
   Kiribati, ASIA,0,0,0,0,0,0
   Kiribati,  Central Asia,0,0,0,0,0,0
   Kiribati,  Eastern Asia,0,0,0,0,0,0
   Kiribati,  South-Eastern Asia,0,0,0,0,0,0
   Kiribati,  Southern Asia,0,0,0,0,0,0
   Kiribati,  Western Asia,0,0,0,0,0,0
   Kiribati, EUROPE,8,7,4,4,4,3
   Kiribati,  Eastern Europe,0,0,0,0,0,0
   Kiribati,  Northern Europe,8,7,4,4,4,3
   Kiribati,  Southern Europe,0,0,0,0,0,0
   Kiribati,  Western Europe,0,0,0,0,0,0
   Kiribati, LATIN AMERICA AND THE CARIBBEAN,0,0,0,0,0,0
   Kiribati,  Caribbean,0,0,0,0,0,0
   Kiribati,  Central America,0,0,0,0,0,0
   Kiribati,  South America,0,0,0,0,0,0
   Kiribati, NORTHERN AMERICA,40,42,29,32,11,10
   Kiribati, OCEANIA ,2396,2570,1250,1339,1146,1231
   Kiribati,  Australia and New Zealand,136,142,82,88,54,54
   Kiribati,  Melanesia,497,531,263,282,234,249
   Kiribati,  Micronesia,1471,1586,740,792,731,794
   Kiribati,  Polynesia*,292,311,165,177,127,134
   Kiribati,   Australia*,82,86,46,49,36,37
   Kiribati,   Fiji,497,531,263,282,234,249
   Kiribati,   Nauru,1471,1586,740,792,731,794
   Kiribati,   New Zealand*,54,56,36,39,18,17
   Kiribati,   Tuvalu,292,311,165,177,127,134
   Kiribati,   United Kingdom*,8,7,4,4,4,3
   Kiribati,   United States of America*,40,42,29,32,11,10
   Kiribati,Other,475,507,256,275,219,232
   Marshall Islands,WORLD,3284,3298,2011,2021,1273,1277
   Marshall Islands,  Sub-Saharan Africa,0,0,0,0,0,0
   Marshall Islands,  Northern Africa and Western Asia,0,0,0,0,0,0
   Marshall Islands,  Central and Southern Asia,0,0,0,0,0,0
   Marshall Islands,  Eastern and South-Eastern Asia,859,859,522,524,337,335
   Marshall Islands,  Latin America and the Caribbean,0,0,0,0,0,0
   Marshall Islands,  Oceania (excluding Australia and New Zealand),635,638,381,383,254,255
   Marshall Islands,  Australia and New Zealand,0,0,0,0,0,0
   Marshall Islands,  Europe and Northern America,1430,1441,876,881,554,560
   Marshall Islands,  Developed regions,1430,1441,876,881,554,560
   Marshall Islands,  Less developed regions,1494,1497,903,907,591,590
   Marshall Islands," Less developed regions, excluding least developed countries",1219,1222,734,737,485,485
   Marshall Islands," Less developed regions, excluding China",1176,1179,692,695,484,484
   Marshall Islands,  Least developed countries,275,275,169,170,106,105
   Marshall Islands,  Land-locked Developing Countries (LLDC),0,0,0,0,0,0
   Marshall Islands,  Small island developing States (SIDS),635,638,381,383,254,255
   Marshall Islands,  High-income countries,1430,1441,876,881,554,560
   Marshall Islands,  Middle-income countries,1494,1497,903,907,591,590
   Marshall Islands, Upper-middle-income countries,436,435,285,286,151,149
   Marshall Islands, Lower-middle-income countries,1058,1062,618,621,440,441
   Marshall Islands,  Low-income countries,0,0,0,0,0,0
   Marshall Islands, AFRICA,0,0,0,0,0,0
   Marshall Islands,  Eastern Africa,0,0,0,0,0,0
   Marshall Islands,  Middle Africa,0,0,0,0,0,0
   Marshall Islands,  Northern Africa,0,0,0,0,0,0
   Marshall Islands,  Southern Africa,0,0,0,0,0,0
   Marshall Islands,  Western Africa,0,0,0,0,0,0
   Marshall Islands, ASIA,859,859,522,524,337,335
   Marshall Islands,  Central Asia,0,0,0,0,0,0
   Marshall Islands,  Eastern Asia,318,318,211,212,107,106
   Marshall Islands,  South-Eastern Asia,541,541,311,312,230,229
   Marshall Islands,  Southern Asia,0,0,0,0,0,0
   Marshall Islands,  Western Asia,0,0,0,0,0,0
   Marshall Islands, EUROPE,0,0,0,0,0,0
   Marshall Islands,  Eastern Europe,0,0,0,0,0,0
   Marshall Islands,  Northern Europe,0,0,0,0,0,0
   Marshall Islands,  Southern Europe,0,0,0,0,0,0
   Marshall Islands,  Western Europe,0,0,0,0,0,0
   Marshall Islands, LATIN AMERICA AND THE CARIBBEAN,0,0,0,0,0,0
   Marshall Islands,  Caribbean,0,0,0,0,0,0
   Marshall Islands,  Central America,0,0,0,0,0,0
   Marshall Islands,  South America,0,0,0,0,0,0
   Marshall Islands, NORTHERN AMERICA,1430,1441,876,881,554,560
   Marshall Islands, OCEANIA ,635,638,381,383,254,255
   Marshall Islands,  Australia and New Zealand,0,0,0,0,0,0
   Marshall Islands,  Melanesia,118,117,74,74,44,43
   Marshall Islands,  Micronesia,517,521,307,309,210,212
   Marshall Islands,  Polynesia*,0,0,0,0,0,0
   Marshall Islands,   China*,318,318,211,212,107,106
   Marshall Islands,   Fiji,118,117,74,74,44,43
   Marshall Islands,   Kiribati,275,275,169,170,106,105
   Marshall Islands,   Micronesia (Fed. States of),242,246,138,139,104,107
   Marshall Islands,   Philippines,541,541,311,312,230,229
   Marshall Islands,   United States of America*,1430,1441,876,881,554,560
   Marshall Islands,Other,360,360,232,233,128,127
   Micronesia (Fed. States of),WORLD,2756,2832,1473,1515,1283,1317
   Micronesia (Fed. States of),  Sub-Saharan Africa,0,0,0,0,0,0
   Micronesia (Fed. States of),  Northern Africa and Western Asia,0,0,0,0,0,0
   Micronesia (Fed. States of),  Central and Southern Asia,0,0,0,0,0,0
   Micronesia (Fed. States of),  Eastern and South-Eastern Asia,241,240,138,140,103,100
   Micronesia (Fed. States of),  Latin America and the Caribbean,0,0,0,0,0,0
   Micronesia (Fed. States of),  Oceania (excluding Australia and New Zealand),547,549,294,300,253,249
   Micronesia (Fed. States of),  Australia and New Zealand,0,0,0,0,0,0
   Micronesia (Fed. States of),  Europe and Northern America,172,175,94,97,78,78
   Micronesia (Fed. States of),  Developed regions,220,222,122,125,98,97
   Micronesia (Fed. States of),  Less developed regions,740,742,404,412,336,330
   Micronesia (Fed. States of)," Less developed regions, excluding least developed countries",740,742,404,412,336,330
   Micronesia (Fed. States of)," Less developed regions, excluding China",719,722,390,398,329,324
   Micronesia (Fed. States of),  Least developed countries,0,0,0,0,0,0
   Micronesia (Fed. States of),  Land-locked Developing Countries (LLDC),0,0,0,0,0,0
   Micronesia (Fed. States of),  Small island developing States (SIDS),547,549,294,300,253,249
   Micronesia (Fed. States of),  High-income countries,681,686,376,384,305,302
   Micronesia (Fed. States of),  Middle-income countries,279,278,150,153,129,125
   Micronesia (Fed. States of), Upper-middle-income countries,154,151,82,83,72,68
   Micronesia (Fed. States of), Lower-middle-income countries,125,127,68,70,57,57
   Micronesia (Fed. States of),  Low-income countries,0,0,0,0,0,0
   Micronesia (Fed. States of), AFRICA,0,0,0,0,0,0
   Micronesia (Fed. States of),  Eastern Africa,0,0,0,0,0,0
   Micronesia (Fed. States of),  Middle Africa,0,0,0,0,0,0
   Micronesia (Fed. States of),  Northern Africa,0,0,0,0,0,0
   Micronesia (Fed. States of),  Southern Africa,0,0,0,0,0,0
   Micronesia (Fed. States of),  Western Africa,0,0,0,0,0,0
   Micronesia (Fed. States of), ASIA,241,240,138,140,103,100
   Micronesia (Fed. States of),  Central Asia,0,0,0,0,0,0
   Micronesia (Fed. States of),  Eastern Asia,116,113,70,70,46,43
   Micronesia (Fed. States of),  South-Eastern Asia,125,127,68,70,57,57
   Micronesia (Fed. States of),  Southern Asia,0,0,0,0,0,0
   Micronesia (Fed. States of),  Western Asia,0,0,0,0,0,0
   Micronesia (Fed. States of), EUROPE,0,0,0,0,0,0
   Micronesia (Fed. States of),  Eastern Europe,0,0,0,0,0,0
   Micronesia (Fed. States of),  Northern Europe,0,0,0,0,0,0
   Micronesia (Fed. States of),  Southern Europe,0,0,0,0,0,0
   Micronesia (Fed. States of),  Western Europe,0,0,0,0,0,0
   Micronesia (Fed. States of), LATIN AMERICA AND THE CARIBBEAN,0,0,0,0,0,0
   Micronesia (Fed. States of),  Caribbean,0,0,0,0,0,0
   Micronesia (Fed. States of),  Central America,0,0,0,0,0,0
   Micronesia (Fed. States of),  South America,0,0,0,0,0,0
   Micronesia (Fed. States of), NORTHERN AMERICA,172,175,94,97,78,78
   Micronesia (Fed. States of), OCEANIA ,547,549,294,300,253,249
   Micronesia (Fed. States of),  Australia and New Zealand,0,0,0,0,0,0
   Micronesia (Fed. States of),  Melanesia,0,0,0,0,0,0
   Micronesia (Fed. States of),  Micronesia,485,490,263,269,222,221
   Micronesia (Fed. States of),  Polynesia*,62,59,31,31,31,28
   Micronesia (Fed. States of),   American Samoa*,23,22,12,12,11,10
   Micronesia (Fed. States of),   Guam*,38,37,22,22,16,15
   Micronesia (Fed. States of),"   China, Hong Kong SAR*",21,20,14,14,7,6
   Micronesia (Fed. States of),   Japan,48,47,28,28,20,19
   Micronesia (Fed. States of),   Republic of Korea,47,46,28,28,19,18
   Micronesia (Fed. States of),   Northern Mariana Islands*,75,75,42,43,33,32
   Micronesia (Fed. States of),   Marshall Islands,92,92,51,52,41,40
   Micronesia (Fed. States of),   Palau,280,286,148,152,132,134
   Micronesia (Fed. States of),   Philippines,125,127,68,70,57,57
   Micronesia (Fed. States of),   Tonga,18,17,9,9,9,8
   Micronesia (Fed. States of),   United States of America*,172,175,94,97,78,78
   Micronesia (Fed. States of),   Samoa,21,20,10,10,11,10
   Micronesia (Fed. States of),Other,1796,1868,947,978,849,890
   Nauru,WORLD,1833,2201,1037,1297,796,904
   Nauru,  Sub-Saharan Africa,0,0,0,0,0,0
   Nauru,  Northern Africa and Western Asia,0,0,0,0,0,0
   Nauru,  Central and Southern Asia,411,490,304,371,107,119
   Nauru,  Eastern and South-Eastern Asia,255,294,161,193,94,101
   Nauru,  Latin America and the Caribbean,0,0,0,0,0,0
   Nauru,  Oceania (excluding Australia and New Zealand),397,456,224,270,173,186
   Nauru,  Australia and New Zealand,41,46,26,31,15,15
   Nauru,  Europe and Northern America,0,0,0,0,0,0
   Nauru,  Developed regions,41,46,26,31,15,15
   Nauru,  Less developed regions,1063,1240,689,834,374,406
   Nauru," Less developed regions, excluding least developed countries",757,889,521,632,236,257
   Nauru," Less developed regions, excluding China",865,1011,569,690,296,321
   Nauru,  Least developed countries,306,351,168,202,138,149
   Nauru,  Land-locked Developing Countries (LLDC),0,0,0,0,0,0
   Nauru,  Small island developing States (SIDS),397,456,224,270,173,186
   Nauru,  High-income countries,41,46,26,31,15,15
   Nauru,  Middle-income countries,1063,1240,689,834,374,406
   Nauru, Upper-middle-income countries,694,727,471,505,223,222
   Nauru, Lower-middle-income countries,369,513,218,329,151,184
   Nauru,  Low-income countries,0,0,0,0,0,0
   Nauru, AFRICA,0,0,0,0,0,0
   Nauru,  Eastern Africa,0,0,0,0,0,0
   Nauru,  Middle Africa,0,0,0,0,0,0
   Nauru,  Northern Africa,0,0,0,0,0,0
   Nauru,  Southern Africa,0,0,0,0,0,0
   Nauru,  Western Africa,0,0,0,0,0,0
   Nauru, ASIA,666,784,465,564,201,220
   Nauru,  Central Asia,0,0,0,0,0,0
   Nauru,  Eastern Asia,198,229,120,144,78,85
   Nauru,  South-Eastern Asia,57,65,41,49,16,16
   Nauru,  Southern Asia,411,490,304,371,107,119
   Nauru,  Western Asia,0,0,0,0,0,0
   Nauru, EUROPE,0,0,0,0,0,0
   Nauru,  Eastern Europe,0,0,0,0,0,0
   Nauru,  Northern Europe,0,0,0,0,0,0
   Nauru,  Southern Europe,0,0,0,0,0,0
   Nauru,  Western Europe,0,0,0,0,0,0
   Nauru, LATIN AMERICA AND THE CARIBBEAN,0,0,0,0,0,0
   Nauru,  Caribbean,0,0,0,0,0,0
   Nauru,  Central America,0,0,0,0,0,0
   Nauru,  South America,0,0,0,0,0,0
   Nauru, NORTHERN AMERICA,0,0,0,0,0,0
   Nauru, OCEANIA ,438,502,250,301,188,201
   Nauru,  Australia and New Zealand,41,46,26,31,15,15
   Nauru,  Melanesia,155,178,99,119,56,59
   Nauru,  Micronesia,209,241,104,126,105,115
   Nauru,  Polynesia*,33,37,21,25,12,12
   Nauru,   Australia*,38,43,23,28,15,15
   Nauru,   Solomon Islands,64,73,43,51,21,22
   Nauru,   Sri Lanka,39,134,30,103,9,31
   Nauru,   China*,198,229,120,144,78,85
   Nauru,   Fiji,91,105,56,68,35,37
   Nauru,   Kiribati,209,241,104,126,105,115
   Nauru,   Iran (Islamic Republic of),372,356,274,268,98,88
   Nauru,   New Zealand*,3,3,3,3,0,0
   Nauru,   Philippines,57,65,41,49,16,16
   Nauru,   Tuvalu,33,37,21,25,12,12
   Nauru,Other,729,915,322,432,407,483
   Northern Mariana Islands*,WORLD,21648,21843,9100,9183,12548,12660
   Northern Mariana Islands*,  Sub-Saharan Africa,0,0,0,0,0,0
   Northern Mariana Islands*,  Northern Africa and Western Asia,0,0,0,0,0,0
   Northern Mariana Islands*,  Central and Southern Asia,495,495,453,455,42,40
   Northern Mariana Islands*,  Eastern and South-Eastern Asia,15609,15752,6383,6439,9226,9313
   Northern Mariana Islands*,  Latin America and the Caribbean,911,918,369,372,542,546
   Northern Mariana Islands*,  Oceania (excluding Australia and New Zealand),2451,2468,1012,1022,1439,1446
   Northern Mariana Islands*,  Australia and New Zealand,0,0,0,0,0,0
   Northern Mariana Islands*,  Europe and Northern America,1249,1259,646,652,603,607
   Northern Mariana Islands*,  Developed regions,1785,1799,908,917,877,882
   Northern Mariana Islands*,  Less developed regions,18930,19093,7955,8023,10975,11070
   Northern Mariana Islands*," Less developed regions, excluding least developed countries",18435,18598,7502,7568,10933,11030
   Northern Mariana Islands*," Less developed regions, excluding China",16338,16479,7725,7791,8613,8688
   Northern Mariana Islands*,  Least developed countries,495,495,453,455,42,40
   Northern Mariana Islands*,  Land-locked Developing Countries (LLDC),125,124,101,101,24,23
   Northern Mariana Islands*,  Small island developing States (SIDS),3362,3386,1381,1394,1981,1992
   Northern Mariana Islands*,  High-income countries,5422,5464,2468,2492,2954,2972
   Northern Mariana Islands*,  Middle-income countries,15293,15428,6395,6448,8898,8980
   Northern Mariana Islands*, Upper-middle-income countries,2638,2659,242,244,2396,2415
   Northern Mariana Islands*, Lower-middle-income countries,12655,12769,6153,6204,6502,6565
   Northern Mariana Islands*,  Low-income countries,0,0,0,0,0,0
   Northern Mariana Islands*, AFRICA,0,0,0,0,0,0
   Northern Mariana Islands*,  Eastern Africa,0,0,0,0,0,0
   Northern Mariana Islands*,  Middle Africa,0,0,0,0,0,0
   Northern Mariana Islands*,  Northern Africa,0,0,0,0,0,0
   Northern Mariana Islands*,  Southern Africa,0,0,0,0,0,0
   Northern Mariana Islands*,  Western Africa,0,0,0,0,0,0
   Northern Mariana Islands*, ASIA,16104,16247,6836,6894,9268,9353
   Northern Mariana Islands*,  Central Asia,0,0,0,0,0,0
   Northern Mariana Islands*,  Eastern Asia,4564,4602,1123,1134,3441,3468
   Northern Mariana Islands*,  South-Eastern Asia,11045,11150,5260,5305,5785,5845
   Northern Mariana Islands*,  Southern Asia,495,495,453,455,42,40
   Northern Mariana Islands*,  Western Asia,0,0,0,0,0,0
   Northern Mariana Islands*, EUROPE,0,0,0,0,0,0
   Northern Mariana Islands*,  Eastern Europe,0,0,0,0,0,0
   Northern Mariana Islands*,  Northern Europe,0,0,0,0,0,0
   Northern Mariana Islands*,  Southern Europe,0,0,0,0,0,0
   Northern Mariana Islands*,  Western Europe,0,0,0,0,0,0
   Northern Mariana Islands*, LATIN AMERICA AND THE CARIBBEAN,911,918,369,372,542,546
   Northern Mariana Islands*,  Caribbean,911,918,369,372,542,546
   Northern Mariana Islands*,  Central America,0,0,0,0,0,0
   Northern Mariana Islands*,  South America,0,0,0,0,0,0
   Northern Mariana Islands*, NORTHERN AMERICA,1249,1259,646,652,603,607
   Northern Mariana Islands*, OCEANIA ,2451,2468,1012,1022,1439,1446
   Northern Mariana Islands*,  Australia and New Zealand,0,0,0,0,0,0
   Northern Mariana Islands*,  Melanesia,0,0,0,0,0,0
   Northern Mariana Islands*,  Micronesia,2451,2468,1012,1022,1439,1446
   Northern Mariana Islands*,  Polynesia*,0,0,0,0,0,0
   Northern Mariana Islands*,   Bangladesh,370,371,352,354,18,17
   Northern Mariana Islands*,   China*,2592,2614,230,232,2362,2382
   Northern Mariana Islands*,   Guam*,726,731,319,322,407,409
   Northern Mariana Islands*,   Japan,536,540,262,265,274,275
   Northern Mariana Islands*,   Republic of Korea,1436,1448,631,637,805,811
   Northern Mariana Islands*,   Nepal,125,124,101,101,24,23
   Northern Mariana Islands*,   Micronesia (Fed. States of),1115,1124,440,444,675,680
   Northern Mariana Islands*,   Marshall Islands,46,45,12,12,34,33
   Northern Mariana Islands*,   Palau,564,568,241,244,323,324
   Northern Mariana Islands*,   Philippines,11045,11150,5260,5305,5785,5845
   Northern Mariana Islands*,   Puerto Rico*,911,918,369,372,542,546
   Northern Mariana Islands*,   United States of America*,1249,1259,646,652,603,607
   Northern Mariana Islands*,Other,933,951,237,243,696,708
   Palau,WORLD,4937,5088,2996,2888,1941,2200
   Palau,  Sub-Saharan Africa,0,0,0,0,0,0
   Palau,  Northern Africa and Western Asia,0,0,0,0,0,0
   Palau,  Central and Southern Asia,0,0,0,0,0,0
   Palau,  Eastern and South-Eastern Asia,3600,3717,2303,2238,1297,1479
   Palau,  Latin America and the Caribbean,0,0,0,0,0,0
   Palau,  Oceania (excluding Australia and New Zealand),876,899,429,398,447,501
   Palau,  Australia and New Zealand,0,0,0,0,0,0
   Palau,  Europe and Northern America,324,333,172,162,152,171
   Palau,  Developed regions,464,475,249,234,215,241
   Palau,  Less developed regions,4336,4474,2655,2564,1681,1910
   Palau," Less developed regions, excluding least developed countries",4336,4474,2655,2564,1681,1910
   Palau," Less developed regions, excluding China",3863,3988,2319,2231,1544,1757
   Palau,  Least developed countries,0,0,0,0,0,0
   Palau,  Land-locked Developing Countries (LLDC),0,0,0,0,0,0
   Palau,  Small island developing States (SIDS),876,899,429,398,447,501
   Palau,  High-income countries,1008,1031,523,490,485,541
   Palau,  Middle-income countries,3792,3918,2381,2308,1411,1610
   Palau, Upper-middle-income countries,473,486,336,333,137,153
   Palau, Lower-middle-income countries,3319,3432,2045,1975,1274,1457
   Palau,  Low-income countries,0,0,0,0,0,0
   Palau, AFRICA,0,0,0,0,0,0
   Palau,  Eastern Africa,0,0,0,0,0,0
   Palau,  Middle Africa,0,0,0,0,0,0
   Palau,  Northern Africa,0,0,0,0,0,0
   Palau,  Southern Africa,0,0,0,0,0,0
   Palau,  Western Africa,0,0,0,0,0,0
   Palau, ASIA,3600,3717,2303,2238,1297,1479
   Palau,  Central Asia,0,0,0,0,0,0
   Palau,  Eastern Asia,681,696,455,445,226,251
   Palau,  South-Eastern Asia,2919,3021,1848,1793,1071,1228
   Palau,  Southern Asia,0,0,0,0,0,0
   Palau,  Western Asia,0,0,0,0,0,0
   Palau, EUROPE,0,0,0,0,0,0
   Palau,  Eastern Europe,0,0,0,0,0,0
   Palau,  Northern Europe,0,0,0,0,0,0
   Palau,  Southern Europe,0,0,0,0,0,0
   Palau,  Western Europe,0,0,0,0,0,0
   Palau, LATIN AMERICA AND THE CARIBBEAN,0,0,0,0,0,0
   Palau,  Caribbean,0,0,0,0,0,0
   Palau,  Central America,0,0,0,0,0,0
   Palau,  South America,0,0,0,0,0,0
   Palau, NORTHERN AMERICA,324,333,172,162,152,171
   Palau, OCEANIA ,876,899,429,398,447,501
   Palau,  Australia and New Zealand,0,0,0,0,0,0
   Palau,  Melanesia,0,0,0,0,0,0
   Palau,  Micronesia,876,899,429,398,447,501
   Palau,  Polynesia*,0,0,0,0,0,0
   Palau,   China*,473,486,336,333,137,153
   Palau,   Guam*,235,241,121,114,114,127
   Palau,   Japan,140,142,77,72,63,70
   Palau,   Republic of Korea,68,68,42,40,26,28
   Palau,   Northern Mariana Islands*,241,247,111,102,130,145
   Palau,   Micronesia (Fed. States of),400,411,197,182,203,229
   Palau,   Philippines,2919,3021,1848,1793,1071,1228
   Palau,   United States of America*,324,333,172,162,152,171
   Palau,Other,137,139,92,90,45,49
  Polynesia*,WORLD,70001,70136,37577,37629,32424,32507
  Polynesia*,  Sub-Saharan Africa,38,27,26,18,12,9
  Polynesia*,  Northern Africa and Western Asia,681,681,432,432,249,249
  Polynesia*,  Central and Southern Asia,226,215,127,122,99,93
  Polynesia*,  Eastern and South-Eastern Asia,3159,3141,1816,1811,1343,1330
  Polynesia*,  Latin America and the Caribbean,0,0,0,0,0,0
  Polynesia*,  Oceania (excluding Australia and New Zealand),24776,24752,12475,12477,12301,12275
  Polynesia*,  Australia and New Zealand,5722,5902,2813,2887,2909,3015
  Polynesia*,  Europe and Northern America,27695,27713,15862,15877,11833,11836
  Polynesia*,  Developed regions,33553,33742,18762,18847,14791,14895
  Polynesia*,  Less developed regions,28744,28689,14789,14777,13955,13912
  Polynesia*," Less developed regions, excluding least developed countries",28221,28180,14515,14506,13706,13674
  Polynesia*," Less developed regions, excluding China",27359,27315,13950,13942,13409,13373
  Polynesia*,  Least developed countries,523,509,274,271,249,238
  Polynesia*,  Land-locked Developing Countries (LLDC),0,0,0,0,0,0
  Polynesia*,  Small island developing States (SIDS),24630,24613,12409,12413,12221,12200
  Polynesia*,  High-income countries,37248,37441,20611,20699,16637,16742
  Polynesia*,  Middle-income countries,24832,24794,12831,12825,12001,11969
  Polynesia*, Upper-middle-income countries,22163,22147,11333,11334,10830,10813
  Polynesia*, Lower-middle-income countries,2669,2647,1498,1491,1171,1156
  Polynesia*,  Low-income countries,0,0,0,0,0,0
  Polynesia*, AFRICA,719,708,458,450,261,258
  Polynesia*,  Eastern Africa,38,27,26,18,12,9
  Polynesia*,  Middle Africa,0,0,0,0,0,0
  Polynesia*,  Northern Africa,681,681,432,432,249,249
  Polynesia*,  Southern Africa,0,0,0,0,0,0
  Polynesia*,  Western Africa,0,0,0,0,0,0
  Polynesia*, ASIA,3385,3356,1943,1933,1442,1423
  Polynesia*,  Central Asia,0,0,0,0,0,0
  Polynesia*,  Eastern Asia,1816,1796,1077,1070,739,726
  Polynesia*,  South-Eastern Asia,1343,1345,739,741,604,604
  Polynesia*,  Southern Asia,226,215,127,122,99,93
  Polynesia*,  Western Asia,0,0,0,0,0,0
  Polynesia*, EUROPE,24231,24261,14085,14103,10146,10158
  Polynesia*,  Eastern Europe,0,0,0,0,0,0
  Polynesia*,  Northern Europe,197,202,162,167,35,35
  Polynesia*,  Southern Europe,228,228,178,178,50,50
  Polynesia*,  Western Europe,23806,23831,13745,13758,10061,10073
  Polynesia*, LATIN AMERICA AND THE CARIBBEAN,0,0,0,0,0,0
  Polynesia*,  Caribbean,0,0,0,0,0,0
  Polynesia*,  Central America,0,0,0,0,0,0
  Polynesia*,  South America,0,0,0,0,0,0
  Polynesia*, NORTHERN AMERICA,3464,3452,1777,1774,1687,1678
  Polynesia*, OCEANIA ,30498,30654,15288,15364,15210,15290
  Polynesia*,  Australia and New Zealand,5722,5902,2813,2887,2909,3015
  Polynesia*,  Melanesia,5169,5171,2656,2667,2513,2504
  Polynesia*,  Micronesia,85,81,23,19,62,62
  Polynesia*,  Polynesia*,19522,19500,9796,9791,9726,9709
  Polynesia*,   Burundi,0,0,0,0,0,0
  Polynesia*,   Comoros,0,0,0,0,0,0
  Polynesia*,   Djibouti,0,0,0,0,0,0
  Polynesia*,   Eritrea,0,0,0,0,0,0
  Polynesia*,   Ethiopia,0,0,0,0,0,0
  Polynesia*,   Kenya,0,0,0,0,0,0
  Polynesia*,   Madagascar,0,0,0,0,0,0
  Polynesia*,   Malawi,0,0,0,0,0,0
  Polynesia*,   Mauritius*,0,0,0,0,0,0
  Polynesia*,   Mayotte*,38,27,26,18,12,9
  Polynesia*,   Mozambique,0,0,0,0,0,0
  Polynesia*,   Réunion*,0,0,0,0,0,0
  Polynesia*,   Rwanda,0,0,0,0,0,0
  Polynesia*,   Seychelles,0,0,0,0,0,0
  Polynesia*,   Somalia,0,0,0,0,0,0
  Polynesia*,   South Sudan,0,0,0,0,0,0
  Polynesia*,   Uganda,0,0,0,0,0,0
  Polynesia*,   United Republic of Tanzania*,0,0,0,0,0,0
  Polynesia*,   Zambia,0,0,0,0,0,0
  Polynesia*,   Zimbabwe,0,0,0,0,0,0
  Polynesia*,   Angola,0,0,0,0,0,0
  Polynesia*,   Cameroon,0,0,0,0,0,0
  Polynesia*,   Central African Republic,0,0,0,0,0,0
  Polynesia*,   Chad,0,0,0,0,0,0
  Polynesia*,   Congo,0,0,0,0,0,0
  Polynesia*,   Democratic Republic of the Congo,0,0,0,0,0,0
  Polynesia*,   Equatorial Guinea,0,0,0,0,0,0
  Polynesia*,   Gabon,0,0,0,0,0,0
  Polynesia*,   Sao Tome and Principe,0,0,0,0,0,0
  Polynesia*,   Algeria,681,681,432,432,249,249
  Polynesia*,   Egypt,0,0,0,0,0,0
  Polynesia*,   Libya,0,0,0,0,0,0
  Polynesia*,   Morocco,0,0,0,0,0,0
  Polynesia*,   Sudan,0,0,0,0,0,0
  Polynesia*,   Tunisia,0,0,0,0,0,0
  Polynesia*,   Western Sahara,0,0,0,0,0,0
  Polynesia*,   Botswana,0,0,0,0,0,0
  Polynesia*,   Eswatini,0,0,0,0,0,0
  Polynesia*,   Lesotho,0,0,0,0,0,0
  Polynesia*,   Namibia,0,0,0,0,0,0
  Polynesia*,   South Africa,0,0,0,0,0,0
  Polynesia*,   Benin,0,0,0,0,0,0
  Polynesia*,   Burkina Faso,0,0,0,0,0,0
  Polynesia*,   Cabo Verde,0,0,0,0,0,0
  Polynesia*,   Côte d'Ivoire,0,0,0,0,0,0
  Polynesia*,   Gambia,0,0,0,0,0,0
  Polynesia*,   Ghana,0,0,0,0,0,0
  Polynesia*,   Guinea,0,0,0,0,0,0
  Polynesia*,   Guinea-Bissau,0,0,0,0,0,0
  Polynesia*,   Liberia,0,0,0,0,0,0
  Polynesia*,   Mali,0,0,0,0,0,0
  Polynesia*,   Mauritania,0,0,0,0,0,0
  Polynesia*,   Niger,0,0,0,0,0,0
  Polynesia*,   Nigeria,0,0,0,0,0,0
  Polynesia*,   Saint Helena*,0,0,0,0,0,0
  Polynesia*,   Senegal,0,0,0,0,0,0
  Polynesia*,   Sierra Leone,0,0,0,0,0,0
  Polynesia*,   Togo,0,0,0,0,0,0
  Polynesia*,   Kazakhstan,0,0,0,0,0,0
  Polynesia*,   Kyrgyzstan,0,0,0,0,0,0
  Polynesia*,   Tajikistan,0,0,0,0,0,0
  Polynesia*,   Turkmenistan,0,0,0,0,0,0
  Polynesia*,   Uzbekistan,0,0,0,0,0,0
  Polynesia*,   China*,1385,1374,839,835,546,539
  Polynesia*,"   China, Hong Kong SAR*",0,0,0,0,0,0
  Polynesia*,"   China, Macao SAR*",0,0,0,0,0,0
  Polynesia*,"   China, Taiwan Province of China*",0,0,0,0,0,0
  Polynesia*,   Dem. People's Republic of Korea,0,0,0,0,0,0
  Polynesia*,   Japan,136,127,87,83,49,44
  Polynesia*,   Mongolia,0,0,0,0,0,0
  Polynesia*,   Republic of Korea,295,295,151,152,144,143
  Polynesia*,   Brunei Darussalam,0,0,0,0,0,0
  Polynesia*,   Cambodia,0,0,0,0,0,0
  Polynesia*,   Indonesia,17,17,10,10,7,7
  Polynesia*,   Lao People's Democratic Republic,0,0,0,0,0,0
  Polynesia*,   Malaysia*,0,0,0,0,0,0
  Polynesia*,   Myanmar,0,0,0,0,0,0
  Polynesia*,   Philippines,1115,1118,622,624,493,494
  Polynesia*,   Singapore,0,0,0,0,0,0
  Polynesia*,   Thailand,0,0,0,0,0,0
  Polynesia*,   Timor-Leste,0,0,0,0,0,0
  Polynesia*,   Viet Nam,211,210,107,107,104,103
  Polynesia*,   Afghanistan,0,0,0,0,0,0
  Polynesia*,   Bangladesh,0,0,0,0,0,0
  Polynesia*,   Bhutan,0,0,0,0,0,0
  Polynesia*,   India,226,215,127,122,99,93
  Polynesia*,   Iran (Islamic Republic of),0,0,0,0,0,0
  Polynesia*,   Maldives,0,0,0,0,0,0
  Polynesia*,   Nepal,0,0,0,0,0,0
  Polynesia*,   Pakistan,0,0,0,0,0,0
  Polynesia*,   Sri Lanka,0,0,0,0,0,0
  Polynesia*,   Armenia,0,0,0,0,0,0
  Polynesia*,   Azerbaijan*,0,0,0,0,0,0
  Polynesia*,   Bahrain,0,0,0,0,0,0
  Polynesia*,   Cyprus*,0,0,0,0,0,0
  Polynesia*,   Georgia*,0,0,0,0,0,0
  Polynesia*,   Iraq,0,0,0,0,0,0
  Polynesia*,   Israel,0,0,0,0,0,0
  Polynesia*,   Jordan,0,0,0,0,0,0
  Polynesia*,   Kuwait,0,0,0,0,0,0
  Polynesia*,   Lebanon,0,0,0,0,0,0
  Polynesia*,   Oman,0,0,0,0,0,0
  Polynesia*,   Qatar,0,0,0,0,0,0
  Polynesia*,   Saudi Arabia,0,0,0,0,0,0
  Polynesia*,   State of Palestine*,0,0,0,0,0,0
  Polynesia*,   Syrian Arab Republic,0,0,0,0,0,0
  Polynesia*,   Turkey,0,0,0,0,0,0
  Polynesia*,   United Arab Emirates,0,0,0,0,0,0
  Polynesia*,   Yemen,0,0,0,0,0,0
  Polynesia*,   Belarus,0,0,0,0,0,0
  Polynesia*,   Bulgaria,0,0,0,0,0,0
  Polynesia*,   Czechia,0,0,0,0,0,0
  Polynesia*,   Hungary,0,0,0,0,0,0
  Polynesia*,   Poland,0,0,0,0,0,0
  Polynesia*,   Republic of Moldova*,0,0,0,0,0,0
  Polynesia*,   Romania,0,0,0,0,0,0
  Polynesia*,   Russian Federation,0,0,0,0,0,0
  Polynesia*,   Slovakia,0,0,0,0,0,0
  Polynesia*,   Ukraine*,0,0,0,0,0,0
  Polynesia*,   Channel Islands*,0,0,0,0,0,0
  Polynesia*,   Denmark*,0,0,0,0,0,0
  Polynesia*,   Estonia,0,0,0,0,0,0
  Polynesia*,   Faroe Islands*,0,0,0,0,0,0
  Polynesia*,   Finland*,0,0,0,0,0,0
  Polynesia*,   Iceland,0,0,0,0,0,0
  Polynesia*,   Ireland,0,0,0,0,0,0
  Polynesia*,   Isle of Man*,0,0,0,0,0,0
  Polynesia*,   Latvia,0,0,0,0,0,0
  Polynesia*,   Lithuania,0,0,0,0,0,0
  Polynesia*,   Norway*,0,0,0,0,0,0
  Polynesia*,   Sweden,0,0,0,0,0,0
  Polynesia*,   United Kingdom*,197,202,162,167,35,35
  Polynesia*,   Albania,0,0,0,0,0,0
  Polynesia*,   Andorra,0,0,0,0,0,0
  Polynesia*,   Bosnia and Herzegovina,0,0,0,0,0,0
  Polynesia*,   Croatia,0,0,0,0,0,0
  Polynesia*,   Gibraltar*,0,0,0,0,0,0
  Polynesia*,   Greece,0,0,0,0,0,0
  Polynesia*,   Holy See*,0,0,0,0,0,0
  Polynesia*,   Italy,148,148,117,117,31,31
  Polynesia*,   Malta,0,0,0,0,0,0
  Polynesia*,   Montenegro,0,0,0,0,0,0
  Polynesia*,   North Macedonia,0,0,0,0,0,0
  Polynesia*,   Portugal,0,0,0,0,0,0
  Polynesia*,   San Marino,0,0,0,0,0,0
  Polynesia*,   Serbia*,0,0,0,0,0,0
  Polynesia*,   Slovenia,0,0,0,0,0,0
  Polynesia*,   Spain*,80,80,61,61,19,19
  Polynesia*,   Austria,0,0,0,0,0,0
  Polynesia*,   Belgium,0,0,0,0,0,0
  Polynesia*,   France*,23272,23299,13352,13365,9920,9934
  Polynesia*,   Germany,397,394,274,273,123,121
  Polynesia*,   Liechtenstein,0,0,0,0,0,0
  Polynesia*,   Luxembourg,0,0,0,0,0,0
  Polynesia*,   Monaco,0,0,0,0,0,0
  Polynesia*,   Netherlands*,17,18,13,14,4,4
  Polynesia*,   Switzerland,120,120,106,106,14,14
  Polynesia*,   Anguilla*,0,0,0,0,0,0
  Polynesia*,   Antigua and Barbuda,0,0,0,0,0,0
  Polynesia*,   Aruba*,0,0,0,0,0,0
  Polynesia*,   Bahamas,0,0,0,0,0,0
  Polynesia*,   Barbados,0,0,0,0,0,0
  Polynesia*,"   Bonaire, Sint Eustatius and Saba*",0,0,0,0,0,0
  Polynesia*,   British Virgin Islands*,0,0,0,0,0,0
  Polynesia*,   Cayman Islands*,0,0,0,0,0,0
  Polynesia*,   Cuba,0,0,0,0,0,0
  Polynesia*,   Curaçao*,0,0,0,0,0,0
  Polynesia*,   Dominica,0,0,0,0,0,0
  Polynesia*,   Dominican Republic,0,0,0,0,0,0
  Polynesia*,   Grenada,0,0,0,0,0,0
  Polynesia*,   Guadeloupe*,0,0,0,0,0,0
  Polynesia*,   Haiti,0,0,0,0,0,0
  Polynesia*,   Jamaica,0,0,0,0,0,0
  Polynesia*,   Martinique*,0,0,0,0,0,0
  Polynesia*,   Montserrat*,0,0,0,0,0,0
  Polynesia*,   Puerto Rico*,0,0,0,0,0,0
  Polynesia*,   Saint Barthélemy*,0,0,0,0,0,0
  Polynesia*,   Saint Kitts and Nevis,0,0,0,0,0,0
  Polynesia*,   Saint Lucia,0,0,0,0,0,0
  Polynesia*,   Saint Martin (French part)*,0,0,0,0,0,0
  Polynesia*,   Saint Vincent and the Grenadines,0,0,0,0,0,0
  Polynesia*,   Sint Maarten (Dutch part)*,0,0,0,0,0,0
  Polynesia*,   Trinidad and Tobago,0,0,0,0,0,0
  Polynesia*,   Turks and Caicos Islands*,0,0,0,0,0,0
  Polynesia*,   United States Virgin Islands*,0,0,0,0,0,0
  Polynesia*,   Belize,0,0,0,0,0,0
  Polynesia*,   Costa Rica,0,0,0,0,0,0
  Polynesia*,   El Salvador,0,0,0,0,0,0
  Polynesia*,   Guatemala,0,0,0,0,0,0
  Polynesia*,   Honduras,0,0,0,0,0,0
  Polynesia*,   Mexico,0,0,0,0,0,0
  Polynesia*,   Nicaragua,0,0,0,0,0,0
  Polynesia*,   Panama,0,0,0,0,0,0
  Polynesia*,   Argentina,0,0,0,0,0,0
  Polynesia*,   Bolivia (Plurinational State of),0,0,0,0,0,0
  Polynesia*,   Brazil,0,0,0,0,0,0
  Polynesia*,   Chile,0,0,0,0,0,0
  Polynesia*,   Colombia,0,0,0,0,0,0
  Polynesia*,   Ecuador,0,0,0,0,0,0
  Polynesia*,   Falkland Islands (Malvinas)*,0,0,0,0,0,0
  Polynesia*,   French Guiana*,0,0,0,0,0,0
  Polynesia*,   Guyana,0,0,0,0,0,0
  Polynesia*,   Paraguay,0,0,0,0,0,0
  Polynesia*,   Peru,0,0,0,0,0,0
  Polynesia*,   Suriname,0,0,0,0,0,0
  Polynesia*,   Uruguay,0,0,0,0,0,0
  Polynesia*,   Venezuela (Bolivarian Republic of),0,0,0,0,0,0
  Polynesia*,   Bermuda*,0,0,0,0,0,0
  Polynesia*,   Canada,137,135,94,94,43,41
  Polynesia*,   Greenland*,0,0,0,0,0,0
  Polynesia*,   Saint Pierre and Miquelon*,0,0,0,0,0,0
  Polynesia*,   United States of America*,3327,3317,1683,1680,1644,1637
  Polynesia*,   Australia*,799,820,438,450,361,370
  Polynesia*,   New Zealand*,4923,5082,2375,2437,2548,2645
  Polynesia*,   Fiji,1550,1563,815,824,735,739
  Polynesia*,   New Caledonia*,3256,3257,1651,1653,1605,1604
  Polynesia*,   Papua New Guinea,57,54,21,20,36,34
  Polynesia*,   Solomon Islands,10,8,4,4,6,4
  Polynesia*,   Vanuatu,296,289,165,166,131,123
  Polynesia*,   Guam*,0,0,0,0,0,0
  Polynesia*,   Kiribati,73,72,20,16,53,56
  Polynesia*,   Marshall Islands,0,0,0,0,0,0
  Polynesia*,   Micronesia (Fed. States of),0,0,0,0,0,0
  Polynesia*,   Nauru,12,9,3,3,9,6
  Polynesia*,   Northern Mariana Islands*,0,0,0,0,0,0
  Polynesia*,   Palau,0,0,0,0,0,0
  Polynesia*,   American Samoa*,1379,1307,706,672,673,635
  Polynesia*,   Cook Islands*,11,9,2,2,9,7
  Polynesia*,   French Polynesia*,132,138,44,44,88,94
  Polynesia*,   Niue*,22,21,15,16,7,5
  Polynesia*,   Samoa,16287,16347,8144,8173,8143,8174
  Polynesia*,   Tokelau*,111,104,54,52,57,52
  Polynesia*,   Tonga,1401,1399,734,735,667,664
  Polynesia*,   Tuvalu,144,140,85,85,59,55
  Polynesia*,   Wallis and Futuna Islands*,35,35,12,12,23,23
   American Samoa*,WORLD,23513,23608,11998,12047,11515,11561
   American Samoa*,  Sub-Saharan Africa,0,0,0,0,0,0
   American Samoa*,  Northern Africa and Western Asia,0,0,0,0,0,0
   American Samoa*,  Central and Southern Asia,0,0,0,0,0,0
   American Samoa*,  Eastern and South-Eastern Asia,2219,2222,1296,1301,923,921
   American Samoa*,  Latin America and the Caribbean,0,0,0,0,0,0
   American Samoa*,  Oceania (excluding Australia and New Zealand),17453,17523,8787,8822,8666,8701
   American Samoa*,  Australia and New Zealand,724,725,366,367,358,358
   American Samoa*,  Europe and Northern America,2548,2557,1267,1272,1281,1285
   American Samoa*,  Developed regions,3272,3282,1633,1639,1639,1643
   American Samoa*,  Less developed regions,19672,19745,10083,10123,9589,9622
   American Samoa*," Less developed regions, excluding least developed countries",19672,19745,10083,10123,9589,9622
   American Samoa*," Less developed regions, excluding China",19074,19146,9667,9705,9407,9441
   American Samoa*,  Least developed countries,0,0,0,0,0,0
   American Samoa*,  Land-locked Developing Countries (LLDC),0,0,0,0,0,0
   American Samoa*,  Small island developing States (SIDS),17433,17504,8777,8812,8656,8692
   American Samoa*,  High-income countries,3567,3577,1784,1791,1783,1786
   American Samoa*,  Middle-income countries,19357,19431,9922,9961,9435,9470
   American Samoa*, Upper-middle-income countries,18031,18103,9193,9230,8838,8873
   American Samoa*, Lower-middle-income countries,1326,1328,729,731,597,597
   American Samoa*,  Low-income countries,0,0,0,0,0,0
   American Samoa*, AFRICA,0,0,0,0,0,0
   American Samoa*,  Eastern Africa,0,0,0,0,0,0
   American Samoa*,  Middle Africa,0,0,0,0,0,0
   American Samoa*,  Northern Africa,0,0,0,0,0,0
   American Samoa*,  Southern Africa,0,0,0,0,0,0
   American Samoa*,  Western Africa,0,0,0,0,0,0
   American Samoa*, ASIA,2219,2222,1296,1301,923,921
   American Samoa*,  Central Asia,0,0,0,0,0,0
   American Samoa*,  Eastern Asia,893,894,567,570,326,324
   American Samoa*,  South-Eastern Asia,1326,1328,729,731,597,597
   American Samoa*,  Southern Asia,0,0,0,0,0,0
   American Samoa*,  Western Asia,0,0,0,0,0,0
   American Samoa*, EUROPE,0,0,0,0,0,0
   American Samoa*,  Eastern Europe,0,0,0,0,0,0
   American Samoa*,  Northern Europe,0,0,0,0,0,0
   American Samoa*,  Southern Europe,0,0,0,0,0,0
   American Samoa*,  Western Europe,0,0,0,0,0,0
   American Samoa*, LATIN AMERICA AND THE CARIBBEAN,0,0,0,0,0,0
   American Samoa*,  Caribbean,0,0,0,0,0,0
   American Samoa*,  Central America,0,0,0,0,0,0
   American Samoa*,  South America,0,0,0,0,0,0
   American Samoa*, NORTHERN AMERICA,2548,2557,1267,1272,1281,1285
   American Samoa*, OCEANIA ,18177,18248,9153,9189,9024,9059
   American Samoa*,  Australia and New Zealand,724,725,366,367,358,358
   American Samoa*,  Melanesia,332,332,167,168,165,164
   American Samoa*,  Micronesia,0,0,0,0,0,0
   American Samoa*,  Polynesia*,17121,17191,8620,8654,8501,8537
   American Samoa*,   China*,598,599,416,418,182,181
   American Samoa*,   Fiji,332,332,167,168,165,164
   American Samoa*,   Republic of Korea,295,295,151,152,144,143
   American Samoa*,   New Zealand*,724,725,366,367,358,358
   American Samoa*,   Philippines,1115,1118,622,624,493,494
   American Samoa*,   Viet Nam,211,210,107,107,104,103
   American Samoa*,   Tokelau*,20,19,10,10,10,9
   American Samoa*,   Tonga,1288,1292,675,678,613,614
   American Samoa*,   United States of America*,2548,2557,1267,1272,1281,1285
   American Samoa*,   Samoa,15813,15880,7935,7966,7878,7914
   American Samoa*,Other,569,581,282,285,287,296
   Cook Islands*,WORLD,4168,4579,2090,2290,2078,2289
   Cook Islands*,  Sub-Saharan Africa,0,0,0,0,0,0
   Cook Islands*,  Northern Africa and Western Asia,0,0,0,0,0,0
   Cook Islands*,  Central and Southern Asia,0,0,0,0,0,0
   Cook Islands*,  Eastern and South-Eastern Asia,0,0,0,0,0,0
   Cook Islands*,  Latin America and the Caribbean,0,0,0,0,0,0
   Cook Islands*,  Oceania (excluding Australia and New Zealand),639,699,307,335,332,364
   Cook Islands*,  Australia and New Zealand,2682,2946,1305,1430,1377,1516
   Cook Islands*,  Europe and Northern America,137,148,96,104,41,44
   Cook Islands*,  Developed regions,2819,3094,1401,1534,1418,1560
   Cook Islands*,  Less developed regions,639,699,307,335,332,364
   Cook Islands*," Less developed regions, excluding least developed countries",639,699,307,335,332,364
   Cook Islands*," Less developed regions, excluding China",639,699,307,335,332,364
   Cook Islands*,  Least developed countries,0,0,0,0,0,0
   Cook Islands*,  Land-locked Developing Countries (LLDC),0,0,0,0,0,0
   Cook Islands*,  Small island developing States (SIDS),639,699,307,335,332,364
   Cook Islands*,  High-income countries,2936,3222,1437,1573,1499,1649
   Cook Islands*,  Middle-income countries,506,554,259,283,247,271
   Cook Islands*, Upper-middle-income countries,489,536,253,277,236,259
   Cook Islands*, Lower-middle-income countries,17,18,6,6,11,12
   Cook Islands*,  Low-income countries,0,0,0,0,0,0
   Cook Islands*, AFRICA,0,0,0,0,0,0
   Cook Islands*,  Eastern Africa,0,0,0,0,0,0
   Cook Islands*,  Middle Africa,0,0,0,0,0,0
   Cook Islands*,  Northern Africa,0,0,0,0,0,0
   Cook Islands*,  Southern Africa,0,0,0,0,0,0
   Cook Islands*,  Western Africa,0,0,0,0,0,0
   Cook Islands*, ASIA,0,0,0,0,0,0
   Cook Islands*,  Central Asia,0,0,0,0,0,0
   Cook Islands*,  Eastern Asia,0,0,0,0,0,0
   Cook Islands*,  South-Eastern Asia,0,0,0,0,0,0
   Cook Islands*,  Southern Asia,0,0,0,0,0,0
   Cook Islands*,  Western Asia,0,0,0,0,0,0
   Cook Islands*, EUROPE,107,116,77,84,30,32
   Cook Islands*,  Eastern Europe,0,0,0,0,0,0
   Cook Islands*,  Northern Europe,90,98,64,70,26,28
   Cook Islands*,  Southern Europe,0,0,0,0,0,0
   Cook Islands*,  Western Europe,17,18,13,14,4,4
   Cook Islands*, LATIN AMERICA AND THE CARIBBEAN,0,0,0,0,0,0
   Cook Islands*,  Caribbean,0,0,0,0,0,0
   Cook Islands*,  Central America,0,0,0,0,0,0
   Cook Islands*,  South America,0,0,0,0,0,0
   Cook Islands*, NORTHERN AMERICA,30,32,19,20,11,12
   Cook Islands*, OCEANIA ,3321,3645,1612,1765,1709,1880
   Cook Islands*,  Australia and New Zealand,2682,2946,1305,1430,1377,1516
   Cook Islands*,  Melanesia,497,545,258,282,239,263
   Cook Islands*,  Micronesia,0,0,0,0,0,0
   Cook Islands*,  Polynesia*,142,154,49,53,93,101
   Cook Islands*,   Australia*,388,426,205,225,183,201
   Cook Islands*,   Fiji,480,527,252,276,228,251
   Cook Islands*,   French Polynesia*,117,128,36,39,81,89
   Cook Islands*,   Netherlands*,17,18,13,14,4,4
   Cook Islands*,   New Zealand*,2294,2520,1100,1205,1194,1315
   Cook Islands*,   Niue*,16,17,12,13,4,4
   Cook Islands*,   Papua New Guinea,17,18,6,6,11,12
   Cook Islands*,   United Kingdom*,90,98,64,70,26,28
   Cook Islands*,   United States of America*,30,32,19,20,11,12
   Cook Islands*,   Samoa,9,9,1,1,8,8
   Cook Islands*,Other,710,786,382,421,328,365
   French Polynesia*,WORLD,30058,30081,17136,17150,12922,12931
   French Polynesia*,  Sub-Saharan Africa,0,0,0,0,0,0
   French Polynesia*,  Northern Africa and Western Asia,681,681,432,432,249,249
   French Polynesia*,  Central and Southern Asia,38,38,29,29,9,9
   French Polynesia*,  Eastern and South-Eastern Asia,655,655,327,327,328,328
   French Polynesia*,  Latin America and the Caribbean,0,0,0,0,0,0
   French Polynesia*,  Oceania (excluding Australia and New Zealand),2510,2511,1288,1289,1222,1222
   French Polynesia*,  Australia and New Zealand,181,181,93,93,88,88
   French Polynesia*,  Europe and Northern America,23726,23743,13845,13856,9881,9887
   French Polynesia*,  Developed regions,23930,23947,13949,13960,9981,9987
   French Polynesia*,  Less developed regions,3861,3862,2065,2066,1796,1796
   French Polynesia*," Less developed regions, excluding least developed countries",3651,3652,1947,1948,1704,1704
   French Polynesia*," Less developed regions, excluding China",3246,3247,1759,1760,1487,1487
   French Polynesia*,  Least developed countries,210,210,118,118,92,92
   French Polynesia*,  Land-locked Developing Countries (LLDC),0,0,0,0,0,0
   French Polynesia*,  Small island developing States (SIDS),2475,2476,1276,1277,1199,1199
   French Polynesia*,  High-income countries,26165,26183,15092,15104,11073,11079
   French Polynesia*,  Middle-income countries,1591,1591,910,910,681,681
   French Polynesia*, Upper-middle-income countries,662,662,331,331,331,331
   French Polynesia*, Lower-middle-income countries,929,929,579,579,350,350
   French Polynesia*,  Low-income countries,0,0,0,0,0,0
   French Polynesia*, AFRICA,681,681,432,432,249,249
   French Polynesia*,  Eastern Africa,0,0,0,0,0,0
   French Polynesia*,  Middle Africa,0,0,0,0,0,0
   French Polynesia*,  Northern Africa,681,681,432,432,249,249
   French Polynesia*,  Southern Africa,0,0,0,0,0,0
   French Polynesia*,  Western Africa,0,0,0,0,0,0
   French Polynesia*, ASIA,693,693,356,356,337,337
   French Polynesia*,  Central Asia,0,0,0,0,0,0
   French Polynesia*,  Eastern Asia,638,638,317,317,321,321
   French Polynesia*,  South-Eastern Asia,17,17,10,10,7,7
   French Polynesia*,  Southern Asia,38,38,29,29,9,9
   French Polynesia*,  Western Asia,0,0,0,0,0,0
   French Polynesia*, EUROPE,23179,23196,13520,13531,9659,9665
   French Polynesia*,  Eastern Europe,0,0,0,0,0,0
   French Polynesia*,  Northern Europe,84,84,82,82,2,2
   French Polynesia*,  Southern Europe,228,228,178,178,50,50
   French Polynesia*,  Western Europe,22867,22884,13260,13271,9607,9613
   French Polynesia*, LATIN AMERICA AND THE CARIBBEAN,0,0,0,0,0,0
   French Polynesia*,  Caribbean,0,0,0,0,0,0
   French Polynesia*,  Central America,0,0,0,0,0,0
   French Polynesia*,  South America,0,0,0,0,0,0
   French Polynesia*, NORTHERN AMERICA,547,547,325,325,222,222
   French Polynesia*, OCEANIA ,2691,2692,1381,1382,1310,1310
   French Polynesia*,  Australia and New Zealand,181,181,93,93,88,88
   French Polynesia*,  Melanesia,2475,2476,1276,1277,1199,1199
   French Polynesia*,  Micronesia,0,0,0,0,0,0
   French Polynesia*,  Polynesia*,35,35,12,12,23,23
   French Polynesia*,   Algeria,681,681,432,432,249,249
   French Polynesia*,   Australia*,70,70,34,34,36,36
   French Polynesia*,   Canada,128,128,90,90,38,38
   French Polynesia*,   China*,615,615,306,306,309,309
   French Polynesia*,   Fiji,30,30,15,15,15,15
   French Polynesia*,   France*,22387,22404,12902,12913,9485,9491
   French Polynesia*,   Germany,360,360,252,252,108,108
   French Polynesia*,   India,38,38,29,29,9,9
   French Polynesia*,   Indonesia,17,17,10,10,7,7
   French Polynesia*,   Italy,148,148,117,117,31,31
   French Polynesia*,   Japan,23,23,11,11,12,12
   French Polynesia*,   New Caledonia*,2235,2236,1143,1144,1092,1092
   French Polynesia*,   New Zealand*,111,111,59,59,52,52
   French Polynesia*,   Spain*,80,80,61,61,19,19
   French Polynesia*,   Switzerland,120,120,106,106,14,14
   French Polynesia*,   United Kingdom*,84,84,82,82,2,2
   French Polynesia*,   United States of America*,419,419,235,235,184,184
   French Polynesia*,   Vanuatu,210,210,118,118,92,92
   French Polynesia*,   Wallis and Futuna Islands*,35,35,12,12,23,23
   French Polynesia*,Other,2267,2272,1122,1124,1145,1148
   Niue*,WORLD,588,588,319,319,269,269
   Niue*,  Sub-Saharan Africa,0,0,0,0,0,0
   Niue*,  Northern Africa and Western Asia,0,0,0,0,0,0
   Niue*,  Central and Southern Asia,0,0,0,0,0,0
   Niue*,  Eastern and South-Eastern Asia,0,0,0,0,0,0
   Niue*,  Latin America and the Caribbean,0,0,0,0,0,0
   Niue*,  Oceania (excluding Australia and New Zealand),169,165,96,96,73,69
   Niue*,  Australia and New Zealand,350,356,185,185,165,171
   Niue*,  Europe and Northern America,10,9,8,8,2,1
   Niue*,  Developed regions,360,365,193,193,167,172
   Niue*,  Less developed regions,169,165,96,96,73,69
   Niue*," Less developed regions, excluding least developed countries",133,130,73,73,60,57
   Niue*," Less developed regions, excluding China",169,165,96,96,73,69
   Niue*,  Least developed countries,36,35,23,23,13,12
   Niue*,  Land-locked Developing Countries (LLDC),0,0,0,0,0,0
   Niue*,  Small island developing States (SIDS),169,165,96,96,73,69
   Niue*,  High-income countries,360,365,193,193,167,172
   Niue*,  Middle-income countries,169,165,96,96,73,69
   Niue*, Upper-middle-income countries,169,165,96,96,73,69
   Niue*, Lower-middle-income countries,0,0,0,0,0,0
   Niue*,  Low-income countries,0,0,0,0,0,0
   Niue*, AFRICA,0,0,0,0,0,0
   Niue*,  Eastern Africa,0,0,0,0,0,0
   Niue*,  Middle Africa,0,0,0,0,0,0
   Niue*,  Northern Africa,0,0,0,0,0,0
   Niue*,  Southern Africa,0,0,0,0,0,0
   Niue*,  Western Africa,0,0,0,0,0,0
   Niue*, ASIA,0,0,0,0,0,0
   Niue*,  Central Asia,0,0,0,0,0,0
   Niue*,  Eastern Asia,0,0,0,0,0,0
   Niue*,  South-Eastern Asia,0,0,0,0,0,0
   Niue*,  Southern Asia,0,0,0,0,0,0
   Niue*,  Western Asia,0,0,0,0,0,0
   Niue*, EUROPE,0,0,0,0,0,0
   Niue*,  Eastern Europe,0,0,0,0,0,0
   Niue*,  Northern Europe,0,0,0,0,0,0
   Niue*,  Southern Europe,0,0,0,0,0,0
   Niue*,  Western Europe,0,0,0,0,0,0
   Niue*, LATIN AMERICA AND THE CARIBBEAN,0,0,0,0,0,0
   Niue*,  Caribbean,0,0,0,0,0,0
   Niue*,  Central America,0,0,0,0,0,0
   Niue*,  South America,0,0,0,0,0,0
   Niue*, NORTHERN AMERICA,10,9,8,8,2,1
   Niue*, OCEANIA ,519,521,281,281,238,240
   Niue*,  Australia and New Zealand,350,356,185,185,165,171
   Niue*,  Melanesia,40,39,21,21,19,18
   Niue*,  Micronesia,0,0,0,0,0,0
   Niue*,  Polynesia*,129,126,75,75,54,51
   Niue*,   Australia*,15,14,7,7,8,7
   Niue*,   Fiji,40,39,21,21,19,18
   Niue*,   New Zealand*,335,342,178,178,157,164
   Niue*,   Tonga,48,47,26,26,22,21
   Niue*,   Tuvalu,36,35,23,23,13,12
   Niue*,   United States of America*,10,9,8,8,2,1
   Niue*,   Samoa,45,44,26,26,19,18
   Niue*,Other,59,58,30,30,29,28
   Samoa,WORLD,4255,4021,2151,2031,2104,1990
   Samoa,  Sub-Saharan Africa,0,0,0,0,0,0
   Samoa,  Northern Africa and Western Asia,0,0,0,0,0,0
   Samoa,  Central and Southern Asia,0,0,0,0,0,0
   Samoa,  Eastern and South-Eastern Asia,93,85,74,70,19,15
   Samoa,  Latin America and the Caribbean,0,0,0,0,0,0
   Samoa,  Oceania (excluding Australia and New Zealand),1815,1703,906,862,909,841
   Samoa,  Australia and New Zealand,1577,1488,772,727,805,761
   Samoa,  Europe and Northern America,393,364,200,188,193,176
   Samoa,  Developed regions,2013,1891,1007,948,1006,943
   Samoa,  Less developed regions,1865,1749,945,899,920,850
   Samoa," Less developed regions, excluding least developed countries",1766,1661,894,850,872,811
   Samoa," Less developed regions, excluding China",1815,1703,906,862,909,841
   Samoa,  Least developed countries,99,88,51,49,48,39
   Samoa,  Land-locked Developing Countries (LLDC),0,0,0,0,0,0
   Samoa,  Small island developing States (SIDS),1724,1618,862,820,862,798
   Samoa,  High-income countries,2019,1895,1008,949,1011,946
   Samoa,  Middle-income countries,1751,1647,895,851,856,796
   Samoa, Upper-middle-income countries,1675,1581,863,820,812,761
   Samoa, Lower-middle-income countries,76,66,32,31,44,35
   Samoa,  Low-income countries,0,0,0,0,0,0
   Samoa, AFRICA,0,0,0,0,0,0
   Samoa,  Eastern Africa,0,0,0,0,0,0
   Samoa,  Middle Africa,0,0,0,0,0,0
   Samoa,  Northern Africa,0,0,0,0,0,0
   Samoa,  Southern Africa,0,0,0,0,0,0
   Samoa,  Western Africa,0,0,0,0,0,0
   Samoa, ASIA,93,85,74,70,19,15
   Samoa,  Central Asia,0,0,0,0,0,0
   Samoa,  Eastern Asia,93,85,74,70,19,15
   Samoa,  South-Eastern Asia,0,0,0,0,0,0
   Samoa,  Southern Asia,0,0,0,0,0,0
   Samoa,  Western Asia,0,0,0,0,0,0
   Samoa, EUROPE,68,60,45,42,23,18
   Samoa,  Eastern Europe,0,0,0,0,0,0
   Samoa,  Northern Europe,23,20,16,15,7,5
   Samoa,  Southern Europe,0,0,0,0,0,0
   Samoa,  Western Europe,45,40,29,27,16,13
   Samoa, LATIN AMERICA AND THE CARIBBEAN,0,0,0,0,0,0
   Samoa,  Caribbean,0,0,0,0,0,0
   Samoa,  Central America,0,0,0,0,0,0
   Samoa,  South America,0,0,0,0,0,0
   Samoa, NORTHERN AMERICA,325,304,155,146,170,158
   Samoa, OCEANIA ,3392,3191,1678,1589,1714,1602
   Samoa,  Australia and New Zealand,1577,1488,772,727,805,761
   Samoa,  Melanesia,182,166,79,75,103,91
   Samoa,  Micronesia,18,14,5,5,13,9
   Samoa,  Polynesia*,1615,1523,822,782,793,741
   Samoa,   American Samoa*,1379,1307,706,672,673,635
   Samoa,   Australia*,287,270,160,151,127,119
   Samoa,   Solomon Islands,10,8,4,4,6,4
   Samoa,   Canada,9,7,4,4,5,3
   Samoa,   China*,50,46,39,37,11,9
   Samoa,   Cook Islands*,11,9,2,2,9,7
   Samoa,   Fiji,118,110,51,48,67,62
   Samoa,   France*,8,6,7,6,1,0
   Samoa,   Germany,37,34,22,21,15,13
   Samoa,   Kiribati,12,10,4,4,8,6
   Samoa,   Japan,43,39,35,33,8,6
   Samoa,   Nauru,6,4,1,1,5,3
   Samoa,   Vanuatu,14,12,9,9,5,3
   Samoa,   New Zealand*,1290,1218,612,576,678,642
   Samoa,   Niue*,6,4,3,3,3,1
   Samoa,   Papua New Guinea,40,36,15,14,25,22
   Samoa,   Tokelau*,91,85,44,42,47,43
   Samoa,   Tonga,65,60,33,31,32,29
   Samoa,   Tuvalu,63,58,34,32,29,26
   Samoa,   United Kingdom*,23,20,16,15,7,5
   Samoa,   United States of America*,316,297,151,142,165,155
   Samoa,Other,377,381,199,184,178,197
   Tokelau*,WORLD,1185,1238,564,586,621,652
   Tokelau*,  Sub-Saharan Africa,0,0,0,0,0,0
   Tokelau*,  Northern Africa and Western Asia,0,0,0,0,0,0
   Tokelau*,  Central and Southern Asia,0,0,0,0,0,0
   Tokelau*,  Eastern and South-Eastern Asia,0,0,0,0,0,0
   Tokelau*,  Latin America and the Caribbean,0,0,0,0,0,0
   Tokelau*,  Oceania (excluding Australia and New Zealand),232,242,113,118,119,124
   Tokelau*,  Australia and New Zealand,208,206,92,85,116,121
   Tokelau*,  Europe and Northern America,0,0,0,0,0,0
   Tokelau*,  Developed regions,208,206,92,85,116,121
   Tokelau*,  Less developed regions,232,242,113,118,119,124
   Tokelau*," Less developed regions, excluding least developed countries",187,195,85,88,102,107
   Tokelau*," Less developed regions, excluding China",232,242,113,118,119,124
   Tokelau*,  Least developed countries,45,47,28,30,17,17
   Tokelau*,  Land-locked Developing Countries (LLDC),0,0,0,0,0,0
   Tokelau*,  Small island developing States (SIDS),232,242,113,118,119,124
   Tokelau*,  High-income countries,208,206,92,85,116,121
   Tokelau*,  Middle-income countries,232,242,113,118,119,124
   Tokelau*, Upper-middle-income countries,232,242,113,118,119,124
   Tokelau*, Lower-middle-income countries,0,0,0,0,0,0
   Tokelau*,  Low-income countries,0,0,0,0,0,0
   Tokelau*, AFRICA,0,0,0,0,0,0
   Tokelau*,  Eastern Africa,0,0,0,0,0,0
   Tokelau*,  Middle Africa,0,0,0,0,0,0
   Tokelau*,  Northern Africa,0,0,0,0,0,0
   Tokelau*,  Southern Africa,0,0,0,0,0,0
   Tokelau*,  Western Africa,0,0,0,0,0,0
   Tokelau*, ASIA,0,0,0,0,0,0
   Tokelau*,  Central Asia,0,0,0,0,0,0
   Tokelau*,  Eastern Asia,0,0,0,0,0,0
   Tokelau*,  South-Eastern Asia,0,0,0,0,0,0
   Tokelau*,  Southern Asia,0,0,0,0,0,0
   Tokelau*,  Western Asia,0,0,0,0,0,0
   Tokelau*, EUROPE,0,0,0,0,0,0
   Tokelau*,  Eastern Europe,0,0,0,0,0,0
   Tokelau*,  Northern Europe,0,0,0,0,0,0
   Tokelau*,  Southern Europe,0,0,0,0,0,0
   Tokelau*,  Western Europe,0,0,0,0,0,0
   Tokelau*, LATIN AMERICA AND THE CARIBBEAN,0,0,0,0,0,0
   Tokelau*,  Caribbean,0,0,0,0,0,0
   Tokelau*,  Central America,0,0,0,0,0,0
   Tokelau*,  South America,0,0,0,0,0,0
   Tokelau*, NORTHERN AMERICA,0,0,0,0,0,0
   Tokelau*, OCEANIA ,440,448,205,203,235,245
   Tokelau*,  Australia and New Zealand,208,206,92,85,116,121
   Tokelau*,  Melanesia,0,0,0,0,0,0
   Tokelau*,  Micronesia,0,0,0,0,0,0
   Tokelau*,  Polynesia*,232,242,113,118,119,124
   Tokelau*,   Samoa,187,195,85,88,102,107
   Tokelau*,   Tuvalu,45,47,28,30,17,17
   Tokelau*,   New Zealand*,169,166,60,52,109,114
   Tokelau*,   Australia*,39,40,32,33,7,7
   Tokelau*,Other,745,790,359,383,386,407
   Tonga,WORLD,3954,3742,2158,2044,1796,1698
   Tonga,  Sub-Saharan Africa,0,0,0,0,0,0
   Tonga,  Northern Africa and Western Asia,0,0,0,0,0,0
   Tonga,  Central and Southern Asia,188,177,98,93,90,84
   Tonga,  Eastern and South-Eastern Asia,192,179,119,113,73,66
   Tonga,  Latin America and the Caribbean,0,0,0,0,0,0
   Tonga,  Oceania (excluding Australia and New Zealand),729,687,373,352,356,335
   Tonga,  Australia and New Zealand,0,0,0,0,0,0
   Tonga,  Europe and Northern America,0,0,0,0,0,0
   Tonga,  Developed regions,70,65,41,39,29,26
   Tonga,  Less developed regions,1039,978,549,519,490,459
   Tonga," Less developed regions, excluding least developed countries",1039,978,549,519,490,459
   Tonga," Less developed regions, excluding China",917,864,471,445,446,419
   Tonga,  Least developed countries,0,0,0,0,0,0
   Tonga,  Land-locked Developing Countries (LLDC),0,0,0,0,0,0
   Tonga,  Small island developing States (SIDS),729,687,373,352,356,335
   Tonga,  High-income countries,70,65,41,39,29,26
   Tonga,  Middle-income countries,1039,978,549,519,490,459
   Tonga, Upper-middle-income countries,851,801,451,426,400,375
   Tonga, Lower-middle-income countries,188,177,98,93,90,84
   Tonga,  Low-income countries,0,0,0,0,0,0
   Tonga, AFRICA,0,0,0,0,0,0
   Tonga,  Eastern Africa,0,0,0,0,0,0
   Tonga,  Middle Africa,0,0,0,0,0,0
   Tonga,  Northern Africa,0,0,0,0,0,0
   Tonga,  Southern Africa,0,0,0,0,0,0
   Tonga,  Western Africa,0,0,0,0,0,0
   Tonga, ASIA,380,356,217,206,163,150
   Tonga,  Central Asia,0,0,0,0,0,0
   Tonga,  Eastern Asia,192,179,119,113,73,66
   Tonga,  South-Eastern Asia,0,0,0,0,0,0
   Tonga,  Southern Asia,188,177,98,93,90,84
   Tonga,  Western Asia,0,0,0,0,0,0
   Tonga, EUROPE,0,0,0,0,0,0
   Tonga,  Eastern Europe,0,0,0,0,0,0
   Tonga,  Northern Europe,0,0,0,0,0,0
   Tonga,  Southern Europe,0,0,0,0,0,0
   Tonga,  Western Europe,0,0,0,0,0,0
   Tonga, LATIN AMERICA AND THE CARIBBEAN,0,0,0,0,0,0
   Tonga,  Caribbean,0,0,0,0,0,0
   Tonga,  Central America,0,0,0,0,0,0
   Tonga,  South America,0,0,0,0,0,0
   Tonga, NORTHERN AMERICA,0,0,0,0,0,0
   Tonga, OCEANIA ,729,687,373,352,356,335
   Tonga,  Australia and New Zealand,0,0,0,0,0,0
   Tonga,  Melanesia,499,470,278,262,221,208
   Tonga,  Micronesia,0,0,0,0,0,0
   Tonga,  Polynesia*,230,217,95,90,135,127
   Tonga,   China*,122,114,78,74,44,40
   Tonga,   Fiji,499,470,278,262,221,208
   Tonga,   India,188,177,98,93,90,84
   Tonga,   Japan,70,65,41,39,29,26
   Tonga,   Samoa,230,217,95,90,135,127
   Tonga,Other,2845,2699,1568,1486,1277,1213
   Tuvalu,WORLD,230,239,126,132,104,107
   Tuvalu,  Sub-Saharan Africa,0,0,0,0,0,0
   Tuvalu,  Northern Africa and Western Asia,0,0,0,0,0,0
   Tuvalu,  Central and Southern Asia,0,0,0,0,0,0
   Tuvalu,  Eastern and South-Eastern Asia,0,0,0,0,0,0
   Tuvalu,  Latin America and the Caribbean,0,0,0,0,0,0
   Tuvalu,  Oceania (excluding Australia and New Zealand),121,124,51,50,70,74
   Tuvalu,  Australia and New Zealand,0,0,0,0,0,0
   Tuvalu,  Europe and Northern America,4,3,3,3,1,0
   Tuvalu,  Developed regions,4,3,3,3,1,0
   Tuvalu,  Less developed regions,121,124,51,50,70,74
   Tuvalu," Less developed regions, excluding least developed countries",60,62,35,38,25,24
   Tuvalu," Less developed regions, excluding China",121,124,51,50,70,74
   Tuvalu,  Least developed countries,61,62,16,12,45,50
   Tuvalu,  Land-locked Developing Countries (LLDC),0,0,0,0,0,0
   Tuvalu,  Small island developing States (SIDS),121,124,51,50,70,74
   Tuvalu,  High-income countries,10,8,5,5,5,3
   Tuvalu,  Middle-income countries,115,119,49,48,66,71
   Tuvalu, Upper-middle-income countries,54,57,33,36,21,21
   Tuvalu, Lower-middle-income countries,61,62,16,12,45,50
   Tuvalu,  Low-income countries,0,0,0,0,0,0
   Tuvalu, AFRICA,0,0,0,0,0,0
   Tuvalu,  Eastern Africa,0,0,0,0,0,0
   Tuvalu,  Middle Africa,0,0,0,0,0,0
   Tuvalu,  Northern Africa,0,0,0,0,0,0
   Tuvalu,  Southern Africa,0,0,0,0,0,0
   Tuvalu,  Western Africa,0,0,0,0,0,0
   Tuvalu, ASIA,0,0,0,0,0,0
   Tuvalu,  Central Asia,0,0,0,0,0,0
   Tuvalu,  Eastern Asia,0,0,0,0,0,0
   Tuvalu,  South-Eastern Asia,0,0,0,0,0,0
   Tuvalu,  Southern Asia,0,0,0,0,0,0
   Tuvalu,  Western Asia,0,0,0,0,0,0
   Tuvalu, EUROPE,0,0,0,0,0,0
   Tuvalu,  Eastern Europe,0,0,0,0,0,0
   Tuvalu,  Northern Europe,0,0,0,0,0,0
   Tuvalu,  Southern Europe,0,0,0,0,0,0
   Tuvalu,  Western Europe,0,0,0,0,0,0
   Tuvalu, LATIN AMERICA AND THE CARIBBEAN,0,0,0,0,0,0
   Tuvalu,  Caribbean,0,0,0,0,0,0
   Tuvalu,  Central America,0,0,0,0,0,0
   Tuvalu,  South America,0,0,0,0,0,0
   Tuvalu, NORTHERN AMERICA,4,3,3,3,1,0
   Tuvalu, OCEANIA ,121,124,51,50,70,74
   Tuvalu,  Australia and New Zealand,0,0,0,0,0,0
   Tuvalu,  Melanesia,51,55,31,34,20,21
   Tuvalu,  Micronesia,67,67,18,14,49,53
   Tuvalu,  Polynesia*,3,2,2,2,1,0
   Tuvalu,   Fiji,51,55,31,34,20,21
   Tuvalu,   Kiribati,61,62,16,12,45,50
   Tuvalu,   Nauru,6,5,2,2,4,3
   Tuvalu,   United States of America*,4,3,3,3,1,0
   Tuvalu,   Samoa,3,2,2,2,1,0
   Tuvalu,Other,105,112,72,79,33,33
   Wallis and Futuna Islands*,WORLD,2050,2040,1035,1030,1015,1010
   Wallis and Futuna Islands*,  Sub-Saharan Africa,38,27,26,18,12,9
   Wallis and Futuna Islands*,  Northern Africa and Western Asia,0,0,0,0,0,0
   Wallis and Futuna Islands*,  Central and Southern Asia,0,0,0,0,0,0
   Wallis and Futuna Islands*,  Eastern and South-Eastern Asia,0,0,0,0,0,0
   Wallis and Futuna Islands*,  Latin America and the Caribbean,0,0,0,0,0,0
   Wallis and Futuna Islands*,  Oceania (excluding Australia and New Zealand),1108,1098,554,553,554,545
   Wallis and Futuna Islands*,  Australia and New Zealand,0,0,0,0,0,0
   Wallis and Futuna Islands*,  Europe and Northern America,877,889,443,446,434,443
   Wallis and Futuna Islands*,  Developed regions,877,889,443,446,434,443
   Wallis and Futuna Islands*,  Less developed regions,1146,1125,580,571,566,554
   Wallis and Futuna Islands*," Less developed regions, excluding least developed countries",1074,1058,542,532,532,526
   Wallis and Futuna Islands*," Less developed regions, excluding China",1146,1125,580,571,566,554
   Wallis and Futuna Islands*,  Least developed countries,72,67,38,39,34,28
   Wallis and Futuna Islands*,  Land-locked Developing Countries (LLDC),0,0,0,0,0,0
   Wallis and Futuna Islands*,  Small island developing States (SIDS),1108,1098,554,553,554,545
   Wallis and Futuna Islands*,  High-income countries,1913,1920,959,960,954,960
   Wallis and Futuna Islands*,  Middle-income countries,72,67,38,39,34,28
   Wallis and Futuna Islands*, Upper-middle-income countries,0,0,0,0,0,0
   Wallis and Futuna Islands*, Lower-middle-income countries,72,67,38,39,34,28
   Wallis and Futuna Islands*,  Low-income countries,0,0,0,0,0,0
   Wallis and Futuna Islands*, AFRICA,38,27,26,18,12,9
   Wallis and Futuna Islands*,  Eastern Africa,38,27,26,18,12,9
   Wallis and Futuna Islands*,  Middle Africa,0,0,0,0,0,0
   Wallis and Futuna Islands*,  Northern Africa,0,0,0,0,0,0
   Wallis and Futuna Islands*,  Southern Africa,0,0,0,0,0,0
   Wallis and Futuna Islands*,  Western Africa,0,0,0,0,0,0
   Wallis and Futuna Islands*, ASIA,0,0,0,0,0,0
   Wallis and Futuna Islands*,  Central Asia,0,0,0,0,0,0
   Wallis and Futuna Islands*,  Eastern Asia,0,0,0,0,0,0
   Wallis and Futuna Islands*,  South-Eastern Asia,0,0,0,0,0,0
   Wallis and Futuna Islands*,  Southern Asia,0,0,0,0,0,0
   Wallis and Futuna Islands*,  Western Asia,0,0,0,0,0,0
   Wallis and Futuna Islands*, EUROPE,877,889,443,446,434,443
   Wallis and Futuna Islands*,  Eastern Europe,0,0,0,0,0,0
   Wallis and Futuna Islands*,  Northern Europe,0,0,0,0,0,0
   Wallis and Futuna Islands*,  Southern Europe,0,0,0,0,0,0
   Wallis and Futuna Islands*,  Western Europe,877,889,443,446,434,443
   Wallis and Futuna Islands*, LATIN AMERICA AND THE CARIBBEAN,0,0,0,0,0,0
   Wallis and Futuna Islands*,  Caribbean,0,0,0,0,0,0
   Wallis and Futuna Islands*,  Central America,0,0,0,0,0,0
   Wallis and Futuna Islands*,  South America,0,0,0,0,0,0
   Wallis and Futuna Islands*, NORTHERN AMERICA,0,0,0,0,0,0
   Wallis and Futuna Islands*, OCEANIA ,1108,1098,554,553,554,545
   Wallis and Futuna Islands*,  Australia and New Zealand,0,0,0,0,0,0
   Wallis and Futuna Islands*,  Melanesia,1093,1088,546,548,547,540
   Wallis and Futuna Islands*,  Micronesia,0,0,0,0,0,0
   Wallis and Futuna Islands*,  Polynesia*,15,10,8,5,7,5
   Wallis and Futuna Islands*,   France*,877,889,443,446,434,443
   Wallis and Futuna Islands*,   French Polynesia*,15,10,8,5,7,5
   Wallis and Futuna Islands*,   Mayotte*,38,27,26,18,12,9
   Wallis and Futuna Islands*,   New Caledonia*,1021,1021,508,509,513,512
   Wallis and Futuna Islands*,   Vanuatu,72,67,38,39,34,28
   Wallis and Futuna Islands*,Other,27,26,12,13,15,13
